SA20160197_BPNLNKPL_00721	SA20160209_CPEIOPNK_00718	100.000	372	0	0	1	372	1	372	0.0	752
SA20160197_BPNLNKPL_00721	SA20160209_CPEIOPNK_00729	36.842	19	12	0	352	370	45	63	4.5	17.7
SA20160197_BPNLNKPL_00721	SA20160209_CPEIOPNK_00722	26.087	69	42	4	29	96	37	97	5.3	18.1
SA20160197_BPNLNKPL_00722	SA20160209_CPEIOPNK_00719	100.000	175	0	0	1	175	1	175	1.68e-134	363
SA20160197_BPNLNKPL_00722	SA20160209_CPEIOPNK_00722	77.778	9	2	0	166	174	257	265	1.2	18.9
SA20160197_BPNLNKPL_00722	SA20160209_CPEIOPNK_00735	54.545	11	5	0	135	145	48	58	2.1	17.3
SA20160197_BPNLNKPL_00722	SA20160209_CPEIOPNK_00725	27.273	33	23	1	142	174	318	349	6.0	16.9
SA20160197_BPNLNKPL_00722	SA20160209_CPEIOPNK_00737	40.000	20	10	1	83	102	139	156	8.8	16.2
SA20160197_BPNLNKPL_00723	SA20160209_CPEIOPNK_00720	100.000	315	0	0	1	315	1	315	0.0	644
SA20160197_BPNLNKPL_00723	SA20160209_CPEIOPNK_00731	26.415	53	30	1	130	182	224	267	1.6	19.6
SA20160197_BPNLNKPL_00723	SA20160209_CPEIOPNK_00725	60.000	10	4	0	126	135	108	117	5.1	18.1
SA20160197_BPNLNKPL_00723	SA20160209_CPEIOPNK_00724	46.154	13	7	0	81	93	188	200	5.4	17.7
SA20160197_BPNLNKPL_00724	SA20160209_CPEIOPNK_00721	100.000	119	0	0	1	119	1	119	1.21e-91	251
SA20160197_BPNLNKPL_00724	SA20160209_CPEIOPNK_00738	54.545	11	5	0	90	100	30	40	2.6	17.3
SA20160197_BPNLNKPL_00724	SA20160209_CPEIOPNK_00736	26.087	23	17	0	6	28	17	39	3.3	16.9
SA20160197_BPNLNKPL_00725	SA20160209_CPEIOPNK_00722	100.000	308	0	0	1	308	1	308	0.0	639
SA20160197_BPNLNKPL_00725	SA20160209_CPEIOPNK_00736	20.000	70	52	2	31	96	227	296	0.23	22.3
SA20160197_BPNLNKPL_00725	SA20160209_CPEIOPNK_00719	77.778	9	2	0	257	265	166	174	2.2	18.9
SA20160197_BPNLNKPL_00725	SA20160209_CPEIOPNK_00734	22.892	83	50	2	35	117	40	108	2.8	18.5
SA20160197_BPNLNKPL_00725	SA20160209_CPEIOPNK_00725	22.727	44	34	0	41	84	152	195	3.1	18.5
SA20160197_BPNLNKPL_00725	SA20160209_CPEIOPNK_00723	54.545	11	5	0	239	249	256	266	4.8	18.1
SA20160197_BPNLNKPL_00725	SA20160209_CPEIOPNK_00718	26.087	69	42	4	37	97	29	96	5.4	17.7
SA20160197_BPNLNKPL_00725	SA20160209_CPEIOPNK_00738	50.000	10	5	0	182	191	184	193	6.5	17.3
SA20160197_BPNLNKPL_00726	SA20160209_CPEIOPNK_00723	100.000	462	0	0	1	462	1	462	0.0	944
SA20160197_BPNLNKPL_00726	SA20160209_CPEIOPNK_00728	31.034	58	33	4	31	83	22	77	0.046	24.3
SA20160197_BPNLNKPL_00726	SA20160209_CPEIOPNK_00736	28.846	52	37	0	332	383	141	192	0.31	22.7
SA20160197_BPNLNKPL_00726	SA20160209_CPEIOPNK_00731	43.750	16	9	0	126	141	150	165	1.5	20.4
SA20160197_BPNLNKPL_00726	SA20160209_CPEIOPNK_00730	37.037	27	17	0	17	43	264	290	4.5	18.9
SA20160197_BPNLNKPL_00726	SA20160209_CPEIOPNK_00722	54.545	11	5	0	256	266	239	249	7.5	18.1
SA20160197_BPNLNKPL_00726	SA20160209_CPEIOPNK_00724	29.268	82	48	5	264	342	15	89	8.6	17.7
SA20160197_BPNLNKPL_00727	SA20160209_CPEIOPNK_00724	100.000	290	0	0	1	290	1	290	0.0	598
SA20160197_BPNLNKPL_00727	SA20160209_CPEIOPNK_00736	30.952	42	29	0	51	92	128	169	2.5	18.9
SA20160197_BPNLNKPL_00727	SA20160209_CPEIOPNK_00734	66.667	9	3	0	52	60	30	38	4.3	17.7
SA20160197_BPNLNKPL_00727	SA20160209_CPEIOPNK_00720	46.154	13	7	0	188	200	81	93	4.9	17.7
SA20160197_BPNLNKPL_00727	SA20160209_CPEIOPNK_00723	45.455	22	11	1	69	89	321	342	5.8	17.7
SA20160197_BPNLNKPL_00727	SA20160209_CPEIOPNK_00738	40.741	27	15	1	89	115	86	111	7.6	17.3
SA20160197_BPNLNKPL_00727	SA20160209_CPEIOPNK_00725	46.154	13	7	0	49	61	121	133	9.5	16.9
SA20160197_BPNLNKPL_00728	SA20160209_CPEIOPNK_00725	100.000	396	0	0	1	396	1	396	0.0	776
SA20160197_BPNLNKPL_00728	SA20160209_CPEIOPNK_00730	29.545	44	27	1	260	303	103	142	2.2	19.2
SA20160197_BPNLNKPL_00728	SA20160209_CPEIOPNK_00722	22.727	44	34	0	152	195	41	84	4.5	18.5
SA20160197_BPNLNKPL_00728	SA20160209_CPEIOPNK_00720	60.000	10	4	0	108	117	126	135	6.8	17.7
SA20160197_BPNLNKPL_00728	SA20160209_CPEIOPNK_00729	38.095	21	13	0	138	158	8	28	7.3	16.9
SA20160197_BPNLNKPL_00729	SA20160209_CPEIOPNK_00726	100.000	221	0	0	1	221	1	221	2.40e-164	443
SA20160197_BPNLNKPL_00729	SA20160209_CPEIOPNK_00720	55.556	9	4	0	48	56	228	236	9.1	16.5
SA20160197_BPNLNKPL_00730	SA20160209_CPEIOPNK_00727	100.000	144	0	0	1	144	1	144	8.90e-108	294
SA20160197_BPNLNKPL_00730	SA20160209_CPEIOPNK_00729	29.630	27	19	0	111	137	38	64	2.0	17.3
SA20160197_BPNLNKPL_00730	SA20160209_CPEIOPNK_00736	50.000	10	5	0	109	118	23	32	2.8	17.7
SA20160197_BPNLNKPL_00730	SA20160209_CPEIOPNK_00734	37.500	16	10	0	127	142	9	24	9.1	15.8
SA20160197_BPNLNKPL_00731	SA20160209_CPEIOPNK_00728	100.000	127	0	0	1	127	1	127	2.82e-97	266
SA20160197_BPNLNKPL_00731	SA20160209_CPEIOPNK_00723	31.034	58	33	4	22	77	31	83	0.013	24.3
SA20160197_BPNLNKPL_00731	SA20160209_CPEIOPNK_00736	30.769	26	18	0	102	127	304	329	0.28	20.4
SA20160197_BPNLNKPL_00731	SA20160209_CPEIOPNK_00731	22.581	31	24	0	56	86	261	291	2.3	17.7
SA20160197_BPNLNKPL_00732	SA20160209_CPEIOPNK_00729	100.000	69	0	0	1	69	1	69	5.89e-49	139
SA20160197_BPNLNKPL_00732	SA20160209_CPEIOPNK_00718	36.842	19	12	0	45	63	352	370	0.87	17.3
SA20160197_BPNLNKPL_00732	SA20160209_CPEIOPNK_00727	29.630	27	19	0	38	64	111	137	0.95	17.3
SA20160197_BPNLNKPL_00732	SA20160209_CPEIOPNK_00725	38.095	21	13	0	8	28	138	158	1.1	17.3
SA20160197_BPNLNKPL_00732	SA20160209_CPEIOPNK_00736	50.000	8	4	0	18	25	6	13	6.9	15.0
SA20160197_BPNLNKPL_00733	SA20160209_CPEIOPNK_00730	100.000	299	0	0	1	299	1	299	0.0	581
SA20160197_BPNLNKPL_00733	SA20160209_CPEIOPNK_00731	31.034	29	20	0	5	33	123	151	0.47	21.2
SA20160197_BPNLNKPL_00733	SA20160209_CPEIOPNK_00723	34.091	44	26	2	10	53	130	170	0.78	20.4
SA20160197_BPNLNKPL_00733	SA20160209_CPEIOPNK_00720	29.167	24	17	0	25	48	242	265	4.2	18.1
SA20160197_BPNLNKPL_00734	SA20160209_CPEIOPNK_00731	100.000	395	0	0	1	395	1	395	0.0	778
SA20160197_BPNLNKPL_00734	SA20160209_CPEIOPNK_00723	43.750	16	9	0	150	165	126	141	1.3	20.4
SA20160197_BPNLNKPL_00734	SA20160209_CPEIOPNK_00730	28.571	28	20	0	123	150	5	32	2.0	19.6
SA20160197_BPNLNKPL_00734	SA20160209_CPEIOPNK_00720	26.415	53	30	1	224	267	130	182	2.1	19.6
SA20160197_BPNLNKPL_00734	SA20160209_CPEIOPNK_00738	41.667	12	7	0	320	331	168	179	2.8	18.9
SA20160197_BPNLNKPL_00734	SA20160209_CPEIOPNK_00732	46.154	13	7	0	112	124	16	28	7.2	16.2
SA20160197_BPNLNKPL_00734	SA20160209_CPEIOPNK_00728	22.581	31	24	0	261	291	56	86	7.2	17.7
SA20160197_BPNLNKPL_00735	SA20160209_CPEIOPNK_00732	100.000	31	0	0	1	31	1	31	2.88e-19	62.0
SA20160197_BPNLNKPL_00735	SA20160209_CPEIOPNK_00731	46.154	13	7	0	16	28	112	124	0.59	16.2
SA20160197_BPNLNKPL_00736	SA20160209_CPEIOPNK_00733	100.000	130	0	0	1	130	1	130	4.34e-97	266
SA20160197_BPNLNKPL_00736	SA20160209_CPEIOPNK_00737	23.077	52	40	0	21	72	80	131	1.4	18.1
SA20160197_BPNLNKPL_00737	SA20160209_CPEIOPNK_00734	100.000	175	0	0	1	175	1	175	1.53e-133	361
SA20160197_BPNLNKPL_00737	SA20160209_CPEIOPNK_00722	27.027	37	27	0	40	76	35	71	1.3	18.9
SA20160197_BPNLNKPL_00737	SA20160209_CPEIOPNK_00724	66.667	9	3	0	30	38	52	60	2.5	18.1
SA20160197_BPNLNKPL_00738	SA20160209_CPEIOPNK_00735	100.000	60	0	0	1	60	1	60	4.20e-39	114
SA20160197_BPNLNKPL_00738	SA20160209_CPEIOPNK_00719	54.545	11	5	0	48	58	135	145	0.73	17.3
SA20160197_BPNLNKPL_00738	SA20160209_CPEIOPNK_00736	46.154	13	7	0	48	60	416	428	4.4	15.4
SA20160197_BPNLNKPL_00739	SA20160209_CPEIOPNK_00736	100.000	680	0	0	1	680	1	680	0.0	1410
SA20160197_BPNLNKPL_00739	SA20160209_CPEIOPNK_00723	28.846	52	37	0	141	192	332	383	0.43	22.7
SA20160197_BPNLNKPL_00739	SA20160209_CPEIOPNK_00722	20.690	58	45	1	227	284	31	87	0.56	22.3
SA20160197_BPNLNKPL_00739	SA20160209_CPEIOPNK_00728	30.769	26	18	0	304	329	102	127	1.5	20.4
SA20160197_BPNLNKPL_00739	SA20160209_CPEIOPNK_00724	30.952	42	29	0	128	169	51	92	5.8	18.9
SA20160197_BPNLNKPL_00740	SA20160209_CPEIOPNK_00737	100.000	248	0	0	1	248	1	248	0.0	509
SA20160197_BPNLNKPL_00740	SA20160209_CPEIOPNK_00733	23.077	52	40	0	80	131	21	72	2.7	18.1
SA20160197_BPNLNKPL_00740	SA20160209_CPEIOPNK_00736	34.615	26	17	0	108	133	251	276	6.6	17.3
SA20160197_BPNLNKPL_00741	SA20160209_CPEIOPNK_00738	100.000	228	0	0	1	228	1	228	1.06e-175	472
SA20160197_BPNLNKPL_00741	SA20160209_CPEIOPNK_00731	41.667	12	7	0	168	179	320	331	1.8	18.9
SA20160197_BPNLNKPL_00741	SA20160209_CPEIOPNK_00721	54.545	11	5	0	30	40	90	100	4.7	17.3
SA20160197_BPNLNKPL_00741	SA20160209_CPEIOPNK_00722	50.000	10	5	0	184	193	182	191	4.8	17.7
SA20160197_BPNLNKPL_00741	SA20160209_CPEIOPNK_00724	40.741	27	15	1	86	111	89	115	5.6	17.3
SA20160209_CPEIOPNK_00718	SA20160209_CPEIOPNK_00718	100.000	372	0	0	1	372	1	372	0.0	752
SA20160209_CPEIOPNK_00718	SA20160209_CPEIOPNK_00729	36.842	19	12	0	352	370	45	63	4.5	17.7
SA20160209_CPEIOPNK_00718	SA20160209_CPEIOPNK_00722	26.087	69	42	4	29	96	37	97	5.3	18.1
SA20160209_CPEIOPNK_00719	SA20160209_CPEIOPNK_00719	100.000	175	0	0	1	175	1	175	1.68e-134	363
SA20160209_CPEIOPNK_00719	SA20160209_CPEIOPNK_00722	77.778	9	2	0	166	174	257	265	1.2	18.9
SA20160209_CPEIOPNK_00719	SA20160209_CPEIOPNK_00735	54.545	11	5	0	135	145	48	58	2.1	17.3
SA20160209_CPEIOPNK_00719	SA20160209_CPEIOPNK_00725	27.273	33	23	1	142	174	318	349	6.0	16.9
SA20160209_CPEIOPNK_00719	SA20160209_CPEIOPNK_00737	40.000	20	10	1	83	102	139	156	8.8	16.2
SA20160209_CPEIOPNK_00720	SA20160209_CPEIOPNK_00720	100.000	315	0	0	1	315	1	315	0.0	644
SA20160209_CPEIOPNK_00720	SA20160209_CPEIOPNK_00731	26.415	53	30	1	130	182	224	267	1.6	19.6
SA20160209_CPEIOPNK_00720	SA20160209_CPEIOPNK_00725	60.000	10	4	0	126	135	108	117	5.1	18.1
SA20160209_CPEIOPNK_00720	SA20160209_CPEIOPNK_00724	46.154	13	7	0	81	93	188	200	5.4	17.7
SA20160209_CPEIOPNK_00721	SA20160209_CPEIOPNK_00721	100.000	119	0	0	1	119	1	119	1.21e-91	251
SA20160209_CPEIOPNK_00721	SA20160209_CPEIOPNK_00738	54.545	11	5	0	90	100	30	40	2.6	17.3
SA20160209_CPEIOPNK_00721	SA20160209_CPEIOPNK_00736	26.087	23	17	0	6	28	17	39	3.3	16.9
SA20160209_CPEIOPNK_00722	SA20160209_CPEIOPNK_00722	100.000	308	0	0	1	308	1	308	0.0	639
SA20160209_CPEIOPNK_00722	SA20160209_CPEIOPNK_00736	20.000	70	52	2	31	96	227	296	0.23	22.3
SA20160209_CPEIOPNK_00722	SA20160209_CPEIOPNK_00719	77.778	9	2	0	257	265	166	174	2.2	18.9
SA20160209_CPEIOPNK_00722	SA20160209_CPEIOPNK_00734	22.892	83	50	2	35	117	40	108	2.8	18.5
SA20160209_CPEIOPNK_00722	SA20160209_CPEIOPNK_00725	22.727	44	34	0	41	84	152	195	3.1	18.5
SA20160209_CPEIOPNK_00722	SA20160209_CPEIOPNK_00723	54.545	11	5	0	239	249	256	266	4.8	18.1
SA20160209_CPEIOPNK_00722	SA20160209_CPEIOPNK_00718	26.087	69	42	4	37	97	29	96	5.4	17.7
SA20160209_CPEIOPNK_00722	SA20160209_CPEIOPNK_00738	50.000	10	5	0	182	191	184	193	6.5	17.3
SA20160209_CPEIOPNK_00723	SA20160209_CPEIOPNK_00723	100.000	462	0	0	1	462	1	462	0.0	944
SA20160209_CPEIOPNK_00723	SA20160209_CPEIOPNK_00728	31.034	58	33	4	31	83	22	77	0.046	24.3
SA20160209_CPEIOPNK_00723	SA20160209_CPEIOPNK_00736	28.846	52	37	0	332	383	141	192	0.31	22.7
SA20160209_CPEIOPNK_00723	SA20160209_CPEIOPNK_00731	43.750	16	9	0	126	141	150	165	1.5	20.4
SA20160209_CPEIOPNK_00723	SA20160209_CPEIOPNK_00730	37.037	27	17	0	17	43	264	290	4.5	18.9
SA20160209_CPEIOPNK_00723	SA20160209_CPEIOPNK_00722	54.545	11	5	0	256	266	239	249	7.5	18.1
SA20160209_CPEIOPNK_00723	SA20160209_CPEIOPNK_00724	29.268	82	48	5	264	342	15	89	8.6	17.7
SA20160209_CPEIOPNK_00724	SA20160209_CPEIOPNK_00724	100.000	290	0	0	1	290	1	290	0.0	598
SA20160209_CPEIOPNK_00724	SA20160209_CPEIOPNK_00736	30.952	42	29	0	51	92	128	169	2.5	18.9
SA20160209_CPEIOPNK_00724	SA20160209_CPEIOPNK_00734	66.667	9	3	0	52	60	30	38	4.3	17.7
SA20160209_CPEIOPNK_00724	SA20160209_CPEIOPNK_00720	46.154	13	7	0	188	200	81	93	4.9	17.7
SA20160209_CPEIOPNK_00724	SA20160209_CPEIOPNK_00723	45.455	22	11	1	69	89	321	342	5.8	17.7
SA20160209_CPEIOPNK_00724	SA20160209_CPEIOPNK_00738	40.741	27	15	1	89	115	86	111	7.6	17.3
SA20160209_CPEIOPNK_00724	SA20160209_CPEIOPNK_00725	46.154	13	7	0	49	61	121	133	9.5	16.9
SA20160209_CPEIOPNK_00725	SA20160209_CPEIOPNK_00725	100.000	396	0	0	1	396	1	396	0.0	776
SA20160209_CPEIOPNK_00725	SA20160209_CPEIOPNK_00730	29.545	44	27	1	260	303	103	142	2.2	19.2
SA20160209_CPEIOPNK_00725	SA20160209_CPEIOPNK_00722	22.727	44	34	0	152	195	41	84	4.5	18.5
SA20160209_CPEIOPNK_00725	SA20160209_CPEIOPNK_00720	60.000	10	4	0	108	117	126	135	6.8	17.7
SA20160209_CPEIOPNK_00725	SA20160209_CPEIOPNK_00729	38.095	21	13	0	138	158	8	28	7.3	16.9
SA20160209_CPEIOPNK_00726	SA20160209_CPEIOPNK_00726	100.000	221	0	0	1	221	1	221	2.40e-164	443
SA20160209_CPEIOPNK_00726	SA20160209_CPEIOPNK_00720	55.556	9	4	0	48	56	228	236	9.1	16.5
SA20160209_CPEIOPNK_00727	SA20160209_CPEIOPNK_00727	100.000	144	0	0	1	144	1	144	8.90e-108	294
SA20160209_CPEIOPNK_00727	SA20160209_CPEIOPNK_00729	29.630	27	19	0	111	137	38	64	2.0	17.3
SA20160209_CPEIOPNK_00727	SA20160209_CPEIOPNK_00736	50.000	10	5	0	109	118	23	32	2.8	17.7
SA20160209_CPEIOPNK_00727	SA20160209_CPEIOPNK_00734	37.500	16	10	0	127	142	9	24	9.1	15.8
SA20160209_CPEIOPNK_00728	SA20160209_CPEIOPNK_00728	100.000	127	0	0	1	127	1	127	2.82e-97	266
SA20160209_CPEIOPNK_00728	SA20160209_CPEIOPNK_00723	31.034	58	33	4	22	77	31	83	0.013	24.3
SA20160209_CPEIOPNK_00728	SA20160209_CPEIOPNK_00736	30.769	26	18	0	102	127	304	329	0.28	20.4
SA20160209_CPEIOPNK_00728	SA20160209_CPEIOPNK_00731	22.581	31	24	0	56	86	261	291	2.3	17.7
SA20160209_CPEIOPNK_00729	SA20160209_CPEIOPNK_00729	100.000	69	0	0	1	69	1	69	5.89e-49	139
SA20160209_CPEIOPNK_00729	SA20160209_CPEIOPNK_00718	36.842	19	12	0	45	63	352	370	0.87	17.3
SA20160209_CPEIOPNK_00729	SA20160209_CPEIOPNK_00727	29.630	27	19	0	38	64	111	137	0.95	17.3
SA20160209_CPEIOPNK_00729	SA20160209_CPEIOPNK_00725	38.095	21	13	0	8	28	138	158	1.1	17.3
SA20160209_CPEIOPNK_00729	SA20160209_CPEIOPNK_00736	50.000	8	4	0	18	25	6	13	6.9	15.0
SA20160209_CPEIOPNK_00730	SA20160209_CPEIOPNK_00730	100.000	299	0	0	1	299	1	299	0.0	581
SA20160209_CPEIOPNK_00730	SA20160209_CPEIOPNK_00731	31.034	29	20	0	5	33	123	151	0.47	21.2
SA20160209_CPEIOPNK_00730	SA20160209_CPEIOPNK_00723	34.091	44	26	2	10	53	130	170	0.78	20.4
SA20160209_CPEIOPNK_00730	SA20160209_CPEIOPNK_00720	29.167	24	17	0	25	48	242	265	4.2	18.1
SA20160209_CPEIOPNK_00731	SA20160209_CPEIOPNK_00731	100.000	395	0	0	1	395	1	395	0.0	778
SA20160209_CPEIOPNK_00731	SA20160209_CPEIOPNK_00723	43.750	16	9	0	150	165	126	141	1.3	20.4
SA20160209_CPEIOPNK_00731	SA20160209_CPEIOPNK_00730	28.571	28	20	0	123	150	5	32	2.0	19.6
SA20160209_CPEIOPNK_00731	SA20160209_CPEIOPNK_00720	26.415	53	30	1	224	267	130	182	2.1	19.6
SA20160209_CPEIOPNK_00731	SA20160209_CPEIOPNK_00738	41.667	12	7	0	320	331	168	179	2.8	18.9
SA20160209_CPEIOPNK_00731	SA20160209_CPEIOPNK_00732	46.154	13	7	0	112	124	16	28	7.2	16.2
SA20160209_CPEIOPNK_00731	SA20160209_CPEIOPNK_00728	22.581	31	24	0	261	291	56	86	7.2	17.7
SA20160209_CPEIOPNK_00732	SA20160209_CPEIOPNK_00732	100.000	31	0	0	1	31	1	31	2.88e-19	62.0
SA20160209_CPEIOPNK_00732	SA20160209_CPEIOPNK_00731	46.154	13	7	0	16	28	112	124	0.59	16.2
SA20160209_CPEIOPNK_00733	SA20160209_CPEIOPNK_00733	100.000	130	0	0	1	130	1	130	4.34e-97	266
SA20160209_CPEIOPNK_00733	SA20160209_CPEIOPNK_00737	23.077	52	40	0	21	72	80	131	1.4	18.1
SA20160209_CPEIOPNK_00734	SA20160209_CPEIOPNK_00734	100.000	175	0	0	1	175	1	175	1.53e-133	361
SA20160209_CPEIOPNK_00734	SA20160209_CPEIOPNK_00722	27.027	37	27	0	40	76	35	71	1.3	18.9
SA20160209_CPEIOPNK_00734	SA20160209_CPEIOPNK_00724	66.667	9	3	0	30	38	52	60	2.5	18.1
SA20160209_CPEIOPNK_00735	SA20160209_CPEIOPNK_00735	100.000	60	0	0	1	60	1	60	4.20e-39	114
SA20160209_CPEIOPNK_00735	SA20160209_CPEIOPNK_00719	54.545	11	5	0	48	58	135	145	0.73	17.3
SA20160209_CPEIOPNK_00735	SA20160209_CPEIOPNK_00736	46.154	13	7	0	48	60	416	428	4.4	15.4
SA20160209_CPEIOPNK_00736	SA20160209_CPEIOPNK_00736	100.000	680	0	0	1	680	1	680	0.0	1410
SA20160209_CPEIOPNK_00736	SA20160209_CPEIOPNK_00723	28.846	52	37	0	141	192	332	383	0.43	22.7
SA20160209_CPEIOPNK_00736	SA20160209_CPEIOPNK_00722	20.690	58	45	1	227	284	31	87	0.56	22.3
SA20160209_CPEIOPNK_00736	SA20160209_CPEIOPNK_00728	30.769	26	18	0	304	329	102	127	1.5	20.4
SA20160209_CPEIOPNK_00736	SA20160209_CPEIOPNK_00724	30.952	42	29	0	128	169	51	92	5.8	18.9
SA20160209_CPEIOPNK_00737	SA20160209_CPEIOPNK_00737	100.000	248	0	0	1	248	1	248	0.0	509
SA20160209_CPEIOPNK_00737	SA20160209_CPEIOPNK_00733	23.077	52	40	0	80	131	21	72	2.7	18.1
SA20160209_CPEIOPNK_00737	SA20160209_CPEIOPNK_00736	34.615	26	17	0	108	133	251	276	6.6	17.3
SA20160209_CPEIOPNK_00738	SA20160209_CPEIOPNK_00738	100.000	228	0	0	1	228	1	228	1.06e-175	472
SA20160209_CPEIOPNK_00738	SA20160209_CPEIOPNK_00731	41.667	12	7	0	168	179	320	331	1.8	18.9
SA20160209_CPEIOPNK_00738	SA20160209_CPEIOPNK_00721	54.545	11	5	0	30	40	90	100	4.7	17.3
SA20160209_CPEIOPNK_00738	SA20160209_CPEIOPNK_00722	50.000	10	5	0	184	193	182	191	4.8	17.7
SA20160209_CPEIOPNK_00738	SA20160209_CPEIOPNK_00724	40.741	27	15	1	86	111	89	115	5.6	17.3
SA20160197_BPNLNKPL_00721	SA20160197_BPNLNKPL_00721	100.000	372	0	0	1	372	1	372	0.0	752
SA20160197_BPNLNKPL_00721	SA20160197_BPNLNKPL_00732	36.842	19	12	0	352	370	45	63	4.5	17.7
SA20160197_BPNLNKPL_00721	SA20160197_BPNLNKPL_00725	26.087	69	42	4	29	96	37	97	5.3	18.1
SA20160197_BPNLNKPL_00722	SA20160197_BPNLNKPL_00722	100.000	175	0	0	1	175	1	175	1.68e-134	363
SA20160197_BPNLNKPL_00722	SA20160197_BPNLNKPL_00725	77.778	9	2	0	166	174	257	265	1.2	18.9
SA20160197_BPNLNKPL_00722	SA20160197_BPNLNKPL_00738	54.545	11	5	0	135	145	48	58	2.1	17.3
SA20160197_BPNLNKPL_00722	SA20160197_BPNLNKPL_00728	27.273	33	23	1	142	174	318	349	6.0	16.9
SA20160197_BPNLNKPL_00722	SA20160197_BPNLNKPL_00740	40.000	20	10	1	83	102	139	156	8.8	16.2
SA20160197_BPNLNKPL_00723	SA20160197_BPNLNKPL_00723	100.000	315	0	0	1	315	1	315	0.0	644
SA20160197_BPNLNKPL_00723	SA20160197_BPNLNKPL_00734	26.415	53	30	1	130	182	224	267	1.6	19.6
SA20160197_BPNLNKPL_00723	SA20160197_BPNLNKPL_00728	60.000	10	4	0	126	135	108	117	5.1	18.1
SA20160197_BPNLNKPL_00723	SA20160197_BPNLNKPL_00727	46.154	13	7	0	81	93	188	200	5.4	17.7
SA20160197_BPNLNKPL_00724	SA20160197_BPNLNKPL_00724	100.000	119	0	0	1	119	1	119	1.21e-91	251
SA20160197_BPNLNKPL_00724	SA20160197_BPNLNKPL_00741	54.545	11	5	0	90	100	30	40	2.6	17.3
SA20160197_BPNLNKPL_00724	SA20160197_BPNLNKPL_00739	26.087	23	17	0	6	28	17	39	3.3	16.9
SA20160197_BPNLNKPL_00725	SA20160197_BPNLNKPL_00725	100.000	308	0	0	1	308	1	308	0.0	639
SA20160197_BPNLNKPL_00725	SA20160197_BPNLNKPL_00739	20.000	70	52	2	31	96	227	296	0.23	22.3
SA20160197_BPNLNKPL_00725	SA20160197_BPNLNKPL_00722	77.778	9	2	0	257	265	166	174	2.2	18.9
SA20160197_BPNLNKPL_00725	SA20160197_BPNLNKPL_00737	22.892	83	50	2	35	117	40	108	2.8	18.5
SA20160197_BPNLNKPL_00725	SA20160197_BPNLNKPL_00728	22.727	44	34	0	41	84	152	195	3.1	18.5
SA20160197_BPNLNKPL_00725	SA20160197_BPNLNKPL_00726	54.545	11	5	0	239	249	256	266	4.8	18.1
SA20160197_BPNLNKPL_00725	SA20160197_BPNLNKPL_00721	26.087	69	42	4	37	97	29	96	5.4	17.7
SA20160197_BPNLNKPL_00725	SA20160197_BPNLNKPL_00741	50.000	10	5	0	182	191	184	193	6.5	17.3
SA20160197_BPNLNKPL_00726	SA20160197_BPNLNKPL_00726	100.000	462	0	0	1	462	1	462	0.0	944
SA20160197_BPNLNKPL_00726	SA20160197_BPNLNKPL_00731	31.034	58	33	4	31	83	22	77	0.046	24.3
SA20160197_BPNLNKPL_00726	SA20160197_BPNLNKPL_00739	28.846	52	37	0	332	383	141	192	0.31	22.7
SA20160197_BPNLNKPL_00726	SA20160197_BPNLNKPL_00734	43.750	16	9	0	126	141	150	165	1.5	20.4
SA20160197_BPNLNKPL_00726	SA20160197_BPNLNKPL_00733	37.037	27	17	0	17	43	264	290	4.5	18.9
SA20160197_BPNLNKPL_00726	SA20160197_BPNLNKPL_00725	54.545	11	5	0	256	266	239	249	7.5	18.1
SA20160197_BPNLNKPL_00726	SA20160197_BPNLNKPL_00727	29.268	82	48	5	264	342	15	89	8.6	17.7
SA20160197_BPNLNKPL_00727	SA20160197_BPNLNKPL_00727	100.000	290	0	0	1	290	1	290	0.0	598
SA20160197_BPNLNKPL_00727	SA20160197_BPNLNKPL_00739	30.952	42	29	0	51	92	128	169	2.5	18.9
SA20160197_BPNLNKPL_00727	SA20160197_BPNLNKPL_00737	66.667	9	3	0	52	60	30	38	4.3	17.7
SA20160197_BPNLNKPL_00727	SA20160197_BPNLNKPL_00723	46.154	13	7	0	188	200	81	93	4.9	17.7
SA20160197_BPNLNKPL_00727	SA20160197_BPNLNKPL_00726	45.455	22	11	1	69	89	321	342	5.8	17.7
SA20160197_BPNLNKPL_00727	SA20160197_BPNLNKPL_00741	40.741	27	15	1	89	115	86	111	7.6	17.3
SA20160197_BPNLNKPL_00727	SA20160197_BPNLNKPL_00728	46.154	13	7	0	49	61	121	133	9.5	16.9
SA20160197_BPNLNKPL_00728	SA20160197_BPNLNKPL_00728	100.000	396	0	0	1	396	1	396	0.0	776
SA20160197_BPNLNKPL_00728	SA20160197_BPNLNKPL_00733	29.545	44	27	1	260	303	103	142	2.2	19.2
SA20160197_BPNLNKPL_00728	SA20160197_BPNLNKPL_00725	22.727	44	34	0	152	195	41	84	4.5	18.5
SA20160197_BPNLNKPL_00728	SA20160197_BPNLNKPL_00723	60.000	10	4	0	108	117	126	135	6.8	17.7
SA20160197_BPNLNKPL_00728	SA20160197_BPNLNKPL_00732	38.095	21	13	0	138	158	8	28	7.3	16.9
SA20160197_BPNLNKPL_00729	SA20160197_BPNLNKPL_00729	100.000	221	0	0	1	221	1	221	2.40e-164	443
SA20160197_BPNLNKPL_00729	SA20160197_BPNLNKPL_00723	55.556	9	4	0	48	56	228	236	9.1	16.5
SA20160197_BPNLNKPL_00730	SA20160197_BPNLNKPL_00730	100.000	144	0	0	1	144	1	144	8.90e-108	294
SA20160197_BPNLNKPL_00730	SA20160197_BPNLNKPL_00732	29.630	27	19	0	111	137	38	64	2.0	17.3
SA20160197_BPNLNKPL_00730	SA20160197_BPNLNKPL_00739	50.000	10	5	0	109	118	23	32	2.8	17.7
SA20160197_BPNLNKPL_00730	SA20160197_BPNLNKPL_00737	37.500	16	10	0	127	142	9	24	9.1	15.8
SA20160197_BPNLNKPL_00731	SA20160197_BPNLNKPL_00731	100.000	127	0	0	1	127	1	127	2.82e-97	266
SA20160197_BPNLNKPL_00731	SA20160197_BPNLNKPL_00726	31.034	58	33	4	22	77	31	83	0.013	24.3
SA20160197_BPNLNKPL_00731	SA20160197_BPNLNKPL_00739	30.769	26	18	0	102	127	304	329	0.28	20.4
SA20160197_BPNLNKPL_00731	SA20160197_BPNLNKPL_00734	22.581	31	24	0	56	86	261	291	2.3	17.7
SA20160197_BPNLNKPL_00732	SA20160197_BPNLNKPL_00732	100.000	69	0	0	1	69	1	69	5.89e-49	139
SA20160197_BPNLNKPL_00732	SA20160197_BPNLNKPL_00721	36.842	19	12	0	45	63	352	370	0.87	17.3
SA20160197_BPNLNKPL_00732	SA20160197_BPNLNKPL_00730	29.630	27	19	0	38	64	111	137	0.95	17.3
SA20160197_BPNLNKPL_00732	SA20160197_BPNLNKPL_00728	38.095	21	13	0	8	28	138	158	1.1	17.3
SA20160197_BPNLNKPL_00732	SA20160197_BPNLNKPL_00739	50.000	8	4	0	18	25	6	13	6.9	15.0
SA20160197_BPNLNKPL_00733	SA20160197_BPNLNKPL_00733	100.000	299	0	0	1	299	1	299	0.0	581
SA20160197_BPNLNKPL_00733	SA20160197_BPNLNKPL_00734	31.034	29	20	0	5	33	123	151	0.47	21.2
SA20160197_BPNLNKPL_00733	SA20160197_BPNLNKPL_00726	34.091	44	26	2	10	53	130	170	0.78	20.4
SA20160197_BPNLNKPL_00733	SA20160197_BPNLNKPL_00723	29.167	24	17	0	25	48	242	265	4.2	18.1
SA20160197_BPNLNKPL_00734	SA20160197_BPNLNKPL_00734	100.000	395	0	0	1	395	1	395	0.0	778
SA20160197_BPNLNKPL_00734	SA20160197_BPNLNKPL_00726	43.750	16	9	0	150	165	126	141	1.3	20.4
SA20160197_BPNLNKPL_00734	SA20160197_BPNLNKPL_00733	28.571	28	20	0	123	150	5	32	2.0	19.6
SA20160197_BPNLNKPL_00734	SA20160197_BPNLNKPL_00723	26.415	53	30	1	224	267	130	182	2.1	19.6
SA20160197_BPNLNKPL_00734	SA20160197_BPNLNKPL_00741	41.667	12	7	0	320	331	168	179	2.8	18.9
SA20160197_BPNLNKPL_00734	SA20160197_BPNLNKPL_00735	46.154	13	7	0	112	124	16	28	7.2	16.2
SA20160197_BPNLNKPL_00734	SA20160197_BPNLNKPL_00731	22.581	31	24	0	261	291	56	86	7.2	17.7
SA20160197_BPNLNKPL_00735	SA20160197_BPNLNKPL_00735	100.000	31	0	0	1	31	1	31	2.88e-19	62.0
SA20160197_BPNLNKPL_00735	SA20160197_BPNLNKPL_00734	46.154	13	7	0	16	28	112	124	0.59	16.2
SA20160197_BPNLNKPL_00736	SA20160197_BPNLNKPL_00736	100.000	130	0	0	1	130	1	130	4.34e-97	266
SA20160197_BPNLNKPL_00736	SA20160197_BPNLNKPL_00740	23.077	52	40	0	21	72	80	131	1.4	18.1
SA20160197_BPNLNKPL_00737	SA20160197_BPNLNKPL_00737	100.000	175	0	0	1	175	1	175	1.53e-133	361
SA20160197_BPNLNKPL_00737	SA20160197_BPNLNKPL_00725	27.027	37	27	0	40	76	35	71	1.3	18.9
SA20160197_BPNLNKPL_00737	SA20160197_BPNLNKPL_00727	66.667	9	3	0	30	38	52	60	2.5	18.1
SA20160197_BPNLNKPL_00738	SA20160197_BPNLNKPL_00738	100.000	60	0	0	1	60	1	60	4.20e-39	114
SA20160197_BPNLNKPL_00738	SA20160197_BPNLNKPL_00722	54.545	11	5	0	48	58	135	145	0.73	17.3
SA20160197_BPNLNKPL_00738	SA20160197_BPNLNKPL_00739	46.154	13	7	0	48	60	416	428	4.4	15.4
SA20160197_BPNLNKPL_00739	SA20160197_BPNLNKPL_00739	100.000	680	0	0	1	680	1	680	0.0	1410
SA20160197_BPNLNKPL_00739	SA20160197_BPNLNKPL_00726	28.846	52	37	0	141	192	332	383	0.43	22.7
SA20160197_BPNLNKPL_00739	SA20160197_BPNLNKPL_00725	20.690	58	45	1	227	284	31	87	0.56	22.3
SA20160197_BPNLNKPL_00739	SA20160197_BPNLNKPL_00731	30.769	26	18	0	304	329	102	127	1.5	20.4
SA20160197_BPNLNKPL_00739	SA20160197_BPNLNKPL_00727	30.952	42	29	0	128	169	51	92	5.8	18.9
SA20160197_BPNLNKPL_00740	SA20160197_BPNLNKPL_00740	100.000	248	0	0	1	248	1	248	0.0	509
SA20160197_BPNLNKPL_00740	SA20160197_BPNLNKPL_00736	23.077	52	40	0	80	131	21	72	2.7	18.1
SA20160197_BPNLNKPL_00740	SA20160197_BPNLNKPL_00739	34.615	26	17	0	108	133	251	276	6.6	17.3
SA20160197_BPNLNKPL_00741	SA20160197_BPNLNKPL_00741	100.000	228	0	0	1	228	1	228	1.06e-175	472
SA20160197_BPNLNKPL_00741	SA20160197_BPNLNKPL_00734	41.667	12	7	0	168	179	320	331	1.8	18.9
SA20160197_BPNLNKPL_00741	SA20160197_BPNLNKPL_00724	54.545	11	5	0	30	40	90	100	4.7	17.3
SA20160197_BPNLNKPL_00741	SA20160197_BPNLNKPL_00725	50.000	10	5	0	184	193	182	191	4.8	17.7
SA20160197_BPNLNKPL_00741	SA20160197_BPNLNKPL_00727	40.741	27	15	1	86	111	89	115	5.6	17.3
