SA20160210_EPKMIBEH_01655	SA20160190_KJBEGOPM_01484	99.438	178	1	0	1	178	1	178	2.00e-130	354
SA20160210_EPKMIBEH_01655	SA20160190_KJBEGOPM_01469	61.538	13	5	0	48	60	174	186	0.44	20.8
SA20160210_EPKMIBEH_01655	SA20160190_KJBEGOPM_01468	38.462	39	18	2	109	147	243	275	1.1	19.6
SA20160210_EPKMIBEH_01655	SA20160190_KJBEGOPM_01481	31.148	61	34	4	21	78	35	90	5.0	17.7
SA20160210_EPKMIBEH_01655	SA20160190_KJBEGOPM_01475	36.842	19	12	0	64	82	9	27	9.3	16.9
SA20160210_EPKMIBEH_01656	SA20160190_KJBEGOPM_01483	99.180	244	2	0	1	244	1	244	0.0	498
SA20160210_EPKMIBEH_01656	SA20160190_KJBEGOPM_01480	42.688	253	130	4	1	244	1	247	6.54e-69	204
SA20160210_EPKMIBEH_01656	SA20160190_KJBEGOPM_01477	41.667	24	11	1	25	48	95	115	1.1	20.0
SA20160210_EPKMIBEH_01656	SA20160190_KJBEGOPM_01465	38.095	21	12	1	104	124	248	267	3.3	18.9
SA20160210_EPKMIBEH_01656	SA20160190_KJBEGOPM_01468	31.818	22	15	0	2	23	588	609	3.7	18.5
SA20160210_EPKMIBEH_01656	SA20160190_KJBEGOPM_01474	66.667	12	4	0	83	94	200	211	4.1	18.5
SA20160210_EPKMIBEH_01657	SA20160190_KJBEGOPM_01482	100.000	166	0	0	1	166	1	166	4.85e-125	340
SA20160210_EPKMIBEH_01657	SA20160190_KJBEGOPM_01479	41.250	160	93	1	1	159	1	160	6.05e-45	137
SA20160210_EPKMIBEH_01657	SA20160190_KJBEGOPM_01467	29.032	31	21	1	100	129	384	414	3.4	18.1
SA20160210_EPKMIBEH_01657	SA20160190_KJBEGOPM_01468	46.667	15	8	0	99	113	638	652	9.4	16.5
SA20160210_EPKMIBEH_01658	SA20160190_KJBEGOPM_01481	98.282	524	9	0	1	524	1	524	0.0	1058
SA20160210_EPKMIBEH_01658	SA20160190_KJBEGOPM_01472	25.843	89	57	4	396	475	245	333	0.17	24.3
SA20160210_EPKMIBEH_01658	SA20160190_KJBEGOPM_01470	31.250	16	11	0	278	293	3	18	2.0	19.2
SA20160210_EPKMIBEH_01658	SA20160190_KJBEGOPM_01473	34.211	38	20	2	274	307	261	297	2.4	20.4
SA20160210_EPKMIBEH_01658	SA20160190_KJBEGOPM_01479	23.256	86	56	4	242	327	83	158	3.0	19.6
SA20160210_EPKMIBEH_01658	SA20160190_KJBEGOPM_01480	26.471	34	25	0	351	384	6	39	4.5	19.2
SA20160210_EPKMIBEH_01659	SA20160190_KJBEGOPM_01480	98.381	247	4	0	1	247	1	247	0.0	505
SA20160210_EPKMIBEH_01659	SA20160190_KJBEGOPM_01483	42.688	253	130	4	1	247	1	244	2.74e-70	207
SA20160210_EPKMIBEH_01659	SA20160190_KJBEGOPM_01481	26.471	34	25	0	6	39	351	384	2.0	19.6
SA20160210_EPKMIBEH_01659	SA20160190_KJBEGOPM_01474	37.037	27	17	0	75	101	378	404	7.3	17.7
SA20160210_EPKMIBEH_01660	SA20160190_KJBEGOPM_01479	99.383	162	1	0	1	162	1	162	2.08e-123	335
SA20160210_EPKMIBEH_01660	SA20160190_KJBEGOPM_01482	41.463	164	91	2	1	162	1	161	1.36e-45	138
SA20160210_EPKMIBEH_01660	SA20160190_KJBEGOPM_01475	31.250	32	22	0	60	91	364	395	0.23	21.6
SA20160210_EPKMIBEH_01660	SA20160190_KJBEGOPM_01481	23.256	86	56	4	83	158	242	327	1.7	18.9
SA20160210_EPKMIBEH_01660	SA20160190_KJBEGOPM_01480	50.000	18	9	0	101	118	116	133	4.8	17.3
SA20160210_EPKMIBEH_01661	SA20160190_KJBEGOPM_01478	99.425	174	1	0	1	174	1	174	2.36e-131	356
SA20160210_EPKMIBEH_01661	SA20160190_KJBEGOPM_01468	26.415	53	29	1	78	130	233	275	0.21	21.9
SA20160210_EPKMIBEH_01661	SA20160190_KJBEGOPM_01465	21.277	47	33	2	66	108	136	182	1.4	19.2
SA20160210_EPKMIBEH_01661	SA20160190_KJBEGOPM_01464	25.000	28	21	0	40	67	37	64	2.3	18.5
SA20160210_EPKMIBEH_01661	SA20160190_KJBEGOPM_01475	29.091	55	30	2	11	56	255	309	4.5	17.7
SA20160210_EPKMIBEH_01661	SA20160190_KJBEGOPM_01474	37.500	24	15	0	144	167	217	240	5.0	17.7
SA20160210_EPKMIBEH_01662	SA20160190_KJBEGOPM_01477	98.857	175	2	0	1	175	1	175	1.03e-133	362
SA20160210_EPKMIBEH_01662	SA20160190_KJBEGOPM_01483	41.667	24	11	1	95	115	25	48	0.82	20.0
SA20160210_EPKMIBEH_01662	SA20160190_KJBEGOPM_01472	24.242	33	24	1	90	122	681	712	2.0	18.9
SA20160210_EPKMIBEH_01662	SA20160190_KJBEGOPM_01465	23.077	52	39	1	97	147	37	88	4.0	18.1
SA20160210_EPKMIBEH_01662	SA20160190_KJBEGOPM_01467	21.739	23	18	0	111	133	63	85	5.2	17.7
SA20160210_EPKMIBEH_01663	SA20160190_KJBEGOPM_01476	100.000	119	0	0	1	119	1	119	8.53e-89	244
SA20160210_EPKMIBEH_01663	SA20160190_KJBEGOPM_01473	38.889	18	11	0	48	65	197	214	0.99	18.9
SA20160210_EPKMIBEH_01663	SA20160190_KJBEGOPM_01481	45.455	11	6	0	81	91	447	457	4.3	17.3
SA20160210_EPKMIBEH_01663	SA20160190_KJBEGOPM_01484	39.130	23	13	1	42	64	119	140	6.2	16.5
SA20160210_EPKMIBEH_01663	SA20160190_KJBEGOPM_01467	31.111	45	23	2	53	89	909	953	8.9	16.2
SA20160210_EPKMIBEH_01664	SA20160190_KJBEGOPM_01475	99.381	485	3	0	1	485	1	485	0.0	965
SA20160210_EPKMIBEH_01664	SA20160190_KJBEGOPM_01479	31.250	32	22	0	364	395	60	91	0.72	21.6
SA20160210_EPKMIBEH_01664	SA20160190_KJBEGOPM_01465	35.484	31	18	1	111	139	192	222	5.5	19.2
SA20160210_EPKMIBEH_01664	SA20160190_KJBEGOPM_01468	40.000	30	18	0	74	103	446	475	6.2	18.9
SA20160210_EPKMIBEH_01664	SA20160190_KJBEGOPM_01474	35.294	17	11	0	172	188	912	928	8.5	18.5
SA20160210_EPKMIBEH_01665	SA20160190_KJBEGOPM_01474	99.716	1055	3	0	1	1055	1	1055	0.0	2116
SA20160210_EPKMIBEH_01665	SA20160190_KJBEGOPM_01472	45.455	33	18	0	462	494	131	163	0.28	24.6
SA20160210_EPKMIBEH_01665	SA20160190_KJBEGOPM_01465	33.333	24	16	0	803	826	162	185	0.48	23.9
SA20160210_EPKMIBEH_01666	SA20160190_KJBEGOPM_01473	99.020	408	4	0	1	408	1	408	0.0	807
SA20160210_EPKMIBEH_01666	SA20160190_KJBEGOPM_01468	37.209	43	19	1	173	215	526	560	0.48	22.3
SA20160210_EPKMIBEH_01666	SA20160190_KJBEGOPM_01481	34.211	38	20	2	261	297	274	307	2.0	20.4
SA20160210_EPKMIBEH_01666	SA20160190_KJBEGOPM_01476	38.889	18	11	0	197	214	48	65	3.6	18.9
SA20160210_EPKMIBEH_01666	SA20160190_KJBEGOPM_01472	31.915	47	24	1	326	372	243	281	9.2	18.1
SA20160210_EPKMIBEH_01667	SA20160190_KJBEGOPM_01472	99.475	762	4	0	1	762	1	762	0.0	1513
SA20160210_EPKMIBEH_01667	SA20160190_KJBEGOPM_01470	30.645	62	43	0	11	72	1	62	1.15e-05	34.7
SA20160210_EPKMIBEH_01667	SA20160190_KJBEGOPM_01474	48.485	33	17	0	131	163	462	494	0.097	25.8
SA20160210_EPKMIBEH_01667	SA20160190_KJBEGOPM_01481	25.843	89	57	4	245	333	396	475	0.37	23.5
SA20160210_EPKMIBEH_01667	SA20160190_KJBEGOPM_01469	45.000	20	11	0	90	109	274	293	0.71	22.7
SA20160210_EPKMIBEH_01667	SA20160190_KJBEGOPM_01465	35.714	42	23	2	48	89	430	467	1.1	21.9
SA20160210_EPKMIBEH_01667	SA20160190_KJBEGOPM_01480	26.667	45	31	2	537	579	99	143	1.1	21.9
SA20160210_EPKMIBEH_01667	SA20160190_KJBEGOPM_01467	33.333	21	14	0	60	80	516	536	8.7	19.2
SA20160210_EPKMIBEH_01668	SA20160190_KJBEGOPM_01471	100.000	154	0	0	1	154	1	154	2.79e-117	319
SA20160210_EPKMIBEH_01668	SA20160190_KJBEGOPM_01472	27.273	88	46	5	40	123	574	647	6.9	16.9
SA20160210_EPKMIBEH_01669	SA20160190_KJBEGOPM_01470	100.000	64	0	0	1	64	1	64	3.14e-46	132
SA20160210_EPKMIBEH_01669	SA20160190_KJBEGOPM_01472	30.645	62	43	0	1	62	11	72	9.85e-07	34.3
SA20160210_EPKMIBEH_01669	SA20160190_KJBEGOPM_01481	50.000	10	5	0	5	14	405	414	8.8	15.0
SA20160210_EPKMIBEH_01670	SA20160190_KJBEGOPM_01469	99.520	417	2	0	1	417	1	417	0.0	836
SA20160210_EPKMIBEH_01670	SA20160190_KJBEGOPM_01472	45.000	20	11	0	274	293	90	109	0.38	22.7
SA20160210_EPKMIBEH_01670	SA20160190_KJBEGOPM_01484	61.538	13	5	0	174	186	48	60	1.0	20.8
SA20160210_EPKMIBEH_01671	SA20160190_KJBEGOPM_01468	99.540	652	3	0	1	652	1	652	0.0	1345
SA20160210_EPKMIBEH_01671	SA20160190_KJBEGOPM_01478	26.415	53	29	1	233	275	78	130	0.62	22.3
SA20160210_EPKMIBEH_01671	SA20160190_KJBEGOPM_01473	46.667	30	14	1	531	560	188	215	0.74	22.3
SA20160210_EPKMIBEH_01671	SA20160190_KJBEGOPM_01484	38.462	39	18	2	243	275	109	147	4.1	19.6
SA20160210_EPKMIBEH_01671	SA20160190_KJBEGOPM_01467	57.143	14	6	0	183	196	644	657	6.5	19.2
SA20160210_EPKMIBEH_01671	SA20160190_KJBEGOPM_01475	40.000	30	18	0	446	475	74	103	8.4	18.9
SA20160210_EPKMIBEH_01671	SA20160190_KJBEGOPM_01483	31.818	22	15	0	588	609	2	23	9.7	18.5
SA20160210_EPKMIBEH_01672	SA20160190_KJBEGOPM_01467	99.394	990	6	0	1	990	1	990	0.0	2034
SA20160210_EPKMIBEH_01672	SA20160190_KJBEGOPM_01472	38.095	21	13	0	516	536	60	80	7.0	20.0
SA20160210_EPKMIBEH_01673	SA20160190_KJBEGOPM_01466	100.000	33	0	0	1	33	1	33	9.41e-22	68.9
SA20160210_EPKMIBEH_01673	SA20160190_KJBEGOPM_01468	66.667	6	2	0	4	9	493	498	4.4	14.6
SA20160210_EPKMIBEH_01673	SA20160190_KJBEGOPM_01474	54.545	11	5	0	16	26	93	103	6.7	14.2
SA20160210_EPKMIBEH_01674	SA20160190_KJBEGOPM_01465	99.786	467	1	0	1	467	1	467	0.0	946
SA20160210_EPKMIBEH_01674	SA20160190_KJBEGOPM_01474	33.333	24	16	0	162	185	803	826	0.21	23.9
SA20160210_EPKMIBEH_01674	SA20160190_KJBEGOPM_01472	38.095	42	22	2	430	467	48	89	0.44	22.7
SA20160210_EPKMIBEH_01674	SA20160190_KJBEGOPM_01478	21.277	47	33	2	136	182	66	108	4.6	18.9
SA20160210_EPKMIBEH_01674	SA20160190_KJBEGOPM_01475	35.484	31	18	1	192	222	111	139	5.1	19.2
SA20160210_EPKMIBEH_01674	SA20160190_KJBEGOPM_01483	38.095	21	12	1	248	267	104	124	6.2	18.9
SA20160210_EPKMIBEH_01674	SA20160190_KJBEGOPM_01464	37.500	16	10	0	343	358	247	262	6.7	18.9
SA20160210_EPKMIBEH_01675	SA20160190_KJBEGOPM_01464	99.702	336	1	0	1	336	1	336	0.0	665
SA20160210_EPKMIBEH_01675	SA20160190_KJBEGOPM_01465	37.500	16	10	0	247	262	343	358	4.0	18.9
SA20160210_EPKMIBEH_01675	SA20160190_KJBEGOPM_01478	25.000	28	21	0	37	64	40	67	5.6	18.5
SA20160210_EPKMIBEH_01675	SA20160190_KJBEGOPM_01472	36.667	30	17	1	112	139	282	311	6.1	18.5
SA20160210_EPKMIBEH_01675	SA20160190_KJBEGOPM_01473	60.000	10	4	0	113	122	27	36	7.5	18.1
SA20160190_KJBEGOPM_01464	SA20160190_KJBEGOPM_01464	100.000	336	0	0	1	336	1	336	0.0	668
SA20160190_KJBEGOPM_01464	SA20160190_KJBEGOPM_01465	37.500	16	10	0	247	262	343	358	4.0	18.9
SA20160190_KJBEGOPM_01464	SA20160190_KJBEGOPM_01478	25.000	28	21	0	37	64	40	67	5.6	18.5
SA20160190_KJBEGOPM_01464	SA20160190_KJBEGOPM_01472	36.667	30	17	1	112	139	282	311	6.1	18.5
SA20160190_KJBEGOPM_01464	SA20160190_KJBEGOPM_01473	60.000	10	4	0	113	122	27	36	7.5	18.1
SA20160190_KJBEGOPM_01465	SA20160190_KJBEGOPM_01465	100.000	467	0	0	1	467	1	467	0.0	947
SA20160190_KJBEGOPM_01465	SA20160190_KJBEGOPM_01474	33.333	24	16	0	162	185	803	826	0.21	23.9
SA20160190_KJBEGOPM_01465	SA20160190_KJBEGOPM_01472	38.095	42	22	2	430	467	48	89	0.44	22.7
SA20160190_KJBEGOPM_01465	SA20160190_KJBEGOPM_01478	21.277	47	33	2	136	182	66	108	4.6	18.9
SA20160190_KJBEGOPM_01465	SA20160190_KJBEGOPM_01475	35.484	31	18	1	192	222	111	139	5.2	19.2
SA20160190_KJBEGOPM_01465	SA20160190_KJBEGOPM_01483	38.095	21	12	1	248	267	104	124	6.3	18.9
SA20160190_KJBEGOPM_01465	SA20160190_KJBEGOPM_01464	38.889	18	11	0	341	358	245	262	6.3	18.9
SA20160190_KJBEGOPM_01466	SA20160190_KJBEGOPM_01466	100.000	33	0	0	1	33	1	33	9.41e-22	68.9
SA20160190_KJBEGOPM_01466	SA20160190_KJBEGOPM_01468	66.667	6	2	0	4	9	493	498	4.4	14.6
SA20160190_KJBEGOPM_01466	SA20160190_KJBEGOPM_01474	54.545	11	5	0	16	26	93	103	6.7	14.2
SA20160190_KJBEGOPM_01467	SA20160190_KJBEGOPM_01467	100.000	990	0	0	1	990	1	990	0.0	2046
SA20160190_KJBEGOPM_01467	SA20160190_KJBEGOPM_01472	38.095	21	13	0	516	536	60	80	7.1	20.0
SA20160190_KJBEGOPM_01467	SA20160190_KJBEGOPM_01468	57.143	14	6	0	644	657	183	196	9.6	19.6
SA20160190_KJBEGOPM_01468	SA20160190_KJBEGOPM_01468	100.000	652	0	0	1	652	1	652	0.0	1352
SA20160190_KJBEGOPM_01468	SA20160190_KJBEGOPM_01478	26.415	53	29	1	233	275	78	130	0.62	22.3
SA20160190_KJBEGOPM_01468	SA20160190_KJBEGOPM_01473	46.667	30	14	1	531	560	188	215	0.71	22.3
SA20160190_KJBEGOPM_01468	SA20160190_KJBEGOPM_01484	38.462	39	18	2	243	275	109	147	4.0	19.6
SA20160190_KJBEGOPM_01468	SA20160190_KJBEGOPM_01474	23.684	114	78	4	1	108	796	906	5.8	19.6
SA20160190_KJBEGOPM_01468	SA20160190_KJBEGOPM_01467	57.143	14	6	0	183	196	644	657	6.4	19.6
SA20160190_KJBEGOPM_01468	SA20160190_KJBEGOPM_01475	40.000	30	18	0	446	475	74	103	8.4	18.9
SA20160190_KJBEGOPM_01468	SA20160190_KJBEGOPM_01483	31.818	22	15	0	588	609	2	23	9.8	18.5
SA20160190_KJBEGOPM_01469	SA20160190_KJBEGOPM_01469	100.000	417	0	0	1	417	1	417	0.0	838
SA20160190_KJBEGOPM_01469	SA20160190_KJBEGOPM_01472	45.000	20	11	0	274	293	90	109	0.39	22.7
SA20160190_KJBEGOPM_01469	SA20160190_KJBEGOPM_01484	61.538	13	5	0	174	186	48	60	1.1	20.8
SA20160190_KJBEGOPM_01470	SA20160190_KJBEGOPM_01470	100.000	64	0	0	1	64	1	64	3.14e-46	132
SA20160190_KJBEGOPM_01470	SA20160190_KJBEGOPM_01472	30.645	62	43	0	1	62	11	72	9.85e-07	34.3
SA20160190_KJBEGOPM_01470	SA20160190_KJBEGOPM_01481	50.000	10	5	0	5	14	405	414	8.8	15.0
SA20160190_KJBEGOPM_01471	SA20160190_KJBEGOPM_01471	100.000	154	0	0	1	154	1	154	2.79e-117	319
SA20160190_KJBEGOPM_01471	SA20160190_KJBEGOPM_01472	27.273	88	46	5	40	123	574	647	6.9	16.9
SA20160190_KJBEGOPM_01472	SA20160190_KJBEGOPM_01472	100.000	762	0	0	1	762	1	762	0.0	1519
SA20160190_KJBEGOPM_01472	SA20160190_KJBEGOPM_01470	30.645	62	43	0	11	72	1	62	1.17e-05	34.3
SA20160190_KJBEGOPM_01472	SA20160190_KJBEGOPM_01474	45.455	33	18	0	131	163	462	494	0.21	24.6
SA20160190_KJBEGOPM_01472	SA20160190_KJBEGOPM_01481	25.843	89	57	4	245	333	396	475	0.38	23.5
SA20160190_KJBEGOPM_01472	SA20160190_KJBEGOPM_01469	45.000	20	11	0	90	109	274	293	0.71	22.7
SA20160190_KJBEGOPM_01472	SA20160190_KJBEGOPM_01480	26.667	45	31	2	537	579	99	143	1.1	21.9
SA20160190_KJBEGOPM_01472	SA20160190_KJBEGOPM_01465	25.676	74	43	3	224	297	208	269	3.3	20.4
SA20160190_KJBEGOPM_01472	SA20160190_KJBEGOPM_01467	38.095	21	13	0	60	80	516	536	5.5	20.0
SA20160190_KJBEGOPM_01473	SA20160190_KJBEGOPM_01473	100.000	408	0	0	1	408	1	408	0.0	815
SA20160190_KJBEGOPM_01473	SA20160190_KJBEGOPM_01468	37.209	43	19	1	173	215	526	560	0.47	22.3
SA20160190_KJBEGOPM_01473	SA20160190_KJBEGOPM_01481	34.211	38	20	2	261	297	274	307	1.9	20.4
SA20160190_KJBEGOPM_01473	SA20160190_KJBEGOPM_01476	38.889	18	11	0	197	214	48	65	3.3	19.2
SA20160190_KJBEGOPM_01473	SA20160190_KJBEGOPM_01472	31.915	47	24	1	326	372	243	281	8.9	18.1
SA20160190_KJBEGOPM_01473	SA20160190_KJBEGOPM_01464	60.000	10	4	0	27	36	113	122	9.3	18.1
SA20160190_KJBEGOPM_01474	SA20160190_KJBEGOPM_01474	100.000	1055	0	0	1	1055	1	1055	0.0	2120
SA20160190_KJBEGOPM_01474	SA20160190_KJBEGOPM_01472	45.455	33	18	0	462	494	131	163	0.28	24.6
SA20160190_KJBEGOPM_01474	SA20160190_KJBEGOPM_01465	33.333	24	16	0	803	826	162	185	0.47	23.9
SA20160190_KJBEGOPM_01474	SA20160190_KJBEGOPM_01468	23.684	114	78	4	796	906	1	108	9.2	19.6
SA20160190_KJBEGOPM_01475	SA20160190_KJBEGOPM_01475	100.000	485	0	0	1	485	1	485	0.0	972
SA20160190_KJBEGOPM_01475	SA20160190_KJBEGOPM_01479	31.250	32	22	0	364	395	60	91	0.72	21.6
SA20160190_KJBEGOPM_01475	SA20160190_KJBEGOPM_01465	35.484	31	18	1	111	139	192	222	5.4	19.2
SA20160190_KJBEGOPM_01475	SA20160190_KJBEGOPM_01468	40.000	30	18	0	74	103	446	475	6.3	18.9
SA20160190_KJBEGOPM_01475	SA20160190_KJBEGOPM_01474	35.294	17	11	0	172	188	912	928	8.3	18.5
SA20160190_KJBEGOPM_01476	SA20160190_KJBEGOPM_01476	100.000	119	0	0	1	119	1	119	8.53e-89	244
SA20160190_KJBEGOPM_01476	SA20160190_KJBEGOPM_01473	38.889	18	11	0	48	65	197	214	0.99	18.9
SA20160190_KJBEGOPM_01476	SA20160190_KJBEGOPM_01481	45.455	11	6	0	81	91	447	457	4.3	17.3
SA20160190_KJBEGOPM_01476	SA20160190_KJBEGOPM_01484	39.130	23	13	1	42	64	119	140	6.2	16.5
SA20160190_KJBEGOPM_01476	SA20160190_KJBEGOPM_01467	31.111	45	23	2	53	89	909	953	8.9	16.2
SA20160190_KJBEGOPM_01477	SA20160190_KJBEGOPM_01477	100.000	175	0	0	1	175	1	175	1.34e-134	364
SA20160190_KJBEGOPM_01477	SA20160190_KJBEGOPM_01483	41.667	24	11	1	95	115	25	48	0.81	20.0
SA20160190_KJBEGOPM_01477	SA20160190_KJBEGOPM_01472	24.242	33	24	1	90	122	681	712	2.6	18.5
SA20160190_KJBEGOPM_01477	SA20160190_KJBEGOPM_01467	21.739	23	18	0	111	133	63	85	5.9	17.3
SA20160190_KJBEGOPM_01477	SA20160190_KJBEGOPM_01464	38.889	18	11	0	91	108	44	61	7.8	16.9
SA20160190_KJBEGOPM_01478	SA20160190_KJBEGOPM_01478	100.000	174	0	0	1	174	1	174	5.42e-132	358
SA20160190_KJBEGOPM_01478	SA20160190_KJBEGOPM_01468	26.415	53	29	1	78	130	233	275	0.20	21.9
SA20160190_KJBEGOPM_01478	SA20160190_KJBEGOPM_01465	21.277	47	33	2	66	108	136	182	1.5	19.2
SA20160190_KJBEGOPM_01478	SA20160190_KJBEGOPM_01464	25.000	28	21	0	40	67	37	64	2.4	18.5
SA20160190_KJBEGOPM_01478	SA20160190_KJBEGOPM_01475	29.091	55	30	2	11	56	255	309	4.2	17.7
SA20160190_KJBEGOPM_01478	SA20160190_KJBEGOPM_01474	37.500	24	15	0	144	167	217	240	5.0	17.7
SA20160190_KJBEGOPM_01479	SA20160190_KJBEGOPM_01479	100.000	162	0	0	1	162	1	162	6.63e-124	336
SA20160190_KJBEGOPM_01479	SA20160190_KJBEGOPM_01482	41.975	162	89	2	1	160	1	159	1.36e-45	138
SA20160190_KJBEGOPM_01479	SA20160190_KJBEGOPM_01475	31.250	32	22	0	60	91	364	395	0.23	21.6
SA20160190_KJBEGOPM_01479	SA20160190_KJBEGOPM_01481	23.256	86	56	4	83	158	242	327	1.8	18.9
SA20160190_KJBEGOPM_01479	SA20160190_KJBEGOPM_01480	50.000	18	9	0	101	118	116	133	4.7	17.3
SA20160190_KJBEGOPM_01480	SA20160190_KJBEGOPM_01480	100.000	247	0	0	1	247	1	247	0.0	514
SA20160190_KJBEGOPM_01480	SA20160190_KJBEGOPM_01483	42.688	253	130	4	1	247	1	244	4.99e-69	204
SA20160190_KJBEGOPM_01480	SA20160190_KJBEGOPM_01472	26.667	45	31	2	99	143	537	579	0.36	21.9
SA20160190_KJBEGOPM_01480	SA20160190_KJBEGOPM_01481	26.471	34	25	0	6	39	351	384	2.0	19.6
SA20160190_KJBEGOPM_01480	SA20160190_KJBEGOPM_01474	37.037	27	17	0	75	101	378	404	7.3	17.7
SA20160190_KJBEGOPM_01480	SA20160190_KJBEGOPM_01479	50.000	18	9	0	116	133	101	118	7.6	17.3
SA20160190_KJBEGOPM_01481	SA20160190_KJBEGOPM_01481	100.000	524	0	0	1	524	1	524	0.0	1076
SA20160190_KJBEGOPM_01481	SA20160190_KJBEGOPM_01472	25.843	89	57	4	396	475	245	333	0.25	23.5
SA20160190_KJBEGOPM_01481	SA20160190_KJBEGOPM_01473	34.211	38	20	2	274	307	261	297	1.7	20.8
SA20160190_KJBEGOPM_01481	SA20160190_KJBEGOPM_01480	26.471	34	25	0	351	384	6	39	4.2	19.6
SA20160190_KJBEGOPM_01481	SA20160190_KJBEGOPM_01479	23.256	86	56	4	242	327	83	158	5.9	18.9
SA20160190_KJBEGOPM_01482	SA20160190_KJBEGOPM_01482	100.000	166	0	0	1	166	1	166	4.85e-125	340
SA20160190_KJBEGOPM_01482	SA20160190_KJBEGOPM_01479	41.250	160	93	1	1	159	1	160	6.05e-45	137
SA20160190_KJBEGOPM_01482	SA20160190_KJBEGOPM_01467	29.032	31	21	1	100	129	384	414	3.4	18.1
SA20160190_KJBEGOPM_01482	SA20160190_KJBEGOPM_01468	46.667	15	8	0	99	113	638	652	9.4	16.5
SA20160190_KJBEGOPM_01483	SA20160190_KJBEGOPM_01483	100.000	244	0	0	1	244	1	244	0.0	504
SA20160190_KJBEGOPM_01483	SA20160190_KJBEGOPM_01480	42.688	253	130	4	1	244	1	247	4.93e-69	204
SA20160190_KJBEGOPM_01483	SA20160190_KJBEGOPM_01477	41.667	24	11	1	25	48	95	115	1.1	20.0
SA20160190_KJBEGOPM_01483	SA20160190_KJBEGOPM_01465	38.095	21	12	1	104	124	248	267	3.3	18.9
SA20160190_KJBEGOPM_01483	SA20160190_KJBEGOPM_01468	31.818	22	15	0	2	23	588	609	3.7	18.5
SA20160190_KJBEGOPM_01484	SA20160190_KJBEGOPM_01484	100.000	178	0	0	1	178	1	178	5.60e-131	355
SA20160190_KJBEGOPM_01484	SA20160190_KJBEGOPM_01469	61.538	13	5	0	48	60	174	186	0.45	20.8
SA20160190_KJBEGOPM_01484	SA20160190_KJBEGOPM_01468	38.462	39	18	2	109	147	243	275	1.1	19.6
SA20160190_KJBEGOPM_01484	SA20160190_KJBEGOPM_01481	31.148	61	34	4	21	78	35	90	5.3	17.7
SA20160190_KJBEGOPM_01484	SA20160190_KJBEGOPM_01475	36.842	19	12	0	64	82	9	27	9.3	16.9
SA20160210_EPKMIBEH_01655	SA20160210_EPKMIBEH_01655	100.000	178	0	0	1	178	1	178	4.75e-131	356
SA20160210_EPKMIBEH_01655	SA20160210_EPKMIBEH_01670	61.538	13	5	0	48	60	174	186	0.44	20.8
SA20160210_EPKMIBEH_01655	SA20160210_EPKMIBEH_01671	38.462	39	18	2	109	147	243	275	1.1	19.6
SA20160210_EPKMIBEH_01655	SA20160210_EPKMIBEH_01664	36.842	19	12	0	64	82	9	27	9.2	16.9
SA20160210_EPKMIBEH_01656	SA20160210_EPKMIBEH_01656	100.000	244	0	0	1	244	1	244	0.0	504
SA20160210_EPKMIBEH_01656	SA20160210_EPKMIBEH_01659	42.688	253	130	4	1	244	1	247	3.59e-70	207
SA20160210_EPKMIBEH_01656	SA20160210_EPKMIBEH_01662	41.667	24	11	1	25	48	95	115	1.1	20.0
SA20160210_EPKMIBEH_01656	SA20160210_EPKMIBEH_01674	38.095	21	12	1	104	124	248	267	3.2	18.9
SA20160210_EPKMIBEH_01656	SA20160210_EPKMIBEH_01671	31.818	22	15	0	2	23	588	609	3.6	18.5
SA20160210_EPKMIBEH_01656	SA20160210_EPKMIBEH_01665	66.667	12	4	0	83	94	200	211	4.1	18.5
SA20160210_EPKMIBEH_01657	SA20160210_EPKMIBEH_01657	100.000	166	0	0	1	166	1	166	4.85e-125	340
SA20160210_EPKMIBEH_01657	SA20160210_EPKMIBEH_01660	40.741	162	95	1	1	161	1	162	5.19e-45	137
SA20160210_EPKMIBEH_01657	SA20160210_EPKMIBEH_01671	46.667	15	8	0	99	113	638	652	9.3	16.5
SA20160210_EPKMIBEH_01658	SA20160210_EPKMIBEH_01658	100.000	524	0	0	1	524	1	524	0.0	1073
SA20160210_EPKMIBEH_01658	SA20160210_EPKMIBEH_01667	25.843	89	57	4	396	475	245	333	0.14	24.3
SA20160210_EPKMIBEH_01658	SA20160210_EPKMIBEH_01669	31.250	16	11	0	278	293	3	18	2.0	19.2
SA20160210_EPKMIBEH_01658	SA20160210_EPKMIBEH_01666	34.211	38	20	2	274	307	261	297	2.4	20.4
SA20160210_EPKMIBEH_01658	SA20160210_EPKMIBEH_01660	23.256	86	56	4	242	327	83	158	3.0	19.6
SA20160210_EPKMIBEH_01658	SA20160210_EPKMIBEH_01659	26.471	34	25	0	351	384	6	39	4.6	19.2
SA20160210_EPKMIBEH_01659	SA20160210_EPKMIBEH_01659	100.000	247	0	0	1	247	1	247	0.0	512
SA20160210_EPKMIBEH_01659	SA20160210_EPKMIBEH_01656	42.688	253	130	4	1	247	1	244	3.63e-70	207
SA20160210_EPKMIBEH_01659	SA20160210_EPKMIBEH_01658	26.471	34	25	0	6	39	351	384	2.2	19.2
SA20160210_EPKMIBEH_01659	SA20160210_EPKMIBEH_01665	37.037	27	17	0	75	101	378	404	7.3	17.7
SA20160210_EPKMIBEH_01659	SA20160210_EPKMIBEH_01671	22.000	50	39	0	6	55	561	610	7.7	17.7
SA20160210_EPKMIBEH_01659	SA20160210_EPKMIBEH_01672	26.923	26	19	0	200	225	65	90	7.9	17.7
SA20160210_EPKMIBEH_01660	SA20160210_EPKMIBEH_01660	100.000	162	0	0	1	162	1	162	3.55e-124	337
SA20160210_EPKMIBEH_01660	SA20160210_EPKMIBEH_01657	41.463	164	91	2	1	162	1	161	1.36e-45	138
SA20160210_EPKMIBEH_01660	SA20160210_EPKMIBEH_01664	31.250	32	22	0	60	91	364	395	0.23	21.6
SA20160210_EPKMIBEH_01660	SA20160210_EPKMIBEH_01658	23.256	86	56	4	83	158	242	327	0.91	19.6
SA20160210_EPKMIBEH_01661	SA20160210_EPKMIBEH_01661	100.000	174	0	0	1	174	1	174	6.83e-132	357
SA20160210_EPKMIBEH_01661	SA20160210_EPKMIBEH_01671	26.415	53	29	1	78	130	233	275	0.21	21.9
SA20160210_EPKMIBEH_01661	SA20160210_EPKMIBEH_01674	21.277	47	33	2	66	108	136	182	1.4	19.2
SA20160210_EPKMIBEH_01661	SA20160210_EPKMIBEH_01656	42.105	19	11	0	1	19	132	150	1.7	18.9
SA20160210_EPKMIBEH_01661	SA20160210_EPKMIBEH_01675	25.000	28	21	0	40	67	37	64	2.2	18.5
SA20160210_EPKMIBEH_01661	SA20160210_EPKMIBEH_01659	30.303	33	21	1	11	41	95	127	4.4	17.7
SA20160210_EPKMIBEH_01661	SA20160210_EPKMIBEH_01664	29.091	55	30	2	11	56	255	309	4.7	17.7
SA20160210_EPKMIBEH_01661	SA20160210_EPKMIBEH_01665	37.500	24	15	0	144	167	217	240	5.0	17.7
SA20160210_EPKMIBEH_01661	SA20160210_EPKMIBEH_01672	23.881	67	47	2	13	75	83	149	9.6	16.9
SA20160210_EPKMIBEH_01662	SA20160210_EPKMIBEH_01662	100.000	175	0	0	1	175	1	175	4.62e-135	365
SA20160210_EPKMIBEH_01662	SA20160210_EPKMIBEH_01656	41.667	24	11	1	95	115	25	48	0.82	20.0
SA20160210_EPKMIBEH_01662	SA20160210_EPKMIBEH_01667	24.242	33	24	1	90	122	681	712	2.0	18.9
SA20160210_EPKMIBEH_01662	SA20160210_EPKMIBEH_01674	22.449	49	37	1	100	147	40	88	4.1	17.7
SA20160210_EPKMIBEH_01662	SA20160210_EPKMIBEH_01672	40.000	20	11	1	27	45	633	652	9.7	16.9
SA20160210_EPKMIBEH_01663	SA20160210_EPKMIBEH_01663	100.000	119	0	0	1	119	1	119	8.53e-89	244
SA20160210_EPKMIBEH_01663	SA20160210_EPKMIBEH_01666	38.889	18	11	0	48	65	197	214	1.1	18.9
SA20160210_EPKMIBEH_01663	SA20160210_EPKMIBEH_01658	45.455	11	6	0	81	91	447	457	4.3	17.3
SA20160210_EPKMIBEH_01663	SA20160210_EPKMIBEH_01655	39.130	23	13	1	42	64	119	140	6.4	16.5
SA20160210_EPKMIBEH_01663	SA20160210_EPKMIBEH_01672	31.111	45	23	2	53	89	909	953	8.9	16.2
SA20160210_EPKMIBEH_01664	SA20160210_EPKMIBEH_01664	100.000	485	0	0	1	485	1	485	0.0	971
SA20160210_EPKMIBEH_01664	SA20160210_EPKMIBEH_01660	31.250	32	22	0	364	395	60	91	0.73	21.6
SA20160210_EPKMIBEH_01664	SA20160210_EPKMIBEH_01674	35.484	31	18	1	111	139	192	222	5.5	19.2
SA20160210_EPKMIBEH_01664	SA20160210_EPKMIBEH_01671	40.000	30	18	0	74	103	446	475	6.0	18.9
SA20160210_EPKMIBEH_01664	SA20160210_EPKMIBEH_01665	35.294	17	11	0	172	188	912	928	8.5	18.5
SA20160210_EPKMIBEH_01665	SA20160210_EPKMIBEH_01665	100.000	1055	0	0	1	1055	1	1055	0.0	2120
SA20160210_EPKMIBEH_01665	SA20160210_EPKMIBEH_01667	48.485	33	17	0	462	494	131	163	0.13	25.8
SA20160210_EPKMIBEH_01665	SA20160210_EPKMIBEH_01674	33.333	24	16	0	803	826	162	185	0.48	23.9
SA20160210_EPKMIBEH_01666	SA20160210_EPKMIBEH_01666	100.000	408	0	0	1	408	1	408	0.0	815
SA20160210_EPKMIBEH_01666	SA20160210_EPKMIBEH_01671	37.209	43	19	1	173	215	526	560	0.49	22.3
SA20160210_EPKMIBEH_01666	SA20160210_EPKMIBEH_01658	34.211	38	20	2	261	297	274	307	2.6	20.0
SA20160210_EPKMIBEH_01666	SA20160210_EPKMIBEH_01663	38.889	18	11	0	197	214	48	65	3.6	18.9
SA20160210_EPKMIBEH_01666	SA20160210_EPKMIBEH_01667	31.915	47	24	1	326	372	243	281	9.7	18.1
SA20160210_EPKMIBEH_01667	SA20160210_EPKMIBEH_01667	100.000	762	0	0	1	762	1	762	0.0	1519
SA20160210_EPKMIBEH_01667	SA20160210_EPKMIBEH_01669	30.645	62	43	0	11	72	1	62	1.15e-05	34.7
SA20160210_EPKMIBEH_01667	SA20160210_EPKMIBEH_01665	48.485	33	17	0	131	163	462	494	0.098	25.8
SA20160210_EPKMIBEH_01667	SA20160210_EPKMIBEH_01658	25.843	89	57	4	245	333	396	475	0.23	24.3
SA20160210_EPKMIBEH_01667	SA20160210_EPKMIBEH_01670	45.000	20	11	0	90	109	274	293	0.68	22.7
SA20160210_EPKMIBEH_01667	SA20160210_EPKMIBEH_01674	25.676	74	43	3	224	297	208	269	3.0	20.8
SA20160210_EPKMIBEH_01667	SA20160210_EPKMIBEH_01672	33.333	21	14	0	60	80	516	536	8.7	19.2
SA20160210_EPKMIBEH_01667	SA20160210_EPKMIBEH_01662	24.242	33	24	1	681	712	90	122	8.8	18.9
SA20160210_EPKMIBEH_01668	SA20160210_EPKMIBEH_01668	100.000	154	0	0	1	154	1	154	2.79e-117	319
SA20160210_EPKMIBEH_01668	SA20160210_EPKMIBEH_01667	27.273	88	46	5	40	123	574	647	6.4	16.9
SA20160210_EPKMIBEH_01669	SA20160210_EPKMIBEH_01669	100.000	64	0	0	1	64	1	64	3.14e-46	132
SA20160210_EPKMIBEH_01669	SA20160210_EPKMIBEH_01667	30.645	62	43	0	1	62	11	72	9.66e-07	34.7
SA20160210_EPKMIBEH_01669	SA20160210_EPKMIBEH_01658	31.250	16	11	0	3	18	278	293	0.25	19.2
SA20160210_EPKMIBEH_01670	SA20160210_EPKMIBEH_01670	100.000	417	0	0	1	417	1	417	0.0	838
SA20160210_EPKMIBEH_01670	SA20160210_EPKMIBEH_01667	45.000	20	11	0	274	293	90	109	0.37	22.7
SA20160210_EPKMIBEH_01670	SA20160210_EPKMIBEH_01655	61.538	13	5	0	174	186	48	60	1.0	20.8
SA20160210_EPKMIBEH_01671	SA20160210_EPKMIBEH_01671	100.000	652	0	0	1	652	1	652	0.0	1353
SA20160210_EPKMIBEH_01671	SA20160210_EPKMIBEH_01661	26.415	53	29	1	233	275	78	130	0.71	21.9
SA20160210_EPKMIBEH_01671	SA20160210_EPKMIBEH_01666	46.667	30	14	1	531	560	188	215	0.80	22.3
SA20160210_EPKMIBEH_01671	SA20160210_EPKMIBEH_01655	38.462	39	18	2	243	275	109	147	4.1	19.6
SA20160210_EPKMIBEH_01671	SA20160210_EPKMIBEH_01672	57.143	14	6	0	183	196	644	657	6.6	19.2
SA20160210_EPKMIBEH_01671	SA20160210_EPKMIBEH_01664	40.000	30	18	0	446	475	74	103	8.1	18.9
SA20160210_EPKMIBEH_01671	SA20160210_EPKMIBEH_01656	31.818	22	15	0	588	609	2	23	9.7	18.5
SA20160210_EPKMIBEH_01671	SA20160210_EPKMIBEH_01665	42.105	19	11	0	532	550	670	688	9.7	18.9
SA20160210_EPKMIBEH_01672	SA20160210_EPKMIBEH_01672	100.000	990	0	0	1	990	1	990	0.0	2047
SA20160210_EPKMIBEH_01673	SA20160210_EPKMIBEH_01673	100.000	33	0	0	1	33	1	33	9.41e-22	68.9
SA20160210_EPKMIBEH_01673	SA20160210_EPKMIBEH_01671	66.667	6	2	0	4	9	493	498	4.2	14.6
SA20160210_EPKMIBEH_01673	SA20160210_EPKMIBEH_01665	54.545	11	5	0	16	26	93	103	6.7	14.2
SA20160210_EPKMIBEH_01674	SA20160210_EPKMIBEH_01674	100.000	467	0	0	1	467	1	467	0.0	947
SA20160210_EPKMIBEH_01674	SA20160210_EPKMIBEH_01665	33.333	24	16	0	162	185	803	826	0.21	23.9
SA20160210_EPKMIBEH_01674	SA20160210_EPKMIBEH_01667	35.714	42	23	2	430	467	48	89	0.67	21.9
SA20160210_EPKMIBEH_01674	SA20160210_EPKMIBEH_01661	21.277	47	33	2	136	182	66	108	4.7	18.9
SA20160210_EPKMIBEH_01674	SA20160210_EPKMIBEH_01664	35.484	31	18	1	192	222	111	139	5.3	19.2
SA20160210_EPKMIBEH_01674	SA20160210_EPKMIBEH_01656	38.095	21	12	1	248	267	104	124	6.2	18.9
SA20160210_EPKMIBEH_01674	SA20160210_EPKMIBEH_01675	37.500	16	10	0	343	358	247	262	6.7	18.9
SA20160210_EPKMIBEH_01675	SA20160210_EPKMIBEH_01675	100.000	336	0	0	1	336	1	336	0.0	667
SA20160210_EPKMIBEH_01675	SA20160210_EPKMIBEH_01674	37.500	16	10	0	247	262	343	358	4.0	18.9
SA20160210_EPKMIBEH_01675	SA20160210_EPKMIBEH_01661	25.000	28	21	0	37	64	40	67	5.2	18.5
SA20160210_EPKMIBEH_01675	SA20160210_EPKMIBEH_01667	36.667	30	17	1	112	139	282	311	6.1	18.5
SA20160210_EPKMIBEH_01675	SA20160210_EPKMIBEH_01666	60.000	10	4	0	113	122	27	36	9.8	17.7
