SA20153983_GBAKOBEN_02592	SA20160197_BPNLNKPL_02152	99.405	336	2	0	1	336	1	336	0.0	664
SA20153983_GBAKOBEN_02592	SA20160197_BPNLNKPL_02153	37.500	16	10	0	247	262	343	358	4.0	18.9
SA20153983_GBAKOBEN_02592	SA20160197_BPNLNKPL_02166	25.000	28	21	0	37	64	40	67	5.3	18.5
SA20153983_GBAKOBEN_02592	SA20160197_BPNLNKPL_02160	36.667	30	17	1	112	139	282	311	6.4	18.5
SA20153983_GBAKOBEN_02592	SA20160197_BPNLNKPL_02161	60.000	10	4	0	113	122	27	36	9.5	17.7
SA20153983_GBAKOBEN_02593	SA20160197_BPNLNKPL_02153	100.000	467	0	0	1	467	1	467	0.0	947
SA20153983_GBAKOBEN_02593	SA20160197_BPNLNKPL_02162	33.333	24	16	0	162	185	803	826	0.21	23.9
SA20153983_GBAKOBEN_02593	SA20160197_BPNLNKPL_02160	35.714	42	23	2	430	467	48	89	0.67	21.9
SA20153983_GBAKOBEN_02593	SA20160197_BPNLNKPL_02166	21.277	47	33	2	136	182	66	108	4.7	18.9
SA20153983_GBAKOBEN_02593	SA20160197_BPNLNKPL_02163	35.484	31	18	1	192	222	111	139	5.2	19.2
SA20153983_GBAKOBEN_02593	SA20160197_BPNLNKPL_02171	38.095	21	12	1	248	267	104	124	6.2	18.9
SA20153983_GBAKOBEN_02593	SA20160197_BPNLNKPL_02152	37.500	16	10	0	343	358	247	262	6.7	18.9
SA20153983_GBAKOBEN_02594	SA20160197_BPNLNKPL_02154	100.000	33	0	0	1	33	1	33	9.41e-22	68.9
SA20153983_GBAKOBEN_02594	SA20160197_BPNLNKPL_02156	66.667	6	2	0	4	9	493	498	4.2	14.6
SA20153983_GBAKOBEN_02594	SA20160197_BPNLNKPL_02162	54.545	11	5	0	16	26	93	103	6.7	14.2
SA20153983_GBAKOBEN_02595	SA20160197_BPNLNKPL_02155	99.394	990	6	0	1	990	1	990	0.0	2034
SA20153983_GBAKOBEN_02595	SA20160197_BPNLNKPL_02156	57.143	14	6	0	644	657	183	196	9.9	19.2
SA20153983_GBAKOBEN_02596	SA20160197_BPNLNKPL_02156	99.233	652	5	0	1	652	1	652	0.0	1339
SA20153983_GBAKOBEN_02596	SA20160197_BPNLNKPL_02166	26.415	53	29	1	233	275	78	130	0.68	21.9
SA20153983_GBAKOBEN_02596	SA20160197_BPNLNKPL_02161	46.667	30	14	1	531	560	188	215	0.76	22.3
SA20153983_GBAKOBEN_02596	SA20160197_BPNLNKPL_02172	38.462	39	18	2	243	275	109	147	4.2	19.6
SA20153983_GBAKOBEN_02596	SA20160197_BPNLNKPL_02168	24.000	50	38	0	561	610	6	55	6.3	19.2
SA20153983_GBAKOBEN_02596	SA20160197_BPNLNKPL_02155	57.143	14	6	0	183	196	644	657	6.7	19.2
SA20153983_GBAKOBEN_02596	SA20160197_BPNLNKPL_02163	40.000	30	18	0	446	475	74	103	8.4	18.9
SA20153983_GBAKOBEN_02597	SA20160197_BPNLNKPL_02157	99.520	417	2	0	1	417	1	417	0.0	833
SA20153983_GBAKOBEN_02597	SA20160197_BPNLNKPL_02160	45.000	20	11	0	274	293	90	109	0.37	22.7
SA20153983_GBAKOBEN_02597	SA20160197_BPNLNKPL_02172	61.538	13	5	0	174	186	48	60	1.0	20.8
SA20153983_GBAKOBEN_02598	SA20160197_BPNLNKPL_02158	100.000	64	0	0	1	64	1	64	3.14e-46	132
SA20153983_GBAKOBEN_02598	SA20160197_BPNLNKPL_02160	30.645	62	43	0	1	62	11	72	9.66e-07	34.7
SA20153983_GBAKOBEN_02598	SA20160197_BPNLNKPL_02169	31.250	16	11	0	3	18	278	293	0.25	19.2
SA20153983_GBAKOBEN_02599	SA20160197_BPNLNKPL_02159	100.000	154	0	0	1	154	1	154	2.79e-117	319
SA20153983_GBAKOBEN_02599	SA20160197_BPNLNKPL_02160	27.273	88	46	5	40	123	574	647	6.4	16.9
SA20153983_GBAKOBEN_02600	SA20160197_BPNLNKPL_02160	99.475	762	4	0	1	762	1	762	0.0	1511
SA20153983_GBAKOBEN_02600	SA20160197_BPNLNKPL_02158	30.645	62	43	0	11	72	1	62	1.11e-05	34.7
SA20153983_GBAKOBEN_02600	SA20160197_BPNLNKPL_02162	48.485	33	17	0	131	163	462	494	0.098	25.8
SA20153983_GBAKOBEN_02600	SA20160197_BPNLNKPL_02169	24.691	81	53	3	253	333	403	475	0.42	23.5
SA20153983_GBAKOBEN_02600	SA20160197_BPNLNKPL_02157	45.000	20	11	0	90	109	274	293	0.73	22.7
SA20153983_GBAKOBEN_02600	SA20160197_BPNLNKPL_02153	38.095	42	22	2	48	89	430	467	0.73	22.7
SA20153983_GBAKOBEN_02600	SA20160197_BPNLNKPL_02161	34.091	44	18	2	246	281	332	372	3.9	20.4
SA20153983_GBAKOBEN_02600	SA20160197_BPNLNKPL_02155	38.095	21	13	0	60	80	516	536	6.0	19.6
SA20153983_GBAKOBEN_02600	SA20160197_BPNLNKPL_02165	24.242	33	24	1	681	712	90	122	8.8	18.9
SA20153983_GBAKOBEN_02601	SA20160197_BPNLNKPL_02161	97.794	408	9	0	1	408	1	408	0.0	798
SA20153983_GBAKOBEN_02601	SA20160197_BPNLNKPL_02156	37.209	43	19	1	173	215	526	560	0.48	22.3
SA20153983_GBAKOBEN_02601	SA20160197_BPNLNKPL_02168	25.581	43	24	2	268	308	203	239	2.3	20.0
SA20153983_GBAKOBEN_02601	SA20160197_BPNLNKPL_02164	38.889	18	11	0	197	214	48	65	3.6	18.9
SA20153983_GBAKOBEN_02601	SA20160197_BPNLNKPL_02160	31.915	47	24	1	326	372	243	281	8.8	18.1
SA20153983_GBAKOBEN_02601	SA20160197_BPNLNKPL_02152	60.000	10	4	0	27	36	113	122	9.2	18.1
SA20153983_GBAKOBEN_02602	SA20160197_BPNLNKPL_02162	99.810	1055	2	0	1	1055	1	1055	0.0	2117
SA20153983_GBAKOBEN_02602	SA20160197_BPNLNKPL_02160	48.485	33	17	0	462	494	131	163	0.13	25.8
SA20153983_GBAKOBEN_02602	SA20160197_BPNLNKPL_02153	33.333	24	16	0	803	826	162	185	0.49	23.9
SA20153983_GBAKOBEN_02603	SA20160197_BPNLNKPL_02163	99.175	485	4	0	1	485	1	485	0.0	963
SA20153983_GBAKOBEN_02603	SA20160197_BPNLNKPL_02167	31.250	32	22	0	364	395	60	91	0.73	21.6
SA20153983_GBAKOBEN_02603	SA20160197_BPNLNKPL_02153	35.484	31	18	1	111	139	192	222	5.2	19.2
SA20153983_GBAKOBEN_02603	SA20160197_BPNLNKPL_02156	40.000	30	18	0	74	103	446	475	6.1	18.9
SA20153983_GBAKOBEN_02603	SA20160197_BPNLNKPL_02162	35.294	17	11	0	172	188	912	928	8.5	18.5
SA20153983_GBAKOBEN_02604	SA20160197_BPNLNKPL_02164	99.160	119	1	0	1	119	1	119	3.01e-88	243
SA20153983_GBAKOBEN_02604	SA20160197_BPNLNKPL_02161	38.889	18	11	0	48	65	197	214	1.1	18.9
SA20153983_GBAKOBEN_02604	SA20160197_BPNLNKPL_02169	45.455	11	6	0	81	91	447	457	4.3	17.3
SA20153983_GBAKOBEN_02604	SA20160197_BPNLNKPL_02172	39.130	23	13	1	42	64	119	140	6.3	16.5
SA20153983_GBAKOBEN_02604	SA20160197_BPNLNKPL_02155	31.111	45	23	2	53	89	909	953	8.9	16.2
SA20153983_GBAKOBEN_02604	SA20160197_BPNLNKPL_02156	42.105	19	11	0	4	22	414	432	9.6	16.2
SA20153983_GBAKOBEN_02605	SA20160197_BPNLNKPL_02165	100.000	175	0	0	1	175	1	175	4.62e-135	365
SA20153983_GBAKOBEN_02605	SA20160197_BPNLNKPL_02171	41.667	24	11	1	95	115	25	48	0.82	20.0
SA20153983_GBAKOBEN_02605	SA20160197_BPNLNKPL_02160	24.242	33	24	1	90	122	681	712	2.0	18.9
SA20153983_GBAKOBEN_02605	SA20160197_BPNLNKPL_02153	22.449	49	37	1	100	147	40	88	4.1	17.7
SA20153983_GBAKOBEN_02605	SA20160197_BPNLNKPL_02155	40.000	20	11	1	27	45	633	652	9.7	16.9
SA20153983_GBAKOBEN_02606	SA20160197_BPNLNKPL_02166	100.000	174	0	0	1	174	1	174	6.83e-132	357
SA20153983_GBAKOBEN_02606	SA20160197_BPNLNKPL_02156	26.415	53	29	1	78	130	233	275	0.21	21.9
SA20153983_GBAKOBEN_02606	SA20160197_BPNLNKPL_02153	21.277	47	33	2	66	108	136	182	1.4	19.2
SA20153983_GBAKOBEN_02606	SA20160197_BPNLNKPL_02171	42.105	19	11	0	1	19	132	150	1.7	18.9
SA20153983_GBAKOBEN_02606	SA20160197_BPNLNKPL_02152	25.000	28	21	0	40	67	37	64	2.2	18.5
SA20153983_GBAKOBEN_02606	SA20160197_BPNLNKPL_02168	30.303	33	21	1	11	41	95	127	4.4	17.7
SA20153983_GBAKOBEN_02606	SA20160197_BPNLNKPL_02162	37.500	24	15	0	144	167	217	240	5.0	17.7
SA20153983_GBAKOBEN_02606	SA20160197_BPNLNKPL_02155	23.881	67	47	2	13	75	83	149	9.6	16.9
SA20153983_GBAKOBEN_02607	SA20160197_BPNLNKPL_02167	99.383	162	1	0	1	162	1	162	1.53e-123	335
SA20153983_GBAKOBEN_02607	SA20160197_BPNLNKPL_02170	42.073	164	90	2	1	162	1	161	3.33e-46	140
SA20153983_GBAKOBEN_02607	SA20160197_BPNLNKPL_02163	31.250	32	22	0	60	91	364	395	0.23	21.6
SA20153983_GBAKOBEN_02607	SA20160197_BPNLNKPL_02169	23.256	86	56	4	83	158	242	327	0.99	19.6
SA20153983_GBAKOBEN_02607	SA20160197_BPNLNKPL_02153	30.000	30	19	1	3	32	19	46	4.6	17.7
SA20153983_GBAKOBEN_02608	SA20160197_BPNLNKPL_02168	98.381	247	4	0	1	247	1	247	0.0	504
SA20153983_GBAKOBEN_02608	SA20160197_BPNLNKPL_02171	43.411	258	121	6	1	247	1	244	1.70e-69	205
SA20153983_GBAKOBEN_02608	SA20160197_BPNLNKPL_02169	26.471	34	25	0	6	39	351	384	2.4	19.2
SA20153983_GBAKOBEN_02608	SA20160197_BPNLNKPL_02156	22.000	50	39	0	6	55	561	610	5.1	18.1
SA20153983_GBAKOBEN_02608	SA20160197_BPNLNKPL_02162	37.037	27	17	0	75	101	378	404	7.3	17.7
SA20153983_GBAKOBEN_02608	SA20160197_BPNLNKPL_02155	26.923	26	19	0	200	225	65	90	7.4	17.7
SA20153983_GBAKOBEN_02608	SA20160197_BPNLNKPL_02167	50.000	18	9	0	116	133	101	118	9.3	16.9
SA20153983_GBAKOBEN_02609	SA20160197_BPNLNKPL_02169	98.664	524	7	0	1	524	1	524	0.0	1061
SA20153983_GBAKOBEN_02609	SA20160197_BPNLNKPL_02160	25.843	89	57	4	396	475	245	333	0.15	24.3
SA20153983_GBAKOBEN_02609	SA20160197_BPNLNKPL_02161	34.211	38	20	2	274	307	261	297	1.7	20.8
SA20153983_GBAKOBEN_02609	SA20160197_BPNLNKPL_02168	26.471	34	25	0	351	384	6	39	4.1	19.6
SA20153983_GBAKOBEN_02609	SA20160197_BPNLNKPL_02167	23.256	86	56	4	242	327	83	158	6.1	18.9
SA20153983_GBAKOBEN_02610	SA20160197_BPNLNKPL_02170	100.000	166	0	0	1	166	1	166	4.85e-125	340
SA20153983_GBAKOBEN_02610	SA20160197_BPNLNKPL_02167	40.741	162	95	1	1	161	1	162	5.19e-45	137
SA20153983_GBAKOBEN_02610	SA20160197_BPNLNKPL_02156	46.667	15	8	0	99	113	638	652	9.3	16.5
SA20153983_GBAKOBEN_02611	SA20160197_BPNLNKPL_02171	97.951	244	5	0	1	244	1	244	0.0	491
SA20153983_GBAKOBEN_02611	SA20160197_BPNLNKPL_02168	43.191	257	123	5	1	244	1	247	1.27e-69	206
SA20153983_GBAKOBEN_02611	SA20160197_BPNLNKPL_02165	41.667	24	11	1	25	48	95	115	1.3	19.6
SA20153983_GBAKOBEN_02611	SA20160197_BPNLNKPL_02156	31.818	22	15	0	2	23	588	609	3.5	18.9
SA20153983_GBAKOBEN_02612	SA20160197_BPNLNKPL_02172	100.000	178	0	0	1	178	1	178	4.75e-131	356
SA20153983_GBAKOBEN_02612	SA20160197_BPNLNKPL_02157	61.538	13	5	0	48	60	174	186	0.44	20.8
SA20153983_GBAKOBEN_02612	SA20160197_BPNLNKPL_02156	38.462	39	18	2	109	147	243	275	1.1	19.6
SA20153983_GBAKOBEN_02612	SA20160197_BPNLNKPL_02163	36.842	19	12	0	64	82	9	27	9.1	16.9
SA20160197_BPNLNKPL_02152	SA20160197_BPNLNKPL_02152	100.000	336	0	0	1	336	1	336	0.0	667
SA20160197_BPNLNKPL_02152	SA20160197_BPNLNKPL_02153	37.500	16	10	0	247	262	343	358	4.0	18.9
SA20160197_BPNLNKPL_02152	SA20160197_BPNLNKPL_02166	25.000	28	21	0	37	64	40	67	5.2	18.5
SA20160197_BPNLNKPL_02152	SA20160197_BPNLNKPL_02160	36.667	30	17	1	112	139	282	311	6.1	18.5
SA20160197_BPNLNKPL_02152	SA20160197_BPNLNKPL_02161	60.000	10	4	0	113	122	27	36	9.8	17.7
SA20160197_BPNLNKPL_02153	SA20160197_BPNLNKPL_02153	100.000	467	0	0	1	467	1	467	0.0	947
SA20160197_BPNLNKPL_02153	SA20160197_BPNLNKPL_02162	33.333	24	16	0	162	185	803	826	0.21	23.9
SA20160197_BPNLNKPL_02153	SA20160197_BPNLNKPL_02160	35.714	42	23	2	430	467	48	89	0.67	21.9
SA20160197_BPNLNKPL_02153	SA20160197_BPNLNKPL_02166	21.277	47	33	2	136	182	66	108	4.7	18.9
SA20160197_BPNLNKPL_02153	SA20160197_BPNLNKPL_02163	35.484	31	18	1	192	222	111	139	5.2	19.2
SA20160197_BPNLNKPL_02153	SA20160197_BPNLNKPL_02171	38.095	21	12	1	248	267	104	124	6.2	18.9
SA20160197_BPNLNKPL_02153	SA20160197_BPNLNKPL_02152	37.500	16	10	0	343	358	247	262	6.7	18.9
SA20160197_BPNLNKPL_02154	SA20160197_BPNLNKPL_02154	100.000	33	0	0	1	33	1	33	9.41e-22	68.9
SA20160197_BPNLNKPL_02154	SA20160197_BPNLNKPL_02156	66.667	6	2	0	4	9	493	498	4.2	14.6
SA20160197_BPNLNKPL_02154	SA20160197_BPNLNKPL_02162	54.545	11	5	0	16	26	93	103	6.7	14.2
SA20160197_BPNLNKPL_02155	SA20160197_BPNLNKPL_02155	100.000	990	0	0	1	990	1	990	0.0	2047
SA20160197_BPNLNKPL_02156	SA20160197_BPNLNKPL_02156	100.000	652	0	0	1	652	1	652	0.0	1353
SA20160197_BPNLNKPL_02156	SA20160197_BPNLNKPL_02166	26.415	53	29	1	233	275	78	130	0.71	21.9
SA20160197_BPNLNKPL_02156	SA20160197_BPNLNKPL_02161	46.667	30	14	1	531	560	188	215	0.80	22.3
SA20160197_BPNLNKPL_02156	SA20160197_BPNLNKPL_02172	38.462	39	18	2	243	275	109	147	4.1	19.6
SA20160197_BPNLNKPL_02156	SA20160197_BPNLNKPL_02155	57.143	14	6	0	183	196	644	657	6.6	19.2
SA20160197_BPNLNKPL_02156	SA20160197_BPNLNKPL_02163	40.000	30	18	0	446	475	74	103	8.1	18.9
SA20160197_BPNLNKPL_02156	SA20160197_BPNLNKPL_02171	31.818	22	15	0	588	609	2	23	9.7	18.5
SA20160197_BPNLNKPL_02156	SA20160197_BPNLNKPL_02162	42.105	19	11	0	532	550	670	688	9.7	18.9
SA20160197_BPNLNKPL_02157	SA20160197_BPNLNKPL_02157	100.000	417	0	0	1	417	1	417	0.0	838
SA20160197_BPNLNKPL_02157	SA20160197_BPNLNKPL_02160	45.000	20	11	0	274	293	90	109	0.37	22.7
SA20160197_BPNLNKPL_02157	SA20160197_BPNLNKPL_02172	61.538	13	5	0	174	186	48	60	1.0	20.8
SA20160197_BPNLNKPL_02158	SA20160197_BPNLNKPL_02158	100.000	64	0	0	1	64	1	64	3.14e-46	132
SA20160197_BPNLNKPL_02158	SA20160197_BPNLNKPL_02160	30.645	62	43	0	1	62	11	72	9.66e-07	34.7
SA20160197_BPNLNKPL_02158	SA20160197_BPNLNKPL_02169	31.250	16	11	0	3	18	278	293	0.25	19.2
SA20160197_BPNLNKPL_02159	SA20160197_BPNLNKPL_02159	100.000	154	0	0	1	154	1	154	2.79e-117	319
SA20160197_BPNLNKPL_02159	SA20160197_BPNLNKPL_02160	27.273	88	46	5	40	123	574	647	6.4	16.9
SA20160197_BPNLNKPL_02160	SA20160197_BPNLNKPL_02160	100.000	762	0	0	1	762	1	762	0.0	1519
SA20160197_BPNLNKPL_02160	SA20160197_BPNLNKPL_02158	30.645	62	43	0	11	72	1	62	1.15e-05	34.7
SA20160197_BPNLNKPL_02160	SA20160197_BPNLNKPL_02162	48.485	33	17	0	131	163	462	494	0.098	25.8
SA20160197_BPNLNKPL_02160	SA20160197_BPNLNKPL_02169	25.843	89	57	4	245	333	396	475	0.23	24.3
SA20160197_BPNLNKPL_02160	SA20160197_BPNLNKPL_02157	45.000	20	11	0	90	109	274	293	0.68	22.7
SA20160197_BPNLNKPL_02160	SA20160197_BPNLNKPL_02153	25.676	74	43	3	224	297	208	269	3.0	20.8
SA20160197_BPNLNKPL_02160	SA20160197_BPNLNKPL_02155	33.333	21	14	0	60	80	516	536	8.7	19.2
SA20160197_BPNLNKPL_02160	SA20160197_BPNLNKPL_02165	24.242	33	24	1	681	712	90	122	8.8	18.9
SA20160197_BPNLNKPL_02161	SA20160197_BPNLNKPL_02161	100.000	408	0	0	1	408	1	408	0.0	815
SA20160197_BPNLNKPL_02161	SA20160197_BPNLNKPL_02156	37.209	43	19	1	173	215	526	560	0.49	22.3
SA20160197_BPNLNKPL_02161	SA20160197_BPNLNKPL_02169	34.211	38	20	2	261	297	274	307	2.6	20.0
SA20160197_BPNLNKPL_02161	SA20160197_BPNLNKPL_02164	38.889	18	11	0	197	214	48	65	3.6	18.9
SA20160197_BPNLNKPL_02161	SA20160197_BPNLNKPL_02160	31.915	47	24	1	326	372	243	281	9.7	18.1
SA20160197_BPNLNKPL_02162	SA20160197_BPNLNKPL_02162	100.000	1055	0	0	1	1055	1	1055	0.0	2120
SA20160197_BPNLNKPL_02162	SA20160197_BPNLNKPL_02160	48.485	33	17	0	462	494	131	163	0.13	25.8
SA20160197_BPNLNKPL_02162	SA20160197_BPNLNKPL_02153	33.333	24	16	0	803	826	162	185	0.48	23.9
SA20160197_BPNLNKPL_02163	SA20160197_BPNLNKPL_02163	100.000	485	0	0	1	485	1	485	0.0	972
SA20160197_BPNLNKPL_02163	SA20160197_BPNLNKPL_02167	31.250	32	22	0	364	395	60	91	0.72	21.6
SA20160197_BPNLNKPL_02163	SA20160197_BPNLNKPL_02153	35.484	31	18	1	111	139	192	222	5.4	19.2
SA20160197_BPNLNKPL_02163	SA20160197_BPNLNKPL_02156	40.000	30	18	0	74	103	446	475	6.1	18.9
SA20160197_BPNLNKPL_02163	SA20160197_BPNLNKPL_02162	35.294	17	11	0	172	188	912	928	8.7	18.5
SA20160197_BPNLNKPL_02164	SA20160197_BPNLNKPL_02164	100.000	119	0	0	1	119	1	119	8.53e-89	244
SA20160197_BPNLNKPL_02164	SA20160197_BPNLNKPL_02161	38.889	18	11	0	48	65	197	214	1.1	18.9
SA20160197_BPNLNKPL_02164	SA20160197_BPNLNKPL_02169	45.455	11	6	0	81	91	447	457	4.3	17.3
SA20160197_BPNLNKPL_02164	SA20160197_BPNLNKPL_02172	39.130	23	13	1	42	64	119	140	6.4	16.5
SA20160197_BPNLNKPL_02164	SA20160197_BPNLNKPL_02155	31.111	45	23	2	53	89	909	953	8.9	16.2
SA20160197_BPNLNKPL_02165	SA20160197_BPNLNKPL_02165	100.000	175	0	0	1	175	1	175	4.62e-135	365
SA20160197_BPNLNKPL_02165	SA20160197_BPNLNKPL_02171	41.667	24	11	1	95	115	25	48	0.82	20.0
SA20160197_BPNLNKPL_02165	SA20160197_BPNLNKPL_02160	24.242	33	24	1	90	122	681	712	2.0	18.9
SA20160197_BPNLNKPL_02165	SA20160197_BPNLNKPL_02153	22.449	49	37	1	100	147	40	88	4.1	17.7
SA20160197_BPNLNKPL_02165	SA20160197_BPNLNKPL_02155	40.000	20	11	1	27	45	633	652	9.7	16.9
SA20160197_BPNLNKPL_02166	SA20160197_BPNLNKPL_02166	100.000	174	0	0	1	174	1	174	6.83e-132	357
SA20160197_BPNLNKPL_02166	SA20160197_BPNLNKPL_02156	26.415	53	29	1	78	130	233	275	0.21	21.9
SA20160197_BPNLNKPL_02166	SA20160197_BPNLNKPL_02153	21.277	47	33	2	66	108	136	182	1.4	19.2
SA20160197_BPNLNKPL_02166	SA20160197_BPNLNKPL_02171	42.105	19	11	0	1	19	132	150	1.7	18.9
SA20160197_BPNLNKPL_02166	SA20160197_BPNLNKPL_02152	25.000	28	21	0	40	67	37	64	2.2	18.5
SA20160197_BPNLNKPL_02166	SA20160197_BPNLNKPL_02168	30.303	33	21	1	11	41	95	127	4.4	17.7
SA20160197_BPNLNKPL_02166	SA20160197_BPNLNKPL_02162	37.500	24	15	0	144	167	217	240	5.0	17.7
SA20160197_BPNLNKPL_02166	SA20160197_BPNLNKPL_02155	23.881	67	47	2	13	75	83	149	9.6	16.9
SA20160197_BPNLNKPL_02167	SA20160197_BPNLNKPL_02167	100.000	162	0	0	1	162	1	162	3.55e-124	337
SA20160197_BPNLNKPL_02167	SA20160197_BPNLNKPL_02170	41.463	164	91	2	1	162	1	161	1.36e-45	138
SA20160197_BPNLNKPL_02167	SA20160197_BPNLNKPL_02163	31.250	32	22	0	60	91	364	395	0.23	21.6
SA20160197_BPNLNKPL_02167	SA20160197_BPNLNKPL_02169	23.256	86	56	4	83	158	242	327	0.91	19.6
SA20160197_BPNLNKPL_02168	SA20160197_BPNLNKPL_02168	100.000	247	0	0	1	247	1	247	0.0	512
SA20160197_BPNLNKPL_02168	SA20160197_BPNLNKPL_02171	42.688	253	130	4	1	247	1	244	3.63e-70	207
SA20160197_BPNLNKPL_02168	SA20160197_BPNLNKPL_02169	26.471	34	25	0	6	39	351	384	2.2	19.2
SA20160197_BPNLNKPL_02168	SA20160197_BPNLNKPL_02162	37.037	27	17	0	75	101	378	404	7.3	17.7
SA20160197_BPNLNKPL_02168	SA20160197_BPNLNKPL_02156	22.000	50	39	0	6	55	561	610	7.7	17.7
SA20160197_BPNLNKPL_02168	SA20160197_BPNLNKPL_02155	26.923	26	19	0	200	225	65	90	7.9	17.7
SA20160197_BPNLNKPL_02169	SA20160197_BPNLNKPL_02169	100.000	524	0	0	1	524	1	524	0.0	1073
SA20160197_BPNLNKPL_02169	SA20160197_BPNLNKPL_02160	25.843	89	57	4	396	475	245	333	0.14	24.3
SA20160197_BPNLNKPL_02169	SA20160197_BPNLNKPL_02158	31.250	16	11	0	278	293	3	18	2.0	19.2
SA20160197_BPNLNKPL_02169	SA20160197_BPNLNKPL_02161	34.211	38	20	2	274	307	261	297	2.4	20.4
SA20160197_BPNLNKPL_02169	SA20160197_BPNLNKPL_02167	23.256	86	56	4	242	327	83	158	3.0	19.6
SA20160197_BPNLNKPL_02169	SA20160197_BPNLNKPL_02168	26.471	34	25	0	351	384	6	39	4.6	19.2
SA20160197_BPNLNKPL_02170	SA20160197_BPNLNKPL_02170	100.000	166	0	0	1	166	1	166	4.85e-125	340
SA20160197_BPNLNKPL_02170	SA20160197_BPNLNKPL_02167	40.741	162	95	1	1	161	1	162	5.19e-45	137
SA20160197_BPNLNKPL_02170	SA20160197_BPNLNKPL_02156	46.667	15	8	0	99	113	638	652	9.3	16.5
SA20160197_BPNLNKPL_02171	SA20160197_BPNLNKPL_02171	100.000	244	0	0	1	244	1	244	0.0	504
SA20160197_BPNLNKPL_02171	SA20160197_BPNLNKPL_02168	42.688	253	130	4	1	244	1	247	3.59e-70	207
SA20160197_BPNLNKPL_02171	SA20160197_BPNLNKPL_02165	41.667	24	11	1	25	48	95	115	1.1	20.0
SA20160197_BPNLNKPL_02171	SA20160197_BPNLNKPL_02153	38.095	21	12	1	104	124	248	267	3.2	18.9
SA20160197_BPNLNKPL_02171	SA20160197_BPNLNKPL_02156	31.818	22	15	0	2	23	588	609	3.6	18.5
SA20160197_BPNLNKPL_02171	SA20160197_BPNLNKPL_02162	66.667	12	4	0	83	94	200	211	4.1	18.5
SA20160197_BPNLNKPL_02172	SA20160197_BPNLNKPL_02172	100.000	178	0	0	1	178	1	178	4.75e-131	356
SA20160197_BPNLNKPL_02172	SA20160197_BPNLNKPL_02157	61.538	13	5	0	48	60	174	186	0.44	20.8
SA20160197_BPNLNKPL_02172	SA20160197_BPNLNKPL_02156	38.462	39	18	2	109	147	243	275	1.1	19.6
SA20160197_BPNLNKPL_02172	SA20160197_BPNLNKPL_02163	36.842	19	12	0	64	82	9	27	9.1	16.9
SA20153983_GBAKOBEN_02592	SA20153983_GBAKOBEN_02592	100.000	336	0	0	1	336	1	336	0.0	667
SA20153983_GBAKOBEN_02592	SA20153983_GBAKOBEN_02593	37.500	16	10	0	247	262	343	358	4.0	18.9
SA20153983_GBAKOBEN_02592	SA20153983_GBAKOBEN_02606	25.000	28	21	0	37	64	40	67	5.3	18.5
SA20153983_GBAKOBEN_02592	SA20153983_GBAKOBEN_02600	36.667	30	17	1	112	139	282	311	6.0	18.5
SA20153983_GBAKOBEN_02592	SA20153983_GBAKOBEN_02601	60.000	10	4	0	113	122	27	36	7.3	18.1
SA20153983_GBAKOBEN_02593	SA20153983_GBAKOBEN_02593	100.000	467	0	0	1	467	1	467	0.0	947
SA20153983_GBAKOBEN_02593	SA20153983_GBAKOBEN_02602	33.333	24	16	0	162	185	803	826	0.21	23.9
SA20153983_GBAKOBEN_02593	SA20153983_GBAKOBEN_02600	38.095	42	22	2	430	467	48	89	0.45	22.7
SA20153983_GBAKOBEN_02593	SA20153983_GBAKOBEN_02606	21.277	47	33	2	136	182	66	108	4.7	18.9
SA20153983_GBAKOBEN_02593	SA20153983_GBAKOBEN_02603	35.484	31	18	1	192	222	111	139	5.0	19.2
SA20153983_GBAKOBEN_02593	SA20153983_GBAKOBEN_02592	37.500	16	10	0	343	358	247	262	6.7	18.9
SA20153983_GBAKOBEN_02594	SA20153983_GBAKOBEN_02594	100.000	33	0	0	1	33	1	33	9.42e-22	68.9
SA20153983_GBAKOBEN_02594	SA20153983_GBAKOBEN_02596	57.143	7	3	0	4	10	493	499	2.5	15.0
SA20153983_GBAKOBEN_02594	SA20153983_GBAKOBEN_02602	54.545	11	5	0	16	26	93	103	6.8	14.2
SA20153983_GBAKOBEN_02595	SA20153983_GBAKOBEN_02595	100.000	990	0	0	1	990	1	990	0.0	2048
SA20153983_GBAKOBEN_02595	SA20153983_GBAKOBEN_02600	38.095	21	13	0	516	536	60	80	7.5	19.6
SA20153983_GBAKOBEN_02596	SA20153983_GBAKOBEN_02596	100.000	652	0	0	1	652	1	652	0.0	1350
SA20153983_GBAKOBEN_02596	SA20153983_GBAKOBEN_02606	26.415	53	29	1	233	275	78	130	0.68	21.9
SA20153983_GBAKOBEN_02596	SA20153983_GBAKOBEN_02601	46.667	30	14	1	531	560	188	215	0.73	22.3
SA20153983_GBAKOBEN_02596	SA20153983_GBAKOBEN_02608	24.000	50	38	0	561	610	6	55	3.5	20.0
SA20153983_GBAKOBEN_02596	SA20153983_GBAKOBEN_02612	38.462	39	18	2	243	275	109	147	4.2	19.6
SA20153983_GBAKOBEN_02596	SA20153983_GBAKOBEN_02602	23.684	114	78	4	1	108	796	906	6.3	19.6
SA20153983_GBAKOBEN_02596	SA20153983_GBAKOBEN_02595	57.143	14	6	0	183	196	644	657	6.7	19.2
SA20153983_GBAKOBEN_02596	SA20153983_GBAKOBEN_02603	40.000	30	18	0	446	475	74	103	8.8	18.9
SA20153983_GBAKOBEN_02597	SA20153983_GBAKOBEN_02597	100.000	417	0	0	1	417	1	417	0.0	837
SA20153983_GBAKOBEN_02597	SA20153983_GBAKOBEN_02600	45.000	20	11	0	274	293	90	109	0.38	22.7
SA20153983_GBAKOBEN_02597	SA20153983_GBAKOBEN_02612	61.538	13	5	0	174	186	48	60	1.0	20.8
SA20153983_GBAKOBEN_02598	SA20153983_GBAKOBEN_02598	100.000	64	0	0	1	64	1	64	3.14e-46	132
SA20153983_GBAKOBEN_02598	SA20153983_GBAKOBEN_02600	30.645	62	43	0	1	62	11	72	9.29e-07	34.7
SA20153983_GBAKOBEN_02598	SA20153983_GBAKOBEN_02609	50.000	10	5	0	5	14	405	414	9.0	15.0
SA20153983_GBAKOBEN_02599	SA20153983_GBAKOBEN_02599	100.000	154	0	0	1	154	1	154	2.79e-117	319
SA20153983_GBAKOBEN_02599	SA20153983_GBAKOBEN_02600	27.273	88	46	5	40	123	574	647	7.2	16.9
SA20153983_GBAKOBEN_02600	SA20153983_GBAKOBEN_02600	100.000	767	0	0	1	767	1	767	0.0	1530
SA20153983_GBAKOBEN_02600	SA20153983_GBAKOBEN_02598	30.645	62	43	0	11	72	1	62	1.11e-05	34.7
SA20153983_GBAKOBEN_02600	SA20153983_GBAKOBEN_02602	48.485	33	17	0	131	163	462	494	0.099	25.4
SA20153983_GBAKOBEN_02600	SA20153983_GBAKOBEN_02609	24.691	81	53	3	253	333	403	475	0.44	23.5
SA20153983_GBAKOBEN_02600	SA20153983_GBAKOBEN_02597	45.000	20	11	0	90	109	274	293	0.70	22.7
SA20153983_GBAKOBEN_02600	SA20153983_GBAKOBEN_02601	34.091	44	18	2	246	281	332	372	3.7	20.4
SA20153983_GBAKOBEN_02600	SA20153983_GBAKOBEN_02595	38.095	21	13	0	60	80	516	536	5.8	19.6
SA20153983_GBAKOBEN_02600	SA20153983_GBAKOBEN_02593	25.676	74	43	3	224	297	208	269	8.4	19.2
SA20153983_GBAKOBEN_02600	SA20153983_GBAKOBEN_02605	24.242	33	24	1	681	712	90	122	8.8	18.9
SA20153983_GBAKOBEN_02601	SA20153983_GBAKOBEN_02601	100.000	408	0	0	1	408	1	408	0.0	817
SA20153983_GBAKOBEN_02601	SA20153983_GBAKOBEN_02596	37.209	43	19	1	173	215	526	560	0.47	22.3
SA20153983_GBAKOBEN_02601	SA20153983_GBAKOBEN_02600	34.091	44	18	2	332	372	246	281	1.9	20.4
SA20153983_GBAKOBEN_02601	SA20153983_GBAKOBEN_02608	25.581	43	24	2	268	308	203	239	1.9	20.0
SA20153983_GBAKOBEN_02601	SA20153983_GBAKOBEN_02604	38.889	18	11	0	197	214	48	65	3.6	18.9
SA20153983_GBAKOBEN_02601	SA20153983_GBAKOBEN_02592	60.000	10	4	0	27	36	113	122	9.2	18.1
SA20153983_GBAKOBEN_02602	SA20153983_GBAKOBEN_02602	100.000	1055	0	0	1	1055	1	1055	0.0	2120
SA20153983_GBAKOBEN_02602	SA20153983_GBAKOBEN_02600	48.485	33	17	0	462	494	131	163	0.13	25.8
SA20153983_GBAKOBEN_02602	SA20153983_GBAKOBEN_02593	33.333	24	16	0	803	826	162	185	0.49	23.9
SA20153983_GBAKOBEN_02603	SA20153983_GBAKOBEN_02603	100.000	485	0	0	1	485	1	485	0.0	972
SA20153983_GBAKOBEN_02603	SA20153983_GBAKOBEN_02607	31.250	32	22	0	364	395	60	91	0.74	21.6
SA20153983_GBAKOBEN_02603	SA20153983_GBAKOBEN_02593	35.484	31	18	1	111	139	192	222	5.2	19.2
SA20153983_GBAKOBEN_02603	SA20153983_GBAKOBEN_02596	40.000	30	18	0	74	103	446	475	6.6	18.9
SA20153983_GBAKOBEN_02603	SA20153983_GBAKOBEN_02602	35.294	17	11	0	172	188	912	928	8.5	18.5
SA20153983_GBAKOBEN_02604	SA20153983_GBAKOBEN_02604	100.000	119	0	0	1	119	1	119	7.65e-89	244
SA20153983_GBAKOBEN_02604	SA20153983_GBAKOBEN_02601	38.889	18	11	0	48	65	197	214	1.1	18.9
SA20153983_GBAKOBEN_02604	SA20153983_GBAKOBEN_02609	45.455	11	6	0	81	91	447	457	4.3	17.3
SA20153983_GBAKOBEN_02604	SA20153983_GBAKOBEN_02612	39.130	23	13	1	42	64	119	140	6.3	16.5
SA20153983_GBAKOBEN_02604	SA20153983_GBAKOBEN_02595	31.111	45	23	2	53	89	909	953	8.9	16.2
SA20153983_GBAKOBEN_02604	SA20153983_GBAKOBEN_02596	42.105	19	11	0	4	22	414	432	9.6	16.2
SA20153983_GBAKOBEN_02605	SA20153983_GBAKOBEN_02605	100.000	175	0	0	1	175	1	175	4.62e-135	365
SA20153983_GBAKOBEN_02605	SA20153983_GBAKOBEN_02611	41.667	24	11	1	95	115	25	48	0.90	19.6
SA20153983_GBAKOBEN_02605	SA20153983_GBAKOBEN_02600	24.242	33	24	1	90	122	681	712	2.0	18.9
SA20153983_GBAKOBEN_02605	SA20153983_GBAKOBEN_02593	22.449	49	37	1	100	147	40	88	4.1	17.7
SA20153983_GBAKOBEN_02605	SA20153983_GBAKOBEN_02595	21.739	23	18	0	111	133	63	85	6.7	17.3
SA20153983_GBAKOBEN_02606	SA20153983_GBAKOBEN_02606	100.000	174	0	0	1	174	1	174	6.83e-132	357
SA20153983_GBAKOBEN_02606	SA20153983_GBAKOBEN_02596	26.415	53	29	1	78	130	233	275	0.19	21.9
SA20153983_GBAKOBEN_02606	SA20153983_GBAKOBEN_02593	21.277	47	33	2	66	108	136	182	1.4	19.2
SA20153983_GBAKOBEN_02606	SA20153983_GBAKOBEN_02611	42.105	19	11	0	1	19	132	150	1.9	18.9
SA20153983_GBAKOBEN_02606	SA20153983_GBAKOBEN_02592	25.000	28	21	0	40	67	37	64	2.3	18.5
SA20153983_GBAKOBEN_02606	SA20153983_GBAKOBEN_02602	37.500	24	15	0	144	167	217	240	5.0	17.7
SA20153983_GBAKOBEN_02606	SA20153983_GBAKOBEN_02595	23.881	67	47	2	13	75	83	149	9.9	16.5
SA20153983_GBAKOBEN_02607	SA20153983_GBAKOBEN_02607	100.000	162	0	0	1	162	1	162	3.32e-124	337
SA20153983_GBAKOBEN_02607	SA20153983_GBAKOBEN_02610	42.073	164	90	2	1	162	1	161	3.33e-46	140
SA20153983_GBAKOBEN_02607	SA20153983_GBAKOBEN_02603	31.250	32	22	0	60	91	364	395	0.23	21.6
SA20153983_GBAKOBEN_02607	SA20153983_GBAKOBEN_02609	23.256	86	56	4	83	158	242	327	1.8	18.9
SA20153983_GBAKOBEN_02607	SA20153983_GBAKOBEN_02593	30.000	30	19	1	3	32	19	46	4.6	17.7
SA20153983_GBAKOBEN_02607	SA20153983_GBAKOBEN_02608	50.000	18	9	0	101	118	116	133	5.9	17.3
SA20153983_GBAKOBEN_02608	SA20153983_GBAKOBEN_02608	100.000	247	0	0	1	247	1	247	0.0	513
SA20153983_GBAKOBEN_02608	SA20153983_GBAKOBEN_02611	43.969	257	121	6	1	247	1	244	1.06e-69	206
SA20153983_GBAKOBEN_02608	SA20153983_GBAKOBEN_02601	25.581	43	24	2	203	239	268	308	1.3	20.0
SA20153983_GBAKOBEN_02608	SA20153983_GBAKOBEN_02596	24.000	50	38	0	6	55	561	610	1.3	20.0
SA20153983_GBAKOBEN_02608	SA20153983_GBAKOBEN_02609	26.471	34	25	0	6	39	351	384	2.2	19.2
SA20153983_GBAKOBEN_02608	SA20153983_GBAKOBEN_02595	26.923	26	19	0	200	225	65	90	7.3	17.7
SA20153983_GBAKOBEN_02608	SA20153983_GBAKOBEN_02602	37.037	27	17	0	75	101	378	404	7.3	17.7
SA20153983_GBAKOBEN_02608	SA20153983_GBAKOBEN_02607	50.000	18	9	0	116	133	101	118	9.1	17.3
SA20153983_GBAKOBEN_02609	SA20153983_GBAKOBEN_02609	100.000	524	0	0	1	524	1	524	0.0	1074
SA20153983_GBAKOBEN_02609	SA20153983_GBAKOBEN_02600	24.691	81	53	3	403	475	253	333	0.28	23.5
SA20153983_GBAKOBEN_02609	SA20153983_GBAKOBEN_02608	26.471	34	25	0	351	384	6	39	4.6	19.2
SA20153983_GBAKOBEN_02609	SA20153983_GBAKOBEN_02607	23.256	86	56	4	242	327	83	158	6.3	18.9
SA20153983_GBAKOBEN_02610	SA20153983_GBAKOBEN_02610	100.000	166	0	0	1	166	1	166	4.85e-125	340
SA20153983_GBAKOBEN_02610	SA20153983_GBAKOBEN_02607	41.358	162	94	1	1	161	1	162	7.48e-46	139
SA20153983_GBAKOBEN_02610	SA20153983_GBAKOBEN_02595	29.032	31	21	1	100	129	384	414	3.5	18.1
SA20153983_GBAKOBEN_02610	SA20153983_GBAKOBEN_02596	46.667	15	8	0	99	113	638	652	9.3	16.5
SA20153983_GBAKOBEN_02611	SA20153983_GBAKOBEN_02611	100.000	244	0	0	1	244	1	244	0.0	503
SA20153983_GBAKOBEN_02611	SA20153983_GBAKOBEN_02608	43.969	257	121	6	1	244	1	247	1.04e-69	206
SA20153983_GBAKOBEN_02611	SA20153983_GBAKOBEN_02605	41.667	24	11	1	25	48	95	115	1.3	19.6
SA20153983_GBAKOBEN_02612	SA20153983_GBAKOBEN_02612	100.000	178	0	0	1	178	1	178	4.76e-131	356
SA20153983_GBAKOBEN_02612	SA20153983_GBAKOBEN_02597	61.538	13	5	0	48	60	174	186	0.43	20.8
SA20153983_GBAKOBEN_02612	SA20153983_GBAKOBEN_02596	38.462	39	18	2	109	147	243	275	1.1	19.6
SA20153983_GBAKOBEN_02612	SA20153983_GBAKOBEN_02609	31.148	61	34	4	21	78	35	90	7.1	17.3
SA20153983_GBAKOBEN_02612	SA20153983_GBAKOBEN_02603	36.842	19	12	0	64	82	9	27	8.9	16.9
