SA20160190_KJBEGOPM_04259	SA20160203_GIPDFLML_03623	99.367	158	1	0	1	158	1	158	1.06e-118	322
SA20160190_KJBEGOPM_04259	SA20160203_GIPDFLML_03611	33.333	24	16	0	84	107	103	126	1.3	18.5
SA20160190_KJBEGOPM_04259	SA20160203_GIPDFLML_03610	29.167	24	17	0	122	145	208	231	4.8	16.9
SA20160190_KJBEGOPM_04259	SA20160203_GIPDFLML_03604	33.333	21	14	0	136	156	357	377	6.5	16.5
SA20160190_KJBEGOPM_04259	SA20160203_GIPDFLML_03616	50.000	12	6	0	146	157	144	155	8.5	16.2
SA20160190_KJBEGOPM_04260	SA20160203_GIPDFLML_03622	100.000	300	0	0	1	300	1	300	0.0	606
SA20160190_KJBEGOPM_04260	SA20160203_GIPDFLML_03615	38.710	31	19	0	219	249	28	58	0.86	20.4
SA20160190_KJBEGOPM_04260	SA20160203_GIPDFLML_03605	34.211	38	20	2	133	165	223	260	2.7	18.9
SA20160190_KJBEGOPM_04261	SA20160203_GIPDFLML_03621	99.583	240	1	0	1	240	1	240	0.0	494
SA20160190_KJBEGOPM_04261	SA20160203_GIPDFLML_03611	40.625	32	13	3	63	92	140	167	1.0	19.6
SA20160190_KJBEGOPM_04261	SA20160203_GIPDFLML_03605	22.449	49	37	1	128	175	87	135	1.9	18.9
SA20160190_KJBEGOPM_04261	SA20160203_GIPDFLML_03618	71.429	7	2	0	233	239	3	9	2.2	18.5
SA20160190_KJBEGOPM_04262	SA20160203_GIPDFLML_03620	96.875	96	3	0	1	96	1	96	4.10e-66	184
SA20160190_KJBEGOPM_04262	SA20160203_GIPDFLML_03610	35.714	14	9	0	82	95	218	231	1.5	17.7
SA20160190_KJBEGOPM_04262	SA20160203_GIPDFLML_03605	46.667	15	8	0	29	43	112	126	2.9	16.5
SA20160190_KJBEGOPM_04263	SA20160203_GIPDFLML_03619	100.000	87	0	0	1	87	1	87	5.66e-66	184
SA20160190_KJBEGOPM_04263	SA20160203_GIPDFLML_03614	29.167	24	17	0	20	43	15	38	1.0	17.7
SA20160190_KJBEGOPM_04263	SA20160203_GIPDFLML_03607	20.833	24	19	0	11	34	8	31	3.9	16.2
SA20160190_KJBEGOPM_04263	SA20160203_GIPDFLML_03604	50.000	10	5	0	5	14	496	505	8.9	15.0
SA20160190_KJBEGOPM_04264	SA20160203_GIPDFLML_03618	100.000	125	0	0	1	125	1	125	8.48e-91	249
SA20160190_KJBEGOPM_04264	SA20160203_GIPDFLML_03621	71.429	7	2	0	3	9	233	239	1.2	18.5
SA20160190_KJBEGOPM_04264	SA20160203_GIPDFLML_03615	33.333	24	16	0	43	66	19	42	1.4	18.1
SA20160190_KJBEGOPM_04264	SA20160203_GIPDFLML_03603	50.000	10	5	0	66	75	14	23	3.9	16.2
SA20160190_KJBEGOPM_04264	SA20160203_GIPDFLML_03616	33.333	15	10	0	98	112	40	54	5.5	16.2
SA20160190_KJBEGOPM_04265	SA20160203_GIPDFLML_03617	100.000	561	0	0	1	561	1	561	0.0	1118
SA20160190_KJBEGOPM_04265	SA20160203_GIPDFLML_03614	25.424	59	42	2	443	499	58	116	6.5	18.5
SA20160190_KJBEGOPM_04266	SA20160203_GIPDFLML_03616	99.462	186	1	0	1	186	1	186	2.09e-142	385
SA20160190_KJBEGOPM_04266	SA20160203_GIPDFLML_03613	44.444	27	14	1	30	56	39	64	2.1	18.5
SA20160190_KJBEGOPM_04266	SA20160203_GIPDFLML_03610	46.154	13	7	0	89	101	92	104	3.1	18.1
SA20160190_KJBEGOPM_04266	SA20160203_GIPDFLML_03609	33.333	21	14	0	120	140	87	107	3.2	17.7
SA20160190_KJBEGOPM_04266	SA20160203_GIPDFLML_03623	50.000	12	6	0	144	155	146	157	9.2	16.2
SA20160190_KJBEGOPM_04266	SA20160203_GIPDFLML_03618	31.250	16	11	0	39	54	97	112	9.6	16.2
SA20160190_KJBEGOPM_04267	SA20160203_GIPDFLML_03615	99.752	403	1	0	1	403	1	403	0.0	794
SA20160190_KJBEGOPM_04267	SA20160203_GIPDFLML_03604	60.000	15	6	0	247	261	134	148	1.2	20.4
SA20160190_KJBEGOPM_04267	SA20160203_GIPDFLML_03622	38.710	31	19	0	28	58	219	249	1.4	20.0
SA20160190_KJBEGOPM_04267	SA20160203_GIPDFLML_03610	60.000	10	4	0	30	39	53	62	4.2	18.5
SA20160190_KJBEGOPM_04267	SA20160203_GIPDFLML_03618	33.333	24	16	0	19	42	43	66	4.8	18.1
SA20160190_KJBEGOPM_04267	SA20160203_GIPDFLML_03603	35.294	17	11	0	88	104	6	22	8.2	16.9
SA20160190_KJBEGOPM_04267	SA20160203_GIPDFLML_03612	34.483	29	19	0	280	308	73	101	9.6	17.3
SA20160190_KJBEGOPM_04268	SA20160203_GIPDFLML_03614	99.262	271	2	0	1	271	1	271	0.0	557
SA20160190_KJBEGOPM_04268	SA20160203_GIPDFLML_03617	29.577	71	47	3	58	128	443	510	1.2	19.6
SA20160190_KJBEGOPM_04268	SA20160203_GIPDFLML_03619	29.167	24	17	0	15	38	20	43	3.2	17.7
SA20160190_KJBEGOPM_04268	SA20160203_GIPDFLML_03611	23.438	64	39	2	130	183	152	215	6.1	17.3
SA20160190_KJBEGOPM_04269	SA20160203_GIPDFLML_03613	100.000	410	0	0	1	410	1	410	0.0	811
SA20160190_KJBEGOPM_04269	SA20160203_GIPDFLML_03609	24.444	45	32	1	333	377	116	158	2.6	19.2
SA20160190_KJBEGOPM_04269	SA20160203_GIPDFLML_03616	44.444	27	14	1	39	64	30	56	4.1	18.5
SA20160190_KJBEGOPM_04270	SA20160203_GIPDFLML_03612	99.107	224	2	0	1	224	1	224	3.61e-167	450
SA20160190_KJBEGOPM_04270	SA20160203_GIPDFLML_03604	31.034	29	14	1	194	216	79	107	0.62	20.4
SA20160190_KJBEGOPM_04270	SA20160203_GIPDFLML_03615	34.483	29	19	0	73	101	280	308	4.4	17.7
SA20160190_KJBEGOPM_04270	SA20160203_GIPDFLML_03605	28.125	32	23	0	107	138	174	205	5.5	17.3
SA20160190_KJBEGOPM_04270	SA20160203_GIPDFLML_03609	50.000	10	5	0	7	16	21	30	7.9	16.5
SA20160190_KJBEGOPM_04271	SA20160203_GIPDFLML_03611	99.206	252	2	0	1	252	1	252	0.0	522
SA20160190_KJBEGOPM_04271	SA20160203_GIPDFLML_03621	40.625	32	13	3	140	167	63	92	1.1	19.6
SA20160190_KJBEGOPM_04271	SA20160203_GIPDFLML_03614	25.000	64	38	3	152	215	130	183	1.6	19.2
SA20160190_KJBEGOPM_04271	SA20160203_GIPDFLML_03623	46.667	15	8	0	112	126	93	107	2.0	18.5
SA20160190_KJBEGOPM_04271	SA20160203_GIPDFLML_03610	43.750	16	9	0	157	172	240	255	2.3	18.9
SA20160190_KJBEGOPM_04272	SA20160203_GIPDFLML_03610	99.719	356	1	0	1	356	1	356	0.0	732
SA20160190_KJBEGOPM_04272	SA20160203_GIPDFLML_03611	43.750	16	9	0	240	255	157	172	3.2	18.9
SA20160190_KJBEGOPM_04272	SA20160203_GIPDFLML_03615	60.000	10	4	0	53	62	30	39	3.8	18.5
SA20160190_KJBEGOPM_04272	SA20160203_GIPDFLML_03616	46.154	13	7	0	92	104	89	101	5.1	18.1
SA20160190_KJBEGOPM_04272	SA20160203_GIPDFLML_03620	35.714	14	9	0	218	231	82	95	5.5	17.7
SA20160190_KJBEGOPM_04273	SA20160203_GIPDFLML_03609	99.038	208	2	0	1	208	1	208	5.39e-156	421
SA20160190_KJBEGOPM_04273	SA20160203_GIPDFLML_03605	36.842	19	12	0	170	188	118	136	0.78	19.6
SA20160190_KJBEGOPM_04273	SA20160203_GIPDFLML_03613	24.444	45	32	1	116	158	333	377	1.1	19.2
SA20160190_KJBEGOPM_04273	SA20160203_GIPDFLML_03616	33.333	21	14	0	87	107	120	140	2.5	18.1
SA20160190_KJBEGOPM_04273	SA20160203_GIPDFLML_03604	31.818	22	15	0	49	70	506	527	6.6	16.9
SA20160190_KJBEGOPM_04273	SA20160203_GIPDFLML_03612	50.000	10	5	0	21	30	7	16	7.4	16.5
SA20160190_KJBEGOPM_04273	SA20160203_GIPDFLML_03611	24.390	82	53	4	107	186	62	136	8.3	16.5
SA20160190_KJBEGOPM_04273	SA20160203_GIPDFLML_03615	45.455	11	6	0	156	166	114	124	9.2	16.5
SA20160190_KJBEGOPM_04274	SA20160203_GIPDFLML_03607	84.211	95	15	0	25	119	61	155	2.00e-59	174
SA20160190_KJBEGOPM_04274	SA20160203_GIPDFLML_03608	82.456	57	6	1	138	190	1	57	1.03e-28	92.8
SA20160190_KJBEGOPM_04274	SA20160203_GIPDFLML_03622	28.889	45	29	1	71	112	6	50	1.1	19.2
SA20160190_KJBEGOPM_04274	SA20160203_GIPDFLML_03610	35.000	20	13	0	72	91	288	307	4.0	17.3
SA20160190_KJBEGOPM_04274	SA20160203_GIPDFLML_03612	54.545	11	5	0	10	20	105	115	6.0	16.9
SA20160190_KJBEGOPM_04274	SA20160203_GIPDFLML_03614	23.529	17	13	0	74	90	149	165	6.8	16.5
SA20160203_GIPDFLML_03603	SA20160203_GIPDFLML_03603	100.000	63	0	0	1	63	1	63	8.34e-46	131
SA20160203_GIPDFLML_03603	SA20160203_GIPDFLML_03620	21.154	52	41	0	5	56	42	93	0.40	18.1
SA20160203_GIPDFLML_03603	SA20160203_GIPDFLML_03618	50.000	10	5	0	14	23	66	75	2.0	16.2
SA20160203_GIPDFLML_03603	SA20160203_GIPDFLML_03615	55.556	9	4	0	29	37	276	284	3.9	15.4
SA20160203_GIPDFLML_03604	SA20160203_GIPDFLML_03604	100.000	561	0	0	1	561	1	561	0.0	1155
SA20160203_GIPDFLML_03604	SA20160203_GIPDFLML_03615	60.000	15	6	0	134	148	247	261	1.7	20.4
SA20160203_GIPDFLML_03604	SA20160203_GIPDFLML_03612	31.034	29	14	1	79	107	194	216	2.2	20.0
SA20160203_GIPDFLML_03605	SA20160203_GIPDFLML_03605	100.000	296	0	0	1	296	1	296	0.0	608
SA20160203_GIPDFLML_03605	SA20160203_GIPDFLML_03609	36.842	19	12	0	118	136	170	188	1.1	19.6
SA20160203_GIPDFLML_03605	SA20160203_GIPDFLML_03622	34.211	38	20	2	223	260	133	165	2.7	18.9
SA20160203_GIPDFLML_03605	SA20160203_GIPDFLML_03621	22.449	49	37	1	87	135	128	175	3.4	18.5
SA20160203_GIPDFLML_03605	SA20160203_GIPDFLML_03607	55.556	9	4	0	269	277	31	39	5.3	17.7
SA20160203_GIPDFLML_03605	SA20160203_GIPDFLML_03612	28.125	32	23	0	174	205	107	138	7.3	17.3
SA20160203_GIPDFLML_03606	SA20160203_GIPDFLML_03606	100.000	141	0	0	1	141	1	141	4.33e-101	276
SA20160203_GIPDFLML_03606	SA20160203_GIPDFLML_03617	29.412	17	12	0	42	58	417	433	8.9	15.8
SA20160203_GIPDFLML_03607	SA20160203_GIPDFLML_03607	100.000	165	0	0	1	165	1	165	2.59e-127	345
SA20160203_GIPDFLML_03607	SA20160203_GIPDFLML_03605	55.556	9	4	0	31	39	269	277	3.0	17.7
SA20160203_GIPDFLML_03607	SA20160203_GIPDFLML_03611	36.000	25	15	1	114	137	171	195	6.0	16.5
SA20160203_GIPDFLML_03607	SA20160203_GIPDFLML_03615	38.462	52	23	4	45	94	212	256	6.6	16.5
SA20160203_GIPDFLML_03607	SA20160203_GIPDFLML_03619	20.833	24	19	0	8	31	11	34	7.3	16.2
SA20160203_GIPDFLML_03608	SA20160203_GIPDFLML_03608	100.000	57	0	0	1	57	1	57	1.45e-40	117
SA20160203_GIPDFLML_03608	SA20160203_GIPDFLML_03622	47.059	17	9	0	41	57	9	25	2.1	16.2
SA20160203_GIPDFLML_03609	SA20160203_GIPDFLML_03609	100.000	208	0	0	1	208	1	208	4.70e-158	426
SA20160203_GIPDFLML_03609	SA20160203_GIPDFLML_03605	36.842	19	12	0	170	188	118	136	0.78	19.6
SA20160203_GIPDFLML_03609	SA20160203_GIPDFLML_03613	24.444	45	32	1	116	158	333	377	1.3	19.2
SA20160203_GIPDFLML_03609	SA20160203_GIPDFLML_03616	33.333	21	14	0	87	107	120	140	2.5	18.1
SA20160203_GIPDFLML_03609	SA20160203_GIPDFLML_03604	31.818	22	15	0	49	70	506	527	6.8	16.9
SA20160203_GIPDFLML_03609	SA20160203_GIPDFLML_03612	50.000	10	5	0	21	30	7	16	7.4	16.5
SA20160203_GIPDFLML_03609	SA20160203_GIPDFLML_03615	45.455	11	6	0	156	166	114	124	9.3	16.5
SA20160203_GIPDFLML_03609	SA20160203_GIPDFLML_03611	32.143	28	19	0	107	134	62	89	9.4	16.5
SA20160203_GIPDFLML_03610	SA20160203_GIPDFLML_03610	100.000	356	0	0	1	356	1	356	0.0	734
SA20160203_GIPDFLML_03610	SA20160203_GIPDFLML_03611	43.750	16	9	0	240	255	157	172	3.2	18.9
SA20160203_GIPDFLML_03610	SA20160203_GIPDFLML_03615	60.000	10	4	0	53	62	30	39	3.8	18.5
SA20160203_GIPDFLML_03610	SA20160203_GIPDFLML_03616	46.154	13	7	0	92	104	89	101	5.2	18.1
SA20160203_GIPDFLML_03610	SA20160203_GIPDFLML_03620	35.714	14	9	0	218	231	82	95	5.5	17.7
SA20160203_GIPDFLML_03611	SA20160203_GIPDFLML_03611	100.000	252	0	0	1	252	1	252	0.0	527
SA20160203_GIPDFLML_03611	SA20160203_GIPDFLML_03621	40.625	32	13	3	140	167	63	92	1.3	19.2
SA20160203_GIPDFLML_03611	SA20160203_GIPDFLML_03623	46.667	15	8	0	112	126	93	107	2.1	18.5
SA20160203_GIPDFLML_03611	SA20160203_GIPDFLML_03610	43.750	16	9	0	157	172	240	255	2.3	18.9
SA20160203_GIPDFLML_03611	SA20160203_GIPDFLML_03614	23.438	64	39	2	152	215	130	183	6.0	17.3
SA20160203_GIPDFLML_03612	SA20160203_GIPDFLML_03612	100.000	224	0	0	1	224	1	224	5.41e-168	452
SA20160203_GIPDFLML_03612	SA20160203_GIPDFLML_03604	31.034	29	14	1	194	216	79	107	0.87	20.0
SA20160203_GIPDFLML_03612	SA20160203_GIPDFLML_03615	34.483	29	19	0	73	101	280	308	4.4	17.7
SA20160203_GIPDFLML_03612	SA20160203_GIPDFLML_03605	28.125	32	23	0	107	138	174	205	5.5	17.3
SA20160203_GIPDFLML_03612	SA20160203_GIPDFLML_03609	50.000	10	5	0	7	16	21	30	8.0	16.5
SA20160203_GIPDFLML_03613	SA20160203_GIPDFLML_03613	100.000	410	0	0	1	410	1	410	0.0	811
SA20160203_GIPDFLML_03613	SA20160203_GIPDFLML_03609	24.444	45	32	1	333	377	116	158	2.6	19.2
SA20160203_GIPDFLML_03613	SA20160203_GIPDFLML_03616	44.444	27	14	1	39	64	30	56	4.1	18.5
SA20160203_GIPDFLML_03614	SA20160203_GIPDFLML_03614	100.000	271	0	0	1	271	1	271	0.0	560
SA20160203_GIPDFLML_03614	SA20160203_GIPDFLML_03619	29.167	24	17	0	15	38	20	43	3.3	17.7
SA20160203_GIPDFLML_03614	SA20160203_GIPDFLML_03617	25.424	59	42	2	58	116	443	499	3.3	18.5
SA20160203_GIPDFLML_03614	SA20160203_GIPDFLML_03611	23.438	64	39	2	130	183	152	215	6.0	17.3
SA20160203_GIPDFLML_03615	SA20160203_GIPDFLML_03615	100.000	403	0	0	1	403	1	403	0.0	795
SA20160203_GIPDFLML_03615	SA20160203_GIPDFLML_03604	60.000	15	6	0	247	261	134	148	1.2	20.4
SA20160203_GIPDFLML_03615	SA20160203_GIPDFLML_03622	38.710	31	19	0	28	58	219	249	1.4	20.0
SA20160203_GIPDFLML_03615	SA20160203_GIPDFLML_03610	60.000	10	4	0	30	39	53	62	4.2	18.5
SA20160203_GIPDFLML_03615	SA20160203_GIPDFLML_03618	33.333	24	16	0	19	42	43	66	4.8	18.1
SA20160203_GIPDFLML_03615	SA20160203_GIPDFLML_03612	34.483	29	19	0	280	308	73	101	9.3	17.3
SA20160203_GIPDFLML_03616	SA20160203_GIPDFLML_03616	100.000	186	0	0	1	186	1	186	9.14e-144	388
SA20160203_GIPDFLML_03616	SA20160203_GIPDFLML_03613	44.444	27	14	1	30	56	39	64	1.7	18.5
SA20160203_GIPDFLML_03616	SA20160203_GIPDFLML_03609	33.333	21	14	0	120	140	87	107	2.3	18.1
SA20160203_GIPDFLML_03616	SA20160203_GIPDFLML_03610	46.154	13	7	0	89	101	92	104	2.7	18.1
SA20160203_GIPDFLML_03616	SA20160203_GIPDFLML_03623	50.000	12	6	0	144	155	146	157	7.6	16.5
SA20160203_GIPDFLML_03616	SA20160203_GIPDFLML_03604	83.333	6	1	0	105	110	435	440	8.1	16.5
SA20160203_GIPDFLML_03616	SA20160203_GIPDFLML_03618	33.333	15	10	0	40	54	98	112	8.2	16.2
SA20160203_GIPDFLML_03617	SA20160203_GIPDFLML_03617	100.000	561	0	0	1	561	1	561	0.0	1118
SA20160203_GIPDFLML_03617	SA20160203_GIPDFLML_03614	25.424	59	42	2	443	499	58	116	6.5	18.5
SA20160203_GIPDFLML_03618	SA20160203_GIPDFLML_03618	100.000	125	0	0	1	125	1	125	8.48e-91	249
SA20160203_GIPDFLML_03618	SA20160203_GIPDFLML_03621	71.429	7	2	0	3	9	233	239	1.2	18.5
SA20160203_GIPDFLML_03618	SA20160203_GIPDFLML_03615	33.333	24	16	0	43	66	19	42	1.4	18.1
SA20160203_GIPDFLML_03618	SA20160203_GIPDFLML_03603	50.000	10	5	0	66	75	14	23	3.9	16.2
SA20160203_GIPDFLML_03618	SA20160203_GIPDFLML_03616	33.333	15	10	0	98	112	40	54	5.5	16.2
SA20160203_GIPDFLML_03619	SA20160203_GIPDFLML_03619	100.000	87	0	0	1	87	1	87	5.66e-66	184
SA20160203_GIPDFLML_03619	SA20160203_GIPDFLML_03614	29.167	24	17	0	20	43	15	38	1.0	17.7
SA20160203_GIPDFLML_03619	SA20160203_GIPDFLML_03607	20.833	24	19	0	11	34	8	31	3.9	16.2
SA20160203_GIPDFLML_03619	SA20160203_GIPDFLML_03604	50.000	10	5	0	5	14	496	505	8.9	15.0
SA20160203_GIPDFLML_03620	SA20160203_GIPDFLML_03620	100.000	96	0	0	1	96	1	96	1.02e-68	191
SA20160203_GIPDFLML_03620	SA20160203_GIPDFLML_03603	21.154	52	41	0	42	93	5	56	0.53	18.1
SA20160203_GIPDFLML_03620	SA20160203_GIPDFLML_03610	35.714	14	9	0	82	95	218	231	1.5	17.7
SA20160203_GIPDFLML_03620	SA20160203_GIPDFLML_03605	46.667	15	8	0	29	43	112	126	5.6	15.8
SA20160203_GIPDFLML_03621	SA20160203_GIPDFLML_03621	100.000	240	0	0	1	240	1	240	0.0	497
SA20160203_GIPDFLML_03621	SA20160203_GIPDFLML_03611	40.625	32	13	3	63	92	140	167	1.2	19.6
SA20160203_GIPDFLML_03621	SA20160203_GIPDFLML_03618	71.429	7	2	0	233	239	3	9	2.2	18.5
SA20160203_GIPDFLML_03621	SA20160203_GIPDFLML_03605	22.449	49	37	1	128	175	87	135	2.6	18.5
SA20160203_GIPDFLML_03622	SA20160203_GIPDFLML_03622	100.000	300	0	0	1	300	1	300	0.0	606
SA20160203_GIPDFLML_03622	SA20160203_GIPDFLML_03615	38.710	31	19	0	219	249	28	58	0.86	20.4
SA20160203_GIPDFLML_03622	SA20160203_GIPDFLML_03605	34.211	38	20	2	133	165	223	260	2.7	18.9
SA20160203_GIPDFLML_03623	SA20160203_GIPDFLML_03623	100.000	158	0	0	1	158	1	158	1.65e-119	324
SA20160203_GIPDFLML_03623	SA20160203_GIPDFLML_03611	46.667	15	8	0	93	107	112	126	1.3	18.5
SA20160203_GIPDFLML_03623	SA20160203_GIPDFLML_03610	29.167	24	17	0	122	145	208	231	4.8	16.9
SA20160203_GIPDFLML_03623	SA20160203_GIPDFLML_03616	50.000	12	6	0	146	157	144	155	6.4	16.5
SA20160190_KJBEGOPM_04259	SA20160190_KJBEGOPM_04259	100.000	158	0	0	1	158	1	158	1.61e-119	324
SA20160190_KJBEGOPM_04259	SA20160190_KJBEGOPM_04271	33.333	24	16	0	84	107	103	126	1.0	18.5
SA20160190_KJBEGOPM_04259	SA20160190_KJBEGOPM_04272	29.167	24	17	0	122	145	208	231	3.8	16.9
SA20160190_KJBEGOPM_04259	SA20160190_KJBEGOPM_04266	50.000	12	6	0	146	157	144	155	7.9	15.8
SA20160190_KJBEGOPM_04260	SA20160190_KJBEGOPM_04260	100.000	300	0	0	1	300	1	300	0.0	606
SA20160190_KJBEGOPM_04260	SA20160190_KJBEGOPM_04267	38.710	31	19	0	219	249	28	58	0.69	20.4
SA20160190_KJBEGOPM_04260	SA20160190_KJBEGOPM_04274	28.889	45	29	1	6	50	71	112	1.3	19.2
SA20160190_KJBEGOPM_04261	SA20160190_KJBEGOPM_04261	100.000	240	0	0	1	240	1	240	0.0	497
SA20160190_KJBEGOPM_04261	SA20160190_KJBEGOPM_04271	40.625	32	13	3	63	92	140	167	0.73	19.6
SA20160190_KJBEGOPM_04261	SA20160190_KJBEGOPM_04264	71.429	7	2	0	233	239	3	9	1.8	18.5
SA20160190_KJBEGOPM_04262	SA20160190_KJBEGOPM_04262	100.000	96	0	0	1	96	1	96	1.20e-68	191
SA20160190_KJBEGOPM_04262	SA20160190_KJBEGOPM_04272	35.714	14	9	0	82	95	218	231	1.2	17.7
SA20160190_KJBEGOPM_04263	SA20160190_KJBEGOPM_04263	100.000	87	0	0	1	87	1	87	4.49e-66	184
SA20160190_KJBEGOPM_04263	SA20160190_KJBEGOPM_04268	29.167	24	17	0	20	43	15	38	0.82	17.7
SA20160190_KJBEGOPM_04264	SA20160190_KJBEGOPM_04264	100.000	125	0	0	1	125	1	125	6.72e-91	249
SA20160190_KJBEGOPM_04264	SA20160190_KJBEGOPM_04261	71.429	7	2	0	3	9	233	239	0.92	18.5
SA20160190_KJBEGOPM_04264	SA20160190_KJBEGOPM_04267	33.333	24	16	0	43	66	19	42	1.1	18.1
SA20160190_KJBEGOPM_04264	SA20160190_KJBEGOPM_04266	31.250	16	11	0	97	112	39	54	4.6	16.2
SA20160190_KJBEGOPM_04264	SA20160190_KJBEGOPM_04269	83.333	6	1	0	73	78	19	24	9.0	15.4
SA20160190_KJBEGOPM_04265	SA20160190_KJBEGOPM_04265	100.000	561	0	0	1	561	1	561	0.0	1118
SA20160190_KJBEGOPM_04265	SA20160190_KJBEGOPM_04268	29.577	71	47	3	443	510	58	128	1.8	20.0
SA20160190_KJBEGOPM_04266	SA20160190_KJBEGOPM_04266	100.000	206	0	0	1	206	1	206	2.55e-161	434
SA20160190_KJBEGOPM_04266	SA20160190_KJBEGOPM_04269	44.444	27	14	1	30	56	39	64	1.6	18.5
SA20160190_KJBEGOPM_04266	SA20160190_KJBEGOPM_04272	46.154	13	7	0	89	101	92	104	2.5	18.1
SA20160190_KJBEGOPM_04266	SA20160190_KJBEGOPM_04273	33.333	21	14	0	120	140	87	107	2.5	17.7
SA20160190_KJBEGOPM_04266	SA20160190_KJBEGOPM_04264	31.250	16	11	0	39	54	97	112	7.6	16.2
SA20160190_KJBEGOPM_04267	SA20160190_KJBEGOPM_04267	100.000	403	0	0	1	403	1	403	0.0	795
SA20160190_KJBEGOPM_04267	SA20160190_KJBEGOPM_04260	38.710	31	19	0	28	58	219	249	1.1	20.0
SA20160190_KJBEGOPM_04267	SA20160190_KJBEGOPM_04272	60.000	10	4	0	30	39	53	62	3.4	18.5
SA20160190_KJBEGOPM_04267	SA20160190_KJBEGOPM_04264	33.333	24	16	0	19	42	43	66	3.8	18.1
SA20160190_KJBEGOPM_04267	SA20160190_KJBEGOPM_04270	34.483	29	19	0	280	308	73	101	7.3	17.3
SA20160190_KJBEGOPM_04268	SA20160190_KJBEGOPM_04268	100.000	271	0	0	1	271	1	271	0.0	559
SA20160190_KJBEGOPM_04268	SA20160190_KJBEGOPM_04265	29.577	71	47	3	58	128	443	510	0.93	19.6
SA20160190_KJBEGOPM_04268	SA20160190_KJBEGOPM_04271	25.000	64	38	3	130	183	152	215	1.3	19.2
SA20160190_KJBEGOPM_04268	SA20160190_KJBEGOPM_04263	29.167	24	17	0	15	38	20	43	2.6	17.7
SA20160190_KJBEGOPM_04268	SA20160190_KJBEGOPM_04274	23.529	17	13	0	149	165	74	90	7.7	16.5
SA20160190_KJBEGOPM_04269	SA20160190_KJBEGOPM_04269	100.000	410	0	0	1	410	1	410	0.0	811
SA20160190_KJBEGOPM_04269	SA20160190_KJBEGOPM_04273	24.444	45	32	1	333	377	116	158	1.6	19.6
SA20160190_KJBEGOPM_04269	SA20160190_KJBEGOPM_04266	44.444	27	14	1	39	64	30	56	3.5	18.5
SA20160190_KJBEGOPM_04269	SA20160190_KJBEGOPM_04267	23.077	39	30	0	208	246	275	313	9.9	16.9
SA20160190_KJBEGOPM_04270	SA20160190_KJBEGOPM_04270	100.000	224	0	0	1	224	1	224	2.24e-168	453
SA20160190_KJBEGOPM_04270	SA20160190_KJBEGOPM_04267	34.483	29	19	0	73	101	280	308	3.5	17.7
SA20160190_KJBEGOPM_04270	SA20160190_KJBEGOPM_04274	54.545	11	5	0	105	115	10	20	5.7	16.9
SA20160190_KJBEGOPM_04270	SA20160190_KJBEGOPM_04273	50.000	10	5	0	7	16	21	30	6.2	16.5
SA20160190_KJBEGOPM_04270	SA20160190_KJBEGOPM_04260	44.444	18	10	0	47	64	91	108	8.2	16.5
SA20160190_KJBEGOPM_04271	SA20160190_KJBEGOPM_04271	100.000	252	0	0	1	252	1	252	0.0	526
SA20160190_KJBEGOPM_04271	SA20160190_KJBEGOPM_04261	40.625	32	13	3	140	167	63	92	0.80	19.6
SA20160190_KJBEGOPM_04271	SA20160190_KJBEGOPM_04268	25.000	64	38	3	152	215	130	183	1.2	19.2
SA20160190_KJBEGOPM_04271	SA20160190_KJBEGOPM_04259	33.333	24	16	0	103	126	84	107	1.6	18.5
SA20160190_KJBEGOPM_04271	SA20160190_KJBEGOPM_04272	43.750	16	9	0	157	172	240	255	1.8	18.9
SA20160190_KJBEGOPM_04271	SA20160190_KJBEGOPM_04273	24.691	81	52	4	62	135	107	185	8.6	16.5
SA20160190_KJBEGOPM_04272	SA20160190_KJBEGOPM_04272	100.000	356	0	0	1	356	1	356	0.0	734
SA20160190_KJBEGOPM_04272	SA20160190_KJBEGOPM_04271	43.750	16	9	0	240	255	157	172	2.5	18.9
SA20160190_KJBEGOPM_04272	SA20160190_KJBEGOPM_04267	60.000	10	4	0	53	62	30	39	3.0	18.5
SA20160190_KJBEGOPM_04272	SA20160190_KJBEGOPM_04266	46.154	13	7	0	92	104	89	101	4.3	18.1
SA20160190_KJBEGOPM_04272	SA20160190_KJBEGOPM_04262	35.714	14	9	0	218	231	82	95	4.4	17.7
SA20160190_KJBEGOPM_04272	SA20160190_KJBEGOPM_04274	35.000	20	13	0	288	307	72	91	6.0	17.3
SA20160190_KJBEGOPM_04272	SA20160190_KJBEGOPM_04259	29.167	24	17	0	208	231	122	145	8.6	16.9
SA20160190_KJBEGOPM_04273	SA20160190_KJBEGOPM_04273	100.000	208	0	0	1	208	1	208	1.64e-157	424
SA20160190_KJBEGOPM_04273	SA20160190_KJBEGOPM_04269	24.444	45	32	1	116	158	333	377	0.87	19.2
SA20160190_KJBEGOPM_04273	SA20160190_KJBEGOPM_04266	33.333	21	14	0	87	107	120	140	2.6	17.7
SA20160190_KJBEGOPM_04273	SA20160190_KJBEGOPM_04270	50.000	10	5	0	21	30	7	16	5.8	16.5
SA20160190_KJBEGOPM_04273	SA20160190_KJBEGOPM_04271	20.930	43	34	0	80	122	63	105	6.5	16.5
SA20160190_KJBEGOPM_04273	SA20160190_KJBEGOPM_04267	45.455	11	6	0	156	166	114	124	7.4	16.5
SA20160190_KJBEGOPM_04274	SA20160190_KJBEGOPM_04274	100.000	190	0	0	1	190	1	190	1.49e-143	387
SA20160190_KJBEGOPM_04274	SA20160190_KJBEGOPM_04260	28.889	45	29	1	71	112	6	50	0.85	19.2
SA20160190_KJBEGOPM_04274	SA20160190_KJBEGOPM_04272	35.000	20	13	0	72	91	288	307	3.2	17.3
SA20160190_KJBEGOPM_04274	SA20160190_KJBEGOPM_04270	54.545	11	5	0	10	20	105	115	4.9	16.9
SA20160190_KJBEGOPM_04274	SA20160190_KJBEGOPM_04268	23.529	17	13	0	74	90	149	165	5.5	16.5
