SA20160200_AKBDPEOC_03434	SA20160326_NMHJDFNH_01690	100.000	158	0	0	1	158	1	158	1.65e-119	324
SA20160200_AKBDPEOC_03434	SA20160326_NMHJDFNH_01678	46.667	15	8	0	93	107	112	126	1.3	18.5
SA20160200_AKBDPEOC_03434	SA20160326_NMHJDFNH_01677	29.167	24	17	0	122	145	208	231	4.8	16.9
SA20160200_AKBDPEOC_03434	SA20160326_NMHJDFNH_01683	50.000	12	6	0	146	157	144	155	6.4	16.5
SA20160200_AKBDPEOC_03435	SA20160326_NMHJDFNH_01689	100.000	300	0	0	1	300	1	300	0.0	606
SA20160200_AKBDPEOC_03435	SA20160326_NMHJDFNH_01682	38.710	31	19	0	219	249	28	58	0.86	20.4
SA20160200_AKBDPEOC_03435	SA20160326_NMHJDFNH_01672	34.211	38	20	2	133	165	223	260	2.7	18.9
SA20160200_AKBDPEOC_03436	SA20160326_NMHJDFNH_01688	100.000	240	0	0	1	240	1	240	0.0	497
SA20160200_AKBDPEOC_03436	SA20160326_NMHJDFNH_01678	40.625	32	13	3	63	92	140	167	1.2	19.6
SA20160200_AKBDPEOC_03436	SA20160326_NMHJDFNH_01685	71.429	7	2	0	233	239	3	9	2.2	18.5
SA20160200_AKBDPEOC_03436	SA20160326_NMHJDFNH_01672	22.449	49	37	1	128	175	87	135	2.6	18.5
SA20160200_AKBDPEOC_03437	SA20160326_NMHJDFNH_01687	100.000	96	0	0	1	96	1	96	1.02e-68	191
SA20160200_AKBDPEOC_03437	SA20160326_NMHJDFNH_01670	21.154	52	41	0	42	93	5	56	0.53	18.1
SA20160200_AKBDPEOC_03437	SA20160326_NMHJDFNH_01677	35.714	14	9	0	82	95	218	231	1.5	17.7
SA20160200_AKBDPEOC_03437	SA20160326_NMHJDFNH_01672	46.667	15	8	0	29	43	112	126	5.6	15.8
SA20160200_AKBDPEOC_03438	SA20160326_NMHJDFNH_01686	100.000	87	0	0	1	87	1	87	5.66e-66	184
SA20160200_AKBDPEOC_03438	SA20160326_NMHJDFNH_01681	29.167	24	17	0	20	43	15	38	1.0	17.7
SA20160200_AKBDPEOC_03438	SA20160326_NMHJDFNH_01674	20.833	24	19	0	11	34	8	31	3.9	16.2
SA20160200_AKBDPEOC_03438	SA20160326_NMHJDFNH_01671	50.000	10	5	0	5	14	496	505	8.9	15.0
SA20160200_AKBDPEOC_03439	SA20160326_NMHJDFNH_01685	100.000	125	0	0	1	125	1	125	8.48e-91	249
SA20160200_AKBDPEOC_03439	SA20160326_NMHJDFNH_01688	71.429	7	2	0	3	9	233	239	1.2	18.5
SA20160200_AKBDPEOC_03439	SA20160326_NMHJDFNH_01682	33.333	24	16	0	43	66	19	42	1.4	18.1
SA20160200_AKBDPEOC_03439	SA20160326_NMHJDFNH_01670	50.000	10	5	0	66	75	14	23	3.9	16.2
SA20160200_AKBDPEOC_03439	SA20160326_NMHJDFNH_01683	33.333	15	10	0	98	112	40	54	5.5	16.2
SA20160200_AKBDPEOC_03440	SA20160326_NMHJDFNH_01684	100.000	561	0	0	1	561	1	561	0.0	1118
SA20160200_AKBDPEOC_03440	SA20160326_NMHJDFNH_01681	25.424	59	42	2	443	499	58	116	6.5	18.5
SA20160200_AKBDPEOC_03441	SA20160326_NMHJDFNH_01683	100.000	186	0	0	1	186	1	186	9.14e-144	388
SA20160200_AKBDPEOC_03441	SA20160326_NMHJDFNH_01680	44.444	27	14	1	30	56	39	64	1.7	18.5
SA20160200_AKBDPEOC_03441	SA20160326_NMHJDFNH_01676	33.333	21	14	0	120	140	87	107	2.3	18.1
SA20160200_AKBDPEOC_03441	SA20160326_NMHJDFNH_01677	46.154	13	7	0	89	101	92	104	2.7	18.1
SA20160200_AKBDPEOC_03441	SA20160326_NMHJDFNH_01690	50.000	12	6	0	144	155	146	157	7.6	16.5
SA20160200_AKBDPEOC_03441	SA20160326_NMHJDFNH_01671	83.333	6	1	0	105	110	435	440	8.1	16.5
SA20160200_AKBDPEOC_03441	SA20160326_NMHJDFNH_01685	33.333	15	10	0	40	54	98	112	8.2	16.2
SA20160200_AKBDPEOC_03442	SA20160326_NMHJDFNH_01682	100.000	403	0	0	1	403	1	403	0.0	795
SA20160200_AKBDPEOC_03442	SA20160326_NMHJDFNH_01671	60.000	15	6	0	247	261	134	148	1.2	20.4
SA20160200_AKBDPEOC_03442	SA20160326_NMHJDFNH_01689	38.710	31	19	0	28	58	219	249	1.4	20.0
SA20160200_AKBDPEOC_03442	SA20160326_NMHJDFNH_01677	60.000	10	4	0	30	39	53	62	4.2	18.5
SA20160200_AKBDPEOC_03442	SA20160326_NMHJDFNH_01685	33.333	24	16	0	19	42	43	66	4.8	18.1
SA20160200_AKBDPEOC_03442	SA20160326_NMHJDFNH_01679	34.483	29	19	0	280	308	73	101	9.3	17.3
SA20160200_AKBDPEOC_03443	SA20160326_NMHJDFNH_01681	100.000	271	0	0	1	271	1	271	0.0	560
SA20160200_AKBDPEOC_03443	SA20160326_NMHJDFNH_01686	29.167	24	17	0	15	38	20	43	3.3	17.7
SA20160200_AKBDPEOC_03443	SA20160326_NMHJDFNH_01684	25.424	59	42	2	58	116	443	499	3.3	18.5
SA20160200_AKBDPEOC_03443	SA20160326_NMHJDFNH_01678	23.438	64	39	2	130	183	152	215	6.0	17.3
SA20160200_AKBDPEOC_03444	SA20160326_NMHJDFNH_01680	100.000	410	0	0	1	410	1	410	0.0	811
SA20160200_AKBDPEOC_03444	SA20160326_NMHJDFNH_01676	24.444	45	32	1	333	377	116	158	2.6	19.2
SA20160200_AKBDPEOC_03444	SA20160326_NMHJDFNH_01683	44.444	27	14	1	39	64	30	56	4.1	18.5
SA20160200_AKBDPEOC_03445	SA20160326_NMHJDFNH_01679	100.000	224	0	0	1	224	1	224	5.41e-168	452
SA20160200_AKBDPEOC_03445	SA20160326_NMHJDFNH_01671	31.034	29	14	1	194	216	79	107	0.87	20.0
SA20160200_AKBDPEOC_03445	SA20160326_NMHJDFNH_01682	34.483	29	19	0	73	101	280	308	4.4	17.7
SA20160200_AKBDPEOC_03445	SA20160326_NMHJDFNH_01672	28.125	32	23	0	107	138	174	205	5.5	17.3
SA20160200_AKBDPEOC_03445	SA20160326_NMHJDFNH_01676	50.000	10	5	0	7	16	21	30	8.0	16.5
SA20160200_AKBDPEOC_03446	SA20160326_NMHJDFNH_01678	100.000	252	0	0	1	252	1	252	0.0	527
SA20160200_AKBDPEOC_03446	SA20160326_NMHJDFNH_01688	40.625	32	13	3	140	167	63	92	1.3	19.2
SA20160200_AKBDPEOC_03446	SA20160326_NMHJDFNH_01690	46.667	15	8	0	112	126	93	107	2.1	18.5
SA20160200_AKBDPEOC_03446	SA20160326_NMHJDFNH_01677	43.750	16	9	0	157	172	240	255	2.3	18.9
SA20160200_AKBDPEOC_03446	SA20160326_NMHJDFNH_01681	23.438	64	39	2	152	215	130	183	6.0	17.3
SA20160200_AKBDPEOC_03446	SA20160326_NMHJDFNH_01674	36.000	25	15	1	171	195	114	137	9.2	16.5
SA20160200_AKBDPEOC_03447	SA20160326_NMHJDFNH_01677	100.000	356	0	0	1	356	1	356	0.0	734
SA20160200_AKBDPEOC_03447	SA20160326_NMHJDFNH_01678	43.750	16	9	0	240	255	157	172	3.2	18.9
SA20160200_AKBDPEOC_03447	SA20160326_NMHJDFNH_01682	60.000	10	4	0	53	62	30	39	3.8	18.5
SA20160200_AKBDPEOC_03447	SA20160326_NMHJDFNH_01683	46.154	13	7	0	92	104	89	101	5.2	18.1
SA20160200_AKBDPEOC_03447	SA20160326_NMHJDFNH_01687	35.714	14	9	0	218	231	82	95	5.5	17.7
SA20160200_AKBDPEOC_03448	SA20160326_NMHJDFNH_01676	100.000	208	0	0	1	208	1	208	4.70e-158	426
SA20160200_AKBDPEOC_03448	SA20160326_NMHJDFNH_01672	36.842	19	12	0	170	188	118	136	0.78	19.6
SA20160200_AKBDPEOC_03448	SA20160326_NMHJDFNH_01680	24.444	45	32	1	116	158	333	377	1.3	19.2
SA20160200_AKBDPEOC_03448	SA20160326_NMHJDFNH_01683	33.333	21	14	0	87	107	120	140	2.5	18.1
SA20160200_AKBDPEOC_03448	SA20160326_NMHJDFNH_01671	31.818	22	15	0	49	70	506	527	6.8	16.9
SA20160200_AKBDPEOC_03448	SA20160326_NMHJDFNH_01679	50.000	10	5	0	21	30	7	16	7.4	16.5
SA20160200_AKBDPEOC_03448	SA20160326_NMHJDFNH_01682	45.455	11	6	0	156	166	114	124	9.3	16.5
SA20160200_AKBDPEOC_03448	SA20160326_NMHJDFNH_01678	32.143	28	19	0	107	134	62	89	9.4	16.5
SA20160200_AKBDPEOC_03449	SA20160326_NMHJDFNH_01675	100.000	57	0	0	1	57	1	57	1.45e-40	117
SA20160200_AKBDPEOC_03449	SA20160326_NMHJDFNH_01689	47.059	17	9	0	41	57	9	25	2.1	16.2
SA20160200_AKBDPEOC_03450	SA20160326_NMHJDFNH_01674	100.000	165	0	0	1	165	1	165	2.59e-127	345
SA20160200_AKBDPEOC_03450	SA20160326_NMHJDFNH_01672	55.556	9	4	0	31	39	269	277	3.0	17.7
SA20160200_AKBDPEOC_03450	SA20160326_NMHJDFNH_01678	36.000	25	15	1	114	137	171	195	6.0	16.5
SA20160200_AKBDPEOC_03450	SA20160326_NMHJDFNH_01682	38.462	52	23	4	45	94	212	256	6.6	16.5
SA20160200_AKBDPEOC_03450	SA20160326_NMHJDFNH_01686	20.833	24	19	0	8	31	11	34	7.3	16.2
SA20160200_AKBDPEOC_03451	SA20160326_NMHJDFNH_01673	100.000	141	0	0	1	141	1	141	4.33e-101	276
SA20160200_AKBDPEOC_03451	SA20160326_NMHJDFNH_01684	29.412	17	12	0	42	58	417	433	8.9	15.8
SA20160200_AKBDPEOC_03452	SA20160326_NMHJDFNH_01672	100.000	296	0	0	1	296	1	296	0.0	608
SA20160200_AKBDPEOC_03452	SA20160326_NMHJDFNH_01676	36.842	19	12	0	118	136	170	188	1.1	19.6
SA20160200_AKBDPEOC_03452	SA20160326_NMHJDFNH_01689	34.211	38	20	2	223	260	133	165	2.7	18.9
SA20160200_AKBDPEOC_03452	SA20160326_NMHJDFNH_01688	22.449	49	37	1	87	135	128	175	3.4	18.5
SA20160200_AKBDPEOC_03452	SA20160326_NMHJDFNH_01674	55.556	9	4	0	269	277	31	39	5.3	17.7
SA20160200_AKBDPEOC_03452	SA20160326_NMHJDFNH_01679	28.125	32	23	0	174	205	107	138	7.3	17.3
SA20160200_AKBDPEOC_03453	SA20160326_NMHJDFNH_01671	100.000	561	0	0	1	561	1	561	0.0	1155
SA20160200_AKBDPEOC_03453	SA20160326_NMHJDFNH_01682	60.000	15	6	0	134	148	247	261	1.7	20.4
SA20160200_AKBDPEOC_03453	SA20160326_NMHJDFNH_01679	31.034	29	14	1	79	107	194	216	2.2	20.0
SA20160200_AKBDPEOC_03454	SA20160326_NMHJDFNH_01670	100.000	63	0	0	1	63	1	63	8.34e-46	131
SA20160200_AKBDPEOC_03454	SA20160326_NMHJDFNH_01687	21.154	52	41	0	5	56	42	93	0.40	18.1
SA20160200_AKBDPEOC_03454	SA20160326_NMHJDFNH_01685	50.000	10	5	0	14	23	66	75	2.0	16.2
SA20160200_AKBDPEOC_03454	SA20160326_NMHJDFNH_01682	55.556	9	4	0	29	37	276	284	3.9	15.4
SA20160326_NMHJDFNH_01670	SA20160326_NMHJDFNH_01670	100.000	63	0	0	1	63	1	63	8.34e-46	131
SA20160326_NMHJDFNH_01670	SA20160326_NMHJDFNH_01687	21.154	52	41	0	5	56	42	93	0.40	18.1
SA20160326_NMHJDFNH_01670	SA20160326_NMHJDFNH_01685	50.000	10	5	0	14	23	66	75	2.0	16.2
SA20160326_NMHJDFNH_01670	SA20160326_NMHJDFNH_01682	55.556	9	4	0	29	37	276	284	3.9	15.4
SA20160326_NMHJDFNH_01671	SA20160326_NMHJDFNH_01671	100.000	561	0	0	1	561	1	561	0.0	1155
SA20160326_NMHJDFNH_01671	SA20160326_NMHJDFNH_01682	60.000	15	6	0	134	148	247	261	1.7	20.4
SA20160326_NMHJDFNH_01671	SA20160326_NMHJDFNH_01679	31.034	29	14	1	79	107	194	216	2.2	20.0
SA20160326_NMHJDFNH_01672	SA20160326_NMHJDFNH_01672	100.000	296	0	0	1	296	1	296	0.0	608
SA20160326_NMHJDFNH_01672	SA20160326_NMHJDFNH_01676	36.842	19	12	0	118	136	170	188	1.1	19.6
SA20160326_NMHJDFNH_01672	SA20160326_NMHJDFNH_01689	34.211	38	20	2	223	260	133	165	2.7	18.9
SA20160326_NMHJDFNH_01672	SA20160326_NMHJDFNH_01688	22.449	49	37	1	87	135	128	175	3.4	18.5
SA20160326_NMHJDFNH_01672	SA20160326_NMHJDFNH_01674	55.556	9	4	0	269	277	31	39	5.3	17.7
SA20160326_NMHJDFNH_01672	SA20160326_NMHJDFNH_01679	28.125	32	23	0	174	205	107	138	7.3	17.3
SA20160326_NMHJDFNH_01673	SA20160326_NMHJDFNH_01673	100.000	141	0	0	1	141	1	141	4.33e-101	276
SA20160326_NMHJDFNH_01673	SA20160326_NMHJDFNH_01684	29.412	17	12	0	42	58	417	433	8.9	15.8
SA20160326_NMHJDFNH_01674	SA20160326_NMHJDFNH_01674	100.000	165	0	0	1	165	1	165	2.59e-127	345
SA20160326_NMHJDFNH_01674	SA20160326_NMHJDFNH_01672	55.556	9	4	0	31	39	269	277	3.0	17.7
SA20160326_NMHJDFNH_01674	SA20160326_NMHJDFNH_01678	36.000	25	15	1	114	137	171	195	6.0	16.5
SA20160326_NMHJDFNH_01674	SA20160326_NMHJDFNH_01682	38.462	52	23	4	45	94	212	256	6.6	16.5
SA20160326_NMHJDFNH_01674	SA20160326_NMHJDFNH_01686	20.833	24	19	0	8	31	11	34	7.3	16.2
SA20160326_NMHJDFNH_01675	SA20160326_NMHJDFNH_01675	100.000	57	0	0	1	57	1	57	1.45e-40	117
SA20160326_NMHJDFNH_01675	SA20160326_NMHJDFNH_01689	47.059	17	9	0	41	57	9	25	2.1	16.2
SA20160326_NMHJDFNH_01676	SA20160326_NMHJDFNH_01676	100.000	208	0	0	1	208	1	208	4.70e-158	426
SA20160326_NMHJDFNH_01676	SA20160326_NMHJDFNH_01672	36.842	19	12	0	170	188	118	136	0.78	19.6
SA20160326_NMHJDFNH_01676	SA20160326_NMHJDFNH_01680	24.444	45	32	1	116	158	333	377	1.3	19.2
SA20160326_NMHJDFNH_01676	SA20160326_NMHJDFNH_01683	33.333	21	14	0	87	107	120	140	2.5	18.1
SA20160326_NMHJDFNH_01676	SA20160326_NMHJDFNH_01671	31.818	22	15	0	49	70	506	527	6.8	16.9
SA20160326_NMHJDFNH_01676	SA20160326_NMHJDFNH_01679	50.000	10	5	0	21	30	7	16	7.4	16.5
SA20160326_NMHJDFNH_01676	SA20160326_NMHJDFNH_01682	45.455	11	6	0	156	166	114	124	9.3	16.5
SA20160326_NMHJDFNH_01676	SA20160326_NMHJDFNH_01678	32.143	28	19	0	107	134	62	89	9.4	16.5
SA20160326_NMHJDFNH_01677	SA20160326_NMHJDFNH_01677	100.000	356	0	0	1	356	1	356	0.0	734
SA20160326_NMHJDFNH_01677	SA20160326_NMHJDFNH_01678	43.750	16	9	0	240	255	157	172	3.2	18.9
SA20160326_NMHJDFNH_01677	SA20160326_NMHJDFNH_01682	60.000	10	4	0	53	62	30	39	3.8	18.5
SA20160326_NMHJDFNH_01677	SA20160326_NMHJDFNH_01683	46.154	13	7	0	92	104	89	101	5.2	18.1
SA20160326_NMHJDFNH_01677	SA20160326_NMHJDFNH_01687	35.714	14	9	0	218	231	82	95	5.5	17.7
SA20160326_NMHJDFNH_01678	SA20160326_NMHJDFNH_01678	100.000	252	0	0	1	252	1	252	0.0	527
SA20160326_NMHJDFNH_01678	SA20160326_NMHJDFNH_01688	40.625	32	13	3	140	167	63	92	1.3	19.2
SA20160326_NMHJDFNH_01678	SA20160326_NMHJDFNH_01690	46.667	15	8	0	112	126	93	107	2.1	18.5
SA20160326_NMHJDFNH_01678	SA20160326_NMHJDFNH_01677	43.750	16	9	0	157	172	240	255	2.3	18.9
SA20160326_NMHJDFNH_01678	SA20160326_NMHJDFNH_01681	23.438	64	39	2	152	215	130	183	6.0	17.3
SA20160326_NMHJDFNH_01679	SA20160326_NMHJDFNH_01679	100.000	224	0	0	1	224	1	224	5.41e-168	452
SA20160326_NMHJDFNH_01679	SA20160326_NMHJDFNH_01671	31.034	29	14	1	194	216	79	107	0.87	20.0
SA20160326_NMHJDFNH_01679	SA20160326_NMHJDFNH_01682	34.483	29	19	0	73	101	280	308	4.4	17.7
SA20160326_NMHJDFNH_01679	SA20160326_NMHJDFNH_01672	28.125	32	23	0	107	138	174	205	5.5	17.3
SA20160326_NMHJDFNH_01679	SA20160326_NMHJDFNH_01676	50.000	10	5	0	7	16	21	30	8.0	16.5
SA20160326_NMHJDFNH_01680	SA20160326_NMHJDFNH_01680	100.000	410	0	0	1	410	1	410	0.0	811
SA20160326_NMHJDFNH_01680	SA20160326_NMHJDFNH_01676	24.444	45	32	1	333	377	116	158	2.6	19.2
SA20160326_NMHJDFNH_01680	SA20160326_NMHJDFNH_01683	44.444	27	14	1	39	64	30	56	4.1	18.5
SA20160326_NMHJDFNH_01681	SA20160326_NMHJDFNH_01681	100.000	271	0	0	1	271	1	271	0.0	560
SA20160326_NMHJDFNH_01681	SA20160326_NMHJDFNH_01686	29.167	24	17	0	15	38	20	43	3.3	17.7
SA20160326_NMHJDFNH_01681	SA20160326_NMHJDFNH_01684	25.424	59	42	2	58	116	443	499	3.3	18.5
SA20160326_NMHJDFNH_01681	SA20160326_NMHJDFNH_01678	23.438	64	39	2	130	183	152	215	6.0	17.3
SA20160326_NMHJDFNH_01682	SA20160326_NMHJDFNH_01682	100.000	403	0	0	1	403	1	403	0.0	795
SA20160326_NMHJDFNH_01682	SA20160326_NMHJDFNH_01671	60.000	15	6	0	247	261	134	148	1.2	20.4
SA20160326_NMHJDFNH_01682	SA20160326_NMHJDFNH_01689	38.710	31	19	0	28	58	219	249	1.4	20.0
SA20160326_NMHJDFNH_01682	SA20160326_NMHJDFNH_01677	60.000	10	4	0	30	39	53	62	4.2	18.5
SA20160326_NMHJDFNH_01682	SA20160326_NMHJDFNH_01685	33.333	24	16	0	19	42	43	66	4.8	18.1
SA20160326_NMHJDFNH_01682	SA20160326_NMHJDFNH_01679	34.483	29	19	0	280	308	73	101	9.3	17.3
SA20160326_NMHJDFNH_01683	SA20160326_NMHJDFNH_01683	100.000	186	0	0	1	186	1	186	9.14e-144	388
SA20160326_NMHJDFNH_01683	SA20160326_NMHJDFNH_01680	44.444	27	14	1	30	56	39	64	1.7	18.5
SA20160326_NMHJDFNH_01683	SA20160326_NMHJDFNH_01676	33.333	21	14	0	120	140	87	107	2.3	18.1
SA20160326_NMHJDFNH_01683	SA20160326_NMHJDFNH_01677	46.154	13	7	0	89	101	92	104	2.7	18.1
SA20160326_NMHJDFNH_01683	SA20160326_NMHJDFNH_01690	50.000	12	6	0	144	155	146	157	7.6	16.5
SA20160326_NMHJDFNH_01683	SA20160326_NMHJDFNH_01671	83.333	6	1	0	105	110	435	440	8.1	16.5
SA20160326_NMHJDFNH_01683	SA20160326_NMHJDFNH_01685	33.333	15	10	0	40	54	98	112	8.2	16.2
SA20160326_NMHJDFNH_01684	SA20160326_NMHJDFNH_01684	100.000	561	0	0	1	561	1	561	0.0	1118
SA20160326_NMHJDFNH_01684	SA20160326_NMHJDFNH_01681	25.424	59	42	2	443	499	58	116	6.5	18.5
SA20160326_NMHJDFNH_01685	SA20160326_NMHJDFNH_01685	100.000	125	0	0	1	125	1	125	8.48e-91	249
SA20160326_NMHJDFNH_01685	SA20160326_NMHJDFNH_01688	71.429	7	2	0	3	9	233	239	1.2	18.5
SA20160326_NMHJDFNH_01685	SA20160326_NMHJDFNH_01682	33.333	24	16	0	43	66	19	42	1.4	18.1
SA20160326_NMHJDFNH_01685	SA20160326_NMHJDFNH_01670	50.000	10	5	0	66	75	14	23	3.9	16.2
SA20160326_NMHJDFNH_01685	SA20160326_NMHJDFNH_01683	33.333	15	10	0	98	112	40	54	5.5	16.2
SA20160326_NMHJDFNH_01686	SA20160326_NMHJDFNH_01686	100.000	87	0	0	1	87	1	87	5.66e-66	184
SA20160326_NMHJDFNH_01686	SA20160326_NMHJDFNH_01681	29.167	24	17	0	20	43	15	38	1.0	17.7
SA20160326_NMHJDFNH_01686	SA20160326_NMHJDFNH_01674	20.833	24	19	0	11	34	8	31	3.9	16.2
SA20160326_NMHJDFNH_01686	SA20160326_NMHJDFNH_01671	50.000	10	5	0	5	14	496	505	8.9	15.0
SA20160326_NMHJDFNH_01687	SA20160326_NMHJDFNH_01687	100.000	96	0	0	1	96	1	96	1.02e-68	191
SA20160326_NMHJDFNH_01687	SA20160326_NMHJDFNH_01670	21.154	52	41	0	42	93	5	56	0.53	18.1
SA20160326_NMHJDFNH_01687	SA20160326_NMHJDFNH_01677	35.714	14	9	0	82	95	218	231	1.5	17.7
SA20160326_NMHJDFNH_01687	SA20160326_NMHJDFNH_01672	46.667	15	8	0	29	43	112	126	5.6	15.8
SA20160326_NMHJDFNH_01688	SA20160326_NMHJDFNH_01688	100.000	240	0	0	1	240	1	240	0.0	497
SA20160326_NMHJDFNH_01688	SA20160326_NMHJDFNH_01678	40.625	32	13	3	63	92	140	167	1.2	19.6
SA20160326_NMHJDFNH_01688	SA20160326_NMHJDFNH_01685	71.429	7	2	0	233	239	3	9	2.2	18.5
SA20160326_NMHJDFNH_01688	SA20160326_NMHJDFNH_01672	22.449	49	37	1	128	175	87	135	2.6	18.5
SA20160326_NMHJDFNH_01689	SA20160326_NMHJDFNH_01689	100.000	300	0	0	1	300	1	300	0.0	606
SA20160326_NMHJDFNH_01689	SA20160326_NMHJDFNH_01682	38.710	31	19	0	219	249	28	58	0.86	20.4
SA20160326_NMHJDFNH_01689	SA20160326_NMHJDFNH_01672	34.211	38	20	2	133	165	223	260	2.7	18.9
SA20160326_NMHJDFNH_01690	SA20160326_NMHJDFNH_01690	100.000	158	0	0	1	158	1	158	1.65e-119	324
SA20160326_NMHJDFNH_01690	SA20160326_NMHJDFNH_01678	46.667	15	8	0	93	107	112	126	1.3	18.5
SA20160326_NMHJDFNH_01690	SA20160326_NMHJDFNH_01677	29.167	24	17	0	122	145	208	231	4.8	16.9
SA20160326_NMHJDFNH_01690	SA20160326_NMHJDFNH_01683	50.000	12	6	0	146	157	144	155	6.4	16.5
SA20160200_AKBDPEOC_03434	SA20160200_AKBDPEOC_03434	100.000	158	0	0	1	158	1	158	1.65e-119	324
SA20160200_AKBDPEOC_03434	SA20160200_AKBDPEOC_03446	46.667	15	8	0	93	107	112	126	1.3	18.5
SA20160200_AKBDPEOC_03434	SA20160200_AKBDPEOC_03447	29.167	24	17	0	122	145	208	231	4.8	16.9
SA20160200_AKBDPEOC_03434	SA20160200_AKBDPEOC_03441	50.000	12	6	0	146	157	144	155	6.4	16.5
SA20160200_AKBDPEOC_03435	SA20160200_AKBDPEOC_03435	100.000	300	0	0	1	300	1	300	0.0	606
SA20160200_AKBDPEOC_03435	SA20160200_AKBDPEOC_03442	38.710	31	19	0	219	249	28	58	0.86	20.4
SA20160200_AKBDPEOC_03435	SA20160200_AKBDPEOC_03452	34.211	38	20	2	133	165	223	260	2.7	18.9
SA20160200_AKBDPEOC_03436	SA20160200_AKBDPEOC_03436	100.000	240	0	0	1	240	1	240	0.0	497
SA20160200_AKBDPEOC_03436	SA20160200_AKBDPEOC_03446	40.625	32	13	3	63	92	140	167	1.2	19.6
SA20160200_AKBDPEOC_03436	SA20160200_AKBDPEOC_03439	71.429	7	2	0	233	239	3	9	2.2	18.5
SA20160200_AKBDPEOC_03436	SA20160200_AKBDPEOC_03452	22.449	49	37	1	128	175	87	135	2.6	18.5
SA20160200_AKBDPEOC_03437	SA20160200_AKBDPEOC_03437	100.000	96	0	0	1	96	1	96	1.02e-68	191
SA20160200_AKBDPEOC_03437	SA20160200_AKBDPEOC_03454	21.154	52	41	0	42	93	5	56	0.53	18.1
SA20160200_AKBDPEOC_03437	SA20160200_AKBDPEOC_03447	35.714	14	9	0	82	95	218	231	1.5	17.7
SA20160200_AKBDPEOC_03437	SA20160200_AKBDPEOC_03452	46.667	15	8	0	29	43	112	126	5.6	15.8
SA20160200_AKBDPEOC_03438	SA20160200_AKBDPEOC_03438	100.000	87	0	0	1	87	1	87	5.66e-66	184
SA20160200_AKBDPEOC_03438	SA20160200_AKBDPEOC_03443	29.167	24	17	0	20	43	15	38	1.0	17.7
SA20160200_AKBDPEOC_03438	SA20160200_AKBDPEOC_03450	20.833	24	19	0	11	34	8	31	3.9	16.2
SA20160200_AKBDPEOC_03438	SA20160200_AKBDPEOC_03453	50.000	10	5	0	5	14	496	505	8.9	15.0
SA20160200_AKBDPEOC_03439	SA20160200_AKBDPEOC_03439	100.000	125	0	0	1	125	1	125	8.48e-91	249
SA20160200_AKBDPEOC_03439	SA20160200_AKBDPEOC_03436	71.429	7	2	0	3	9	233	239	1.2	18.5
SA20160200_AKBDPEOC_03439	SA20160200_AKBDPEOC_03442	33.333	24	16	0	43	66	19	42	1.4	18.1
SA20160200_AKBDPEOC_03439	SA20160200_AKBDPEOC_03454	50.000	10	5	0	66	75	14	23	3.9	16.2
SA20160200_AKBDPEOC_03439	SA20160200_AKBDPEOC_03441	33.333	15	10	0	98	112	40	54	5.5	16.2
SA20160200_AKBDPEOC_03440	SA20160200_AKBDPEOC_03440	100.000	561	0	0	1	561	1	561	0.0	1118
SA20160200_AKBDPEOC_03440	SA20160200_AKBDPEOC_03443	25.424	59	42	2	443	499	58	116	6.5	18.5
SA20160200_AKBDPEOC_03441	SA20160200_AKBDPEOC_03441	100.000	186	0	0	1	186	1	186	9.14e-144	388
SA20160200_AKBDPEOC_03441	SA20160200_AKBDPEOC_03444	44.444	27	14	1	30	56	39	64	1.7	18.5
SA20160200_AKBDPEOC_03441	SA20160200_AKBDPEOC_03448	33.333	21	14	0	120	140	87	107	2.3	18.1
SA20160200_AKBDPEOC_03441	SA20160200_AKBDPEOC_03447	46.154	13	7	0	89	101	92	104	2.7	18.1
SA20160200_AKBDPEOC_03441	SA20160200_AKBDPEOC_03434	50.000	12	6	0	144	155	146	157	7.6	16.5
SA20160200_AKBDPEOC_03441	SA20160200_AKBDPEOC_03453	83.333	6	1	0	105	110	435	440	8.1	16.5
SA20160200_AKBDPEOC_03441	SA20160200_AKBDPEOC_03439	33.333	15	10	0	40	54	98	112	8.2	16.2
SA20160200_AKBDPEOC_03442	SA20160200_AKBDPEOC_03442	100.000	403	0	0	1	403	1	403	0.0	795
SA20160200_AKBDPEOC_03442	SA20160200_AKBDPEOC_03453	60.000	15	6	0	247	261	134	148	1.2	20.4
SA20160200_AKBDPEOC_03442	SA20160200_AKBDPEOC_03435	38.710	31	19	0	28	58	219	249	1.4	20.0
SA20160200_AKBDPEOC_03442	SA20160200_AKBDPEOC_03447	60.000	10	4	0	30	39	53	62	4.2	18.5
SA20160200_AKBDPEOC_03442	SA20160200_AKBDPEOC_03439	33.333	24	16	0	19	42	43	66	4.8	18.1
SA20160200_AKBDPEOC_03442	SA20160200_AKBDPEOC_03445	34.483	29	19	0	280	308	73	101	9.3	17.3
SA20160200_AKBDPEOC_03443	SA20160200_AKBDPEOC_03443	100.000	271	0	0	1	271	1	271	0.0	560
SA20160200_AKBDPEOC_03443	SA20160200_AKBDPEOC_03438	29.167	24	17	0	15	38	20	43	3.3	17.7
SA20160200_AKBDPEOC_03443	SA20160200_AKBDPEOC_03440	25.424	59	42	2	58	116	443	499	3.3	18.5
SA20160200_AKBDPEOC_03443	SA20160200_AKBDPEOC_03446	23.438	64	39	2	130	183	152	215	6.0	17.3
SA20160200_AKBDPEOC_03444	SA20160200_AKBDPEOC_03444	100.000	410	0	0	1	410	1	410	0.0	811
SA20160200_AKBDPEOC_03444	SA20160200_AKBDPEOC_03448	24.444	45	32	1	333	377	116	158	2.6	19.2
SA20160200_AKBDPEOC_03444	SA20160200_AKBDPEOC_03441	44.444	27	14	1	39	64	30	56	4.1	18.5
SA20160200_AKBDPEOC_03445	SA20160200_AKBDPEOC_03445	100.000	224	0	0	1	224	1	224	5.41e-168	452
SA20160200_AKBDPEOC_03445	SA20160200_AKBDPEOC_03453	31.034	29	14	1	194	216	79	107	0.87	20.0
SA20160200_AKBDPEOC_03445	SA20160200_AKBDPEOC_03442	34.483	29	19	0	73	101	280	308	4.4	17.7
SA20160200_AKBDPEOC_03445	SA20160200_AKBDPEOC_03452	28.125	32	23	0	107	138	174	205	5.5	17.3
SA20160200_AKBDPEOC_03445	SA20160200_AKBDPEOC_03448	50.000	10	5	0	7	16	21	30	8.0	16.5
SA20160200_AKBDPEOC_03446	SA20160200_AKBDPEOC_03446	100.000	252	0	0	1	252	1	252	0.0	527
SA20160200_AKBDPEOC_03446	SA20160200_AKBDPEOC_03436	40.625	32	13	3	140	167	63	92	1.3	19.2
SA20160200_AKBDPEOC_03446	SA20160200_AKBDPEOC_03434	46.667	15	8	0	112	126	93	107	2.1	18.5
SA20160200_AKBDPEOC_03446	SA20160200_AKBDPEOC_03447	43.750	16	9	0	157	172	240	255	2.3	18.9
SA20160200_AKBDPEOC_03446	SA20160200_AKBDPEOC_03443	23.438	64	39	2	152	215	130	183	6.0	17.3
SA20160200_AKBDPEOC_03447	SA20160200_AKBDPEOC_03447	100.000	356	0	0	1	356	1	356	0.0	734
SA20160200_AKBDPEOC_03447	SA20160200_AKBDPEOC_03446	43.750	16	9	0	240	255	157	172	3.2	18.9
SA20160200_AKBDPEOC_03447	SA20160200_AKBDPEOC_03442	60.000	10	4	0	53	62	30	39	3.8	18.5
SA20160200_AKBDPEOC_03447	SA20160200_AKBDPEOC_03441	46.154	13	7	0	92	104	89	101	5.2	18.1
SA20160200_AKBDPEOC_03447	SA20160200_AKBDPEOC_03437	35.714	14	9	0	218	231	82	95	5.5	17.7
SA20160200_AKBDPEOC_03448	SA20160200_AKBDPEOC_03448	100.000	208	0	0	1	208	1	208	4.70e-158	426
SA20160200_AKBDPEOC_03448	SA20160200_AKBDPEOC_03452	36.842	19	12	0	170	188	118	136	0.78	19.6
SA20160200_AKBDPEOC_03448	SA20160200_AKBDPEOC_03444	24.444	45	32	1	116	158	333	377	1.3	19.2
SA20160200_AKBDPEOC_03448	SA20160200_AKBDPEOC_03441	33.333	21	14	0	87	107	120	140	2.5	18.1
SA20160200_AKBDPEOC_03448	SA20160200_AKBDPEOC_03453	31.818	22	15	0	49	70	506	527	6.8	16.9
SA20160200_AKBDPEOC_03448	SA20160200_AKBDPEOC_03445	50.000	10	5	0	21	30	7	16	7.4	16.5
SA20160200_AKBDPEOC_03448	SA20160200_AKBDPEOC_03442	45.455	11	6	0	156	166	114	124	9.3	16.5
SA20160200_AKBDPEOC_03448	SA20160200_AKBDPEOC_03446	32.143	28	19	0	107	134	62	89	9.4	16.5
SA20160200_AKBDPEOC_03449	SA20160200_AKBDPEOC_03449	100.000	57	0	0	1	57	1	57	1.45e-40	117
SA20160200_AKBDPEOC_03449	SA20160200_AKBDPEOC_03435	47.059	17	9	0	41	57	9	25	2.1	16.2
SA20160200_AKBDPEOC_03450	SA20160200_AKBDPEOC_03450	100.000	165	0	0	1	165	1	165	2.59e-127	345
SA20160200_AKBDPEOC_03450	SA20160200_AKBDPEOC_03452	55.556	9	4	0	31	39	269	277	3.0	17.7
SA20160200_AKBDPEOC_03450	SA20160200_AKBDPEOC_03446	36.000	25	15	1	114	137	171	195	6.0	16.5
SA20160200_AKBDPEOC_03450	SA20160200_AKBDPEOC_03442	38.462	52	23	4	45	94	212	256	6.6	16.5
SA20160200_AKBDPEOC_03450	SA20160200_AKBDPEOC_03438	20.833	24	19	0	8	31	11	34	7.3	16.2
SA20160200_AKBDPEOC_03451	SA20160200_AKBDPEOC_03451	100.000	141	0	0	1	141	1	141	4.33e-101	276
SA20160200_AKBDPEOC_03451	SA20160200_AKBDPEOC_03440	29.412	17	12	0	42	58	417	433	8.9	15.8
SA20160200_AKBDPEOC_03452	SA20160200_AKBDPEOC_03452	100.000	296	0	0	1	296	1	296	0.0	608
SA20160200_AKBDPEOC_03452	SA20160200_AKBDPEOC_03448	36.842	19	12	0	118	136	170	188	1.1	19.6
SA20160200_AKBDPEOC_03452	SA20160200_AKBDPEOC_03435	34.211	38	20	2	223	260	133	165	2.7	18.9
SA20160200_AKBDPEOC_03452	SA20160200_AKBDPEOC_03436	22.449	49	37	1	87	135	128	175	3.4	18.5
SA20160200_AKBDPEOC_03452	SA20160200_AKBDPEOC_03450	55.556	9	4	0	269	277	31	39	5.3	17.7
SA20160200_AKBDPEOC_03452	SA20160200_AKBDPEOC_03445	28.125	32	23	0	174	205	107	138	7.3	17.3
SA20160200_AKBDPEOC_03453	SA20160200_AKBDPEOC_03453	100.000	561	0	0	1	561	1	561	0.0	1155
SA20160200_AKBDPEOC_03453	SA20160200_AKBDPEOC_03442	60.000	15	6	0	134	148	247	261	1.7	20.4
SA20160200_AKBDPEOC_03453	SA20160200_AKBDPEOC_03445	31.034	29	14	1	79	107	194	216	2.2	20.0
SA20160200_AKBDPEOC_03454	SA20160200_AKBDPEOC_03454	100.000	63	0	0	1	63	1	63	8.34e-46	131
SA20160200_AKBDPEOC_03454	SA20160200_AKBDPEOC_03437	21.154	52	41	0	5	56	42	93	0.40	18.1
SA20160200_AKBDPEOC_03454	SA20160200_AKBDPEOC_03439	50.000	10	5	0	14	23	66	75	2.0	16.2
SA20160200_AKBDPEOC_03454	SA20160200_AKBDPEOC_03442	55.556	9	4	0	29	37	276	284	3.9	15.4
