SA20160190_KJBEGOPM_04259	SA20153983_GBAKOBEN_02112	98.734	158	2	0	1	158	1	158	1.45e-118	322
SA20160190_KJBEGOPM_04259	SA20153983_GBAKOBEN_02124	33.333	24	16	0	84	107	103	126	1.3	18.5
SA20160190_KJBEGOPM_04259	SA20153983_GBAKOBEN_02125	29.167	24	17	0	122	145	252	275	5.5	16.9
SA20160190_KJBEGOPM_04259	SA20153983_GBAKOBEN_02131	33.333	21	14	0	136	156	357	377	6.6	16.5
SA20160190_KJBEGOPM_04259	SA20153983_GBAKOBEN_02119	50.000	12	6	0	146	157	144	155	9.9	15.8
SA20160190_KJBEGOPM_04260	SA20153983_GBAKOBEN_02113	100.000	300	0	0	1	300	1	300	0.0	606
SA20160190_KJBEGOPM_04260	SA20153983_GBAKOBEN_02120	38.710	31	19	0	219	249	28	58	0.83	20.4
SA20160190_KJBEGOPM_04260	SA20153983_GBAKOBEN_02130	34.211	38	20	2	133	165	223	260	2.7	18.9
SA20160190_KJBEGOPM_04261	SA20153983_GBAKOBEN_02114	99.583	240	1	0	1	240	1	240	0.0	494
SA20160190_KJBEGOPM_04261	SA20153983_GBAKOBEN_02124	40.625	32	13	3	63	92	140	167	1.1	19.6
SA20160190_KJBEGOPM_04261	SA20153983_GBAKOBEN_02130	22.449	49	37	1	128	175	87	135	1.9	18.9
SA20160190_KJBEGOPM_04261	SA20153983_GBAKOBEN_02117	71.429	7	2	0	233	239	3	9	2.3	18.1
SA20160190_KJBEGOPM_04262	SA20153983_GBAKOBEN_02115	96.875	96	3	0	1	96	1	96	4.14e-66	184
SA20160190_KJBEGOPM_04262	SA20153983_GBAKOBEN_02125	35.714	14	9	0	82	95	262	275	1.7	17.3
SA20160190_KJBEGOPM_04262	SA20153983_GBAKOBEN_02130	46.667	15	8	0	29	43	112	126	3.0	16.5
SA20160190_KJBEGOPM_04263	SA20153983_GBAKOBEN_02116	100.000	87	0	0	1	87	1	87	5.73e-66	184
SA20160190_KJBEGOPM_04263	SA20153983_GBAKOBEN_02121	29.167	24	17	0	20	43	15	38	1.1	17.7
SA20160190_KJBEGOPM_04263	SA20153983_GBAKOBEN_02128	20.833	24	19	0	11	34	8	31	3.8	16.2
SA20160190_KJBEGOPM_04263	SA20153983_GBAKOBEN_02131	50.000	10	5	0	5	14	496	505	9.0	15.0
SA20160190_KJBEGOPM_04264	SA20153983_GBAKOBEN_02117	99.200	125	1	0	1	125	1	125	2.66e-90	248
SA20160190_KJBEGOPM_04264	SA20153983_GBAKOBEN_02114	71.429	7	2	0	3	9	233	239	1.2	18.5
SA20160190_KJBEGOPM_04264	SA20153983_GBAKOBEN_02120	33.333	24	16	0	43	66	19	42	1.4	18.1
SA20160190_KJBEGOPM_04264	SA20153983_GBAKOBEN_02132	50.000	10	5	0	66	75	14	23	4.0	16.2
SA20160190_KJBEGOPM_04264	SA20153983_GBAKOBEN_02119	31.250	16	11	0	97	112	39	54	5.7	16.2
SA20160190_KJBEGOPM_04265	SA20153983_GBAKOBEN_02118	100.000	561	0	0	1	561	1	561	0.0	1118
SA20160190_KJBEGOPM_04265	SA20153983_GBAKOBEN_02121	29.577	71	47	3	443	510	58	128	2.3	20.0
SA20160190_KJBEGOPM_04266	SA20153983_GBAKOBEN_02119	99.515	206	1	0	1	206	1	206	1.97e-160	432
SA20160190_KJBEGOPM_04266	SA20153983_GBAKOBEN_02132	47.368	19	8	1	73	91	24	40	0.045	22.3
SA20160190_KJBEGOPM_04266	SA20153983_GBAKOBEN_02122	44.444	27	14	1	30	56	39	64	2.3	18.5
SA20160190_KJBEGOPM_04266	SA20153983_GBAKOBEN_02125	46.154	13	7	0	89	101	136	148	3.2	18.1
SA20160190_KJBEGOPM_04266	SA20153983_GBAKOBEN_02126	33.333	21	14	0	120	140	87	107	3.2	17.7
SA20160190_KJBEGOPM_04266	SA20153983_GBAKOBEN_02112	50.000	12	6	0	144	155	146	157	9.2	16.2
SA20160190_KJBEGOPM_04266	SA20153983_GBAKOBEN_02117	31.250	16	11	0	39	54	97	112	9.9	16.2
SA20160190_KJBEGOPM_04267	SA20153983_GBAKOBEN_02120	99.256	403	3	0	1	403	1	403	0.0	788
SA20160190_KJBEGOPM_04267	SA20153983_GBAKOBEN_02131	60.000	15	6	0	247	261	134	148	1.2	20.4
SA20160190_KJBEGOPM_04267	SA20153983_GBAKOBEN_02132	54.545	11	5	0	274	284	27	37	1.2	19.2
SA20160190_KJBEGOPM_04267	SA20153983_GBAKOBEN_02113	38.710	31	19	0	28	58	219	249	1.4	20.0
SA20160190_KJBEGOPM_04267	SA20153983_GBAKOBEN_02125	60.000	10	4	0	30	39	97	106	4.6	18.5
SA20160190_KJBEGOPM_04267	SA20153983_GBAKOBEN_02117	33.333	24	16	0	19	42	43	66	4.7	18.1
SA20160190_KJBEGOPM_04267	SA20153983_GBAKOBEN_02123	34.483	29	19	0	280	308	73	101	9.6	17.3
SA20160190_KJBEGOPM_04268	SA20153983_GBAKOBEN_02121	99.631	271	1	0	1	271	1	271	0.0	559
SA20160190_KJBEGOPM_04268	SA20153983_GBAKOBEN_02118	29.577	71	47	3	58	128	443	510	1.2	19.6
SA20160190_KJBEGOPM_04268	SA20153983_GBAKOBEN_02116	29.167	24	17	0	15	38	20	43	3.3	17.7
SA20160190_KJBEGOPM_04268	SA20153983_GBAKOBEN_02124	23.438	64	39	2	130	183	152	215	6.2	17.3
SA20160190_KJBEGOPM_04269	SA20153983_GBAKOBEN_02122	99.512	410	2	0	1	410	1	410	0.0	806
SA20160190_KJBEGOPM_04269	SA20153983_GBAKOBEN_02126	24.444	45	32	1	333	377	116	158	2.0	19.6
SA20160190_KJBEGOPM_04269	SA20153983_GBAKOBEN_02119	44.444	27	14	1	39	64	30	56	4.5	18.5
SA20160190_KJBEGOPM_04270	SA20153983_GBAKOBEN_02123	99.107	224	2	0	1	224	1	224	7.54e-167	449
SA20160190_KJBEGOPM_04270	SA20153983_GBAKOBEN_02131	31.034	29	14	1	194	216	79	107	0.64	20.4
SA20160190_KJBEGOPM_04270	SA20153983_GBAKOBEN_02120	34.483	29	19	0	73	101	280	308	4.2	17.7
SA20160190_KJBEGOPM_04270	SA20153983_GBAKOBEN_02130	28.125	32	23	0	107	138	174	205	5.6	17.3
SA20160190_KJBEGOPM_04270	SA20153983_GBAKOBEN_02126	50.000	10	5	0	7	16	21	30	7.9	16.5
SA20160190_KJBEGOPM_04271	SA20153983_GBAKOBEN_02124	99.206	252	2	0	1	252	1	252	0.0	522
SA20160190_KJBEGOPM_04271	SA20153983_GBAKOBEN_02114	40.625	32	13	3	140	167	63	92	1.1	19.6
SA20160190_KJBEGOPM_04271	SA20153983_GBAKOBEN_02121	25.000	64	38	3	152	215	130	183	1.6	19.2
SA20160190_KJBEGOPM_04271	SA20153983_GBAKOBEN_02112	46.667	15	8	0	112	126	93	107	2.0	18.5
SA20160190_KJBEGOPM_04271	SA20153983_GBAKOBEN_02125	43.750	16	9	0	157	172	284	299	2.0	18.9
SA20160190_KJBEGOPM_04272	SA20153983_GBAKOBEN_02125	100.000	356	0	0	1	356	45	400	0.0	736
SA20160190_KJBEGOPM_04272	SA20153983_GBAKOBEN_02124	43.750	16	9	0	240	255	157	172	3.3	18.9
SA20160190_KJBEGOPM_04272	SA20153983_GBAKOBEN_02120	60.000	10	4	0	53	62	30	39	4.0	18.5
SA20160190_KJBEGOPM_04272	SA20153983_GBAKOBEN_02119	46.154	13	7	0	92	104	89	101	5.3	18.1
SA20160190_KJBEGOPM_04272	SA20153983_GBAKOBEN_02115	35.714	14	9	0	218	231	82	95	5.6	17.7
SA20160190_KJBEGOPM_04273	SA20153983_GBAKOBEN_02126	100.000	208	0	0	1	208	1	208	2.09e-157	424
SA20160190_KJBEGOPM_04273	SA20153983_GBAKOBEN_02130	36.842	19	12	0	170	188	118	136	0.79	19.6
SA20160190_KJBEGOPM_04273	SA20153983_GBAKOBEN_02122	24.444	45	32	1	116	158	333	377	1.2	19.2
SA20160190_KJBEGOPM_04273	SA20153983_GBAKOBEN_02119	33.333	21	14	0	87	107	120	140	3.3	17.7
SA20160190_KJBEGOPM_04273	SA20153983_GBAKOBEN_02131	31.818	22	15	0	49	70	506	527	6.5	16.9
SA20160190_KJBEGOPM_04273	SA20153983_GBAKOBEN_02123	50.000	10	5	0	21	30	7	16	7.4	16.5
SA20160190_KJBEGOPM_04273	SA20153983_GBAKOBEN_02124	24.390	82	53	4	107	186	62	136	8.4	16.5
SA20160190_KJBEGOPM_04273	SA20153983_GBAKOBEN_02120	45.455	11	6	0	156	166	114	124	9.6	16.5
SA20160190_KJBEGOPM_04274	SA20153983_GBAKOBEN_02128	84.211	95	15	0	25	119	61	155	1.76e-59	174
SA20160190_KJBEGOPM_04274	SA20153983_GBAKOBEN_02127	100.000	53	0	0	138	190	1	53	7.33e-35	108
SA20160190_KJBEGOPM_04274	SA20153983_GBAKOBEN_02113	28.889	45	29	1	71	112	6	50	1.1	19.2
SA20160190_KJBEGOPM_04274	SA20153983_GBAKOBEN_02125	35.000	20	13	0	72	91	332	351	3.8	17.7
SA20160190_KJBEGOPM_04274	SA20153983_GBAKOBEN_02123	54.545	11	5	0	10	20	105	115	6.1	16.9
SA20160190_KJBEGOPM_04274	SA20153983_GBAKOBEN_02121	23.529	17	13	0	74	90	149	165	7.0	16.5
SA20153983_GBAKOBEN_02112	SA20153983_GBAKOBEN_02112	100.000	158	0	0	1	158	1	158	1.62e-119	325
SA20153983_GBAKOBEN_02112	SA20153983_GBAKOBEN_02124	46.667	15	8	0	93	107	112	126	1.3	18.5
SA20153983_GBAKOBEN_02112	SA20153983_GBAKOBEN_02125	29.167	24	17	0	122	145	252	275	5.4	16.9
SA20153983_GBAKOBEN_02112	SA20153983_GBAKOBEN_02119	50.000	12	6	0	146	157	144	155	7.0	16.2
SA20153983_GBAKOBEN_02113	SA20153983_GBAKOBEN_02113	100.000	300	0	0	1	300	1	300	0.0	606
SA20153983_GBAKOBEN_02113	SA20153983_GBAKOBEN_02120	38.710	31	19	0	219	249	28	58	0.83	20.4
SA20153983_GBAKOBEN_02113	SA20153983_GBAKOBEN_02130	34.211	38	20	2	133	165	223	260	2.7	18.9
SA20153983_GBAKOBEN_02114	SA20153983_GBAKOBEN_02114	100.000	240	0	0	1	240	1	240	0.0	497
SA20153983_GBAKOBEN_02114	SA20153983_GBAKOBEN_02124	40.625	32	13	3	63	92	140	167	1.2	19.6
SA20153983_GBAKOBEN_02114	SA20153983_GBAKOBEN_02117	71.429	7	2	0	233	239	3	9	2.3	18.1
SA20153983_GBAKOBEN_02114	SA20153983_GBAKOBEN_02130	22.449	49	37	1	128	175	87	135	2.6	18.5
SA20153983_GBAKOBEN_02115	SA20153983_GBAKOBEN_02115	100.000	96	0	0	1	96	1	96	1.03e-68	191
SA20153983_GBAKOBEN_02115	SA20153983_GBAKOBEN_02132	21.154	52	41	0	42	93	5	56	0.54	18.1
SA20153983_GBAKOBEN_02115	SA20153983_GBAKOBEN_02125	35.714	14	9	0	82	95	262	275	1.6	17.3
SA20153983_GBAKOBEN_02115	SA20153983_GBAKOBEN_02130	46.667	15	8	0	29	43	112	126	5.7	15.8
SA20153983_GBAKOBEN_02115	SA20153983_GBAKOBEN_02119	26.087	23	17	0	42	64	46	68	8.6	15.4
SA20153983_GBAKOBEN_02116	SA20153983_GBAKOBEN_02116	100.000	87	0	0	1	87	1	87	5.73e-66	184
SA20153983_GBAKOBEN_02116	SA20153983_GBAKOBEN_02121	29.167	24	17	0	20	43	15	38	1.1	17.7
SA20153983_GBAKOBEN_02116	SA20153983_GBAKOBEN_02128	20.833	24	19	0	11	34	8	31	3.8	16.2
SA20153983_GBAKOBEN_02116	SA20153983_GBAKOBEN_02131	50.000	10	5	0	5	14	496	505	9.0	15.0
SA20153983_GBAKOBEN_02117	SA20153983_GBAKOBEN_02117	100.000	125	0	0	1	125	1	125	4.74e-91	250
SA20153983_GBAKOBEN_02117	SA20153983_GBAKOBEN_02114	71.429	7	2	0	3	9	233	239	1.2	18.1
SA20153983_GBAKOBEN_02117	SA20153983_GBAKOBEN_02120	33.333	24	16	0	43	66	19	42	1.4	18.1
SA20153983_GBAKOBEN_02117	SA20153983_GBAKOBEN_02132	50.000	10	5	0	66	75	14	23	4.0	16.2
SA20153983_GBAKOBEN_02117	SA20153983_GBAKOBEN_02119	31.250	16	11	0	97	112	39	54	5.9	16.2
SA20153983_GBAKOBEN_02118	SA20153983_GBAKOBEN_02118	100.000	561	0	0	1	561	1	561	0.0	1118
SA20153983_GBAKOBEN_02118	SA20153983_GBAKOBEN_02121	29.577	71	47	3	443	510	58	128	2.3	20.0
SA20153983_GBAKOBEN_02119	SA20153983_GBAKOBEN_02119	100.000	206	0	0	1	206	1	206	2.08e-161	434
SA20153983_GBAKOBEN_02119	SA20153983_GBAKOBEN_02132	47.368	19	8	1	73	91	24	40	0.045	22.3
SA20153983_GBAKOBEN_02119	SA20153983_GBAKOBEN_02122	44.444	27	14	1	30	56	39	64	2.4	18.5
SA20153983_GBAKOBEN_02119	SA20153983_GBAKOBEN_02125	46.154	13	7	0	89	101	136	148	3.1	18.1
SA20153983_GBAKOBEN_02119	SA20153983_GBAKOBEN_02126	33.333	21	14	0	120	140	87	107	3.3	17.7
SA20153983_GBAKOBEN_02119	SA20153983_GBAKOBEN_02112	50.000	12	6	0	144	155	146	157	9.1	16.2
SA20153983_GBAKOBEN_02119	SA20153983_GBAKOBEN_02117	31.250	16	11	0	39	54	97	112	9.7	16.2
SA20153983_GBAKOBEN_02120	SA20153983_GBAKOBEN_02120	100.000	403	0	0	1	403	1	403	0.0	793
SA20153983_GBAKOBEN_02120	SA20153983_GBAKOBEN_02131	60.000	15	6	0	247	261	134	148	1.2	20.4
SA20153983_GBAKOBEN_02120	SA20153983_GBAKOBEN_02132	54.545	11	5	0	274	284	27	37	1.2	19.2
SA20153983_GBAKOBEN_02120	SA20153983_GBAKOBEN_02113	38.710	31	19	0	28	58	219	249	1.4	20.0
SA20153983_GBAKOBEN_02120	SA20153983_GBAKOBEN_02125	60.000	10	4	0	30	39	97	106	4.7	18.5
SA20153983_GBAKOBEN_02120	SA20153983_GBAKOBEN_02117	33.333	24	16	0	19	42	43	66	4.8	18.1
SA20153983_GBAKOBEN_02120	SA20153983_GBAKOBEN_02123	34.483	29	19	0	280	308	73	101	8.9	17.3
SA20153983_GBAKOBEN_02121	SA20153983_GBAKOBEN_02121	100.000	271	0	0	1	271	1	271	0.0	559
SA20153983_GBAKOBEN_02121	SA20153983_GBAKOBEN_02118	29.577	71	47	3	58	128	443	510	1.2	19.6
SA20153983_GBAKOBEN_02121	SA20153983_GBAKOBEN_02116	29.167	24	17	0	15	38	20	43	3.3	17.7
SA20153983_GBAKOBEN_02121	SA20153983_GBAKOBEN_02124	23.438	64	39	2	130	183	152	215	6.3	17.3
SA20153983_GBAKOBEN_02122	SA20153983_GBAKOBEN_02122	100.000	410	0	0	1	410	1	410	0.0	814
SA20153983_GBAKOBEN_02122	SA20153983_GBAKOBEN_02126	24.444	45	32	1	333	377	116	158	2.1	19.6
SA20153983_GBAKOBEN_02122	SA20153983_GBAKOBEN_02119	44.444	27	14	1	39	64	30	56	5.0	18.1
SA20153983_GBAKOBEN_02123	SA20153983_GBAKOBEN_02123	100.000	224	0	0	1	224	1	224	7.69e-168	452
SA20153983_GBAKOBEN_02123	SA20153983_GBAKOBEN_02131	31.034	29	14	1	194	216	79	107	0.88	20.0
SA20153983_GBAKOBEN_02123	SA20153983_GBAKOBEN_02120	34.483	29	19	0	73	101	280	308	4.5	17.7
SA20153983_GBAKOBEN_02123	SA20153983_GBAKOBEN_02130	28.125	32	23	0	107	138	174	205	5.6	17.3
SA20153983_GBAKOBEN_02123	SA20153983_GBAKOBEN_02126	50.000	10	5	0	7	16	21	30	8.0	16.5
SA20153983_GBAKOBEN_02124	SA20153983_GBAKOBEN_02124	100.000	252	0	0	1	252	1	252	0.0	527
SA20153983_GBAKOBEN_02124	SA20153983_GBAKOBEN_02114	40.625	32	13	3	140	167	63	92	1.3	19.2
SA20153983_GBAKOBEN_02124	SA20153983_GBAKOBEN_02112	46.667	15	8	0	112	126	93	107	2.1	18.5
SA20153983_GBAKOBEN_02124	SA20153983_GBAKOBEN_02125	43.750	16	9	0	157	172	284	299	2.1	18.9
SA20153983_GBAKOBEN_02124	SA20153983_GBAKOBEN_02121	23.438	64	39	2	152	215	130	183	6.2	17.3
SA20153983_GBAKOBEN_02125	SA20153983_GBAKOBEN_02125	100.000	400	0	0	1	400	1	400	0.0	822
SA20153983_GBAKOBEN_02125	SA20153983_GBAKOBEN_02124	43.750	16	9	0	284	299	157	172	3.4	18.9
SA20153983_GBAKOBEN_02125	SA20153983_GBAKOBEN_02120	60.000	10	4	0	97	106	30	39	4.8	18.5
SA20153983_GBAKOBEN_02125	SA20153983_GBAKOBEN_02119	46.154	13	7	0	136	148	89	101	6.0	18.1
SA20153983_GBAKOBEN_02125	SA20153983_GBAKOBEN_02115	35.714	14	9	0	262	275	82	95	6.5	17.3
SA20153983_GBAKOBEN_02126	SA20153983_GBAKOBEN_02126	100.000	208	0	0	1	208	1	208	2.09e-157	424
SA20153983_GBAKOBEN_02126	SA20153983_GBAKOBEN_02130	36.842	19	12	0	170	188	118	136	0.79	19.6
SA20153983_GBAKOBEN_02126	SA20153983_GBAKOBEN_02122	24.444	45	32	1	116	158	333	377	1.2	19.2
SA20153983_GBAKOBEN_02126	SA20153983_GBAKOBEN_02119	33.333	21	14	0	87	107	120	140	3.3	17.7
SA20153983_GBAKOBEN_02126	SA20153983_GBAKOBEN_02131	31.818	22	15	0	49	70	506	527	6.5	16.9
SA20153983_GBAKOBEN_02126	SA20153983_GBAKOBEN_02123	50.000	10	5	0	21	30	7	16	7.4	16.5
SA20153983_GBAKOBEN_02126	SA20153983_GBAKOBEN_02124	24.390	82	53	4	107	186	62	136	8.4	16.5
SA20153983_GBAKOBEN_02126	SA20153983_GBAKOBEN_02120	45.455	11	6	0	156	166	114	124	9.6	16.5
SA20153983_GBAKOBEN_02127	SA20153983_GBAKOBEN_02127	100.000	53	0	0	1	53	1	53	2.88e-36	106
SA20153983_GBAKOBEN_02127	SA20153983_GBAKOBEN_02125	50.000	10	5	0	14	23	261	270	3.2	15.4
SA20153983_GBAKOBEN_02128	SA20153983_GBAKOBEN_02128	100.000	165	0	0	1	165	1	165	1.63e-127	345
SA20153983_GBAKOBEN_02128	SA20153983_GBAKOBEN_02130	55.556	9	4	0	31	39	269	277	3.0	17.7
SA20153983_GBAKOBEN_02128	SA20153983_GBAKOBEN_02124	36.000	25	15	1	114	137	171	195	6.5	16.5
SA20153983_GBAKOBEN_02128	SA20153983_GBAKOBEN_02120	38.462	52	23	4	45	94	212	256	6.9	16.5
SA20153983_GBAKOBEN_02128	SA20153983_GBAKOBEN_02116	20.833	24	19	0	8	31	11	34	7.2	16.2
SA20153983_GBAKOBEN_02129	SA20153983_GBAKOBEN_02129	100.000	141	0	0	1	141	1	141	4.39e-101	276
SA20153983_GBAKOBEN_02129	SA20153983_GBAKOBEN_02132	30.000	20	13	1	69	88	26	44	3.6	16.5
SA20153983_GBAKOBEN_02129	SA20153983_GBAKOBEN_02118	29.412	17	12	0	42	58	417	433	9.0	15.8
SA20153983_GBAKOBEN_02130	SA20153983_GBAKOBEN_02130	100.000	296	0	0	1	296	1	296	0.0	608
SA20153983_GBAKOBEN_02130	SA20153983_GBAKOBEN_02126	36.842	19	12	0	118	136	170	188	1.1	19.6
SA20153983_GBAKOBEN_02130	SA20153983_GBAKOBEN_02113	34.211	38	20	2	223	260	133	165	2.7	18.9
SA20153983_GBAKOBEN_02130	SA20153983_GBAKOBEN_02114	22.449	49	37	1	87	135	128	175	3.4	18.5
SA20153983_GBAKOBEN_02130	SA20153983_GBAKOBEN_02128	55.556	9	4	0	269	277	31	39	5.4	17.7
SA20153983_GBAKOBEN_02130	SA20153983_GBAKOBEN_02123	28.125	32	23	0	174	205	107	138	7.3	17.3
SA20153983_GBAKOBEN_02131	SA20153983_GBAKOBEN_02131	100.000	561	0	0	1	561	1	561	0.0	1156
SA20153983_GBAKOBEN_02131	SA20153983_GBAKOBEN_02120	60.000	15	6	0	134	148	247	261	1.7	20.4
SA20153983_GBAKOBEN_02131	SA20153983_GBAKOBEN_02123	31.034	29	14	1	79	107	194	216	2.2	20.0
SA20153983_GBAKOBEN_02132	SA20153983_GBAKOBEN_02132	100.000	63	0	0	1	63	1	63	9.94e-46	130
SA20153983_GBAKOBEN_02132	SA20153983_GBAKOBEN_02119	47.368	19	8	1	24	40	73	91	0.014	22.3
SA20153983_GBAKOBEN_02132	SA20153983_GBAKOBEN_02120	54.545	11	5	0	27	37	274	284	0.19	19.2
SA20153983_GBAKOBEN_02132	SA20153983_GBAKOBEN_02115	21.154	52	41	0	5	56	42	93	0.43	18.1
SA20153983_GBAKOBEN_02132	SA20153983_GBAKOBEN_02129	30.000	20	13	1	26	44	69	88	1.6	16.5
SA20153983_GBAKOBEN_02132	SA20153983_GBAKOBEN_02117	50.000	10	5	0	14	23	66	75	2.0	16.2
SA20160190_KJBEGOPM_04259	SA20160190_KJBEGOPM_04259	100.000	158	0	0	1	158	1	158	1.61e-119	324
SA20160190_KJBEGOPM_04259	SA20160190_KJBEGOPM_04271	33.333	24	16	0	84	107	103	126	1.0	18.5
SA20160190_KJBEGOPM_04259	SA20160190_KJBEGOPM_04272	29.167	24	17	0	122	145	208	231	3.8	16.9
SA20160190_KJBEGOPM_04259	SA20160190_KJBEGOPM_04266	50.000	12	6	0	146	157	144	155	7.9	15.8
SA20160190_KJBEGOPM_04260	SA20160190_KJBEGOPM_04260	100.000	300	0	0	1	300	1	300	0.0	606
SA20160190_KJBEGOPM_04260	SA20160190_KJBEGOPM_04267	38.710	31	19	0	219	249	28	58	0.69	20.4
SA20160190_KJBEGOPM_04260	SA20160190_KJBEGOPM_04274	28.889	45	29	1	6	50	71	112	1.3	19.2
SA20160190_KJBEGOPM_04261	SA20160190_KJBEGOPM_04261	100.000	240	0	0	1	240	1	240	0.0	497
SA20160190_KJBEGOPM_04261	SA20160190_KJBEGOPM_04271	40.625	32	13	3	63	92	140	167	0.73	19.6
SA20160190_KJBEGOPM_04261	SA20160190_KJBEGOPM_04264	71.429	7	2	0	233	239	3	9	1.8	18.5
SA20160190_KJBEGOPM_04262	SA20160190_KJBEGOPM_04262	100.000	96	0	0	1	96	1	96	1.20e-68	191
SA20160190_KJBEGOPM_04262	SA20160190_KJBEGOPM_04272	35.714	14	9	0	82	95	218	231	1.2	17.7
SA20160190_KJBEGOPM_04263	SA20160190_KJBEGOPM_04263	100.000	87	0	0	1	87	1	87	4.49e-66	184
SA20160190_KJBEGOPM_04263	SA20160190_KJBEGOPM_04268	29.167	24	17	0	20	43	15	38	0.82	17.7
SA20160190_KJBEGOPM_04264	SA20160190_KJBEGOPM_04264	100.000	125	0	0	1	125	1	125	6.72e-91	249
SA20160190_KJBEGOPM_04264	SA20160190_KJBEGOPM_04261	71.429	7	2	0	3	9	233	239	0.92	18.5
SA20160190_KJBEGOPM_04264	SA20160190_KJBEGOPM_04267	33.333	24	16	0	43	66	19	42	1.1	18.1
SA20160190_KJBEGOPM_04264	SA20160190_KJBEGOPM_04266	31.250	16	11	0	97	112	39	54	4.6	16.2
SA20160190_KJBEGOPM_04264	SA20160190_KJBEGOPM_04269	83.333	6	1	0	73	78	19	24	9.0	15.4
SA20160190_KJBEGOPM_04265	SA20160190_KJBEGOPM_04265	100.000	561	0	0	1	561	1	561	0.0	1118
SA20160190_KJBEGOPM_04265	SA20160190_KJBEGOPM_04268	29.577	71	47	3	443	510	58	128	1.8	20.0
SA20160190_KJBEGOPM_04266	SA20160190_KJBEGOPM_04266	100.000	206	0	0	1	206	1	206	2.55e-161	434
SA20160190_KJBEGOPM_04266	SA20160190_KJBEGOPM_04269	44.444	27	14	1	30	56	39	64	1.6	18.5
SA20160190_KJBEGOPM_04266	SA20160190_KJBEGOPM_04272	46.154	13	7	0	89	101	92	104	2.5	18.1
SA20160190_KJBEGOPM_04266	SA20160190_KJBEGOPM_04273	33.333	21	14	0	120	140	87	107	2.5	17.7
SA20160190_KJBEGOPM_04266	SA20160190_KJBEGOPM_04264	31.250	16	11	0	39	54	97	112	7.6	16.2
SA20160190_KJBEGOPM_04267	SA20160190_KJBEGOPM_04267	100.000	403	0	0	1	403	1	403	0.0	795
SA20160190_KJBEGOPM_04267	SA20160190_KJBEGOPM_04260	38.710	31	19	0	28	58	219	249	1.1	20.0
SA20160190_KJBEGOPM_04267	SA20160190_KJBEGOPM_04272	60.000	10	4	0	30	39	53	62	3.4	18.5
SA20160190_KJBEGOPM_04267	SA20160190_KJBEGOPM_04264	33.333	24	16	0	19	42	43	66	3.8	18.1
SA20160190_KJBEGOPM_04267	SA20160190_KJBEGOPM_04270	34.483	29	19	0	280	308	73	101	7.3	17.3
SA20160190_KJBEGOPM_04268	SA20160190_KJBEGOPM_04268	100.000	271	0	0	1	271	1	271	0.0	559
SA20160190_KJBEGOPM_04268	SA20160190_KJBEGOPM_04265	29.577	71	47	3	58	128	443	510	0.93	19.6
SA20160190_KJBEGOPM_04268	SA20160190_KJBEGOPM_04271	25.000	64	38	3	130	183	152	215	1.3	19.2
SA20160190_KJBEGOPM_04268	SA20160190_KJBEGOPM_04263	29.167	24	17	0	15	38	20	43	2.6	17.7
SA20160190_KJBEGOPM_04268	SA20160190_KJBEGOPM_04274	23.529	17	13	0	149	165	74	90	7.7	16.5
SA20160190_KJBEGOPM_04269	SA20160190_KJBEGOPM_04269	100.000	410	0	0	1	410	1	410	0.0	811
SA20160190_KJBEGOPM_04269	SA20160190_KJBEGOPM_04273	24.444	45	32	1	333	377	116	158	1.6	19.6
SA20160190_KJBEGOPM_04269	SA20160190_KJBEGOPM_04266	44.444	27	14	1	39	64	30	56	3.5	18.5
SA20160190_KJBEGOPM_04269	SA20160190_KJBEGOPM_04267	23.077	39	30	0	208	246	275	313	9.9	16.9
SA20160190_KJBEGOPM_04270	SA20160190_KJBEGOPM_04270	100.000	224	0	0	1	224	1	224	2.24e-168	453
SA20160190_KJBEGOPM_04270	SA20160190_KJBEGOPM_04267	34.483	29	19	0	73	101	280	308	3.5	17.7
SA20160190_KJBEGOPM_04270	SA20160190_KJBEGOPM_04274	54.545	11	5	0	105	115	10	20	5.7	16.9
SA20160190_KJBEGOPM_04270	SA20160190_KJBEGOPM_04273	50.000	10	5	0	7	16	21	30	6.2	16.5
SA20160190_KJBEGOPM_04270	SA20160190_KJBEGOPM_04260	44.444	18	10	0	47	64	91	108	8.2	16.5
SA20160190_KJBEGOPM_04271	SA20160190_KJBEGOPM_04271	100.000	252	0	0	1	252	1	252	0.0	526
SA20160190_KJBEGOPM_04271	SA20160190_KJBEGOPM_04261	40.625	32	13	3	140	167	63	92	0.80	19.6
SA20160190_KJBEGOPM_04271	SA20160190_KJBEGOPM_04268	25.000	64	38	3	152	215	130	183	1.2	19.2
SA20160190_KJBEGOPM_04271	SA20160190_KJBEGOPM_04259	33.333	24	16	0	103	126	84	107	1.6	18.5
SA20160190_KJBEGOPM_04271	SA20160190_KJBEGOPM_04272	43.750	16	9	0	157	172	240	255	1.8	18.9
SA20160190_KJBEGOPM_04271	SA20160190_KJBEGOPM_04273	24.691	81	52	4	62	135	107	185	8.6	16.5
SA20160190_KJBEGOPM_04272	SA20160190_KJBEGOPM_04272	100.000	356	0	0	1	356	1	356	0.0	734
SA20160190_KJBEGOPM_04272	SA20160190_KJBEGOPM_04271	43.750	16	9	0	240	255	157	172	2.5	18.9
SA20160190_KJBEGOPM_04272	SA20160190_KJBEGOPM_04267	60.000	10	4	0	53	62	30	39	3.0	18.5
SA20160190_KJBEGOPM_04272	SA20160190_KJBEGOPM_04266	46.154	13	7	0	92	104	89	101	4.3	18.1
SA20160190_KJBEGOPM_04272	SA20160190_KJBEGOPM_04262	35.714	14	9	0	218	231	82	95	4.4	17.7
SA20160190_KJBEGOPM_04272	SA20160190_KJBEGOPM_04274	35.000	20	13	0	288	307	72	91	6.0	17.3
SA20160190_KJBEGOPM_04272	SA20160190_KJBEGOPM_04259	29.167	24	17	0	208	231	122	145	8.6	16.9
SA20160190_KJBEGOPM_04273	SA20160190_KJBEGOPM_04273	100.000	208	0	0	1	208	1	208	1.64e-157	424
SA20160190_KJBEGOPM_04273	SA20160190_KJBEGOPM_04269	24.444	45	32	1	116	158	333	377	0.87	19.2
SA20160190_KJBEGOPM_04273	SA20160190_KJBEGOPM_04266	33.333	21	14	0	87	107	120	140	2.6	17.7
SA20160190_KJBEGOPM_04273	SA20160190_KJBEGOPM_04270	50.000	10	5	0	21	30	7	16	5.8	16.5
SA20160190_KJBEGOPM_04273	SA20160190_KJBEGOPM_04271	20.930	43	34	0	80	122	63	105	6.5	16.5
SA20160190_KJBEGOPM_04273	SA20160190_KJBEGOPM_04267	45.455	11	6	0	156	166	114	124	7.4	16.5
SA20160190_KJBEGOPM_04274	SA20160190_KJBEGOPM_04274	100.000	190	0	0	1	190	1	190	1.49e-143	387
SA20160190_KJBEGOPM_04274	SA20160190_KJBEGOPM_04260	28.889	45	29	1	71	112	6	50	0.85	19.2
SA20160190_KJBEGOPM_04274	SA20160190_KJBEGOPM_04272	35.000	20	13	0	72	91	288	307	3.2	17.3
SA20160190_KJBEGOPM_04274	SA20160190_KJBEGOPM_04270	54.545	11	5	0	10	20	105	115	4.9	16.9
SA20160190_KJBEGOPM_04274	SA20160190_KJBEGOPM_04268	23.529	17	13	0	74	90	149	165	5.5	16.5
