SA20153983_GBAKOBEN_02112	SA20153980_HPBJMGIL_03272	99.367	158	1	0	1	158	1	158	2.25e-119	324
SA20153983_GBAKOBEN_02112	SA20153980_HPBJMGIL_03284	46.667	15	8	0	93	107	112	126	1.3	18.5
SA20153983_GBAKOBEN_02112	SA20153980_HPBJMGIL_03285	29.167	24	17	0	122	145	208	231	4.9	16.9
SA20153983_GBAKOBEN_02112	SA20153980_HPBJMGIL_03279	50.000	12	6	0	146	157	144	155	6.5	16.5
SA20153983_GBAKOBEN_02113	SA20153980_HPBJMGIL_03273	100.000	300	0	0	1	300	1	300	0.0	606
SA20153983_GBAKOBEN_02113	SA20153980_HPBJMGIL_03280	38.710	31	19	0	219	249	28	58	0.86	20.4
SA20153983_GBAKOBEN_02113	SA20153980_HPBJMGIL_03290	34.211	38	20	2	133	165	223	260	2.7	18.9
SA20153983_GBAKOBEN_02114	SA20153980_HPBJMGIL_03274	100.000	240	0	0	1	240	1	240	0.0	497
SA20153983_GBAKOBEN_02114	SA20153980_HPBJMGIL_03284	40.625	32	13	3	63	92	140	167	1.2	19.6
SA20153983_GBAKOBEN_02114	SA20153980_HPBJMGIL_03277	71.429	7	2	0	233	239	3	9	2.2	18.5
SA20153983_GBAKOBEN_02114	SA20153980_HPBJMGIL_03290	22.449	49	37	1	128	175	87	135	2.6	18.5
SA20153983_GBAKOBEN_02115	SA20153980_HPBJMGIL_03275	100.000	96	0	0	1	96	1	96	1.02e-68	191
SA20153983_GBAKOBEN_02115	SA20153980_HPBJMGIL_03292	21.154	52	41	0	42	93	5	56	0.53	18.1
SA20153983_GBAKOBEN_02115	SA20153980_HPBJMGIL_03285	35.714	14	9	0	82	95	218	231	1.5	17.7
SA20153983_GBAKOBEN_02115	SA20153980_HPBJMGIL_03290	46.667	15	8	0	29	43	112	126	5.6	15.8
SA20153983_GBAKOBEN_02116	SA20153980_HPBJMGIL_03276	100.000	87	0	0	1	87	1	87	5.66e-66	184
SA20153983_GBAKOBEN_02116	SA20153980_HPBJMGIL_03281	29.167	24	17	0	20	43	15	38	1.0	17.7
SA20153983_GBAKOBEN_02116	SA20153980_HPBJMGIL_03288	20.833	24	19	0	11	34	8	31	3.9	16.2
SA20153983_GBAKOBEN_02116	SA20153980_HPBJMGIL_03291	50.000	10	5	0	5	14	496	505	8.9	15.0
SA20153983_GBAKOBEN_02117	SA20153980_HPBJMGIL_03277	99.200	125	1	0	1	125	1	125	2.63e-90	248
SA20153983_GBAKOBEN_02117	SA20153980_HPBJMGIL_03274	71.429	7	2	0	3	9	233	239	1.2	18.1
SA20153983_GBAKOBEN_02117	SA20153980_HPBJMGIL_03280	33.333	24	16	0	43	66	19	42	1.3	18.1
SA20153983_GBAKOBEN_02117	SA20153980_HPBJMGIL_03292	50.000	10	5	0	66	75	14	23	3.9	16.2
SA20153983_GBAKOBEN_02117	SA20153980_HPBJMGIL_03279	33.333	15	10	0	98	112	40	54	5.6	16.2
SA20153983_GBAKOBEN_02118	SA20153980_HPBJMGIL_03278	100.000	561	0	0	1	561	1	561	0.0	1118
SA20153983_GBAKOBEN_02118	SA20153980_HPBJMGIL_03281	25.424	59	42	2	443	499	58	116	6.5	18.5
SA20153983_GBAKOBEN_02119	SA20153980_HPBJMGIL_03279	98.925	186	2	0	1	186	1	186	1.07e-141	384
SA20153983_GBAKOBEN_02119	SA20153980_HPBJMGIL_03282	44.444	27	14	1	30	56	39	64	2.1	18.5
SA20153983_GBAKOBEN_02119	SA20153980_HPBJMGIL_03285	46.154	13	7	0	89	101	92	104	3.0	18.1
SA20153983_GBAKOBEN_02119	SA20153980_HPBJMGIL_03286	33.333	21	14	0	120	140	87	107	3.3	17.7
SA20153983_GBAKOBEN_02119	SA20153980_HPBJMGIL_03272	50.000	12	6	0	144	155	146	157	9.0	16.2
SA20153983_GBAKOBEN_02119	SA20153980_HPBJMGIL_03277	31.250	16	11	0	39	54	97	112	9.3	16.2
SA20153983_GBAKOBEN_02120	SA20153980_HPBJMGIL_03280	99.504	403	2	0	1	403	1	403	0.0	789
SA20153983_GBAKOBEN_02120	SA20153980_HPBJMGIL_03291	60.000	15	6	0	247	261	134	148	1.2	20.4
SA20153983_GBAKOBEN_02120	SA20153980_HPBJMGIL_03273	38.710	31	19	0	28	58	219	249	1.4	20.0
SA20153983_GBAKOBEN_02120	SA20153980_HPBJMGIL_03285	60.000	10	4	0	30	39	53	62	4.3	18.5
SA20153983_GBAKOBEN_02120	SA20153980_HPBJMGIL_03277	33.333	24	16	0	19	42	43	66	4.8	18.1
SA20153983_GBAKOBEN_02120	SA20153980_HPBJMGIL_03283	34.483	29	19	0	280	308	73	101	8.9	17.3
SA20153983_GBAKOBEN_02121	SA20153980_HPBJMGIL_03281	99.631	271	1	0	1	271	1	271	0.0	558
SA20153983_GBAKOBEN_02121	SA20153980_HPBJMGIL_03278	29.577	71	47	3	58	128	443	510	1.2	19.6
SA20153983_GBAKOBEN_02121	SA20153980_HPBJMGIL_03276	29.167	24	17	0	15	38	20	43	3.2	17.7
SA20153983_GBAKOBEN_02121	SA20153980_HPBJMGIL_03284	23.438	64	39	2	130	183	152	215	6.2	17.3
SA20153983_GBAKOBEN_02122	SA20153980_HPBJMGIL_03282	99.512	410	2	0	1	410	1	410	0.0	806
SA20153983_GBAKOBEN_02122	SA20153980_HPBJMGIL_03286	24.444	45	32	1	333	377	116	158	2.8	18.9
SA20153983_GBAKOBEN_02122	SA20153980_HPBJMGIL_03279	44.444	27	14	1	39	64	30	56	4.4	18.5
SA20153983_GBAKOBEN_02123	SA20153980_HPBJMGIL_03283	99.107	224	2	0	1	224	1	224	2.14e-166	448
SA20153983_GBAKOBEN_02123	SA20153980_HPBJMGIL_03291	31.034	29	14	1	194	216	79	107	0.85	20.0
SA20153983_GBAKOBEN_02123	SA20153980_HPBJMGIL_03280	34.483	29	19	0	73	101	280	308	4.6	17.7
SA20153983_GBAKOBEN_02123	SA20153980_HPBJMGIL_03290	28.125	32	23	0	107	138	174	205	5.5	17.3
SA20153983_GBAKOBEN_02123	SA20153980_HPBJMGIL_03286	50.000	10	5	0	7	16	21	30	8.0	16.5
SA20153983_GBAKOBEN_02124	SA20153980_HPBJMGIL_03284	100.000	252	0	0	1	252	1	252	0.0	527
SA20153983_GBAKOBEN_02124	SA20153980_HPBJMGIL_03274	40.625	32	13	3	140	167	63	92	1.3	19.2
SA20153983_GBAKOBEN_02124	SA20153980_HPBJMGIL_03272	46.667	15	8	0	112	126	93	107	2.1	18.5
SA20153983_GBAKOBEN_02124	SA20153980_HPBJMGIL_03285	43.750	16	9	0	157	172	240	255	2.3	18.9
SA20153983_GBAKOBEN_02124	SA20153980_HPBJMGIL_03281	23.438	64	39	2	152	215	130	183	6.0	17.3
SA20153983_GBAKOBEN_02124	SA20153980_HPBJMGIL_03288	36.000	25	15	1	171	195	114	137	9.2	16.5
SA20153983_GBAKOBEN_02125	SA20153980_HPBJMGIL_03285	99.719	356	1	0	45	400	1	356	0.0	734
SA20153983_GBAKOBEN_02125	SA20153980_HPBJMGIL_03284	43.750	16	9	0	284	299	157	172	3.3	18.9
SA20153983_GBAKOBEN_02125	SA20153980_HPBJMGIL_03280	60.000	10	4	0	97	106	30	39	4.6	18.5
SA20153983_GBAKOBEN_02125	SA20153980_HPBJMGIL_03279	46.154	13	7	0	136	148	89	101	5.8	18.1
SA20153983_GBAKOBEN_02125	SA20153980_HPBJMGIL_03275	35.714	14	9	0	262	275	82	95	6.4	17.3
SA20153983_GBAKOBEN_02126	SA20153980_HPBJMGIL_03286	99.038	208	2	0	1	208	1	208	5.39e-156	421
SA20153983_GBAKOBEN_02126	SA20153980_HPBJMGIL_03290	36.842	19	12	0	170	188	118	136	0.78	19.6
SA20153983_GBAKOBEN_02126	SA20153980_HPBJMGIL_03282	24.444	45	32	1	116	158	333	377	1.1	19.2
SA20153983_GBAKOBEN_02126	SA20153980_HPBJMGIL_03279	33.333	21	14	0	87	107	120	140	2.5	18.1
SA20153983_GBAKOBEN_02126	SA20153980_HPBJMGIL_03291	31.818	22	15	0	49	70	506	527	6.6	16.9
SA20153983_GBAKOBEN_02126	SA20153980_HPBJMGIL_03283	50.000	10	5	0	21	30	7	16	7.4	16.5
SA20153983_GBAKOBEN_02126	SA20153980_HPBJMGIL_03284	24.390	82	53	4	107	186	62	136	8.3	16.5
SA20153983_GBAKOBEN_02126	SA20153980_HPBJMGIL_03280	45.455	11	6	0	156	166	114	124	9.2	16.5
SA20153983_GBAKOBEN_02127	SA20153980_HPBJMGIL_03287	82.456	57	6	1	1	53	1	57	3.90e-29	88.6
SA20153983_GBAKOBEN_02127	SA20153980_HPBJMGIL_03285	50.000	10	5	0	14	23	217	226	3.4	15.4
SA20153983_GBAKOBEN_02128	SA20153980_HPBJMGIL_03288	99.394	165	1	0	1	165	1	165	1.03e-126	343
SA20153983_GBAKOBEN_02128	SA20153980_HPBJMGIL_03290	55.556	9	4	0	31	39	269	277	3.0	17.7
SA20153983_GBAKOBEN_02128	SA20153980_HPBJMGIL_03280	38.462	52	23	4	45	94	212	256	6.4	16.5
SA20153983_GBAKOBEN_02128	SA20153980_HPBJMGIL_03284	36.000	25	15	1	114	137	171	195	6.4	16.5
SA20153983_GBAKOBEN_02128	SA20153980_HPBJMGIL_03276	20.833	24	19	0	8	31	11	34	7.1	16.2
SA20153983_GBAKOBEN_02129	SA20153980_HPBJMGIL_03289	100.000	141	0	0	1	141	1	141	4.33e-101	276
SA20153983_GBAKOBEN_02129	SA20153980_HPBJMGIL_03278	29.412	17	12	0	42	58	417	433	8.9	15.8
SA20153983_GBAKOBEN_02130	SA20153980_HPBJMGIL_03290	100.000	296	0	0	1	296	1	296	0.0	608
SA20153983_GBAKOBEN_02130	SA20153980_HPBJMGIL_03286	36.842	19	12	0	118	136	170	188	1.1	19.6
SA20153983_GBAKOBEN_02130	SA20153980_HPBJMGIL_03273	34.211	38	20	2	223	260	133	165	2.7	18.9
SA20153983_GBAKOBEN_02130	SA20153980_HPBJMGIL_03274	22.449	49	37	1	87	135	128	175	3.4	18.5
SA20153983_GBAKOBEN_02130	SA20153980_HPBJMGIL_03288	55.556	9	4	0	269	277	31	39	5.3	17.7
SA20153983_GBAKOBEN_02130	SA20153980_HPBJMGIL_03283	28.125	32	23	0	174	205	107	138	7.3	17.3
SA20153983_GBAKOBEN_02131	SA20153980_HPBJMGIL_03291	99.822	561	1	0	1	561	1	561	0.0	1153
SA20153983_GBAKOBEN_02131	SA20153980_HPBJMGIL_03280	60.000	15	6	0	134	148	247	261	1.7	20.4
SA20153983_GBAKOBEN_02131	SA20153980_HPBJMGIL_03283	31.034	29	14	1	79	107	194	216	2.2	20.0
SA20153983_GBAKOBEN_02132	SA20153980_HPBJMGIL_03292	96.825	63	2	0	1	63	1	63	1.47e-44	127
SA20153983_GBAKOBEN_02132	SA20153980_HPBJMGIL_03279	43.478	23	11	1	20	40	69	91	0.044	20.8
SA20153983_GBAKOBEN_02132	SA20153980_HPBJMGIL_03280	54.545	11	5	0	27	37	274	284	0.19	19.2
SA20153983_GBAKOBEN_02132	SA20153980_HPBJMGIL_03275	21.154	52	41	0	5	56	42	93	0.42	18.1
SA20153983_GBAKOBEN_02132	SA20153980_HPBJMGIL_03289	30.000	20	13	1	26	44	69	88	1.6	16.5
SA20153983_GBAKOBEN_02132	SA20153980_HPBJMGIL_03277	50.000	10	5	0	14	23	66	75	2.0	16.2
SA20153980_HPBJMGIL_03272	SA20153980_HPBJMGIL_03272	100.000	158	0	0	1	158	1	158	1.65e-119	324
SA20153980_HPBJMGIL_03272	SA20153980_HPBJMGIL_03284	46.667	15	8	0	93	107	112	126	1.3	18.5
SA20153980_HPBJMGIL_03272	SA20153980_HPBJMGIL_03285	29.167	24	17	0	122	145	208	231	4.8	16.9
SA20153980_HPBJMGIL_03272	SA20153980_HPBJMGIL_03279	50.000	12	6	0	146	157	144	155	6.4	16.5
SA20153980_HPBJMGIL_03273	SA20153980_HPBJMGIL_03273	100.000	300	0	0	1	300	1	300	0.0	606
SA20153980_HPBJMGIL_03273	SA20153980_HPBJMGIL_03280	38.710	31	19	0	219	249	28	58	0.86	20.4
SA20153980_HPBJMGIL_03273	SA20153980_HPBJMGIL_03290	34.211	38	20	2	133	165	223	260	2.7	18.9
SA20153980_HPBJMGIL_03274	SA20153980_HPBJMGIL_03274	100.000	240	0	0	1	240	1	240	0.0	497
SA20153980_HPBJMGIL_03274	SA20153980_HPBJMGIL_03284	40.625	32	13	3	63	92	140	167	1.2	19.6
SA20153980_HPBJMGIL_03274	SA20153980_HPBJMGIL_03277	71.429	7	2	0	233	239	3	9	2.2	18.5
SA20153980_HPBJMGIL_03274	SA20153980_HPBJMGIL_03290	22.449	49	37	1	128	175	87	135	2.6	18.5
SA20153980_HPBJMGIL_03275	SA20153980_HPBJMGIL_03275	100.000	96	0	0	1	96	1	96	1.02e-68	191
SA20153980_HPBJMGIL_03275	SA20153980_HPBJMGIL_03292	21.154	52	41	0	42	93	5	56	0.53	18.1
SA20153980_HPBJMGIL_03275	SA20153980_HPBJMGIL_03285	35.714	14	9	0	82	95	218	231	1.5	17.7
SA20153980_HPBJMGIL_03275	SA20153980_HPBJMGIL_03290	46.667	15	8	0	29	43	112	126	5.6	15.8
SA20153980_HPBJMGIL_03276	SA20153980_HPBJMGIL_03276	100.000	87	0	0	1	87	1	87	5.66e-66	184
SA20153980_HPBJMGIL_03276	SA20153980_HPBJMGIL_03281	29.167	24	17	0	20	43	15	38	1.0	17.7
SA20153980_HPBJMGIL_03276	SA20153980_HPBJMGIL_03288	20.833	24	19	0	11	34	8	31	3.9	16.2
SA20153980_HPBJMGIL_03276	SA20153980_HPBJMGIL_03291	50.000	10	5	0	5	14	496	505	8.9	15.0
SA20153980_HPBJMGIL_03277	SA20153980_HPBJMGIL_03277	100.000	125	0	0	1	125	1	125	8.48e-91	249
SA20153980_HPBJMGIL_03277	SA20153980_HPBJMGIL_03274	71.429	7	2	0	3	9	233	239	1.2	18.5
SA20153980_HPBJMGIL_03277	SA20153980_HPBJMGIL_03280	33.333	24	16	0	43	66	19	42	1.4	18.1
SA20153980_HPBJMGIL_03277	SA20153980_HPBJMGIL_03292	50.000	10	5	0	66	75	14	23	3.9	16.2
SA20153980_HPBJMGIL_03277	SA20153980_HPBJMGIL_03279	33.333	15	10	0	98	112	40	54	5.5	16.2
SA20153980_HPBJMGIL_03278	SA20153980_HPBJMGIL_03278	100.000	561	0	0	1	561	1	561	0.0	1118
SA20153980_HPBJMGIL_03278	SA20153980_HPBJMGIL_03281	25.424	59	42	2	443	499	58	116	6.5	18.5
SA20153980_HPBJMGIL_03279	SA20153980_HPBJMGIL_03279	100.000	186	0	0	1	186	1	186	9.14e-144	388
SA20153980_HPBJMGIL_03279	SA20153980_HPBJMGIL_03282	44.444	27	14	1	30	56	39	64	1.7	18.5
SA20153980_HPBJMGIL_03279	SA20153980_HPBJMGIL_03286	33.333	21	14	0	120	140	87	107	2.3	18.1
SA20153980_HPBJMGIL_03279	SA20153980_HPBJMGIL_03285	46.154	13	7	0	89	101	92	104	2.7	18.1
SA20153980_HPBJMGIL_03279	SA20153980_HPBJMGIL_03272	50.000	12	6	0	144	155	146	157	7.6	16.5
SA20153980_HPBJMGIL_03279	SA20153980_HPBJMGIL_03291	83.333	6	1	0	105	110	435	440	8.1	16.5
SA20153980_HPBJMGIL_03279	SA20153980_HPBJMGIL_03277	33.333	15	10	0	40	54	98	112	8.2	16.2
SA20153980_HPBJMGIL_03280	SA20153980_HPBJMGIL_03280	100.000	403	0	0	1	403	1	403	0.0	795
SA20153980_HPBJMGIL_03280	SA20153980_HPBJMGIL_03291	60.000	15	6	0	247	261	134	148	1.2	20.4
SA20153980_HPBJMGIL_03280	SA20153980_HPBJMGIL_03273	38.710	31	19	0	28	58	219	249	1.4	20.0
SA20153980_HPBJMGIL_03280	SA20153980_HPBJMGIL_03285	60.000	10	4	0	30	39	53	62	4.2	18.5
SA20153980_HPBJMGIL_03280	SA20153980_HPBJMGIL_03277	33.333	24	16	0	19	42	43	66	4.8	18.1
SA20153980_HPBJMGIL_03280	SA20153980_HPBJMGIL_03283	34.483	29	19	0	280	308	73	101	9.3	17.3
SA20153980_HPBJMGIL_03281	SA20153980_HPBJMGIL_03281	100.000	271	0	0	1	271	1	271	0.0	560
SA20153980_HPBJMGIL_03281	SA20153980_HPBJMGIL_03276	29.167	24	17	0	15	38	20	43	3.3	17.7
SA20153980_HPBJMGIL_03281	SA20153980_HPBJMGIL_03278	25.424	59	42	2	58	116	443	499	3.3	18.5
SA20153980_HPBJMGIL_03281	SA20153980_HPBJMGIL_03284	23.438	64	39	2	130	183	152	215	6.0	17.3
SA20153980_HPBJMGIL_03282	SA20153980_HPBJMGIL_03282	100.000	410	0	0	1	410	1	410	0.0	811
SA20153980_HPBJMGIL_03282	SA20153980_HPBJMGIL_03286	24.444	45	32	1	333	377	116	158	2.6	19.2
SA20153980_HPBJMGIL_03282	SA20153980_HPBJMGIL_03279	44.444	27	14	1	39	64	30	56	4.1	18.5
SA20153980_HPBJMGIL_03283	SA20153980_HPBJMGIL_03283	100.000	224	0	0	1	224	1	224	5.41e-168	452
SA20153980_HPBJMGIL_03283	SA20153980_HPBJMGIL_03291	31.034	29	14	1	194	216	79	107	0.87	20.0
SA20153980_HPBJMGIL_03283	SA20153980_HPBJMGIL_03280	34.483	29	19	0	73	101	280	308	4.4	17.7
SA20153980_HPBJMGIL_03283	SA20153980_HPBJMGIL_03290	28.125	32	23	0	107	138	174	205	5.5	17.3
SA20153980_HPBJMGIL_03283	SA20153980_HPBJMGIL_03286	50.000	10	5	0	7	16	21	30	8.0	16.5
SA20153980_HPBJMGIL_03284	SA20153980_HPBJMGIL_03284	100.000	252	0	0	1	252	1	252	0.0	527
SA20153980_HPBJMGIL_03284	SA20153980_HPBJMGIL_03274	40.625	32	13	3	140	167	63	92	1.3	19.2
SA20153980_HPBJMGIL_03284	SA20153980_HPBJMGIL_03272	46.667	15	8	0	112	126	93	107	2.1	18.5
SA20153980_HPBJMGIL_03284	SA20153980_HPBJMGIL_03285	43.750	16	9	0	157	172	240	255	2.3	18.9
SA20153980_HPBJMGIL_03284	SA20153980_HPBJMGIL_03281	23.438	64	39	2	152	215	130	183	6.0	17.3
SA20153980_HPBJMGIL_03285	SA20153980_HPBJMGIL_03285	100.000	356	0	0	1	356	1	356	0.0	734
SA20153980_HPBJMGIL_03285	SA20153980_HPBJMGIL_03284	43.750	16	9	0	240	255	157	172	3.2	18.9
SA20153980_HPBJMGIL_03285	SA20153980_HPBJMGIL_03280	60.000	10	4	0	53	62	30	39	3.8	18.5
SA20153980_HPBJMGIL_03285	SA20153980_HPBJMGIL_03279	46.154	13	7	0	92	104	89	101	5.2	18.1
SA20153980_HPBJMGIL_03285	SA20153980_HPBJMGIL_03275	35.714	14	9	0	218	231	82	95	5.5	17.7
SA20153980_HPBJMGIL_03286	SA20153980_HPBJMGIL_03286	100.000	208	0	0	1	208	1	208	4.70e-158	426
SA20153980_HPBJMGIL_03286	SA20153980_HPBJMGIL_03290	36.842	19	12	0	170	188	118	136	0.78	19.6
SA20153980_HPBJMGIL_03286	SA20153980_HPBJMGIL_03282	24.444	45	32	1	116	158	333	377	1.3	19.2
SA20153980_HPBJMGIL_03286	SA20153980_HPBJMGIL_03279	33.333	21	14	0	87	107	120	140	2.5	18.1
SA20153980_HPBJMGIL_03286	SA20153980_HPBJMGIL_03291	31.818	22	15	0	49	70	506	527	6.8	16.9
SA20153980_HPBJMGIL_03286	SA20153980_HPBJMGIL_03283	50.000	10	5	0	21	30	7	16	7.4	16.5
SA20153980_HPBJMGIL_03286	SA20153980_HPBJMGIL_03280	45.455	11	6	0	156	166	114	124	9.3	16.5
SA20153980_HPBJMGIL_03286	SA20153980_HPBJMGIL_03284	32.143	28	19	0	107	134	62	89	9.4	16.5
SA20153980_HPBJMGIL_03287	SA20153980_HPBJMGIL_03287	100.000	57	0	0	1	57	1	57	1.45e-40	117
SA20153980_HPBJMGIL_03287	SA20153980_HPBJMGIL_03273	47.059	17	9	0	41	57	9	25	2.1	16.2
SA20153980_HPBJMGIL_03288	SA20153980_HPBJMGIL_03288	100.000	165	0	0	1	165	1	165	2.59e-127	345
SA20153980_HPBJMGIL_03288	SA20153980_HPBJMGIL_03290	55.556	9	4	0	31	39	269	277	3.0	17.7
SA20153980_HPBJMGIL_03288	SA20153980_HPBJMGIL_03284	36.000	25	15	1	114	137	171	195	6.0	16.5
SA20153980_HPBJMGIL_03288	SA20153980_HPBJMGIL_03280	38.462	52	23	4	45	94	212	256	6.6	16.5
SA20153980_HPBJMGIL_03288	SA20153980_HPBJMGIL_03276	20.833	24	19	0	8	31	11	34	7.3	16.2
SA20153980_HPBJMGIL_03289	SA20153980_HPBJMGIL_03289	100.000	141	0	0	1	141	1	141	4.33e-101	276
SA20153980_HPBJMGIL_03289	SA20153980_HPBJMGIL_03278	29.412	17	12	0	42	58	417	433	8.9	15.8
SA20153980_HPBJMGIL_03290	SA20153980_HPBJMGIL_03290	100.000	296	0	0	1	296	1	296	0.0	608
SA20153980_HPBJMGIL_03290	SA20153980_HPBJMGIL_03286	36.842	19	12	0	118	136	170	188	1.1	19.6
SA20153980_HPBJMGIL_03290	SA20153980_HPBJMGIL_03273	34.211	38	20	2	223	260	133	165	2.7	18.9
SA20153980_HPBJMGIL_03290	SA20153980_HPBJMGIL_03274	22.449	49	37	1	87	135	128	175	3.4	18.5
SA20153980_HPBJMGIL_03290	SA20153980_HPBJMGIL_03288	55.556	9	4	0	269	277	31	39	5.3	17.7
SA20153980_HPBJMGIL_03290	SA20153980_HPBJMGIL_03283	28.125	32	23	0	174	205	107	138	7.3	17.3
SA20153980_HPBJMGIL_03291	SA20153980_HPBJMGIL_03291	100.000	561	0	0	1	561	1	561	0.0	1155
SA20153980_HPBJMGIL_03291	SA20153980_HPBJMGIL_03280	60.000	15	6	0	134	148	247	261	1.7	20.4
SA20153980_HPBJMGIL_03291	SA20153980_HPBJMGIL_03283	31.034	29	14	1	79	107	194	216	2.2	20.0
SA20153980_HPBJMGIL_03292	SA20153980_HPBJMGIL_03292	100.000	63	0	0	1	63	1	63	8.34e-46	131
SA20153980_HPBJMGIL_03292	SA20153980_HPBJMGIL_03275	21.154	52	41	0	5	56	42	93	0.40	18.1
SA20153980_HPBJMGIL_03292	SA20153980_HPBJMGIL_03277	50.000	10	5	0	14	23	66	75	2.0	16.2
SA20153980_HPBJMGIL_03292	SA20153980_HPBJMGIL_03280	55.556	9	4	0	29	37	276	284	3.9	15.4
SA20153983_GBAKOBEN_02112	SA20153983_GBAKOBEN_02112	100.000	158	0	0	1	158	1	158	1.62e-119	325
SA20153983_GBAKOBEN_02112	SA20153983_GBAKOBEN_02124	46.667	15	8	0	93	107	112	126	1.3	18.5
SA20153983_GBAKOBEN_02112	SA20153983_GBAKOBEN_02125	29.167	24	17	0	122	145	252	275	5.4	16.9
SA20153983_GBAKOBEN_02112	SA20153983_GBAKOBEN_02119	50.000	12	6	0	146	157	144	155	7.0	16.2
SA20153983_GBAKOBEN_02113	SA20153983_GBAKOBEN_02113	100.000	300	0	0	1	300	1	300	0.0	606
SA20153983_GBAKOBEN_02113	SA20153983_GBAKOBEN_02120	38.710	31	19	0	219	249	28	58	0.83	20.4
SA20153983_GBAKOBEN_02113	SA20153983_GBAKOBEN_02130	34.211	38	20	2	133	165	223	260	2.7	18.9
SA20153983_GBAKOBEN_02114	SA20153983_GBAKOBEN_02114	100.000	240	0	0	1	240	1	240	0.0	497
SA20153983_GBAKOBEN_02114	SA20153983_GBAKOBEN_02124	40.625	32	13	3	63	92	140	167	1.2	19.6
SA20153983_GBAKOBEN_02114	SA20153983_GBAKOBEN_02117	71.429	7	2	0	233	239	3	9	2.3	18.1
SA20153983_GBAKOBEN_02114	SA20153983_GBAKOBEN_02130	22.449	49	37	1	128	175	87	135	2.6	18.5
SA20153983_GBAKOBEN_02115	SA20153983_GBAKOBEN_02115	100.000	96	0	0	1	96	1	96	1.03e-68	191
SA20153983_GBAKOBEN_02115	SA20153983_GBAKOBEN_02132	21.154	52	41	0	42	93	5	56	0.54	18.1
SA20153983_GBAKOBEN_02115	SA20153983_GBAKOBEN_02125	35.714	14	9	0	82	95	262	275	1.6	17.3
SA20153983_GBAKOBEN_02115	SA20153983_GBAKOBEN_02130	46.667	15	8	0	29	43	112	126	5.7	15.8
SA20153983_GBAKOBEN_02115	SA20153983_GBAKOBEN_02119	26.087	23	17	0	42	64	46	68	8.6	15.4
SA20153983_GBAKOBEN_02116	SA20153983_GBAKOBEN_02116	100.000	87	0	0	1	87	1	87	5.73e-66	184
SA20153983_GBAKOBEN_02116	SA20153983_GBAKOBEN_02121	29.167	24	17	0	20	43	15	38	1.1	17.7
SA20153983_GBAKOBEN_02116	SA20153983_GBAKOBEN_02128	20.833	24	19	0	11	34	8	31	3.8	16.2
SA20153983_GBAKOBEN_02116	SA20153983_GBAKOBEN_02131	50.000	10	5	0	5	14	496	505	9.0	15.0
SA20153983_GBAKOBEN_02117	SA20153983_GBAKOBEN_02117	100.000	125	0	0	1	125	1	125	4.74e-91	250
SA20153983_GBAKOBEN_02117	SA20153983_GBAKOBEN_02114	71.429	7	2	0	3	9	233	239	1.2	18.1
SA20153983_GBAKOBEN_02117	SA20153983_GBAKOBEN_02120	33.333	24	16	0	43	66	19	42	1.4	18.1
SA20153983_GBAKOBEN_02117	SA20153983_GBAKOBEN_02132	50.000	10	5	0	66	75	14	23	4.0	16.2
SA20153983_GBAKOBEN_02117	SA20153983_GBAKOBEN_02119	31.250	16	11	0	97	112	39	54	5.9	16.2
SA20153983_GBAKOBEN_02118	SA20153983_GBAKOBEN_02118	100.000	561	0	0	1	561	1	561	0.0	1118
SA20153983_GBAKOBEN_02118	SA20153983_GBAKOBEN_02121	29.577	71	47	3	443	510	58	128	2.3	20.0
SA20153983_GBAKOBEN_02119	SA20153983_GBAKOBEN_02119	100.000	206	0	0	1	206	1	206	2.08e-161	434
SA20153983_GBAKOBEN_02119	SA20153983_GBAKOBEN_02132	47.368	19	8	1	73	91	24	40	0.045	22.3
SA20153983_GBAKOBEN_02119	SA20153983_GBAKOBEN_02122	44.444	27	14	1	30	56	39	64	2.4	18.5
SA20153983_GBAKOBEN_02119	SA20153983_GBAKOBEN_02125	46.154	13	7	0	89	101	136	148	3.1	18.1
SA20153983_GBAKOBEN_02119	SA20153983_GBAKOBEN_02126	33.333	21	14	0	120	140	87	107	3.3	17.7
SA20153983_GBAKOBEN_02119	SA20153983_GBAKOBEN_02112	50.000	12	6	0	144	155	146	157	9.1	16.2
SA20153983_GBAKOBEN_02119	SA20153983_GBAKOBEN_02117	31.250	16	11	0	39	54	97	112	9.7	16.2
SA20153983_GBAKOBEN_02120	SA20153983_GBAKOBEN_02120	100.000	403	0	0	1	403	1	403	0.0	793
SA20153983_GBAKOBEN_02120	SA20153983_GBAKOBEN_02131	60.000	15	6	0	247	261	134	148	1.2	20.4
SA20153983_GBAKOBEN_02120	SA20153983_GBAKOBEN_02132	54.545	11	5	0	274	284	27	37	1.2	19.2
SA20153983_GBAKOBEN_02120	SA20153983_GBAKOBEN_02113	38.710	31	19	0	28	58	219	249	1.4	20.0
SA20153983_GBAKOBEN_02120	SA20153983_GBAKOBEN_02125	60.000	10	4	0	30	39	97	106	4.7	18.5
SA20153983_GBAKOBEN_02120	SA20153983_GBAKOBEN_02117	33.333	24	16	0	19	42	43	66	4.8	18.1
SA20153983_GBAKOBEN_02120	SA20153983_GBAKOBEN_02123	34.483	29	19	0	280	308	73	101	8.9	17.3
SA20153983_GBAKOBEN_02121	SA20153983_GBAKOBEN_02121	100.000	271	0	0	1	271	1	271	0.0	559
SA20153983_GBAKOBEN_02121	SA20153983_GBAKOBEN_02118	29.577	71	47	3	58	128	443	510	1.2	19.6
SA20153983_GBAKOBEN_02121	SA20153983_GBAKOBEN_02116	29.167	24	17	0	15	38	20	43	3.3	17.7
SA20153983_GBAKOBEN_02121	SA20153983_GBAKOBEN_02124	23.438	64	39	2	130	183	152	215	6.3	17.3
SA20153983_GBAKOBEN_02122	SA20153983_GBAKOBEN_02122	100.000	410	0	0	1	410	1	410	0.0	814
SA20153983_GBAKOBEN_02122	SA20153983_GBAKOBEN_02126	24.444	45	32	1	333	377	116	158	2.1	19.6
SA20153983_GBAKOBEN_02122	SA20153983_GBAKOBEN_02119	44.444	27	14	1	39	64	30	56	5.0	18.1
SA20153983_GBAKOBEN_02123	SA20153983_GBAKOBEN_02123	100.000	224	0	0	1	224	1	224	7.69e-168	452
SA20153983_GBAKOBEN_02123	SA20153983_GBAKOBEN_02131	31.034	29	14	1	194	216	79	107	0.88	20.0
SA20153983_GBAKOBEN_02123	SA20153983_GBAKOBEN_02120	34.483	29	19	0	73	101	280	308	4.5	17.7
SA20153983_GBAKOBEN_02123	SA20153983_GBAKOBEN_02130	28.125	32	23	0	107	138	174	205	5.6	17.3
SA20153983_GBAKOBEN_02123	SA20153983_GBAKOBEN_02126	50.000	10	5	0	7	16	21	30	8.0	16.5
SA20153983_GBAKOBEN_02124	SA20153983_GBAKOBEN_02124	100.000	252	0	0	1	252	1	252	0.0	527
SA20153983_GBAKOBEN_02124	SA20153983_GBAKOBEN_02114	40.625	32	13	3	140	167	63	92	1.3	19.2
SA20153983_GBAKOBEN_02124	SA20153983_GBAKOBEN_02112	46.667	15	8	0	112	126	93	107	2.1	18.5
SA20153983_GBAKOBEN_02124	SA20153983_GBAKOBEN_02125	43.750	16	9	0	157	172	284	299	2.1	18.9
SA20153983_GBAKOBEN_02124	SA20153983_GBAKOBEN_02121	23.438	64	39	2	152	215	130	183	6.2	17.3
SA20153983_GBAKOBEN_02125	SA20153983_GBAKOBEN_02125	100.000	400	0	0	1	400	1	400	0.0	822
SA20153983_GBAKOBEN_02125	SA20153983_GBAKOBEN_02124	43.750	16	9	0	284	299	157	172	3.4	18.9
SA20153983_GBAKOBEN_02125	SA20153983_GBAKOBEN_02120	60.000	10	4	0	97	106	30	39	4.8	18.5
SA20153983_GBAKOBEN_02125	SA20153983_GBAKOBEN_02119	46.154	13	7	0	136	148	89	101	6.0	18.1
SA20153983_GBAKOBEN_02125	SA20153983_GBAKOBEN_02115	35.714	14	9	0	262	275	82	95	6.5	17.3
SA20153983_GBAKOBEN_02126	SA20153983_GBAKOBEN_02126	100.000	208	0	0	1	208	1	208	2.09e-157	424
SA20153983_GBAKOBEN_02126	SA20153983_GBAKOBEN_02130	36.842	19	12	0	170	188	118	136	0.79	19.6
SA20153983_GBAKOBEN_02126	SA20153983_GBAKOBEN_02122	24.444	45	32	1	116	158	333	377	1.2	19.2
SA20153983_GBAKOBEN_02126	SA20153983_GBAKOBEN_02119	33.333	21	14	0	87	107	120	140	3.3	17.7
SA20153983_GBAKOBEN_02126	SA20153983_GBAKOBEN_02131	31.818	22	15	0	49	70	506	527	6.5	16.9
SA20153983_GBAKOBEN_02126	SA20153983_GBAKOBEN_02123	50.000	10	5	0	21	30	7	16	7.4	16.5
SA20153983_GBAKOBEN_02126	SA20153983_GBAKOBEN_02124	24.390	82	53	4	107	186	62	136	8.4	16.5
SA20153983_GBAKOBEN_02126	SA20153983_GBAKOBEN_02120	45.455	11	6	0	156	166	114	124	9.6	16.5
SA20153983_GBAKOBEN_02127	SA20153983_GBAKOBEN_02127	100.000	53	0	0	1	53	1	53	2.88e-36	106
SA20153983_GBAKOBEN_02127	SA20153983_GBAKOBEN_02125	50.000	10	5	0	14	23	261	270	3.2	15.4
SA20153983_GBAKOBEN_02128	SA20153983_GBAKOBEN_02128	100.000	165	0	0	1	165	1	165	1.63e-127	345
SA20153983_GBAKOBEN_02128	SA20153983_GBAKOBEN_02130	55.556	9	4	0	31	39	269	277	3.0	17.7
SA20153983_GBAKOBEN_02128	SA20153983_GBAKOBEN_02124	36.000	25	15	1	114	137	171	195	6.5	16.5
SA20153983_GBAKOBEN_02128	SA20153983_GBAKOBEN_02120	38.462	52	23	4	45	94	212	256	6.9	16.5
SA20153983_GBAKOBEN_02128	SA20153983_GBAKOBEN_02116	20.833	24	19	0	8	31	11	34	7.2	16.2
SA20153983_GBAKOBEN_02129	SA20153983_GBAKOBEN_02129	100.000	141	0	0	1	141	1	141	4.39e-101	276
SA20153983_GBAKOBEN_02129	SA20153983_GBAKOBEN_02132	30.000	20	13	1	69	88	26	44	3.6	16.5
SA20153983_GBAKOBEN_02129	SA20153983_GBAKOBEN_02118	29.412	17	12	0	42	58	417	433	9.0	15.8
SA20153983_GBAKOBEN_02130	SA20153983_GBAKOBEN_02130	100.000	296	0	0	1	296	1	296	0.0	608
SA20153983_GBAKOBEN_02130	SA20153983_GBAKOBEN_02126	36.842	19	12	0	118	136	170	188	1.1	19.6
SA20153983_GBAKOBEN_02130	SA20153983_GBAKOBEN_02113	34.211	38	20	2	223	260	133	165	2.7	18.9
SA20153983_GBAKOBEN_02130	SA20153983_GBAKOBEN_02114	22.449	49	37	1	87	135	128	175	3.4	18.5
SA20153983_GBAKOBEN_02130	SA20153983_GBAKOBEN_02128	55.556	9	4	0	269	277	31	39	5.4	17.7
SA20153983_GBAKOBEN_02130	SA20153983_GBAKOBEN_02123	28.125	32	23	0	174	205	107	138	7.3	17.3
SA20153983_GBAKOBEN_02131	SA20153983_GBAKOBEN_02131	100.000	561	0	0	1	561	1	561	0.0	1156
SA20153983_GBAKOBEN_02131	SA20153983_GBAKOBEN_02120	60.000	15	6	0	134	148	247	261	1.7	20.4
SA20153983_GBAKOBEN_02131	SA20153983_GBAKOBEN_02123	31.034	29	14	1	79	107	194	216	2.2	20.0
SA20153983_GBAKOBEN_02132	SA20153983_GBAKOBEN_02132	100.000	63	0	0	1	63	1	63	9.94e-46	130
SA20153983_GBAKOBEN_02132	SA20153983_GBAKOBEN_02119	47.368	19	8	1	24	40	73	91	0.014	22.3
SA20153983_GBAKOBEN_02132	SA20153983_GBAKOBEN_02120	54.545	11	5	0	27	37	274	284	0.19	19.2
SA20153983_GBAKOBEN_02132	SA20153983_GBAKOBEN_02115	21.154	52	41	0	5	56	42	93	0.43	18.1
SA20153983_GBAKOBEN_02132	SA20153983_GBAKOBEN_02129	30.000	20	13	1	26	44	69	88	1.6	16.5
SA20153983_GBAKOBEN_02132	SA20153983_GBAKOBEN_02117	50.000	10	5	0	14	23	66	75	2.0	16.2
