SA20153980_HPBJMGIL_03454	SA20160323_HIEPLBCK_00661	99.472	379	2	0	1	379	1	379	0.0	772
SA20153980_HPBJMGIL_03454	SA20160323_HIEPLBCK_00658	26.027	73	52	1	65	137	21	91	0.92	21.2
SA20153980_HPBJMGIL_03454	SA20160323_HIEPLBCK_00659	27.419	62	40	2	272	328	433	494	1.2	21.2
SA20153980_HPBJMGIL_03454	SA20160323_HIEPLBCK_00650	23.469	98	63	3	257	344	911	1006	2.5	20.0
SA20153980_HPBJMGIL_03454	SA20160323_HIEPLBCK_00645	29.630	27	19	0	252	278	76	102	4.0	19.2
SA20153980_HPBJMGIL_03454	SA20160323_HIEPLBCK_00656	38.710	31	12	1	232	255	357	387	7.4	18.5
SA20153980_HPBJMGIL_03454	SA20160323_HIEPLBCK_00657	34.615	26	17	0	64	89	149	174	7.7	18.5
SA20153980_HPBJMGIL_03454	SA20160323_HIEPLBCK_00644	20.513	39	31	0	73	111	644	682	8.1	18.5
SA20153980_HPBJMGIL_03455	SA20160323_HIEPLBCK_00660	99.620	526	2	0	1	526	1	526	0.0	1060
SA20153980_HPBJMGIL_03455	SA20160323_HIEPLBCK_00654	30.000	50	31	1	314	359	53	102	1.0	21.9
SA20153980_HPBJMGIL_03455	SA20160323_HIEPLBCK_00650	42.308	26	15	0	98	123	194	219	1.5	21.2
SA20153980_HPBJMGIL_03455	SA20160323_HIEPLBCK_00651	55.556	9	4	0	205	213	818	826	2.5	20.8
SA20153980_HPBJMGIL_03455	SA20160323_HIEPLBCK_00655	37.143	35	15	3	420	449	189	221	3.5	20.0
SA20153980_HPBJMGIL_03455	SA20160323_HIEPLBCK_00646	31.250	32	17	1	495	526	207	233	4.4	19.6
SA20153980_HPBJMGIL_03455	SA20160323_HIEPLBCK_00649	32.692	52	31	3	178	228	167	215	4.5	19.6
SA20153980_HPBJMGIL_03456	SA20160323_HIEPLBCK_00659	98.867	618	7	0	1	618	1	618	0.0	1246
SA20153980_HPBJMGIL_03456	SA20160323_HIEPLBCK_00644	27.273	44	31	1	183	225	418	461	0.28	23.9
SA20153980_HPBJMGIL_03456	SA20160323_HIEPLBCK_00650	45.455	22	12	0	245	266	782	803	0.30	23.9
SA20153980_HPBJMGIL_03456	SA20160323_HIEPLBCK_00655	26.316	38	28	0	570	607	228	265	1.0	21.9
SA20153980_HPBJMGIL_03456	SA20160323_HIEPLBCK_00647	57.143	14	6	0	439	452	145	158	1.7	21.2
SA20153980_HPBJMGIL_03456	SA20160323_HIEPLBCK_00648	33.333	30	13	1	95	117	248	277	5.4	19.6
SA20153980_HPBJMGIL_03457	SA20160323_HIEPLBCK_00658	100.000	193	0	0	1	193	1	193	1.49e-144	391
SA20153980_HPBJMGIL_03457	SA20160323_HIEPLBCK_00661	26.027	73	52	1	21	91	65	137	0.46	21.2
SA20153980_HPBJMGIL_03457	SA20160323_HIEPLBCK_00651	31.034	29	19	1	59	87	635	662	1.5	19.6
SA20153980_HPBJMGIL_03457	SA20160323_HIEPLBCK_00656	36.000	25	16	0	91	115	344	368	1.9	19.2
SA20153980_HPBJMGIL_03457	SA20160323_HIEPLBCK_00660	41.176	17	10	0	40	56	390	406	7.9	17.3
SA20153980_HPBJMGIL_03458	SA20160323_HIEPLBCK_00657	100.000	213	0	0	1	213	1	213	1.72e-163	441
SA20153980_HPBJMGIL_03458	SA20160323_HIEPLBCK_00656	33.333	39	24	1	24	62	484	520	0.58	21.2
SA20153980_HPBJMGIL_03458	SA20160323_HIEPLBCK_00661	34.615	26	17	0	149	174	64	89	4.4	18.5
SA20153980_HPBJMGIL_03458	SA20160323_HIEPLBCK_00646	46.154	13	7	0	195	207	240	252	6.5	17.7
SA20153980_HPBJMGIL_03459	SA20160323_HIEPLBCK_00656	99.699	996	3	0	1	996	1	996	0.0	2035
SA20153980_HPBJMGIL_03459	SA20160323_HIEPLBCK_00657	33.333	39	24	1	484	520	24	62	2.6	21.2
SA20153980_HPBJMGIL_03459	SA20160323_HIEPLBCK_00650	60.000	10	4	0	963	972	711	720	5.8	20.4
SA20153980_HPBJMGIL_03459	SA20160323_HIEPLBCK_00649	31.081	74	44	2	134	204	145	214	7.6	20.0
SA20153980_HPBJMGIL_03460	SA20160323_HIEPLBCK_00655	98.270	289	5	0	1	289	1	289	0.0	577
SA20153980_HPBJMGIL_03460	SA20160323_HIEPLBCK_00660	37.143	35	15	3	189	221	420	449	1.8	20.0
SA20153980_HPBJMGIL_03460	SA20160323_HIEPLBCK_00659	23.684	38	29	0	228	265	570	607	2.1	20.0
SA20153980_HPBJMGIL_03460	SA20160323_HIEPLBCK_00646	34.884	43	23	1	161	203	346	383	3.1	19.2
SA20153980_HPBJMGIL_03460	SA20160323_HIEPLBCK_00656	33.333	27	16	1	233	259	866	890	3.3	19.2
SA20153980_HPBJMGIL_03460	SA20160323_HIEPLBCK_00644	36.364	33	18	2	70	99	138	170	3.5	19.2
SA20153980_HPBJMGIL_03460	SA20160323_HIEPLBCK_00654	40.000	25	15	0	201	225	256	280	5.8	18.5
SA20153980_HPBJMGIL_03460	SA20160323_HIEPLBCK_00649	24.390	41	30	1	63	102	275	315	6.6	18.5
SA20153980_HPBJMGIL_03461	SA20160323_HIEPLBCK_00654	99.333	450	3	0	1	450	1	450	0.0	917
SA20153980_HPBJMGIL_03461	SA20160323_HIEPLBCK_00660	30.000	50	31	1	53	102	314	359	0.93	21.9
SA20153980_HPBJMGIL_03461	SA20160323_HIEPLBCK_00650	22.034	118	71	4	44	161	222	318	1.3	21.2
SA20153980_HPBJMGIL_03461	SA20160323_HIEPLBCK_00656	42.308	26	13	1	27	50	753	778	2.8	20.4
SA20153980_HPBJMGIL_03461	SA20160323_HIEPLBCK_00645	46.667	15	8	0	90	104	210	224	3.5	19.6
SA20153980_HPBJMGIL_03461	SA20160323_HIEPLBCK_00659	25.000	80	51	3	379	449	278	357	5.0	19.2
SA20153980_HPBJMGIL_03461	SA20160323_HIEPLBCK_00655	40.000	25	15	0	256	280	201	225	9.1	18.5
SA20153980_HPBJMGIL_03462	SA20160323_HIEPLBCK_00653	100.000	65	0	0	1	65	1	65	1.01e-46	134
SA20153980_HPBJMGIL_03462	SA20160323_HIEPLBCK_00656	28.125	32	23	0	29	60	711	742	1.9	17.3
SA20153980_HPBJMGIL_03462	SA20160323_HIEPLBCK_00659	27.660	47	27	2	12	58	91	130	3.4	16.5
SA20153980_HPBJMGIL_03462	SA20160323_HIEPLBCK_00649	53.333	15	7	0	19	33	336	350	5.1	15.8
SA20153980_HPBJMGIL_03462	SA20160323_HIEPLBCK_00644	55.556	9	4	0	57	65	270	278	8.5	15.4
SA20153980_HPBJMGIL_03463	SA20160323_HIEPLBCK_00652	98.547	413	6	0	1	413	1	413	0.0	817
SA20153980_HPBJMGIL_03463	SA20160323_HIEPLBCK_00651	28.571	35	25	0	223	257	882	916	0.46	22.7
SA20153980_HPBJMGIL_03463	SA20160323_HIEPLBCK_00650	26.923	26	19	0	223	248	868	893	0.72	21.9
SA20153980_HPBJMGIL_03463	SA20160323_HIEPLBCK_00648	31.944	72	35	4	106	168	201	267	2.0	20.4
SA20153980_HPBJMGIL_03463	SA20160323_HIEPLBCK_00656	31.579	38	25	1	107	143	638	675	6.3	18.9
SA20153980_HPBJMGIL_03463	SA20160323_HIEPLBCK_00659	31.818	44	29	1	134	177	450	492	7.3	18.9
SA20153980_HPBJMGIL_03464	SA20160323_HIEPLBCK_00651	99.808	1040	2	0	1	1040	1	1040	0.0	2078
SA20153980_HPBJMGIL_03464	SA20160323_HIEPLBCK_00650	49.659	1025	507	3	15	1039	6	1021	0.0	926
SA20153980_HPBJMGIL_03464	SA20160323_HIEPLBCK_00652	28.571	35	25	0	882	916	223	257	1.0	22.7
SA20153980_HPBJMGIL_03464	SA20160323_HIEPLBCK_00660	55.556	9	4	0	818	826	205	213	5.1	20.8
SA20153980_HPBJMGIL_03464	SA20160323_HIEPLBCK_00661	33.333	18	12	0	925	942	257	274	7.7	20.0
SA20153980_HPBJMGIL_03465	SA20160323_HIEPLBCK_00650	99.415	1026	6	0	1	1026	1	1026	0.0	2053
SA20153980_HPBJMGIL_03465	SA20160323_HIEPLBCK_00651	49.756	1025	506	3	6	1021	15	1039	0.0	919
SA20153980_HPBJMGIL_03465	SA20160323_HIEPLBCK_00659	45.455	22	12	0	782	803	245	266	0.47	23.9
SA20153980_HPBJMGIL_03465	SA20160323_HIEPLBCK_00646	24.000	50	31	2	156	205	208	250	1.6	22.3
SA20153980_HPBJMGIL_03465	SA20160323_HIEPLBCK_00652	24.074	54	32	1	868	912	223	276	1.6	22.3
SA20153980_HPBJMGIL_03465	SA20160323_HIEPLBCK_00654	22.034	118	71	4	222	318	44	161	2.8	21.6
SA20153980_HPBJMGIL_03465	SA20160323_HIEPLBCK_00660	42.308	26	15	0	194	219	98	123	3.0	21.2
SA20153980_HPBJMGIL_03465	SA20160323_HIEPLBCK_00644	36.000	25	16	0	795	819	215	239	3.5	21.2
SA20153980_HPBJMGIL_03465	SA20160323_HIEPLBCK_00656	60.000	10	4	0	711	720	963	972	6.4	20.4
SA20153980_HPBJMGIL_03465	SA20160323_HIEPLBCK_00661	23.469	98	63	3	911	1006	257	344	6.7	20.0
SA20153980_HPBJMGIL_03465	SA20160323_HIEPLBCK_00649	45.000	20	11	0	890	909	250	269	9.4	19.6
SA20153980_HPBJMGIL_03466	SA20160323_HIEPLBCK_00649	99.362	470	3	0	1	470	1	470	0.0	922
SA20153980_HPBJMGIL_03466	SA20160323_HIEPLBCK_00643	26.866	67	37	3	248	304	106	170	0.14	24.3
SA20153980_HPBJMGIL_03466	SA20160323_HIEPLBCK_00656	35.714	42	24	1	169	210	96	134	1.8	20.8
SA20153980_HPBJMGIL_03466	SA20160323_HIEPLBCK_00648	26.923	52	29	3	148	199	53	95	2.2	20.8
SA20153980_HPBJMGIL_03466	SA20160323_HIEPLBCK_00646	33.333	36	20	1	48	79	55	90	4.0	19.6
SA20153980_HPBJMGIL_03466	SA20160323_HIEPLBCK_00650	45.000	20	11	0	250	269	890	909	5.0	19.6
SA20153980_HPBJMGIL_03466	SA20160323_HIEPLBCK_00644	36.364	22	14	0	236	257	626	647	5.7	19.2
SA20153980_HPBJMGIL_03466	SA20160323_HIEPLBCK_00660	36.842	38	21	2	181	215	191	228	5.9	19.2
SA20153980_HPBJMGIL_03467	SA20160323_HIEPLBCK_00648	99.572	467	2	0	1	467	1	467	0.0	951
SA20153980_HPBJMGIL_03467	SA20160323_HIEPLBCK_00649	26.923	52	29	3	53	95	148	199	3.2	20.0
SA20153980_HPBJMGIL_03467	SA20160323_HIEPLBCK_00659	33.333	30	13	1	248	277	95	117	3.9	19.6
SA20153980_HPBJMGIL_03467	SA20160323_HIEPLBCK_00644	58.333	12	5	0	347	358	173	184	4.7	19.6
SA20153980_HPBJMGIL_03467	SA20160323_HIEPLBCK_00652	32.836	67	41	3	201	267	106	168	7.9	18.9
SA20153980_HPBJMGIL_03467	SA20160323_HIEPLBCK_00656	25.000	36	27	0	396	431	799	834	9.3	18.5
SA20153980_HPBJMGIL_03468	SA20160323_HIEPLBCK_00647	100.000	240	0	0	1	240	1	240	1.23e-180	486
SA20153980_HPBJMGIL_03468	SA20160323_HIEPLBCK_00659	57.143	14	6	0	145	158	439	452	0.65	21.2
SA20153980_HPBJMGIL_03468	SA20160323_HIEPLBCK_00650	45.455	11	6	0	81	91	41	51	4.7	18.5
SA20153980_HPBJMGIL_03468	SA20160323_HIEPLBCK_00641	33.333	15	10	0	57	71	48	62	8.4	17.3
SA20153980_HPBJMGIL_03468	SA20160323_HIEPLBCK_00655	62.500	8	3	0	104	111	149	156	9.6	17.3
SA20153980_HPBJMGIL_03469	SA20160323_HIEPLBCK_00646	98.241	398	7	0	1	398	1	398	0.0	823
SA20153980_HPBJMGIL_03469	SA20160323_HIEPLBCK_00649	33.333	36	20	1	55	90	48	79	4.1	19.6
SA20153980_HPBJMGIL_03469	SA20160323_HIEPLBCK_00643	31.250	32	21	1	207	238	177	207	4.2	19.2
SA20153980_HPBJMGIL_03469	SA20160323_HIEPLBCK_00655	34.884	43	23	1	346	383	161	203	4.7	19.2
SA20153980_HPBJMGIL_03469	SA20160323_HIEPLBCK_00656	43.478	23	13	0	300	322	407	429	6.1	18.9
SA20153980_HPBJMGIL_03469	SA20160323_HIEPLBCK_00652	40.000	20	12	0	346	365	387	406	8.1	18.5
SA20153980_HPBJMGIL_03470	SA20160323_HIEPLBCK_00645	97.059	238	7	0	1	238	1	238	4.66e-174	469
SA20153980_HPBJMGIL_03470	SA20160323_HIEPLBCK_00650	34.146	41	20	3	199	234	710	748	2.0	19.6
SA20153980_HPBJMGIL_03470	SA20160323_HIEPLBCK_00661	29.630	27	19	0	76	102	252	278	2.5	19.2
SA20153980_HPBJMGIL_03470	SA20160323_HIEPLBCK_00654	40.000	15	9	0	210	224	90	104	4.7	18.5
SA20153980_HPBJMGIL_03470	SA20160323_HIEPLBCK_00644	38.235	34	20	1	44	76	155	188	6.7	18.1
SA20153980_HPBJMGIL_03470	SA20160323_HIEPLBCK_00659	39.130	23	14	0	77	99	29	51	8.3	17.7
SA20153980_HPBJMGIL_03471	SA20160323_HIEPLBCK_00644	98.578	703	10	0	1	703	1	703	0.0	1447
SA20153980_HPBJMGIL_03471	SA20160323_HIEPLBCK_00659	25.000	44	32	1	418	461	183	225	1.5	21.9
SA20153980_HPBJMGIL_03471	SA20160323_HIEPLBCK_00650	36.000	25	16	0	215	239	795	819	1.8	21.6
SA20153980_HPBJMGIL_03471	SA20160323_HIEPLBCK_00656	45.455	11	6	0	233	243	656	666	8.4	19.2
SA20153980_HPBJMGIL_03472	SA20160323_HIEPLBCK_00659	18.440	141	83	4	27	163	275	387	0.11	24.6
SA20153980_HPBJMGIL_03472	SA20160323_HIEPLBCK_00654	38.889	18	11	0	221	238	259	276	3.9	19.6
SA20153980_HPBJMGIL_03472	SA20160323_HIEPLBCK_00645	50.000	20	10	0	322	341	93	112	4.4	19.2
SA20153980_HPBJMGIL_03472	SA20160323_HIEPLBCK_00647	30.303	33	21	1	58	88	102	134	4.5	19.2
SA20153980_HPBJMGIL_03472	SA20160323_HIEPLBCK_00651	46.667	15	8	0	220	234	891	905	5.1	19.2
SA20153980_HPBJMGIL_03472	SA20160323_HIEPLBCK_00656	42.857	21	12	0	146	166	503	523	7.3	18.9
SA20153980_HPBJMGIL_03473	SA20160323_HIEPLBCK_00650	34.615	26	16	1	44	68	999	1024	0.90	21.6
SA20153980_HPBJMGIL_03473	SA20160323_HIEPLBCK_00651	56.250	16	7	0	60	75	745	760	1.6	20.8
SA20153980_HPBJMGIL_03473	SA20160323_HIEPLBCK_00659	47.059	17	9	0	315	331	254	270	2.4	20.0
SA20153980_HPBJMGIL_03473	SA20160323_HIEPLBCK_00648	24.490	49	37	0	118	166	150	198	2.9	19.6
SA20153980_HPBJMGIL_03473	SA20160323_HIEPLBCK_00656	41.379	29	16	1	166	194	481	508	3.4	19.6
SA20153980_HPBJMGIL_03473	SA20160323_HIEPLBCK_00654	25.490	51	34	1	33	79	376	426	6.5	18.5
SA20153980_HPBJMGIL_03473	SA20160323_HIEPLBCK_00642	23.333	30	21	1	58	85	126	155	7.2	18.5
SA20153980_HPBJMGIL_03474	SA20160323_HIEPLBCK_00654	27.273	22	16	0	16	37	118	139	2.5	18.5
SA20160323_HIEPLBCK_00641	SA20160323_HIEPLBCK_00641	100.000	103	0	0	1	103	1	103	5.90e-77	213
SA20160323_HIEPLBCK_00641	SA20160323_HIEPLBCK_00643	28.571	21	15	0	70	90	67	87	1.6	18.1
SA20160323_HIEPLBCK_00641	SA20160323_HIEPLBCK_00642	29.032	31	16	1	27	57	49	73	3.1	17.3
SA20160323_HIEPLBCK_00641	SA20160323_HIEPLBCK_00660	100.000	5	0	0	10	14	39	43	3.1	17.3
SA20160323_HIEPLBCK_00641	SA20160323_HIEPLBCK_00647	33.333	15	10	0	48	62	57	71	3.6	17.3
SA20160323_HIEPLBCK_00641	SA20160323_HIEPLBCK_00650	25.000	40	21	2	46	79	1	37	5.5	16.9
SA20160323_HIEPLBCK_00641	SA20160323_HIEPLBCK_00651	36.364	11	7	0	69	79	958	968	6.5	16.5
SA20160323_HIEPLBCK_00641	SA20160323_HIEPLBCK_00656	20.833	24	19	0	21	44	111	134	7.5	16.5
SA20160323_HIEPLBCK_00641	SA20160323_HIEPLBCK_00648	42.105	19	8	1	11	29	395	410	8.6	16.2
SA20160323_HIEPLBCK_00642	SA20160323_HIEPLBCK_00642	100.000	247	0	0	1	247	1	247	0.0	507
SA20160323_HIEPLBCK_00642	SA20160323_HIEPLBCK_00651	35.000	20	13	0	124	143	741	760	5.7	18.5
SA20160323_HIEPLBCK_00642	SA20160323_HIEPLBCK_00641	29.032	31	16	1	49	73	27	57	7.4	17.3
SA20160323_HIEPLBCK_00643	SA20160323_HIEPLBCK_00643	100.000	239	0	0	1	239	1	239	0.0	496
SA20160323_HIEPLBCK_00643	SA20160323_HIEPLBCK_00649	26.471	68	38	3	105	170	247	304	0.099	23.9
SA20160323_HIEPLBCK_00643	SA20160323_HIEPLBCK_00646	31.250	32	21	1	177	207	207	238	2.4	19.2
SA20160323_HIEPLBCK_00643	SA20160323_HIEPLBCK_00641	28.571	21	15	0	67	87	70	90	3.9	18.1
SA20160323_HIEPLBCK_00643	SA20160323_HIEPLBCK_00661	25.424	59	37	2	162	220	117	168	5.4	18.1
SA20160323_HIEPLBCK_00643	SA20160323_HIEPLBCK_00644	42.857	14	8	0	87	100	108	121	6.4	18.1
SA20160323_HIEPLBCK_00644	SA20160323_HIEPLBCK_00644	100.000	703	0	0	1	703	1	703	0.0	1462
SA20160323_HIEPLBCK_00644	SA20160323_HIEPLBCK_00659	27.273	44	31	1	418	461	183	225	0.33	23.9
SA20160323_HIEPLBCK_00644	SA20160323_HIEPLBCK_00650	36.000	25	16	0	215	239	795	819	2.3	21.2
SA20160323_HIEPLBCK_00644	SA20160323_HIEPLBCK_00648	58.333	12	5	0	173	184	347	358	7.0	19.6
SA20160323_HIEPLBCK_00645	SA20160323_HIEPLBCK_00645	100.000	238	0	0	1	238	1	238	1.67e-179	483
SA20160323_HIEPLBCK_00645	SA20160323_HIEPLBCK_00654	46.667	15	8	0	210	224	90	104	1.8	19.6
SA20160323_HIEPLBCK_00645	SA20160323_HIEPLBCK_00661	29.630	27	19	0	76	102	252	278	2.5	19.2
SA20160323_HIEPLBCK_00645	SA20160323_HIEPLBCK_00644	38.235	34	20	1	44	76	155	188	4.2	18.5
SA20160323_HIEPLBCK_00645	SA20160323_HIEPLBCK_00650	33.333	24	13	1	93	113	204	227	5.3	18.5
SA20160323_HIEPLBCK_00645	SA20160323_HIEPLBCK_00659	39.130	23	14	0	77	99	29	51	9.0	17.7
SA20160323_HIEPLBCK_00646	SA20160323_HIEPLBCK_00646	100.000	400	0	0	1	400	1	400	0.0	838
SA20160323_HIEPLBCK_00646	SA20160323_HIEPLBCK_00649	33.333	36	20	1	55	90	48	79	3.8	19.6
SA20160323_HIEPLBCK_00646	SA20160323_HIEPLBCK_00643	31.250	32	21	1	207	238	177	207	3.9	19.2
SA20160323_HIEPLBCK_00646	SA20160323_HIEPLBCK_00655	34.884	43	23	1	346	383	161	203	4.7	19.2
SA20160323_HIEPLBCK_00646	SA20160323_HIEPLBCK_00656	43.478	23	13	0	300	322	407	429	6.7	18.9
SA20160323_HIEPLBCK_00646	SA20160323_HIEPLBCK_00652	40.000	20	12	0	346	365	387	406	8.3	18.5
SA20160323_HIEPLBCK_00647	SA20160323_HIEPLBCK_00647	100.000	240	0	0	1	240	1	240	1.23e-180	486
SA20160323_HIEPLBCK_00647	SA20160323_HIEPLBCK_00659	57.143	14	6	0	145	158	439	452	0.65	21.2
SA20160323_HIEPLBCK_00647	SA20160323_HIEPLBCK_00650	45.455	11	6	0	81	91	41	51	4.7	18.5
SA20160323_HIEPLBCK_00647	SA20160323_HIEPLBCK_00641	33.333	15	10	0	57	71	48	62	8.4	17.3
SA20160323_HIEPLBCK_00647	SA20160323_HIEPLBCK_00655	62.500	8	3	0	104	111	149	156	9.6	17.3
SA20160323_HIEPLBCK_00648	SA20160323_HIEPLBCK_00648	100.000	467	0	0	1	467	1	467	0.0	954
SA20160323_HIEPLBCK_00648	SA20160323_HIEPLBCK_00649	26.923	52	29	3	53	95	148	199	3.2	20.0
SA20160323_HIEPLBCK_00648	SA20160323_HIEPLBCK_00659	33.333	30	13	1	248	277	95	117	3.9	19.6
SA20160323_HIEPLBCK_00648	SA20160323_HIEPLBCK_00644	58.333	12	5	0	347	358	173	184	4.7	19.6
SA20160323_HIEPLBCK_00648	SA20160323_HIEPLBCK_00656	25.000	36	27	0	396	431	799	834	9.0	18.9
SA20160323_HIEPLBCK_00649	SA20160323_HIEPLBCK_00649	100.000	470	0	0	1	470	1	470	0.0	928
SA20160323_HIEPLBCK_00649	SA20160323_HIEPLBCK_00643	26.866	67	37	3	248	304	106	170	0.14	24.3
SA20160323_HIEPLBCK_00649	SA20160323_HIEPLBCK_00648	26.923	52	29	3	148	199	53	95	2.3	20.4
SA20160323_HIEPLBCK_00649	SA20160323_HIEPLBCK_00656	35.714	42	24	1	169	210	96	134	3.6	20.0
SA20160323_HIEPLBCK_00649	SA20160323_HIEPLBCK_00660	32.692	52	31	3	167	215	178	228	3.9	20.0
SA20160323_HIEPLBCK_00649	SA20160323_HIEPLBCK_00646	33.333	36	20	1	48	79	55	90	4.5	19.6
SA20160323_HIEPLBCK_00649	SA20160323_HIEPLBCK_00650	45.000	20	11	0	250	269	890	909	4.9	19.6
SA20160323_HIEPLBCK_00649	SA20160323_HIEPLBCK_00651	43.750	16	9	0	165	180	359	374	8.4	18.9
SA20160323_HIEPLBCK_00650	SA20160323_HIEPLBCK_00650	100.000	1026	0	0	1	1026	1	1026	0.0	2066
SA20160323_HIEPLBCK_00650	SA20160323_HIEPLBCK_00651	49.659	1025	507	3	6	1021	15	1039	0.0	916
SA20160323_HIEPLBCK_00650	SA20160323_HIEPLBCK_00659	45.455	22	12	0	782	803	245	266	0.45	24.3
SA20160323_HIEPLBCK_00650	SA20160323_HIEPLBCK_00661	24.490	98	62	3	911	1006	257	344	0.72	23.5
SA20160323_HIEPLBCK_00650	SA20160323_HIEPLBCK_00646	24.000	50	31	2	156	205	208	250	1.6	22.3
SA20160323_HIEPLBCK_00650	SA20160323_HIEPLBCK_00652	24.074	54	32	1	868	912	223	276	1.6	22.3
SA20160323_HIEPLBCK_00650	SA20160323_HIEPLBCK_00660	42.308	26	15	0	194	219	98	123	3.1	21.2
SA20160323_HIEPLBCK_00650	SA20160323_HIEPLBCK_00644	36.000	25	16	0	795	819	215	239	3.6	21.2
SA20160323_HIEPLBCK_00650	SA20160323_HIEPLBCK_00656	60.000	10	4	0	711	720	963	972	6.4	20.4
SA20160323_HIEPLBCK_00650	SA20160323_HIEPLBCK_00649	45.000	20	11	0	890	909	250	269	9.3	19.6
SA20160323_HIEPLBCK_00651	SA20160323_HIEPLBCK_00651	100.000	1040	0	0	1	1040	1	1040	0.0	2080
SA20160323_HIEPLBCK_00651	SA20160323_HIEPLBCK_00650	49.659	1025	507	3	15	1039	6	1021	0.0	927
SA20160323_HIEPLBCK_00651	SA20160323_HIEPLBCK_00652	28.571	35	25	0	882	916	223	257	1.1	22.7
SA20160323_HIEPLBCK_00651	SA20160323_HIEPLBCK_00660	55.556	9	4	0	818	826	205	213	5.1	20.8
SA20160323_HIEPLBCK_00651	SA20160323_HIEPLBCK_00661	33.333	18	12	0	925	942	257	274	7.5	20.0
SA20160323_HIEPLBCK_00652	SA20160323_HIEPLBCK_00652	100.000	413	0	0	1	413	1	413	0.0	830
SA20160323_HIEPLBCK_00652	SA20160323_HIEPLBCK_00651	28.571	35	25	0	223	257	882	916	0.44	22.7
SA20160323_HIEPLBCK_00652	SA20160323_HIEPLBCK_00650	26.923	26	19	0	223	248	868	893	0.77	21.9
SA20160323_HIEPLBCK_00652	SA20160323_HIEPLBCK_00656	31.579	38	25	1	107	143	638	675	6.2	18.9
SA20160323_HIEPLBCK_00652	SA20160323_HIEPLBCK_00659	31.818	44	29	1	134	177	450	492	7.1	18.9
SA20160323_HIEPLBCK_00653	SA20160323_HIEPLBCK_00653	100.000	65	0	0	1	65	1	65	1.01e-46	134
SA20160323_HIEPLBCK_00653	SA20160323_HIEPLBCK_00656	28.125	32	23	0	29	60	711	742	1.9	17.3
SA20160323_HIEPLBCK_00653	SA20160323_HIEPLBCK_00659	27.660	47	27	2	12	58	91	130	3.4	16.5
SA20160323_HIEPLBCK_00653	SA20160323_HIEPLBCK_00649	53.333	15	7	0	19	33	336	350	5.1	15.8
SA20160323_HIEPLBCK_00653	SA20160323_HIEPLBCK_00644	55.556	9	4	0	57	65	270	278	8.5	15.4
SA20160323_HIEPLBCK_00654	SA20160323_HIEPLBCK_00654	100.000	450	0	0	1	450	1	450	0.0	921
SA20160323_HIEPLBCK_00654	SA20160323_HIEPLBCK_00660	30.000	50	31	1	53	102	314	359	0.93	21.9
SA20160323_HIEPLBCK_00654	SA20160323_HIEPLBCK_00650	22.034	118	71	4	44	161	222	318	1.3	21.2
SA20160323_HIEPLBCK_00654	SA20160323_HIEPLBCK_00645	46.667	15	8	0	90	104	210	224	3.4	19.6
SA20160323_HIEPLBCK_00654	SA20160323_HIEPLBCK_00655	40.000	25	15	0	256	280	201	225	9.2	18.5
SA20160323_HIEPLBCK_00655	SA20160323_HIEPLBCK_00655	100.000	289	0	0	1	289	1	289	0.0	585
SA20160323_HIEPLBCK_00655	SA20160323_HIEPLBCK_00659	23.684	38	29	0	228	265	570	607	1.3	20.8
SA20160323_HIEPLBCK_00655	SA20160323_HIEPLBCK_00660	37.143	35	15	3	189	221	420	449	1.8	20.0
SA20160323_HIEPLBCK_00655	SA20160323_HIEPLBCK_00650	34.483	29	18	1	225	252	913	941	3.2	19.2
SA20160323_HIEPLBCK_00655	SA20160323_HIEPLBCK_00646	34.884	43	23	1	161	203	346	383	3.4	19.2
SA20160323_HIEPLBCK_00655	SA20160323_HIEPLBCK_00654	40.000	25	15	0	201	225	256	280	5.9	18.5
SA20160323_HIEPLBCK_00655	SA20160323_HIEPLBCK_00649	24.390	41	30	1	63	102	275	315	8.1	18.1
SA20160323_HIEPLBCK_00655	SA20160323_HIEPLBCK_00644	34.615	26	15	1	70	93	138	163	8.7	18.1
SA20160323_HIEPLBCK_00655	SA20160323_HIEPLBCK_00656	29.630	27	17	1	233	259	866	890	9.0	18.1
SA20160323_HIEPLBCK_00656	SA20160323_HIEPLBCK_00656	100.000	996	0	0	1	996	1	996	0.0	2038
SA20160323_HIEPLBCK_00656	SA20160323_HIEPLBCK_00657	33.333	39	24	1	484	520	24	62	2.6	21.2
SA20160323_HIEPLBCK_00656	SA20160323_HIEPLBCK_00650	60.000	10	4	0	963	972	711	720	5.8	20.4
SA20160323_HIEPLBCK_00656	SA20160323_HIEPLBCK_00649	31.081	74	44	2	134	204	145	214	7.1	20.0
SA20160323_HIEPLBCK_00657	SA20160323_HIEPLBCK_00657	100.000	213	0	0	1	213	1	213	1.72e-163	441
SA20160323_HIEPLBCK_00657	SA20160323_HIEPLBCK_00656	33.333	39	24	1	24	62	484	520	0.58	21.2
SA20160323_HIEPLBCK_00657	SA20160323_HIEPLBCK_00661	34.615	26	17	0	149	174	64	89	4.4	18.5
SA20160323_HIEPLBCK_00657	SA20160323_HIEPLBCK_00646	46.154	13	7	0	195	207	240	252	6.5	17.7
SA20160323_HIEPLBCK_00658	SA20160323_HIEPLBCK_00658	100.000	193	0	0	1	193	1	193	1.49e-144	391
SA20160323_HIEPLBCK_00658	SA20160323_HIEPLBCK_00661	26.027	73	52	1	21	91	65	137	0.46	21.2
SA20160323_HIEPLBCK_00658	SA20160323_HIEPLBCK_00651	31.034	29	19	1	59	87	635	662	1.5	19.6
SA20160323_HIEPLBCK_00658	SA20160323_HIEPLBCK_00656	36.000	25	16	0	91	115	344	368	1.9	19.2
SA20160323_HIEPLBCK_00658	SA20160323_HIEPLBCK_00660	41.176	17	10	0	40	56	390	406	7.9	17.3
SA20160323_HIEPLBCK_00659	SA20160323_HIEPLBCK_00659	100.000	618	0	0	1	618	1	618	0.0	1259
SA20160323_HIEPLBCK_00659	SA20160323_HIEPLBCK_00644	27.273	44	31	1	183	225	418	461	0.29	23.9
SA20160323_HIEPLBCK_00659	SA20160323_HIEPLBCK_00650	45.455	22	12	0	245	266	782	803	0.30	23.9
SA20160323_HIEPLBCK_00659	SA20160323_HIEPLBCK_00647	57.143	14	6	0	439	452	145	158	1.7	21.2
SA20160323_HIEPLBCK_00659	SA20160323_HIEPLBCK_00655	23.684	38	29	0	570	607	228	265	2.7	20.8
SA20160323_HIEPLBCK_00659	SA20160323_HIEPLBCK_00648	33.333	30	13	1	95	117	248	277	5.3	19.6
SA20160323_HIEPLBCK_00660	SA20160323_HIEPLBCK_00660	100.000	526	0	0	1	526	1	526	0.0	1066
SA20160323_HIEPLBCK_00660	SA20160323_HIEPLBCK_00654	30.000	50	31	1	314	359	53	102	1.1	21.9
SA20160323_HIEPLBCK_00660	SA20160323_HIEPLBCK_00650	42.308	26	15	0	98	123	194	219	1.5	21.2
SA20160323_HIEPLBCK_00660	SA20160323_HIEPLBCK_00651	55.556	9	4	0	205	213	818	826	2.5	20.8
SA20160323_HIEPLBCK_00660	SA20160323_HIEPLBCK_00655	37.143	35	15	3	420	449	189	221	3.3	20.0
SA20160323_HIEPLBCK_00660	SA20160323_HIEPLBCK_00649	32.692	52	31	3	178	228	167	215	4.2	20.0
SA20160323_HIEPLBCK_00661	SA20160323_HIEPLBCK_00661	100.000	379	0	0	1	379	1	379	0.0	776
SA20160323_HIEPLBCK_00661	SA20160323_HIEPLBCK_00650	24.490	98	62	3	257	344	911	1006	0.27	23.1
SA20160323_HIEPLBCK_00661	SA20160323_HIEPLBCK_00658	26.027	73	52	1	65	137	21	91	0.91	21.2
SA20160323_HIEPLBCK_00661	SA20160323_HIEPLBCK_00645	29.630	27	19	0	252	278	76	102	4.0	19.2
SA20160323_HIEPLBCK_00661	SA20160323_HIEPLBCK_00656	38.710	31	12	1	232	255	357	387	7.6	18.5
SA20160323_HIEPLBCK_00661	SA20160323_HIEPLBCK_00657	34.615	26	17	0	64	89	149	174	7.8	18.5
SA20160323_HIEPLBCK_00661	SA20160323_HIEPLBCK_00659	25.806	62	41	2	272	328	433	494	8.1	18.5
SA20160323_HIEPLBCK_00661	SA20160323_HIEPLBCK_00644	20.513	39	31	0	73	111	644	682	8.3	18.5
SA20153980_HPBJMGIL_03454	SA20153980_HPBJMGIL_03454	100.000	379	0	0	1	379	1	379	0.0	778
SA20153980_HPBJMGIL_03454	SA20153980_HPBJMGIL_03457	26.027	73	52	1	65	137	21	91	0.95	21.2
SA20153980_HPBJMGIL_03454	SA20153980_HPBJMGIL_03456	27.419	62	40	2	272	328	433	494	1.2	21.2
SA20153980_HPBJMGIL_03454	SA20153980_HPBJMGIL_03470	29.630	27	19	0	252	278	76	102	4.2	19.2
SA20153980_HPBJMGIL_03454	SA20153980_HPBJMGIL_03459	38.710	31	12	1	232	255	357	387	5.9	18.9
SA20153980_HPBJMGIL_03454	SA20153980_HPBJMGIL_03465	33.333	18	12	0	257	274	911	928	7.6	18.5
SA20153980_HPBJMGIL_03454	SA20153980_HPBJMGIL_03458	34.615	26	17	0	64	89	149	174	7.9	18.5
SA20153980_HPBJMGIL_03454	SA20153980_HPBJMGIL_03471	20.513	39	31	0	73	111	644	682	8.1	18.5
SA20153980_HPBJMGIL_03455	SA20153980_HPBJMGIL_03455	100.000	526	0	0	1	526	1	526	0.0	1065
SA20153980_HPBJMGIL_03455	SA20153980_HPBJMGIL_03461	30.000	50	31	1	314	359	53	102	1.1	21.9
SA20153980_HPBJMGIL_03455	SA20153980_HPBJMGIL_03465	42.308	26	15	0	98	123	194	219	1.6	21.6
SA20153980_HPBJMGIL_03455	SA20153980_HPBJMGIL_03464	55.556	9	4	0	205	213	818	826	2.7	20.8
SA20153980_HPBJMGIL_03455	SA20153980_HPBJMGIL_03460	37.143	35	15	3	420	449	189	221	3.6	20.0
SA20153980_HPBJMGIL_03455	SA20153980_HPBJMGIL_03469	37.500	32	15	2	495	526	207	233	4.2	20.0
SA20153980_HPBJMGIL_03455	SA20153980_HPBJMGIL_03466	36.842	38	21	2	191	228	181	215	6.8	19.2
SA20153980_HPBJMGIL_03456	SA20153980_HPBJMGIL_03456	100.000	618	0	0	1	618	1	618	0.0	1259
SA20153980_HPBJMGIL_03456	SA20153980_HPBJMGIL_03465	45.455	22	12	0	245	266	782	803	0.32	23.9
SA20153980_HPBJMGIL_03456	SA20153980_HPBJMGIL_03471	25.000	44	32	1	183	225	418	461	1.4	21.9
SA20153980_HPBJMGIL_03456	SA20153980_HPBJMGIL_03472	40.000	30	17	1	103	131	390	419	1.6	21.6
SA20153980_HPBJMGIL_03456	SA20153980_HPBJMGIL_03460	26.316	38	28	0	570	607	228	265	1.7	21.2
SA20153980_HPBJMGIL_03456	SA20153980_HPBJMGIL_03468	57.143	14	6	0	439	452	145	158	1.7	21.2
SA20153980_HPBJMGIL_03456	SA20153980_HPBJMGIL_03454	27.419	62	40	2	433	494	272	328	2.0	21.2
SA20153980_HPBJMGIL_03456	SA20153980_HPBJMGIL_03473	31.111	45	29	1	572	616	124	166	2.9	20.8
SA20153980_HPBJMGIL_03456	SA20153980_HPBJMGIL_03467	33.333	30	13	1	95	117	248	277	5.6	19.6
SA20153980_HPBJMGIL_03457	SA20153980_HPBJMGIL_03457	100.000	193	0	0	1	193	1	193	1.54e-144	391
SA20153980_HPBJMGIL_03457	SA20153980_HPBJMGIL_03454	26.027	73	52	1	21	91	65	137	0.48	21.2
SA20153980_HPBJMGIL_03457	SA20153980_HPBJMGIL_03464	31.034	29	19	1	59	87	635	662	1.5	19.6
SA20153980_HPBJMGIL_03457	SA20153980_HPBJMGIL_03459	36.000	25	16	0	91	115	344	368	2.0	19.2
SA20153980_HPBJMGIL_03457	SA20153980_HPBJMGIL_03455	41.176	17	10	0	40	56	390	406	8.2	17.3
SA20153980_HPBJMGIL_03458	SA20153980_HPBJMGIL_03458	100.000	213	0	0	1	213	1	213	1.78e-163	441
SA20153980_HPBJMGIL_03458	SA20153980_HPBJMGIL_03459	33.333	39	24	1	24	62	484	520	0.60	21.2
SA20153980_HPBJMGIL_03458	SA20153980_HPBJMGIL_03454	34.615	26	17	0	149	174	64	89	4.5	18.5
SA20153980_HPBJMGIL_03458	SA20153980_HPBJMGIL_03469	46.154	13	7	0	195	207	240	252	7.2	17.7
SA20153980_HPBJMGIL_03459	SA20153980_HPBJMGIL_03459	100.000	996	0	0	1	996	1	996	0.0	2039
SA20153980_HPBJMGIL_03459	SA20153980_HPBJMGIL_03458	33.333	39	24	1	484	520	24	62	2.7	21.2
SA20153980_HPBJMGIL_03459	SA20153980_HPBJMGIL_03466	35.714	42	24	1	96	134	169	210	4.1	20.8
SA20153980_HPBJMGIL_03459	SA20153980_HPBJMGIL_03465	60.000	10	4	0	963	972	711	720	6.1	20.4
SA20153980_HPBJMGIL_03460	SA20153980_HPBJMGIL_03460	100.000	289	0	0	1	289	1	289	0.0	585
SA20153980_HPBJMGIL_03460	SA20153980_HPBJMGIL_03456	26.316	38	28	0	228	265	570	607	0.80	21.2
SA20153980_HPBJMGIL_03460	SA20153980_HPBJMGIL_03455	37.143	35	15	3	189	221	420	449	2.0	20.0
SA20153980_HPBJMGIL_03460	SA20153980_HPBJMGIL_03469	34.884	43	23	1	161	203	346	383	3.4	19.2
SA20153980_HPBJMGIL_03460	SA20153980_HPBJMGIL_03459	33.333	27	16	1	233	259	866	890	3.4	19.2
SA20153980_HPBJMGIL_03460	SA20153980_HPBJMGIL_03471	36.364	33	18	2	70	99	138	170	3.6	19.2
SA20153980_HPBJMGIL_03460	SA20153980_HPBJMGIL_03461	40.000	25	15	0	201	225	256	280	5.9	18.5
SA20153980_HPBJMGIL_03460	SA20153980_HPBJMGIL_03466	24.390	41	30	1	63	102	275	315	7.2	18.1
SA20153980_HPBJMGIL_03461	SA20153980_HPBJMGIL_03461	100.000	450	0	0	1	450	1	450	0.0	920
SA20153980_HPBJMGIL_03461	SA20153980_HPBJMGIL_03455	30.000	50	31	1	53	102	314	359	0.94	21.9
SA20153980_HPBJMGIL_03461	SA20153980_HPBJMGIL_03465	22.034	118	71	4	44	161	222	318	1.5	21.2
SA20153980_HPBJMGIL_03461	SA20153980_HPBJMGIL_03459	42.308	26	13	1	27	50	753	778	3.0	20.4
SA20153980_HPBJMGIL_03461	SA20153980_HPBJMGIL_03472	38.889	18	11	0	259	276	221	238	3.8	19.6
SA20153980_HPBJMGIL_03461	SA20153980_HPBJMGIL_03474	27.273	22	16	0	118	139	16	37	8.5	18.5
SA20153980_HPBJMGIL_03461	SA20153980_HPBJMGIL_03473	25.490	51	34	1	376	426	33	79	9.0	18.5
SA20153980_HPBJMGIL_03461	SA20153980_HPBJMGIL_03460	40.000	25	15	0	256	280	201	225	9.1	18.5
SA20153980_HPBJMGIL_03461	SA20153980_HPBJMGIL_03470	40.000	15	9	0	90	104	210	224	9.3	18.5
SA20153980_HPBJMGIL_03462	SA20153980_HPBJMGIL_03462	100.000	65	0	0	1	65	1	65	1.04e-46	134
SA20153980_HPBJMGIL_03462	SA20153980_HPBJMGIL_03459	28.125	32	23	0	29	60	711	742	1.9	17.3
SA20153980_HPBJMGIL_03462	SA20153980_HPBJMGIL_03456	27.660	47	27	2	12	58	91	130	3.5	16.5
SA20153980_HPBJMGIL_03462	SA20153980_HPBJMGIL_03466	53.333	15	7	0	19	33	336	350	5.1	16.2
SA20153980_HPBJMGIL_03462	SA20153980_HPBJMGIL_03471	55.556	9	4	0	57	65	270	278	8.8	15.4
SA20153980_HPBJMGIL_03463	SA20153980_HPBJMGIL_03463	100.000	413	0	0	1	413	1	413	0.0	832
SA20153980_HPBJMGIL_03463	SA20153980_HPBJMGIL_03464	28.571	35	25	0	223	257	882	916	0.47	22.7
SA20153980_HPBJMGIL_03463	SA20153980_HPBJMGIL_03465	26.923	26	19	0	223	248	868	893	0.78	21.9
SA20153980_HPBJMGIL_03463	SA20153980_HPBJMGIL_03459	31.579	38	25	1	107	143	638	675	6.6	18.9
SA20153980_HPBJMGIL_03463	SA20153980_HPBJMGIL_03456	31.818	44	29	1	134	177	450	492	7.7	18.9
SA20153980_HPBJMGIL_03464	SA20153980_HPBJMGIL_03464	100.000	1040	0	0	1	1040	1	1040	0.0	2079
SA20153980_HPBJMGIL_03464	SA20153980_HPBJMGIL_03465	49.756	1025	506	3	15	1039	6	1021	0.0	929
SA20153980_HPBJMGIL_03464	SA20153980_HPBJMGIL_03463	28.571	35	25	0	882	916	223	257	1.1	22.7
SA20153980_HPBJMGIL_03464	SA20153980_HPBJMGIL_03473	56.250	16	7	0	745	760	60	75	5.0	20.8
SA20153980_HPBJMGIL_03464	SA20153980_HPBJMGIL_03455	55.556	9	4	0	818	826	205	213	5.4	20.8
SA20153980_HPBJMGIL_03464	SA20153980_HPBJMGIL_03454	33.333	18	12	0	925	942	257	274	7.6	20.0
SA20153980_HPBJMGIL_03465	SA20153980_HPBJMGIL_03465	100.000	1026	0	0	1	1026	1	1026	0.0	2064
SA20153980_HPBJMGIL_03465	SA20153980_HPBJMGIL_03464	49.756	1025	506	3	6	1021	15	1039	0.0	918
SA20153980_HPBJMGIL_03465	SA20153980_HPBJMGIL_03456	45.455	22	12	0	782	803	245	266	0.48	23.9
SA20153980_HPBJMGIL_03465	SA20153980_HPBJMGIL_03463	24.074	54	32	1	868	912	223	276	1.6	22.3
SA20153980_HPBJMGIL_03465	SA20153980_HPBJMGIL_03469	24.000	50	31	2	156	205	208	250	1.8	21.9
SA20153980_HPBJMGIL_03465	SA20153980_HPBJMGIL_03473	34.615	26	16	1	999	1024	44	68	2.8	21.6
SA20153980_HPBJMGIL_03465	SA20153980_HPBJMGIL_03471	36.000	25	16	0	795	819	215	239	2.9	21.6
SA20153980_HPBJMGIL_03465	SA20153980_HPBJMGIL_03455	42.308	26	15	0	194	219	98	123	3.2	21.2
SA20153980_HPBJMGIL_03465	SA20153980_HPBJMGIL_03459	60.000	10	4	0	711	720	963	972	6.7	20.4
SA20153980_HPBJMGIL_03465	SA20153980_HPBJMGIL_03466	45.000	20	11	0	890	909	250	269	9.2	19.6
SA20153980_HPBJMGIL_03466	SA20153980_HPBJMGIL_03466	100.000	470	0	0	1	470	1	470	0.0	929
SA20153980_HPBJMGIL_03466	SA20153980_HPBJMGIL_03459	35.714	42	24	1	169	210	96	134	1.9	20.8
SA20153980_HPBJMGIL_03466	SA20153980_HPBJMGIL_03467	26.923	52	29	3	148	199	53	95	2.3	20.8
SA20153980_HPBJMGIL_03466	SA20153980_HPBJMGIL_03469	33.333	36	20	1	48	79	55	90	4.6	19.6
SA20153980_HPBJMGIL_03466	SA20153980_HPBJMGIL_03465	45.000	20	11	0	250	269	890	909	5.1	19.6
SA20153980_HPBJMGIL_03466	SA20153980_HPBJMGIL_03471	36.364	22	14	0	236	257	626	647	5.7	19.2
SA20153980_HPBJMGIL_03466	SA20153980_HPBJMGIL_03455	36.842	38	21	2	181	215	191	228	6.5	19.2
SA20153980_HPBJMGIL_03467	SA20153980_HPBJMGIL_03467	100.000	467	0	0	1	467	1	467	0.0	954
SA20153980_HPBJMGIL_03467	SA20153980_HPBJMGIL_03466	26.923	52	29	3	53	95	148	199	3.1	20.0
SA20153980_HPBJMGIL_03467	SA20153980_HPBJMGIL_03456	33.333	30	13	1	248	277	95	117	4.2	19.6
SA20153980_HPBJMGIL_03467	SA20153980_HPBJMGIL_03473	22.449	49	38	0	150	198	118	166	6.0	19.2
SA20153980_HPBJMGIL_03467	SA20153980_HPBJMGIL_03459	25.000	36	27	0	396	431	799	834	9.3	18.9
SA20153980_HPBJMGIL_03468	SA20153980_HPBJMGIL_03468	100.000	240	0	0	1	240	1	240	1.27e-180	486
SA20153980_HPBJMGIL_03468	SA20153980_HPBJMGIL_03456	57.143	14	6	0	145	158	439	452	0.68	21.2
SA20153980_HPBJMGIL_03468	SA20153980_HPBJMGIL_03472	30.303	33	21	1	102	134	58	88	2.7	19.2
SA20153980_HPBJMGIL_03468	SA20153980_HPBJMGIL_03465	45.455	11	6	0	81	91	41	51	4.9	18.5
SA20153980_HPBJMGIL_03469	SA20153980_HPBJMGIL_03469	100.000	400	0	0	1	400	1	400	0.0	838
SA20153980_HPBJMGIL_03469	SA20153980_HPBJMGIL_03455	37.500	32	15	2	207	233	495	526	3.2	20.0
SA20153980_HPBJMGIL_03469	SA20153980_HPBJMGIL_03466	33.333	36	20	1	55	90	48	79	4.0	19.6
SA20153980_HPBJMGIL_03469	SA20153980_HPBJMGIL_03460	34.884	43	23	1	346	383	161	203	4.7	19.2
SA20153980_HPBJMGIL_03469	SA20153980_HPBJMGIL_03459	43.478	23	13	0	300	322	407	429	6.4	18.9
SA20153980_HPBJMGIL_03470	SA20153980_HPBJMGIL_03470	100.000	238	0	0	1	238	1	238	8.11e-180	484
SA20153980_HPBJMGIL_03470	SA20153980_HPBJMGIL_03472	50.000	20	10	0	93	112	322	341	2.4	19.6
SA20153980_HPBJMGIL_03470	SA20153980_HPBJMGIL_03454	29.630	27	19	0	76	102	252	278	2.6	19.2
SA20153980_HPBJMGIL_03470	SA20153980_HPBJMGIL_03461	40.000	15	9	0	210	224	90	104	4.9	18.5
SA20153980_HPBJMGIL_03470	SA20153980_HPBJMGIL_03465	33.333	24	13	1	93	113	204	227	5.6	18.5
SA20153980_HPBJMGIL_03470	SA20153980_HPBJMGIL_03456	39.130	23	14	0	77	99	29	51	8.6	17.7
SA20153980_HPBJMGIL_03471	SA20153980_HPBJMGIL_03471	100.000	703	0	0	1	703	1	703	0.0	1462
SA20153980_HPBJMGIL_03471	SA20153980_HPBJMGIL_03456	25.000	44	32	1	418	461	183	225	1.5	21.9
SA20153980_HPBJMGIL_03471	SA20153980_HPBJMGIL_03465	36.000	25	16	0	215	239	795	819	1.9	21.6
SA20153980_HPBJMGIL_03471	SA20153980_HPBJMGIL_03459	45.455	11	6	0	233	243	656	666	8.7	19.2
SA20153980_HPBJMGIL_03471	SA20153980_HPBJMGIL_03460	36.364	33	18	2	138	170	70	99	8.8	19.2
SA20153980_HPBJMGIL_03472	SA20153980_HPBJMGIL_03472	100.000	453	0	0	1	453	1	453	0.0	952
SA20153980_HPBJMGIL_03472	SA20153980_HPBJMGIL_03456	19.149	141	82	4	27	163	275	387	0.16	24.3
SA20153980_HPBJMGIL_03472	SA20153980_HPBJMGIL_03461	38.889	18	11	0	221	238	259	276	4.0	19.6
SA20153980_HPBJMGIL_03472	SA20153980_HPBJMGIL_03468	30.303	33	21	1	58	88	102	134	4.7	19.2
SA20153980_HPBJMGIL_03472	SA20153980_HPBJMGIL_03470	50.000	20	10	0	322	341	93	112	4.9	19.2
SA20153980_HPBJMGIL_03472	SA20153980_HPBJMGIL_03464	46.667	15	8	0	220	234	891	905	5.3	19.2
SA20153980_HPBJMGIL_03472	SA20153980_HPBJMGIL_03459	42.857	21	12	0	146	166	503	523	7.4	18.9
SA20153980_HPBJMGIL_03473	SA20153980_HPBJMGIL_03473	100.000	335	0	0	1	335	1	335	0.0	694
SA20153980_HPBJMGIL_03473	SA20153980_HPBJMGIL_03465	34.615	26	16	1	44	68	999	1024	0.93	21.6
SA20153980_HPBJMGIL_03473	SA20153980_HPBJMGIL_03456	31.111	45	29	1	124	166	572	616	1.5	20.8
SA20153980_HPBJMGIL_03473	SA20153980_HPBJMGIL_03464	56.250	16	7	0	60	75	745	760	1.6	20.8
SA20153980_HPBJMGIL_03473	SA20153980_HPBJMGIL_03459	41.379	29	16	1	166	194	481	508	3.5	19.6
SA20153980_HPBJMGIL_03473	SA20153980_HPBJMGIL_03461	25.490	51	34	1	33	79	376	426	6.7	18.5
SA20153980_HPBJMGIL_03474	SA20153980_HPBJMGIL_03474	100.000	138	0	0	1	138	1	138	3.48e-103	282
SA20153980_HPBJMGIL_03474	SA20153980_HPBJMGIL_03461	27.273	22	16	0	16	37	118	139	2.6	18.5
