SA20160172_GPHLOGML_00001	SA20160323_HIEPLBCK_00083	23.529	68	44	1	119	178	436	503	8.5	16.9
SA20160172_GPHLOGML_00002	SA20160323_HIEPLBCK_00068	37.736	53	31	1	326	378	292	342	0.008	27.7
SA20160172_GPHLOGML_00002	SA20160323_HIEPLBCK_00083	30.303	33	23	0	77	109	349	381	3.9	19.2
SA20160172_GPHLOGML_00002	SA20160323_HIEPLBCK_00072	25.275	91	48	3	286	376	8	78	5.1	18.9
SA20160172_GPHLOGML_00003	SA20160323_HIEPLBCK_00070	41.176	17	10	0	82	98	327	343	3.5	18.5
SA20160172_GPHLOGML_00003	SA20160323_HIEPLBCK_00065	33.333	24	16	0	52	75	9	32	5.4	17.7
SA20160172_GPHLOGML_00003	SA20160323_HIEPLBCK_00080	27.027	37	27	0	14	50	36	72	6.4	17.3
SA20160172_GPHLOGML_00003	SA20160323_HIEPLBCK_00078	32.000	25	17	0	106	130	105	129	6.8	17.3
SA20160172_GPHLOGML_00004	SA20160323_HIEPLBCK_00069	41.463	41	20	1	149	185	199	239	0.005	28.1
SA20160172_GPHLOGML_00004	SA20160323_HIEPLBCK_00066	41.935	31	15	1	183	213	82	109	0.93	20.8
SA20160172_GPHLOGML_00004	SA20160323_HIEPLBCK_00083	37.500	24	15	0	220	243	268	291	1.3	20.4
SA20160172_GPHLOGML_00005	SA20160323_HIEPLBCK_00065	40.000	25	14	1	165	189	32	55	2.4	20.0
SA20160172_GPHLOGML_00005	SA20160323_HIEPLBCK_00075	26.000	50	37	0	270	319	208	257	4.7	18.9
SA20160172_GPHLOGML_00005	SA20160323_HIEPLBCK_00077	35.135	37	19	2	308	341	275	309	5.1	18.9
SA20160172_GPHLOGML_00005	SA20160323_HIEPLBCK_00076	28.947	38	27	0	415	452	70	107	6.4	18.5
SA20160172_GPHLOGML_00005	SA20160323_HIEPLBCK_00069	54.545	11	5	0	13	23	95	105	9.3	18.1
SA20160172_GPHLOGML_00006	SA20160323_HIEPLBCK_00066	39.130	23	14	0	3	25	258	280	0.15	21.6
SA20160172_GPHLOGML_00006	SA20160323_HIEPLBCK_00084	23.214	56	37	2	20	71	171	224	1.8	18.5
SA20160172_GPHLOGML_00006	SA20160323_HIEPLBCK_00072	34.483	29	15	1	18	46	97	121	2.5	17.7
SA20160172_GPHLOGML_00006	SA20160323_HIEPLBCK_00078	33.333	21	14	0	108	128	183	203	3.1	17.7
SA20160172_GPHLOGML_00006	SA20160323_HIEPLBCK_00076	53.846	13	6	0	7	19	122	134	6.8	16.5
SA20160172_GPHLOGML_00006	SA20160323_HIEPLBCK_00068	25.806	62	44	1	3	64	85	144	7.7	16.2
SA20160172_GPHLOGML_00007	SA20160323_HIEPLBCK_00083	23.585	106	64	4	83	181	102	197	0.005	28.1
SA20160172_GPHLOGML_00007	SA20160323_HIEPLBCK_00068	50.000	22	7	1	307	328	122	139	0.19	23.1
SA20160172_GPHLOGML_00007	SA20160323_HIEPLBCK_00077	40.000	20	12	0	158	177	100	119	1.6	20.4
SA20160172_GPHLOGML_00007	SA20160323_HIEPLBCK_00064	57.143	14	6	0	215	228	14	27	5.9	18.1
SA20160172_GPHLOGML_00007	SA20160323_HIEPLBCK_00069	46.429	28	11	2	320	346	67	91	8.7	17.7
SA20160172_GPHLOGML_00008	SA20160323_HIEPLBCK_00065	29.167	48	22	1	3	38	264	311	1.2	18.9
SA20160172_GPHLOGML_00008	SA20160323_HIEPLBCK_00070	53.333	15	7	0	107	121	87	101	3.2	17.7
SA20160172_GPHLOGML_00008	SA20160323_HIEPLBCK_00072	33.333	21	14	0	26	46	118	138	3.2	17.7
SA20160172_GPHLOGML_00009	SA20160323_HIEPLBCK_00069	50.000	16	8	0	36	51	17	32	0.092	21.9
SA20160172_GPHLOGML_00010	SA20160323_HIEPLBCK_00070	27.907	43	24	1	44	79	91	133	1.8	19.2
SA20160172_GPHLOGML_00010	SA20160323_HIEPLBCK_00064	37.500	16	10	0	19	34	199	214	4.8	17.7
SA20160172_GPHLOGML_00010	SA20160323_HIEPLBCK_00067	50.000	10	5	0	140	149	194	203	4.9	17.7
SA20160172_GPHLOGML_00010	SA20160323_HIEPLBCK_00083	26.000	50	29	1	89	138	284	325	5.7	17.7
SA20160172_GPHLOGML_00010	SA20160323_HIEPLBCK_00082	42.857	14	8	0	141	154	130	143	7.0	17.3
SA20160172_GPHLOGML_00010	SA20160323_HIEPLBCK_00068	26.087	46	30	2	27	70	156	199	7.1	17.3
SA20160172_GPHLOGML_00011	SA20160323_HIEPLBCK_00076	29.508	61	39	1	106	166	360	416	0.14	22.3
SA20160172_GPHLOGML_00011	SA20160323_HIEPLBCK_00077	25.000	44	26	1	30	66	252	295	0.31	21.2
SA20160172_GPHLOGML_00011	SA20160323_HIEPLBCK_00079	43.333	30	14	2	20	47	399	427	1.9	18.5
SA20160172_GPHLOGML_00011	SA20160323_HIEPLBCK_00078	50.000	16	8	0	147	162	184	199	3.3	17.7
SA20160172_GPHLOGML_00011	SA20160323_HIEPLBCK_00081	55.556	9	4	0	30	38	49	57	3.9	17.7
SA20160172_GPHLOGML_01365	SA20160323_HIEPLBCK_00074	100.000	120	0	0	1	120	1	120	4.95e-83	229
SA20160172_GPHLOGML_01365	SA20160323_HIEPLBCK_00073	37.143	105	63	1	1	102	3	107	1.06e-10	45.8
SA20160172_GPHLOGML_01365	SA20160323_HIEPLBCK_00066	38.462	26	9	1	91	109	294	319	8.3	16.2
SA20160172_GPHLOGML_00012	SA20160323_HIEPLBCK_00079	25.000	48	22	1	206	253	427	460	0.40	21.6
SA20160172_GPHLOGML_00012	SA20160323_HIEPLBCK_00084	35.135	37	24	0	158	194	102	138	0.91	20.4
SA20160172_GPHLOGML_00012	SA20160323_HIEPLBCK_00083	22.449	98	60	1	56	153	391	472	3.7	18.5
SA20160172_GPHLOGML_00012	SA20160323_HIEPLBCK_00077	30.000	30	17	1	185	214	404	429	5.7	18.1
SA20160172_GPHLOGML_00012	SA20160323_HIEPLBCK_00074	41.176	17	10	0	71	87	81	97	7.0	17.3
SA20160172_GPHLOGML_00012	SA20160323_HIEPLBCK_00065	75.000	8	2	0	197	204	265	272	7.0	17.7
SA20160172_GPHLOGML_00013	SA20160323_HIEPLBCK_00084	28.261	46	33	0	87	132	163	208	3.2	18.9
SA20160172_GPHLOGML_00013	SA20160323_HIEPLBCK_00077	29.268	41	29	0	149	189	249	289	5.6	18.1
SA20160172_GPHLOGML_00013	SA20160323_HIEPLBCK_00081	36.364	22	14	0	183	204	39	60	6.5	17.7
SA20160172_GPHLOGML_00013	SA20160323_HIEPLBCK_00083	32.143	28	17	1	116	143	538	563	6.6	18.1
SA20160172_GPHLOGML_00013	SA20160323_HIEPLBCK_00078	24.468	94	53	3	101	184	51	136	7.0	17.7
SA20160172_GPHLOGML_00013	SA20160323_HIEPLBCK_00067	24.242	33	22	1	108	137	137	169	7.2	17.7
SA20160172_GPHLOGML_00014	SA20160323_HIEPLBCK_00070	25.466	161	119	1	42	201	58	218	6.12e-09	47.4
SA20160172_GPHLOGML_00014	SA20160323_HIEPLBCK_00075	36.000	25	16	0	401	425	230	254	1.2	21.2
SA20160172_GPHLOGML_00014	SA20160323_HIEPLBCK_00083	39.130	23	14	0	370	392	237	259	1.7	20.8
SA20160172_GPHLOGML_00014	SA20160323_HIEPLBCK_00064	43.750	16	9	0	462	477	97	112	6.0	18.9
SA20160172_GPHLOGML_00014	SA20160323_HIEPLBCK_00079	33.333	15	10	0	349	363	361	375	8.7	18.5
SA20160172_GPHLOGML_00015	SA20160323_HIEPLBCK_00070	28.571	56	36	1	145	200	251	302	0.90	20.0
SA20160172_GPHLOGML_00015	SA20160323_HIEPLBCK_00078	31.395	86	54	4	24	105	126	210	1.5	19.2
SA20160172_GPHLOGML_00015	SA20160323_HIEPLBCK_00075	41.176	17	10	0	64	80	312	328	6.2	17.7
SA20160172_GPHLOGML_00016	SA20160323_HIEPLBCK_00068	30.851	188	113	7	4	179	88	270	2.21e-14	62.8
SA20160172_GPHLOGML_00016	SA20160323_HIEPLBCK_00084	32.353	34	22	1	128	160	396	429	0.15	23.1
SA20160172_GPHLOGML_00016	SA20160323_HIEPLBCK_00072	35.294	34	19	1	169	202	10	40	3.2	18.9
SA20160172_GPHLOGML_00016	SA20160323_HIEPLBCK_00076	61.538	13	5	0	95	107	406	418	3.5	18.9
SA20160172_GPHLOGML_00016	SA20160323_HIEPLBCK_00077	33.333	21	14	0	78	98	442	462	4.8	18.5
SA20160172_GPHLOGML_00016	SA20160323_HIEPLBCK_00080	54.545	11	5	0	131	141	87	97	5.8	17.7
SA20160172_GPHLOGML_00016	SA20160323_HIEPLBCK_00075	44.444	27	13	1	64	88	207	233	8.5	17.3
SA20160172_GPHLOGML_00017	SA20160323_HIEPLBCK_00067	35.294	34	18	2	52	81	196	229	4.4	17.3
SA20160172_GPHLOGML_00018	SA20160323_HIEPLBCK_00082	40.000	15	9	0	180	194	104	118	5.3	18.9
SA20160172_GPHLOGML_00018	SA20160323_HIEPLBCK_00077	26.829	41	29	1	178	218	314	353	6.6	18.5
SA20160172_GPHLOGML_00018	SA20160323_HIEPLBCK_00080	50.000	12	6	0	378	389	45	56	9.1	17.7
SA20160172_GPHLOGML_00019	SA20160323_HIEPLBCK_00076	26.667	75	48	2	195	264	266	338	0.20	23.1
SA20160172_GPHLOGML_00019	SA20160323_HIEPLBCK_00070	38.889	36	20	1	47	80	233	268	0.68	21.6
SA20160172_GPHLOGML_00019	SA20160323_HIEPLBCK_00073	46.667	30	15	1	191	220	59	87	0.98	20.4
SA20160172_GPHLOGML_00019	SA20160323_HIEPLBCK_00072	35.556	45	28	1	98	142	225	268	2.2	20.0
SA20160172_GPHLOGML_00019	SA20160323_HIEPLBCK_00083	27.500	40	27	1	293	330	474	513	4.1	19.2
SA20160172_GPHLOGML_00019	SA20160323_HIEPLBCK_00075	39.535	43	23	2	302	341	203	245	4.8	18.9
SA20160172_GPHLOGML_00019	SA20160323_HIEPLBCK_00082	36.364	22	14	0	270	291	184	205	6.1	18.5
SA20160172_GPHLOGML_00019	SA20160323_HIEPLBCK_00084	24.419	86	49	2	119	204	243	312	9.3	18.1
SA20160172_GPHLOGML_00020	SA20160323_HIEPLBCK_00065	35.714	42	23	2	202	243	182	219	0.28	22.7
SA20160172_GPHLOGML_00020	SA20160323_HIEPLBCK_00078	28.125	32	23	0	332	363	208	239	4.0	18.9
SA20160172_GPHLOGML_00020	SA20160323_HIEPLBCK_00076	30.303	33	20	2	184	214	352	383	4.3	18.9
SA20160172_GPHLOGML_00020	SA20160323_HIEPLBCK_00079	35.417	48	26	3	81	123	120	167	7.5	18.1
SA20160172_GPHLOGML_00021	SA20160323_HIEPLBCK_00077	41.176	34	20	0	148	181	167	200	0.011	27.7
SA20160172_GPHLOGML_00021	SA20160323_HIEPLBCK_00083	25.862	58	35	1	373	430	45	94	0.066	25.0
SA20160172_GPHLOGML_00021	SA20160323_HIEPLBCK_00072	61.538	13	5	0	79	91	208	220	1.8	20.4
SA20160172_GPHLOGML_00021	SA20160323_HIEPLBCK_00081	24.444	45	27	2	408	450	20	59	2.6	19.6
SA20160172_GPHLOGML_00021	SA20160323_HIEPLBCK_00065	20.168	119	79	5	7	119	182	290	8.7	18.1
SA20160172_GPHLOGML_00021	SA20160323_HIEPLBCK_00079	30.435	23	16	0	187	209	192	214	9.5	18.1
SA20160323_HIEPLBCK_00064	SA20160323_HIEPLBCK_00064	100.000	215	0	0	1	215	1	215	6.38e-151	409
SA20160323_HIEPLBCK_00064	SA20160323_HIEPLBCK_00066	75.000	12	3	0	69	80	288	299	4.3	18.1
SA20160323_HIEPLBCK_00064	SA20160323_HIEPLBCK_00078	37.500	24	15	0	113	136	189	212	4.8	17.7
SA20160323_HIEPLBCK_00064	SA20160323_HIEPLBCK_00084	52.941	17	8	0	187	203	313	329	7.3	17.3
SA20160323_HIEPLBCK_00064	SA20160323_HIEPLBCK_00080	50.000	12	6	0	72	83	34	45	7.6	16.9
SA20160323_HIEPLBCK_00065	SA20160323_HIEPLBCK_00065	100.000	382	0	0	1	382	1	382	0.0	788
SA20160323_HIEPLBCK_00065	SA20160323_HIEPLBCK_00069	31.579	19	13	0	334	352	249	267	1.3	20.4
SA20160323_HIEPLBCK_00065	SA20160323_HIEPLBCK_00081	56.250	16	5	1	168	181	141	156	2.9	19.2
SA20160323_HIEPLBCK_00065	SA20160323_HIEPLBCK_00068	30.645	62	33	2	219	280	300	351	3.4	19.2
SA20160323_HIEPLBCK_00066	SA20160323_HIEPLBCK_00066	100.000	417	0	0	1	417	1	417	0.0	817
SA20160323_HIEPLBCK_00066	SA20160323_HIEPLBCK_00079	35.714	28	18	0	223	250	283	310	0.051	25.0
SA20160323_HIEPLBCK_00066	SA20160323_HIEPLBCK_00076	26.582	79	48	3	175	252	201	270	4.1	19.2
SA20160323_HIEPLBCK_00066	SA20160323_HIEPLBCK_00084	30.303	33	22	1	374	406	303	334	5.6	18.5
SA20160323_HIEPLBCK_00066	SA20160323_HIEPLBCK_00070	54.545	22	7	2	251	272	264	282	6.0	18.5
SA20160323_HIEPLBCK_00066	SA20160323_HIEPLBCK_00080	50.000	18	9	0	259	276	6	23	6.4	18.1
SA20160323_HIEPLBCK_00066	SA20160323_HIEPLBCK_00064	75.000	12	3	0	288	299	69	80	8.7	18.1
SA20160323_HIEPLBCK_00067	SA20160323_HIEPLBCK_00067	100.000	231	0	0	1	231	1	231	2.00e-173	467
SA20160323_HIEPLBCK_00067	SA20160323_HIEPLBCK_00084	32.143	28	19	0	170	197	201	228	0.60	20.8
SA20160323_HIEPLBCK_00067	SA20160323_HIEPLBCK_00075	28.571	56	34	1	60	109	96	151	1.4	19.6
SA20160323_HIEPLBCK_00067	SA20160323_HIEPLBCK_00077	32.143	28	19	0	19	46	121	148	2.3	18.9
SA20160323_HIEPLBCK_00067	SA20160323_HIEPLBCK_00079	35.714	28	18	0	158	185	32	59	5.0	17.7
SA20160323_HIEPLBCK_00067	SA20160323_HIEPLBCK_00082	26.415	53	33	3	183	231	23	73	8.6	16.9
SA20160323_HIEPLBCK_00068	SA20160323_HIEPLBCK_00068	100.000	406	0	0	1	406	1	406	0.0	828
SA20160323_HIEPLBCK_00068	SA20160323_HIEPLBCK_00065	30.645	62	33	2	300	351	219	280	3.6	19.2
SA20160323_HIEPLBCK_00069	SA20160323_HIEPLBCK_00069	100.000	299	0	0	1	299	1	299	0.0	607
SA20160323_HIEPLBCK_00069	SA20160323_HIEPLBCK_00070	24.339	189	98	8	101	248	30	214	0.20	22.7
SA20160323_HIEPLBCK_00069	SA20160323_HIEPLBCK_00065	31.579	19	13	0	249	267	334	352	1.1	20.4
SA20160323_HIEPLBCK_00069	SA20160323_HIEPLBCK_00083	44.444	18	10	0	139	156	179	196	1.8	19.6
SA20160323_HIEPLBCK_00069	SA20160323_HIEPLBCK_00084	75.000	8	2	0	192	199	371	378	7.9	17.7
SA20160323_HIEPLBCK_00069	SA20160323_HIEPLBCK_00076	43.478	23	13	0	235	257	61	83	9.7	17.3
SA20160323_HIEPLBCK_00070	SA20160323_HIEPLBCK_00070	100.000	417	0	0	1	417	1	417	0.0	824
SA20160323_HIEPLBCK_00070	SA20160323_HIEPLBCK_00069	24.468	188	97	8	31	214	102	248	0.066	24.6
SA20160323_HIEPLBCK_00070	SA20160323_HIEPLBCK_00082	20.000	120	89	3	29	148	274	386	2.5	19.6
SA20160323_HIEPLBCK_00070	SA20160323_HIEPLBCK_00066	54.545	22	7	2	264	282	251	272	6.7	18.5
SA20160323_HIEPLBCK_00071	SA20160323_HIEPLBCK_00071	100.000	83	0	0	1	83	1	83	2.40e-53	152
SA20160323_HIEPLBCK_00071	SA20160323_HIEPLBCK_00082	75.000	8	2	0	2	9	3	10	0.35	19.2
SA20160323_HIEPLBCK_00071	SA20160323_HIEPLBCK_00065	20.455	44	35	0	18	61	90	133	4.5	16.2
SA20160323_HIEPLBCK_00071	SA20160323_HIEPLBCK_00069	55.556	9	4	0	8	16	235	243	7.8	15.4
SA20160323_HIEPLBCK_00072	SA20160323_HIEPLBCK_00072	100.000	273	0	0	1	273	1	273	0.0	556
SA20160323_HIEPLBCK_00072	SA20160323_HIEPLBCK_00082	29.730	37	18	1	61	97	257	285	4.7	18.1
SA20160323_HIEPLBCK_00072	SA20160323_HIEPLBCK_00083	47.059	17	8	1	247	262	68	84	6.2	17.7
SA20160323_HIEPLBCK_00073	SA20160323_HIEPLBCK_00073	100.000	109	0	0	1	109	1	109	5.04e-76	211
SA20160323_HIEPLBCK_00073	SA20160323_HIEPLBCK_00074	37.143	105	63	1	3	107	1	102	9.61e-11	45.8
SA20160323_HIEPLBCK_00073	SA20160323_HIEPLBCK_00075	28.070	57	27	2	39	91	236	282	0.98	18.9
SA20160323_HIEPLBCK_00073	SA20160323_HIEPLBCK_00076	28.571	42	29	1	69	109	34	75	3.3	17.3
SA20160323_HIEPLBCK_00073	SA20160323_HIEPLBCK_00083	62.500	8	3	0	8	15	504	511	3.6	16.9
SA20160323_HIEPLBCK_00073	SA20160323_HIEPLBCK_00082	54.545	11	5	0	70	80	204	214	5.4	16.5
SA20160323_HIEPLBCK_00073	SA20160323_HIEPLBCK_00077	36.667	30	19	0	39	68	35	64	6.0	16.5
SA20160323_HIEPLBCK_00074	SA20160323_HIEPLBCK_00074	100.000	120	0	0	1	120	1	120	4.95e-83	229
SA20160323_HIEPLBCK_00074	SA20160323_HIEPLBCK_00073	37.143	105	63	1	1	102	3	107	1.06e-10	45.8
SA20160323_HIEPLBCK_00074	SA20160323_HIEPLBCK_00066	38.462	26	9	1	91	109	294	319	8.3	16.2
SA20160323_HIEPLBCK_00075	SA20160323_HIEPLBCK_00075	100.000	344	0	0	1	344	1	344	0.0	664
SA20160323_HIEPLBCK_00075	SA20160323_HIEPLBCK_00067	28.571	56	34	1	96	151	60	109	2.1	19.6
SA20160323_HIEPLBCK_00075	SA20160323_HIEPLBCK_00073	28.070	57	27	2	236	282	39	91	3.1	18.9
SA20160323_HIEPLBCK_00075	SA20160323_HIEPLBCK_00083	27.500	40	29	0	203	242	445	484	3.4	19.2
SA20160323_HIEPLBCK_00076	SA20160323_HIEPLBCK_00076	100.000	462	0	0	1	462	1	462	0.0	928
SA20160323_HIEPLBCK_00076	SA20160323_HIEPLBCK_00078	46.154	13	7	0	203	215	82	94	3.6	19.2
SA20160323_HIEPLBCK_00076	SA20160323_HIEPLBCK_00066	52.941	17	8	0	36	52	354	370	4.4	19.2
SA20160323_HIEPLBCK_00077	SA20160323_HIEPLBCK_00077	100.000	509	0	0	1	509	1	509	0.0	1030
SA20160323_HIEPLBCK_00077	SA20160323_HIEPLBCK_00080	31.707	41	28	0	401	441	6	46	0.091	23.9
SA20160323_HIEPLBCK_00077	SA20160323_HIEPLBCK_00083	35.000	20	13	0	19	38	401	420	0.29	23.1
SA20160323_HIEPLBCK_00077	SA20160323_HIEPLBCK_00067	32.143	28	19	0	121	148	19	46	6.0	18.9
SA20160323_HIEPLBCK_00077	SA20160323_HIEPLBCK_00065	33.333	33	20	1	349	379	200	232	6.9	18.5
SA20160323_HIEPLBCK_00078	SA20160323_HIEPLBCK_00078	100.000	314	0	0	1	314	1	314	0.0	638
SA20160323_HIEPLBCK_00078	SA20160323_HIEPLBCK_00082	28.125	32	23	0	18	49	120	151	0.41	21.9
SA20160323_HIEPLBCK_00078	SA20160323_HIEPLBCK_00083	25.641	39	29	0	42	80	214	252	1.00	20.8
SA20160323_HIEPLBCK_00078	SA20160323_HIEPLBCK_00081	28.571	42	30	0	222	263	11	52	1.7	19.6
SA20160323_HIEPLBCK_00078	SA20160323_HIEPLBCK_00076	46.154	13	7	0	82	94	203	215	2.4	19.2
SA20160323_HIEPLBCK_00078	SA20160323_HIEPLBCK_00064	37.500	24	15	0	189	212	113	136	4.8	18.1
SA20160323_HIEPLBCK_00079	SA20160323_HIEPLBCK_00079	100.000	460	0	0	1	460	1	460	0.0	904
SA20160323_HIEPLBCK_00079	SA20160323_HIEPLBCK_00066	35.714	28	18	0	283	310	223	250	0.050	25.4
SA20160323_HIEPLBCK_00079	SA20160323_HIEPLBCK_00067	35.714	28	18	0	32	59	158	185	9.7	18.1
SA20160323_HIEPLBCK_00080	SA20160323_HIEPLBCK_00080	100.000	111	0	0	1	111	1	111	1.47e-78	218
SA20160323_HIEPLBCK_00080	SA20160323_HIEPLBCK_00077	31.707	41	28	0	6	46	401	441	0.022	23.5
SA20160323_HIEPLBCK_00080	SA20160323_HIEPLBCK_00084	37.500	32	18	1	82	111	394	425	0.054	22.3
SA20160323_HIEPLBCK_00080	SA20160323_HIEPLBCK_00066	50.000	18	9	0	6	23	259	276	1.4	18.1
SA20160323_HIEPLBCK_00080	SA20160323_HIEPLBCK_00083	26.471	34	11	1	36	55	154	187	2.9	17.3
SA20160323_HIEPLBCK_00080	SA20160323_HIEPLBCK_00064	50.000	12	6	0	34	45	72	83	4.8	16.5
SA20160323_HIEPLBCK_00080	SA20160323_HIEPLBCK_00082	71.429	7	2	0	71	77	264	270	8.0	16.2
SA20160323_HIEPLBCK_00081	SA20160323_HIEPLBCK_00081	100.000	243	0	0	1	243	1	243	0.0	494
SA20160323_HIEPLBCK_00081	SA20160323_HIEPLBCK_00078	28.571	42	30	0	11	52	222	263	1.3	19.6
SA20160323_HIEPLBCK_00081	SA20160323_HIEPLBCK_00065	56.250	16	5	1	141	156	168	181	1.7	19.6
SA20160323_HIEPLBCK_00082	SA20160323_HIEPLBCK_00082	100.000	388	0	0	1	388	1	388	0.0	777
SA20160323_HIEPLBCK_00082	SA20160323_HIEPLBCK_00067	30.508	59	35	3	17	73	177	231	0.10	23.9
SA20160323_HIEPLBCK_00082	SA20160323_HIEPLBCK_00078	28.125	32	23	0	120	151	18	49	0.67	21.6
SA20160323_HIEPLBCK_00082	SA20160323_HIEPLBCK_00071	58.333	12	5	0	3	14	2	13	1.4	19.6
SA20160323_HIEPLBCK_00082	SA20160323_HIEPLBCK_00083	40.000	25	15	0	359	383	40	64	7.6	18.1
SA20160323_HIEPLBCK_00083	SA20160323_HIEPLBCK_00083	100.000	566	0	0	1	566	1	566	0.0	1145
SA20160323_HIEPLBCK_00083	SA20160323_HIEPLBCK_00077	35.000	20	13	0	401	420	19	38	0.33	23.1
SA20160323_HIEPLBCK_00083	SA20160323_HIEPLBCK_00078	25.641	39	29	0	214	252	42	80	1.9	20.4
SA20160323_HIEPLBCK_00083	SA20160323_HIEPLBCK_00069	44.444	18	10	0	179	196	139	156	3.2	19.6
SA20160323_HIEPLBCK_00083	SA20160323_HIEPLBCK_00075	27.500	40	29	0	445	484	203	242	5.8	18.9
SA20160323_HIEPLBCK_00083	SA20160323_HIEPLBCK_00082	40.000	25	15	0	40	64	359	383	8.9	18.5
SA20160323_HIEPLBCK_00084	SA20160323_HIEPLBCK_00084	100.000	433	0	0	1	433	1	433	0.0	885
SA20160323_HIEPLBCK_00084	SA20160323_HIEPLBCK_00080	37.500	32	18	1	394	425	82	111	0.21	22.3
SA20160323_HIEPLBCK_00084	SA20160323_HIEPLBCK_00067	32.143	28	19	0	201	228	170	197	1.1	20.8
SA20160323_HIEPLBCK_00084	SA20160323_HIEPLBCK_00066	30.303	33	22	1	303	334	374	406	5.6	18.9
SA20160172_GPHLOGML_00001	SA20160172_GPHLOGML_00001	100.000	208	0	0	1	208	1	208	5.57e-150	406
SA20160172_GPHLOGML_00001	SA20160172_GPHLOGML_00012	38.462	26	15	1	3	27	86	111	3.3	18.1
SA20160172_GPHLOGML_00001	SA20160172_GPHLOGML_00015	25.714	35	26	0	68	102	20	54	4.2	17.7
SA20160172_GPHLOGML_00001	SA20160172_GPHLOGML_00013	28.378	74	33	3	94	147	41	114	6.1	17.3
SA20160172_GPHLOGML_00002	SA20160172_GPHLOGML_00002	100.000	433	0	0	1	433	1	433	0.0	840
SA20160172_GPHLOGML_00002	SA20160172_GPHLOGML_00019	32.258	31	20	1	138	168	141	170	9.7	17.7
SA20160172_GPHLOGML_00003	SA20160172_GPHLOGML_00003	100.000	232	0	0	1	232	1	232	2.41e-176	474
SA20160172_GPHLOGML_00003	SA20160172_GPHLOGML_00018	30.435	69	37	2	117	185	213	270	0.88	20.0
SA20160172_GPHLOGML_00003	SA20160172_GPHLOGML_00019	27.660	47	26	1	180	226	37	75	1.0	20.0
SA20160172_GPHLOGML_00003	SA20160172_GPHLOGML_00013	37.838	37	20	1	180	213	42	78	1.3	19.6
SA20160172_GPHLOGML_00003	SA20160172_GPHLOGML_00004	33.333	24	16	0	129	152	233	256	2.5	18.9
SA20160172_GPHLOGML_00004	SA20160172_GPHLOGML_00004	100.000	356	0	0	1	356	1	356	0.0	709
SA20160172_GPHLOGML_00004	SA20160172_GPHLOGML_00005	39.726	365	193	6	10	356	10	365	3.05e-68	212
SA20160172_GPHLOGML_00004	SA20160172_GPHLOGML_00017	25.000	36	27	0	212	247	75	110	0.54	21.2
SA20160172_GPHLOGML_00004	SA20160172_GPHLOGML_00021	33.333	21	14	0	142	162	34	54	1.9	19.6
SA20160172_GPHLOGML_00004	SA20160172_GPHLOGML_00003	33.333	24	16	0	233	256	129	152	3.7	18.9
SA20160172_GPHLOGML_00004	SA20160172_GPHLOGML_00013	44.444	18	10	0	158	175	206	223	4.4	18.5
SA20160172_GPHLOGML_00004	SA20160172_GPHLOGML_00007	50.000	14	7	0	203	216	50	63	4.5	18.5
SA20160172_GPHLOGML_00004	SA20160172_GPHLOGML_00006	36.667	30	17	1	11	38	8	37	4.6	18.1
SA20160172_GPHLOGML_00004	SA20160172_GPHLOGML_00018	47.368	19	9	1	44	61	380	398	7.9	17.7
SA20160172_GPHLOGML_00005	SA20160172_GPHLOGML_00005	100.000	455	0	0	1	455	1	455	0.0	892
SA20160172_GPHLOGML_00005	SA20160172_GPHLOGML_00004	39.726	365	193	6	10	365	10	356	3.89e-68	212
SA20160172_GPHLOGML_00005	SA20160172_GPHLOGML_00008	28.000	25	18	0	132	156	81	105	6.0	18.5
SA20160172_GPHLOGML_00005	SA20160172_GPHLOGML_00013	58.333	12	5	0	42	53	274	285	6.2	18.5
SA20160172_GPHLOGML_00005	SA20160172_GPHLOGML_00011	42.857	14	8	0	337	350	37	50	7.2	18.1
SA20160172_GPHLOGML_00006	SA20160172_GPHLOGML_00006	100.000	132	0	0	1	132	1	132	7.60e-99	270
SA20160172_GPHLOGML_00006	SA20160172_GPHLOGML_00020	33.333	30	19	1	66	95	171	199	0.29	20.4
SA20160172_GPHLOGML_00006	SA20160172_GPHLOGML_00014	42.857	14	8	0	13	26	72	85	0.50	20.0
SA20160172_GPHLOGML_00006	SA20160172_GPHLOGML_00004	36.667	30	17	1	8	37	11	38	1.7	18.1
SA20160172_GPHLOGML_00007	SA20160172_GPHLOGML_00007	100.000	374	0	0	1	374	1	374	0.0	774
SA20160172_GPHLOGML_00007	SA20160172_GPHLOGML_00019	32.558	43	25	2	149	190	254	293	0.70	21.2
SA20160172_GPHLOGML_00007	SA20160172_GPHLOGML_00020	28.125	64	39	2	98	155	158	220	3.0	19.2
SA20160172_GPHLOGML_00007	SA20160172_GPHLOGML_00012	42.308	26	15	0	95	120	52	77	4.5	18.5
SA20160172_GPHLOGML_00007	SA20160172_GPHLOGML_00004	50.000	14	7	0	50	63	203	216	4.7	18.5
SA20160172_GPHLOGML_00007	SA20160172_GPHLOGML_00021	36.842	19	12	0	339	357	31	49	6.3	18.1
SA20160172_GPHLOGML_00008	SA20160172_GPHLOGML_00008	100.000	142	0	0	1	142	1	142	4.47e-107	292
SA20160172_GPHLOGML_00008	SA20160172_GPHLOGML_00005	28.000	25	18	0	81	105	132	156	1.9	18.5
SA20160172_GPHLOGML_00008	SA20160172_GPHLOGML_00015	26.190	42	22	1	45	77	85	126	2.6	17.7
SA20160172_GPHLOGML_00008	SA20160172_GPHLOGML_00020	30.000	40	26	1	5	44	26	63	5.7	16.9
SA20160172_GPHLOGML_00008	SA20160172_GPHLOGML_00004	33.333	27	18	0	61	87	131	157	6.0	16.5
SA20160172_GPHLOGML_00008	SA20160172_GPHLOGML_00013	25.316	79	44	4	32	106	1	68	7.0	16.5
SA20160172_GPHLOGML_00009	SA20160172_GPHLOGML_00009	100.000	130	0	0	1	130	1	130	6.68e-95	260
SA20160172_GPHLOGML_00009	SA20160172_GPHLOGML_00016	22.973	74	38	4	9	72	179	243	2.8	17.7
SA20160172_GPHLOGML_00009	SA20160172_GPHLOGML_00015	43.750	16	9	0	57	72	3	18	5.3	16.5
SA20160172_GPHLOGML_00009	SA20160172_GPHLOGML_00007	33.333	42	21	1	91	125	152	193	7.5	16.2
SA20160172_GPHLOGML_00010	SA20160172_GPHLOGML_00010	100.000	212	0	0	1	212	1	212	5.06e-162	437
SA20160172_GPHLOGML_00010	SA20160172_GPHLOGML_00016	26.087	23	17	0	51	73	6	28	3.2	18.1
SA20160172_GPHLOGML_00010	SA20160172_GPHLOGML_00005	24.359	78	38	4	32	103	390	452	4.7	17.7
SA20160172_GPHLOGML_00011	SA20160172_GPHLOGML_00011	100.000	166	0	0	1	166	1	166	1.08e-122	333
SA20160172_GPHLOGML_00011	SA20160172_GPHLOGML_00018	33.333	24	16	0	98	121	76	99	1.9	18.5
SA20160172_GPHLOGML_00011	SA20160172_GPHLOGML_00005	42.857	14	8	0	37	50	337	350	2.9	18.1
SA20160172_GPHLOGML_00011	SA20160172_GPHLOGML_00021	34.043	47	19	2	39	85	312	346	4.5	17.3
SA20160172_GPHLOGML_00011	SA20160172_GPHLOGML_00002	37.500	24	15	0	80	103	157	180	5.7	16.9
SA20160172_GPHLOGML_00011	SA20160172_GPHLOGML_00017	27.419	62	35	2	1	52	47	108	9.6	16.2
SA20160172_GPHLOGML_01365	SA20160172_GPHLOGML_01365	100.000	120	0	0	1	120	1	120	4.64e-83	229
SA20160172_GPHLOGML_01365	SA20160172_GPHLOGML_00012	41.176	17	10	0	81	97	71	87	3.0	17.3
SA20160172_GPHLOGML_01365	SA20160172_GPHLOGML_00004	55.556	9	4	0	24	32	194	202	6.5	16.2
SA20160172_GPHLOGML_01365	SA20160172_GPHLOGML_00005	46.154	13	7	0	24	36	207	219	7.2	16.2
SA20160172_GPHLOGML_00012	SA20160172_GPHLOGML_00012	100.000	260	0	0	1	260	1	260	0.0	529
SA20160172_GPHLOGML_00012	SA20160172_GPHLOGML_00007	42.308	26	15	0	52	77	95	120	3.1	18.5
SA20160172_GPHLOGML_00012	SA20160172_GPHLOGML_00001	38.462	26	15	1	86	111	3	27	3.5	18.5
SA20160172_GPHLOGML_00012	SA20160172_GPHLOGML_00019	33.333	24	15	1	152	175	272	294	4.6	18.1
SA20160172_GPHLOGML_00012	SA20160172_GPHLOGML_01365	41.176	17	10	0	71	87	81	97	6.6	17.3
SA20160172_GPHLOGML_00013	SA20160172_GPHLOGML_00013	100.000	297	0	0	1	297	1	297	0.0	609
SA20160172_GPHLOGML_00013	SA20160172_GPHLOGML_00015	26.230	61	41	2	126	182	52	112	1.4	19.6
SA20160172_GPHLOGML_00013	SA20160172_GPHLOGML_00003	37.838	37	20	1	42	78	180	213	1.7	19.6
SA20160172_GPHLOGML_00013	SA20160172_GPHLOGML_00004	44.444	18	10	0	206	223	158	175	3.7	18.5
SA20160172_GPHLOGML_00013	SA20160172_GPHLOGML_00005	58.333	12	5	0	274	285	42	53	4.1	18.5
SA20160172_GPHLOGML_00014	SA20160172_GPHLOGML_00014	100.000	496	0	0	1	496	1	496	0.0	990
SA20160172_GPHLOGML_00014	SA20160172_GPHLOGML_00006	42.857	14	8	0	72	85	13	26	1.9	20.0
SA20160172_GPHLOGML_00014	SA20160172_GPHLOGML_00019	26.087	23	17	0	345	367	255	277	3.5	19.6
SA20160172_GPHLOGML_00014	SA20160172_GPHLOGML_00018	26.316	19	14	0	458	476	85	103	3.6	19.2
SA20160172_GPHLOGML_00015	SA20160172_GPHLOGML_00015	100.000	229	0	0	1	229	1	229	3.90e-170	459
SA20160172_GPHLOGML_00015	SA20160172_GPHLOGML_00013	26.230	61	41	2	52	112	126	182	1.0	20.0
SA20160172_GPHLOGML_00015	SA20160172_GPHLOGML_00018	87.500	8	1	0	144	151	174	181	1.3	19.6
SA20160172_GPHLOGML_00015	SA20160172_GPHLOGML_00019	26.230	61	40	1	24	84	186	241	2.3	18.9
SA20160172_GPHLOGML_00015	SA20160172_GPHLOGML_00008	26.190	42	22	1	85	126	45	77	3.4	18.1
SA20160172_GPHLOGML_00015	SA20160172_GPHLOGML_00001	25.714	35	26	0	20	54	68	102	6.4	17.3
SA20160172_GPHLOGML_00015	SA20160172_GPHLOGML_00009	43.750	16	9	0	3	18	57	72	8.3	16.9
SA20160172_GPHLOGML_00016	SA20160172_GPHLOGML_00016	100.000	291	0	0	1	291	1	291	0.0	580
SA20160172_GPHLOGML_00016	SA20160172_GPHLOGML_00018	34.211	38	25	0	39	76	127	164	2.6	18.9
SA20160172_GPHLOGML_00016	SA20160172_GPHLOGML_00010	26.087	23	17	0	6	28	51	73	3.9	18.5
SA20160172_GPHLOGML_00016	SA20160172_GPHLOGML_00020	35.714	14	9	0	84	97	96	109	5.8	18.1
SA20160172_GPHLOGML_00016	SA20160172_GPHLOGML_00017	45.455	11	6	0	160	170	127	137	6.7	17.7
SA20160172_GPHLOGML_00016	SA20160172_GPHLOGML_00009	22.973	74	38	4	179	243	9	72	6.9	17.3
SA20160172_GPHLOGML_00016	SA20160172_GPHLOGML_00002	45.000	20	11	0	1	20	109	128	8.2	17.3
SA20160172_GPHLOGML_00016	SA20160172_GPHLOGML_00004	83.333	6	1	0	76	81	160	165	10.0	17.3
SA20160172_GPHLOGML_00017	SA20160172_GPHLOGML_00017	100.000	155	0	0	1	155	1	155	2.35e-117	319
SA20160172_GPHLOGML_00017	SA20160172_GPHLOGML_00004	25.000	36	27	0	75	110	212	247	0.23	21.2
SA20160172_GPHLOGML_00017	SA20160172_GPHLOGML_00016	45.455	11	6	0	127	137	160	170	3.0	17.7
SA20160172_GPHLOGML_00017	SA20160172_GPHLOGML_00021	41.667	12	7	0	20	31	393	404	7.7	16.5
SA20160172_GPHLOGML_00017	SA20160172_GPHLOGML_00007	32.258	31	20	1	77	107	265	294	8.2	16.5
SA20160172_GPHLOGML_00017	SA20160172_GPHLOGML_00018	55.556	9	4	0	104	112	215	223	9.6	16.2
SA20160172_GPHLOGML_00018	SA20160172_GPHLOGML_00018	100.000	426	0	0	1	426	1	426	0.0	889
SA20160172_GPHLOGML_00018	SA20160172_GPHLOGML_00015	87.500	8	1	0	174	181	144	151	2.6	19.6
SA20160172_GPHLOGML_00018	SA20160172_GPHLOGML_00014	26.316	19	14	0	85	103	458	476	3.1	19.2
SA20160172_GPHLOGML_00018	SA20160172_GPHLOGML_00016	35.294	34	22	0	127	160	39	72	4.1	18.9
SA20160172_GPHLOGML_00018	SA20160172_GPHLOGML_00021	50.000	10	5	0	339	348	270	279	5.9	18.5
SA20160172_GPHLOGML_00018	SA20160172_GPHLOGML_00011	33.333	24	16	0	76	99	98	121	6.9	18.1
SA20160172_GPHLOGML_00018	SA20160172_GPHLOGML_00004	47.368	19	9	1	380	398	44	61	9.4	17.7
SA20160172_GPHLOGML_00019	SA20160172_GPHLOGML_00019	100.000	417	0	0	1	417	1	417	0.0	809
SA20160172_GPHLOGML_00019	SA20160172_GPHLOGML_00014	29.508	61	27	2	227	277	313	367	0.29	22.7
SA20160172_GPHLOGML_00019	SA20160172_GPHLOGML_00007	32.558	43	25	2	254	293	149	190	0.85	21.2
SA20160172_GPHLOGML_00019	SA20160172_GPHLOGML_00003	27.660	47	26	1	37	75	180	226	1.9	20.0
SA20160172_GPHLOGML_00019	SA20160172_GPHLOGML_00012	33.333	24	15	1	272	294	152	175	6.6	18.1
SA20160172_GPHLOGML_00019	SA20160172_GPHLOGML_00002	32.258	31	20	1	141	170	138	168	7.1	18.1
SA20160172_GPHLOGML_00020	SA20160172_GPHLOGML_00020	100.000	367	0	0	1	367	1	367	0.0	762
SA20160172_GPHLOGML_00020	SA20160172_GPHLOGML_00006	33.333	30	19	1	171	199	66	95	0.81	20.4
SA20160172_GPHLOGML_00020	SA20160172_GPHLOGML_00007	28.125	64	39	2	158	220	98	155	2.9	19.2
SA20160172_GPHLOGML_00020	SA20160172_GPHLOGML_00016	35.714	14	9	0	96	109	84	97	7.0	18.1
SA20160172_GPHLOGML_00021	SA20160172_GPHLOGML_00021	100.000	472	0	0	1	472	1	472	0.0	977
SA20160172_GPHLOGML_00021	SA20160172_GPHLOGML_00004	33.333	21	14	0	34	54	142	162	2.6	19.6
SA20160172_GPHLOGML_00021	SA20160172_GPHLOGML_00018	50.000	10	5	0	270	279	339	348	6.6	18.5
SA20160172_GPHLOGML_00021	SA20160172_GPHLOGML_00007	36.842	19	12	0	31	49	339	357	7.9	18.1
