SA20160203_GIPDFLML_03436	SA20160209_CPEIOPNK_03706	100.000	122	0	0	1	122	1	122	1.61e-91	251
SA20160203_GIPDFLML_03436	SA20160209_CPEIOPNK_03691	34.783	23	15	0	64	86	510	532	0.016	24.6
SA20160203_GIPDFLML_03436	SA20160209_CPEIOPNK_03692	38.462	26	16	0	81	106	626	651	0.35	20.8
SA20160203_GIPDFLML_03436	SA20160209_CPEIOPNK_03690	25.926	54	27	2	37	90	182	222	0.41	20.4
SA20160203_GIPDFLML_03436	SA20160209_CPEIOPNK_03697	29.032	31	22	0	29	59	84	114	1.1	19.2
SA20160203_GIPDFLML_03436	SA20160209_CPEIOPNK_03700	37.838	37	12	3	82	110	118	151	1.9	18.5
SA20160203_GIPDFLML_03436	SA20160209_CPEIOPNK_03686	40.000	20	12	0	28	47	228	247	5.6	16.9
SA20160203_GIPDFLML_03437	SA20160209_CPEIOPNK_03705	100.000	303	0	0	1	303	1	303	0.0	620
SA20160203_GIPDFLML_03437	SA20160209_CPEIOPNK_03685	41.667	24	14	0	151	174	57	80	0.071	24.3
SA20160203_GIPDFLML_03437	SA20160209_CPEIOPNK_03693	26.804	97	47	4	117	195	162	252	0.37	22.3
SA20160203_GIPDFLML_03437	SA20160209_CPEIOPNK_03703	66.667	12	4	0	182	193	76	87	4.6	18.5
SA20160203_GIPDFLML_03437	SA20160209_CPEIOPNK_03700	33.333	24	16	0	96	119	104	127	4.8	18.9
SA20160203_GIPDFLML_03437	SA20160209_CPEIOPNK_03692	39.130	23	14	0	8	30	267	289	7.0	18.5
SA20160203_GIPDFLML_03438	SA20160209_CPEIOPNK_03704	100.000	331	0	0	1	331	1	331	0.0	676
SA20160203_GIPDFLML_03438	SA20160209_CPEIOPNK_03690	30.435	23	16	0	31	53	147	169	1.8	20.0
SA20160203_GIPDFLML_03438	SA20160209_CPEIOPNK_03686	22.222	45	35	0	5	49	109	153	3.3	19.2
SA20160203_GIPDFLML_03438	SA20160209_CPEIOPNK_03700	26.190	42	23	1	128	169	130	163	6.4	18.5
SA20160203_GIPDFLML_03439	SA20160209_CPEIOPNK_03703	100.000	202	0	0	1	202	1	202	7.33e-154	416
SA20160203_GIPDFLML_03439	SA20160209_CPEIOPNK_03693	53.333	15	5	1	46	60	1349	1361	0.17	22.7
SA20160203_GIPDFLML_03439	SA20160209_CPEIOPNK_03686	50.000	10	5	0	46	55	91	100	0.69	20.8
SA20160203_GIPDFLML_03439	SA20160209_CPEIOPNK_03694	28.205	39	28	0	158	196	313	351	1.5	19.6
SA20160203_GIPDFLML_03439	SA20160209_CPEIOPNK_03691	29.412	17	12	0	49	65	512	528	2.6	18.9
SA20160203_GIPDFLML_03439	SA20160209_CPEIOPNK_03705	66.667	12	4	0	76	87	182	193	3.1	18.5
SA20160203_GIPDFLML_03440	SA20160209_CPEIOPNK_03702	100.000	98	0	0	1	98	1	98	2.75e-74	206
SA20160203_GIPDFLML_03440	SA20160209_CPEIOPNK_03693	70.000	10	2	1	69	78	490	498	2.4	17.7
SA20160203_GIPDFLML_03440	SA20160209_CPEIOPNK_03692	35.000	20	13	0	54	73	374	393	3.0	17.3
SA20160203_GIPDFLML_03440	SA20160209_CPEIOPNK_03691	50.000	10	5	0	84	93	848	857	3.1	17.3
SA20160203_GIPDFLML_03440	SA20160209_CPEIOPNK_03705	54.545	11	5	0	51	61	36	46	6.7	16.2
SA20160203_GIPDFLML_03441	SA20160209_CPEIOPNK_03701	100.000	85	0	0	1	85	1	85	1.16e-62	176
SA20160203_GIPDFLML_03441	SA20160209_CPEIOPNK_03692	42.857	14	8	0	1	14	728	741	0.83	18.9
SA20160203_GIPDFLML_03441	SA20160209_CPEIOPNK_03693	29.787	47	27	2	18	63	805	846	1.0	18.5
SA20160203_GIPDFLML_03441	SA20160209_CPEIOPNK_03690	28.571	49	33	1	7	53	104	152	1.3	18.1
SA20160203_GIPDFLML_03441	SA20160209_CPEIOPNK_03686	42.857	14	8	0	20	33	321	334	1.6	17.7
SA20160203_GIPDFLML_03441	SA20160209_CPEIOPNK_03685	29.630	27	19	0	43	69	64	90	4.6	16.5
SA20160203_GIPDFLML_03441	SA20160209_CPEIOPNK_03694	33.333	21	14	0	50	70	239	259	5.1	16.5
SA20160203_GIPDFLML_03442	SA20160209_CPEIOPNK_03700	100.000	541	0	0	1	541	1	541	0.0	1123
SA20160203_GIPDFLML_03442	SA20160209_CPEIOPNK_03693	27.907	43	30	1	308	349	1827	1869	0.71	22.3
SA20160203_GIPDFLML_03442	SA20160209_CPEIOPNK_03691	52.941	17	8	0	237	253	462	478	1.2	21.6
SA20160203_GIPDFLML_03442	SA20160209_CPEIOPNK_03706	37.838	37	12	3	118	151	82	110	8.5	18.5
SA20160203_GIPDFLML_03442	SA20160209_CPEIOPNK_03705	33.333	24	16	0	104	127	96	119	8.6	18.9
SA20160203_GIPDFLML_03443	SA20160209_CPEIOPNK_03699	100.000	238	0	0	1	238	1	238	1.55e-178	481
SA20160203_GIPDFLML_03443	SA20160209_CPEIOPNK_03686	47.368	19	10	0	196	214	15	33	0.51	21.2
SA20160203_GIPDFLML_03443	SA20160209_CPEIOPNK_03693	20.408	49	39	0	57	105	318	366	1.3	20.4
SA20160203_GIPDFLML_03443	SA20160209_CPEIOPNK_03705	36.667	30	15	1	65	94	125	150	8.5	17.3
SA20160203_GIPDFLML_03443	SA20160209_CPEIOPNK_03692	50.000	12	6	0	23	34	1112	1123	9.9	17.3
SA20160203_GIPDFLML_03444	SA20160209_CPEIOPNK_03698	100.000	35	0	0	1	35	1	35	2.52e-22	70.5
SA20160203_GIPDFLML_03444	SA20160209_CPEIOPNK_03693	80.000	5	1	0	2	6	1089	1093	7.9	14.2
SA20160203_GIPDFLML_03445	SA20160209_CPEIOPNK_03697	100.000	291	0	0	1	291	1	291	0.0	609
SA20160203_GIPDFLML_03445	SA20160209_CPEIOPNK_03690	26.984	126	70	7	169	288	150	259	8.11e-05	33.5
SA20160203_GIPDFLML_03445	SA20160209_CPEIOPNK_03692	39.130	23	14	0	158	180	825	847	1.1	20.8
SA20160203_GIPDFLML_03445	SA20160209_CPEIOPNK_03691	23.913	46	35	0	89	134	889	934	2.2	20.0
SA20160203_GIPDFLML_03445	SA20160209_CPEIOPNK_03706	29.032	31	22	0	84	114	29	59	2.6	19.2
SA20160203_GIPDFLML_03445	SA20160209_CPEIOPNK_03694	24.691	81	46	4	124	189	424	504	6.8	18.1
SA20160203_GIPDFLML_03445	SA20160209_CPEIOPNK_03693	21.429	28	22	0	142	169	2	29	8.6	18.1
SA20160203_GIPDFLML_03446	SA20160209_CPEIOPNK_03696	100.000	140	0	0	1	140	1	140	8.98e-108	294
SA20160203_GIPDFLML_03446	SA20160209_CPEIOPNK_03692	50.000	14	7	0	96	109	732	745	2.0	18.9
SA20160203_GIPDFLML_03446	SA20160209_CPEIOPNK_03693	33.333	21	13	1	51	70	1499	1519	2.0	18.9
SA20160203_GIPDFLML_03446	SA20160209_CPEIOPNK_03699	55.556	9	4	0	72	80	207	215	9.5	16.5
SA20160203_GIPDFLML_03447	SA20160209_CPEIOPNK_03695	100.000	55	0	0	1	55	1	55	1.14e-39	115
SA20160203_GIPDFLML_03447	SA20160209_CPEIOPNK_03693	23.077	52	31	2	5	55	851	894	4.8	15.8
SA20160203_GIPDFLML_03448	SA20160209_CPEIOPNK_03694	100.000	705	0	0	1	705	1	705	0.0	1464
SA20160203_GIPDFLML_03448	SA20160209_CPEIOPNK_03692	31.250	48	27	3	350	391	1444	1491	0.81	22.7
SA20160203_GIPDFLML_03448	SA20160209_CPEIOPNK_03693	42.857	28	14	1	245	272	90	115	2.5	21.2
SA20160203_GIPDFLML_03448	SA20160209_CPEIOPNK_03703	28.205	39	28	0	313	351	158	196	5.1	19.6
SA20160203_GIPDFLML_03449	SA20160209_CPEIOPNK_03693	100.000	2113	0	0	1	2113	1	2113	0.0	4408
SA20160203_GIPDFLML_03449	SA20160209_CPEIOPNK_03703	53.333	15	5	1	1349	1361	46	60	1.7	22.7
SA20160203_GIPDFLML_03449	SA20160209_CPEIOPNK_03705	26.804	97	47	4	162	252	117	195	2.6	22.3
SA20160203_GIPDFLML_03449	SA20160209_CPEIOPNK_03700	27.907	43	30	1	1827	1869	308	349	2.8	22.3
SA20160203_GIPDFLML_03449	SA20160209_CPEIOPNK_03692	66.667	12	4	0	305	316	345	356	4.9	21.9
SA20160203_GIPDFLML_03449	SA20160209_CPEIOPNK_03694	42.857	28	14	1	90	115	245	272	7.5	21.2
SA20160203_GIPDFLML_03449	SA20160209_CPEIOPNK_03691	30.000	30	20	1	1793	1821	161	190	7.8	21.2
SA20160203_GIPDFLML_03450	SA20160209_CPEIOPNK_03692	100.000	1640	0	0	1	1640	1	1640	0.0	3414
SA20160203_GIPDFLML_03450	SA20160209_CPEIOPNK_03694	31.250	48	27	3	1444	1491	350	391	1.9	22.7
SA20160203_GIPDFLML_03450	SA20160209_CPEIOPNK_03693	66.667	12	4	0	345	356	305	316	3.8	21.9
SA20160203_GIPDFLML_03450	SA20160209_CPEIOPNK_03697	39.130	23	14	0	825	847	158	180	5.9	20.8
SA20160203_GIPDFLML_03451	SA20160209_CPEIOPNK_03691	100.000	941	0	0	1	941	1	941	0.0	1946
SA20160203_GIPDFLML_03451	SA20160209_CPEIOPNK_03706	34.783	23	15	0	510	532	64	86	0.13	24.6
SA20160203_GIPDFLML_03451	SA20160209_CPEIOPNK_03700	25.294	170	95	8	462	611	237	394	0.38	24.3
SA20160203_GIPDFLML_03451	SA20160209_CPEIOPNK_03686	33.333	27	18	0	633	659	33	59	0.93	22.7
SA20160203_GIPDFLML_03451	SA20160209_CPEIOPNK_03692	25.490	51	33	1	566	611	702	752	1.6	22.3
SA20160203_GIPDFLML_03451	SA20160209_CPEIOPNK_03693	30.000	30	20	1	161	190	1793	1821	3.4	21.2
SA20160203_GIPDFLML_03451	SA20160209_CPEIOPNK_03697	23.913	46	35	0	889	934	89	134	6.5	20.0
SA20160203_GIPDFLML_03452	SA20160209_CPEIOPNK_03690	100.000	259	0	0	1	259	1	259	0.0	538
SA20160203_GIPDFLML_03452	SA20160209_CPEIOPNK_03697	26.984	126	70	7	150	259	169	288	7.22e-05	33.5
SA20160203_GIPDFLML_03452	SA20160209_CPEIOPNK_03706	25.926	54	27	2	182	222	37	90	0.87	20.4
SA20160203_GIPDFLML_03452	SA20160209_CPEIOPNK_03704	30.435	23	16	0	147	169	31	53	1.4	20.0
SA20160203_GIPDFLML_03452	SA20160209_CPEIOPNK_03700	27.778	72	51	1	100	170	26	97	6.4	18.1
SA20160203_GIPDFLML_03452	SA20160209_CPEIOPNK_03693	41.176	17	10	0	170	186	1753	1769	7.6	18.1
SA20160203_GIPDFLML_03452	SA20160209_CPEIOPNK_03691	60.000	10	4	0	18	27	485	494	8.3	17.7
SA20160203_GIPDFLML_03453	SA20160209_CPEIOPNK_03689	100.000	104	0	0	1	104	1	104	3.36e-77	214
SA20160203_GIPDFLML_03453	SA20160209_CPEIOPNK_03692	21.429	70	39	2	22	91	283	336	1.7	18.5
SA20160203_GIPDFLML_03453	SA20160209_CPEIOPNK_03693	40.000	15	9	0	61	75	264	278	2.1	18.1
SA20160203_GIPDFLML_03453	SA20160209_CPEIOPNK_03700	41.176	17	10	0	13	29	1	17	2.1	18.1
SA20160203_GIPDFLML_03453	SA20160209_CPEIOPNK_03694	37.500	16	10	0	14	29	89	104	4.1	16.9
SA20160203_GIPDFLML_03454	SA20160209_CPEIOPNK_03688	100.000	95	0	0	1	95	1	95	3.21e-70	196
SA20160203_GIPDFLML_03454	SA20160209_CPEIOPNK_03686	35.000	20	13	0	1	20	314	333	8.0	16.2
SA20160203_GIPDFLML_03456	SA20160209_CPEIOPNK_03686	100.000	339	0	0	1	339	1	339	0.0	701
SA20160203_GIPDFLML_03456	SA20160209_CPEIOPNK_03691	33.333	27	18	0	33	59	633	659	0.31	22.7
SA20160203_GIPDFLML_03456	SA20160209_CPEIOPNK_03699	47.368	19	10	0	15	33	196	214	0.71	21.6
SA20160203_GIPDFLML_03456	SA20160209_CPEIOPNK_03703	50.000	10	5	0	91	100	46	55	1.1	20.8
SA20160203_GIPDFLML_03456	SA20160209_CPEIOPNK_03704	25.000	40	29	1	115	153	10	49	3.7	19.2
SA20160203_GIPDFLML_03456	SA20160209_CPEIOPNK_03693	30.435	23	16	0	94	116	1350	1372	6.3	18.5
SA20160203_GIPDFLML_03456	SA20160209_CPEIOPNK_03701	42.857	14	8	0	321	334	20	33	6.6	17.7
SA20160203_GIPDFLML_03457	SA20160209_CPEIOPNK_03685	100.000	176	0	0	1	176	1	176	1.13e-135	367
SA20160203_GIPDFLML_03457	SA20160209_CPEIOPNK_03705	41.667	24	14	0	57	80	151	174	0.041	24.3
SA20160203_GIPDFLML_03457	SA20160209_CPEIOPNK_03692	25.000	84	51	3	94	175	732	805	2.1	18.9
SA20160203_GIPDFLML_03457	SA20160209_CPEIOPNK_03694	34.286	35	22	1	136	170	307	340	3.9	18.1
SA20160203_GIPDFLML_03457	SA20160209_CPEIOPNK_03700	54.545	11	5	0	52	62	16	26	4.0	18.1
SA20160203_GIPDFLML_03457	SA20160209_CPEIOPNK_03693	66.667	9	3	0	74	82	1475	1483	5.6	17.7
SA20160203_GIPDFLML_03457	SA20160209_CPEIOPNK_03691	29.268	41	18	2	98	127	729	769	6.3	17.7
SA20160209_CPEIOPNK_03685	SA20160209_CPEIOPNK_03685	100.000	176	0	0	1	176	1	176	1.13e-135	367
SA20160209_CPEIOPNK_03685	SA20160209_CPEIOPNK_03705	41.667	24	14	0	57	80	151	174	0.041	24.3
SA20160209_CPEIOPNK_03685	SA20160209_CPEIOPNK_03692	25.000	84	51	3	94	175	732	805	2.1	18.9
SA20160209_CPEIOPNK_03685	SA20160209_CPEIOPNK_03694	34.286	35	22	1	136	170	307	340	3.9	18.1
SA20160209_CPEIOPNK_03685	SA20160209_CPEIOPNK_03700	54.545	11	5	0	52	62	16	26	4.0	18.1
SA20160209_CPEIOPNK_03685	SA20160209_CPEIOPNK_03693	66.667	9	3	0	74	82	1475	1483	5.6	17.7
SA20160209_CPEIOPNK_03685	SA20160209_CPEIOPNK_03691	29.268	41	18	2	98	127	729	769	6.3	17.7
SA20160209_CPEIOPNK_03686	SA20160209_CPEIOPNK_03686	100.000	339	0	0	1	339	1	339	0.0	701
SA20160209_CPEIOPNK_03686	SA20160209_CPEIOPNK_03691	33.333	27	18	0	33	59	633	659	0.31	22.7
SA20160209_CPEIOPNK_03686	SA20160209_CPEIOPNK_03699	47.368	19	10	0	15	33	196	214	0.71	21.6
SA20160209_CPEIOPNK_03686	SA20160209_CPEIOPNK_03703	50.000	10	5	0	91	100	46	55	1.1	20.8
SA20160209_CPEIOPNK_03686	SA20160209_CPEIOPNK_03704	25.000	40	29	1	115	153	10	49	3.7	19.2
SA20160209_CPEIOPNK_03686	SA20160209_CPEIOPNK_03693	30.435	23	16	0	94	116	1350	1372	6.3	18.5
SA20160209_CPEIOPNK_03686	SA20160209_CPEIOPNK_03701	42.857	14	8	0	321	334	20	33	6.6	17.7
SA20160209_CPEIOPNK_03688	SA20160209_CPEIOPNK_03688	100.000	95	0	0	1	95	1	95	3.21e-70	196
SA20160209_CPEIOPNK_03688	SA20160209_CPEIOPNK_03686	35.000	20	13	0	1	20	314	333	8.0	16.2
SA20160209_CPEIOPNK_03689	SA20160209_CPEIOPNK_03689	100.000	104	0	0	1	104	1	104	3.36e-77	214
SA20160209_CPEIOPNK_03689	SA20160209_CPEIOPNK_03692	21.429	70	39	2	22	91	283	336	1.7	18.5
SA20160209_CPEIOPNK_03689	SA20160209_CPEIOPNK_03693	40.000	15	9	0	61	75	264	278	2.1	18.1
SA20160209_CPEIOPNK_03689	SA20160209_CPEIOPNK_03700	41.176	17	10	0	13	29	1	17	2.1	18.1
SA20160209_CPEIOPNK_03689	SA20160209_CPEIOPNK_03694	37.500	16	10	0	14	29	89	104	4.1	16.9
SA20160209_CPEIOPNK_03690	SA20160209_CPEIOPNK_03690	100.000	259	0	0	1	259	1	259	0.0	538
SA20160209_CPEIOPNK_03690	SA20160209_CPEIOPNK_03697	26.984	126	70	7	150	259	169	288	7.22e-05	33.5
SA20160209_CPEIOPNK_03690	SA20160209_CPEIOPNK_03706	25.926	54	27	2	182	222	37	90	0.87	20.4
SA20160209_CPEIOPNK_03690	SA20160209_CPEIOPNK_03704	30.435	23	16	0	147	169	31	53	1.4	20.0
SA20160209_CPEIOPNK_03690	SA20160209_CPEIOPNK_03700	27.778	72	51	1	100	170	26	97	6.4	18.1
SA20160209_CPEIOPNK_03690	SA20160209_CPEIOPNK_03693	41.176	17	10	0	170	186	1753	1769	7.6	18.1
SA20160209_CPEIOPNK_03690	SA20160209_CPEIOPNK_03691	60.000	10	4	0	18	27	485	494	8.3	17.7
SA20160209_CPEIOPNK_03691	SA20160209_CPEIOPNK_03691	100.000	941	0	0	1	941	1	941	0.0	1946
SA20160209_CPEIOPNK_03691	SA20160209_CPEIOPNK_03706	34.783	23	15	0	510	532	64	86	0.13	24.6
SA20160209_CPEIOPNK_03691	SA20160209_CPEIOPNK_03700	25.294	170	95	8	462	611	237	394	0.38	24.3
SA20160209_CPEIOPNK_03691	SA20160209_CPEIOPNK_03686	33.333	27	18	0	633	659	33	59	0.93	22.7
SA20160209_CPEIOPNK_03691	SA20160209_CPEIOPNK_03692	25.490	51	33	1	566	611	702	752	1.6	22.3
SA20160209_CPEIOPNK_03691	SA20160209_CPEIOPNK_03693	30.000	30	20	1	161	190	1793	1821	3.4	21.2
SA20160209_CPEIOPNK_03691	SA20160209_CPEIOPNK_03697	23.913	46	35	0	889	934	89	134	6.5	20.0
SA20160209_CPEIOPNK_03692	SA20160209_CPEIOPNK_03692	100.000	1640	0	0	1	1640	1	1640	0.0	3414
SA20160209_CPEIOPNK_03692	SA20160209_CPEIOPNK_03694	31.250	48	27	3	1444	1491	350	391	1.9	22.7
SA20160209_CPEIOPNK_03692	SA20160209_CPEIOPNK_03693	66.667	12	4	0	345	356	305	316	3.8	21.9
SA20160209_CPEIOPNK_03692	SA20160209_CPEIOPNK_03697	39.130	23	14	0	825	847	158	180	5.9	20.8
SA20160209_CPEIOPNK_03693	SA20160209_CPEIOPNK_03693	100.000	2113	0	0	1	2113	1	2113	0.0	4408
SA20160209_CPEIOPNK_03693	SA20160209_CPEIOPNK_03703	53.333	15	5	1	1349	1361	46	60	1.7	22.7
SA20160209_CPEIOPNK_03693	SA20160209_CPEIOPNK_03705	26.804	97	47	4	162	252	117	195	2.6	22.3
SA20160209_CPEIOPNK_03693	SA20160209_CPEIOPNK_03700	27.907	43	30	1	1827	1869	308	349	2.8	22.3
SA20160209_CPEIOPNK_03693	SA20160209_CPEIOPNK_03692	66.667	12	4	0	305	316	345	356	4.9	21.9
SA20160209_CPEIOPNK_03693	SA20160209_CPEIOPNK_03694	42.857	28	14	1	90	115	245	272	7.5	21.2
SA20160209_CPEIOPNK_03693	SA20160209_CPEIOPNK_03691	30.000	30	20	1	1793	1821	161	190	7.8	21.2
SA20160209_CPEIOPNK_03694	SA20160209_CPEIOPNK_03694	100.000	705	0	0	1	705	1	705	0.0	1464
SA20160209_CPEIOPNK_03694	SA20160209_CPEIOPNK_03692	31.250	48	27	3	350	391	1444	1491	0.81	22.7
SA20160209_CPEIOPNK_03694	SA20160209_CPEIOPNK_03693	42.857	28	14	1	245	272	90	115	2.5	21.2
SA20160209_CPEIOPNK_03694	SA20160209_CPEIOPNK_03703	28.205	39	28	0	313	351	158	196	5.1	19.6
SA20160209_CPEIOPNK_03695	SA20160209_CPEIOPNK_03695	100.000	55	0	0	1	55	1	55	1.14e-39	115
SA20160209_CPEIOPNK_03695	SA20160209_CPEIOPNK_03693	23.077	52	31	2	5	55	851	894	4.8	15.8
SA20160209_CPEIOPNK_03696	SA20160209_CPEIOPNK_03696	100.000	140	0	0	1	140	1	140	8.98e-108	294
SA20160209_CPEIOPNK_03696	SA20160209_CPEIOPNK_03692	50.000	14	7	0	96	109	732	745	2.0	18.9
SA20160209_CPEIOPNK_03696	SA20160209_CPEIOPNK_03693	33.333	21	13	1	51	70	1499	1519	2.0	18.9
SA20160209_CPEIOPNK_03696	SA20160209_CPEIOPNK_03699	55.556	9	4	0	72	80	207	215	9.5	16.5
SA20160209_CPEIOPNK_03697	SA20160209_CPEIOPNK_03697	100.000	291	0	0	1	291	1	291	0.0	609
SA20160209_CPEIOPNK_03697	SA20160209_CPEIOPNK_03690	26.984	126	70	7	169	288	150	259	8.11e-05	33.5
SA20160209_CPEIOPNK_03697	SA20160209_CPEIOPNK_03692	39.130	23	14	0	158	180	825	847	1.1	20.8
SA20160209_CPEIOPNK_03697	SA20160209_CPEIOPNK_03691	23.913	46	35	0	89	134	889	934	2.2	20.0
SA20160209_CPEIOPNK_03697	SA20160209_CPEIOPNK_03706	29.032	31	22	0	84	114	29	59	2.6	19.2
SA20160209_CPEIOPNK_03697	SA20160209_CPEIOPNK_03694	24.691	81	46	4	124	189	424	504	6.8	18.1
SA20160209_CPEIOPNK_03697	SA20160209_CPEIOPNK_03693	21.429	28	22	0	142	169	2	29	8.6	18.1
SA20160209_CPEIOPNK_03698	SA20160209_CPEIOPNK_03698	100.000	35	0	0	1	35	1	35	2.52e-22	70.5
SA20160209_CPEIOPNK_03698	SA20160209_CPEIOPNK_03693	80.000	5	1	0	2	6	1089	1093	7.9	14.2
SA20160209_CPEIOPNK_03699	SA20160209_CPEIOPNK_03699	100.000	238	0	0	1	238	1	238	1.55e-178	481
SA20160209_CPEIOPNK_03699	SA20160209_CPEIOPNK_03686	47.368	19	10	0	196	214	15	33	0.51	21.2
SA20160209_CPEIOPNK_03699	SA20160209_CPEIOPNK_03693	20.408	49	39	0	57	105	318	366	1.3	20.4
SA20160209_CPEIOPNK_03699	SA20160209_CPEIOPNK_03705	36.667	30	15	1	65	94	125	150	8.5	17.3
SA20160209_CPEIOPNK_03699	SA20160209_CPEIOPNK_03692	50.000	12	6	0	23	34	1112	1123	9.9	17.3
SA20160209_CPEIOPNK_03700	SA20160209_CPEIOPNK_03700	100.000	541	0	0	1	541	1	541	0.0	1123
SA20160209_CPEIOPNK_03700	SA20160209_CPEIOPNK_03693	27.907	43	30	1	308	349	1827	1869	0.71	22.3
SA20160209_CPEIOPNK_03700	SA20160209_CPEIOPNK_03691	52.941	17	8	0	237	253	462	478	1.2	21.6
SA20160209_CPEIOPNK_03700	SA20160209_CPEIOPNK_03706	37.838	37	12	3	118	151	82	110	8.5	18.5
SA20160209_CPEIOPNK_03700	SA20160209_CPEIOPNK_03705	33.333	24	16	0	104	127	96	119	8.6	18.9
SA20160209_CPEIOPNK_03701	SA20160209_CPEIOPNK_03701	100.000	85	0	0	1	85	1	85	1.16e-62	176
SA20160209_CPEIOPNK_03701	SA20160209_CPEIOPNK_03692	42.857	14	8	0	1	14	728	741	0.83	18.9
SA20160209_CPEIOPNK_03701	SA20160209_CPEIOPNK_03693	29.787	47	27	2	18	63	805	846	1.0	18.5
SA20160209_CPEIOPNK_03701	SA20160209_CPEIOPNK_03690	28.571	49	33	1	7	53	104	152	1.3	18.1
SA20160209_CPEIOPNK_03701	SA20160209_CPEIOPNK_03686	42.857	14	8	0	20	33	321	334	1.6	17.7
SA20160209_CPEIOPNK_03701	SA20160209_CPEIOPNK_03685	29.630	27	19	0	43	69	64	90	4.6	16.5
SA20160209_CPEIOPNK_03701	SA20160209_CPEIOPNK_03694	33.333	21	14	0	50	70	239	259	5.1	16.5
SA20160209_CPEIOPNK_03702	SA20160209_CPEIOPNK_03702	100.000	98	0	0	1	98	1	98	2.75e-74	206
SA20160209_CPEIOPNK_03702	SA20160209_CPEIOPNK_03693	70.000	10	2	1	69	78	490	498	2.4	17.7
SA20160209_CPEIOPNK_03702	SA20160209_CPEIOPNK_03692	35.000	20	13	0	54	73	374	393	3.0	17.3
SA20160209_CPEIOPNK_03702	SA20160209_CPEIOPNK_03691	50.000	10	5	0	84	93	848	857	3.1	17.3
SA20160209_CPEIOPNK_03702	SA20160209_CPEIOPNK_03705	54.545	11	5	0	51	61	36	46	6.7	16.2
SA20160209_CPEIOPNK_03703	SA20160209_CPEIOPNK_03703	100.000	202	0	0	1	202	1	202	7.33e-154	416
SA20160209_CPEIOPNK_03703	SA20160209_CPEIOPNK_03693	53.333	15	5	1	46	60	1349	1361	0.17	22.7
SA20160209_CPEIOPNK_03703	SA20160209_CPEIOPNK_03686	50.000	10	5	0	46	55	91	100	0.69	20.8
SA20160209_CPEIOPNK_03703	SA20160209_CPEIOPNK_03694	28.205	39	28	0	158	196	313	351	1.5	19.6
SA20160209_CPEIOPNK_03703	SA20160209_CPEIOPNK_03691	29.412	17	12	0	49	65	512	528	2.6	18.9
SA20160209_CPEIOPNK_03703	SA20160209_CPEIOPNK_03705	66.667	12	4	0	76	87	182	193	3.1	18.5
SA20160209_CPEIOPNK_03704	SA20160209_CPEIOPNK_03704	100.000	331	0	0	1	331	1	331	0.0	676
SA20160209_CPEIOPNK_03704	SA20160209_CPEIOPNK_03690	30.435	23	16	0	31	53	147	169	1.8	20.0
SA20160209_CPEIOPNK_03704	SA20160209_CPEIOPNK_03686	22.222	45	35	0	5	49	109	153	3.3	19.2
SA20160209_CPEIOPNK_03704	SA20160209_CPEIOPNK_03700	26.190	42	23	1	128	169	130	163	6.4	18.5
SA20160209_CPEIOPNK_03705	SA20160209_CPEIOPNK_03705	100.000	303	0	0	1	303	1	303	0.0	620
SA20160209_CPEIOPNK_03705	SA20160209_CPEIOPNK_03685	41.667	24	14	0	151	174	57	80	0.071	24.3
SA20160209_CPEIOPNK_03705	SA20160209_CPEIOPNK_03693	26.804	97	47	4	117	195	162	252	0.37	22.3
SA20160209_CPEIOPNK_03705	SA20160209_CPEIOPNK_03703	66.667	12	4	0	182	193	76	87	4.6	18.5
SA20160209_CPEIOPNK_03705	SA20160209_CPEIOPNK_03700	33.333	24	16	0	96	119	104	127	4.8	18.9
SA20160209_CPEIOPNK_03705	SA20160209_CPEIOPNK_03692	39.130	23	14	0	8	30	267	289	7.0	18.5
SA20160209_CPEIOPNK_03706	SA20160209_CPEIOPNK_03706	100.000	122	0	0	1	122	1	122	1.61e-91	251
SA20160209_CPEIOPNK_03706	SA20160209_CPEIOPNK_03691	34.783	23	15	0	64	86	510	532	0.016	24.6
SA20160209_CPEIOPNK_03706	SA20160209_CPEIOPNK_03692	38.462	26	16	0	81	106	626	651	0.35	20.8
SA20160209_CPEIOPNK_03706	SA20160209_CPEIOPNK_03690	25.926	54	27	2	37	90	182	222	0.41	20.4
SA20160209_CPEIOPNK_03706	SA20160209_CPEIOPNK_03697	29.032	31	22	0	29	59	84	114	1.1	19.2
SA20160209_CPEIOPNK_03706	SA20160209_CPEIOPNK_03700	37.838	37	12	3	82	110	118	151	1.9	18.5
SA20160209_CPEIOPNK_03706	SA20160209_CPEIOPNK_03686	40.000	20	12	0	28	47	228	247	5.6	16.9
SA20160203_GIPDFLML_03436	SA20160203_GIPDFLML_03436	100.000	122	0	0	1	122	1	122	1.61e-91	251
SA20160203_GIPDFLML_03436	SA20160203_GIPDFLML_03451	34.783	23	15	0	64	86	510	532	0.016	24.6
SA20160203_GIPDFLML_03436	SA20160203_GIPDFLML_03450	38.462	26	16	0	81	106	626	651	0.35	20.8
SA20160203_GIPDFLML_03436	SA20160203_GIPDFLML_03452	25.926	54	27	2	37	90	182	222	0.41	20.4
SA20160203_GIPDFLML_03436	SA20160203_GIPDFLML_03445	29.032	31	22	0	29	59	84	114	1.1	19.2
SA20160203_GIPDFLML_03436	SA20160203_GIPDFLML_03442	37.838	37	12	3	82	110	118	151	1.9	18.5
SA20160203_GIPDFLML_03436	SA20160203_GIPDFLML_03456	40.000	20	12	0	28	47	228	247	5.6	16.9
SA20160203_GIPDFLML_03437	SA20160203_GIPDFLML_03437	100.000	303	0	0	1	303	1	303	0.0	620
SA20160203_GIPDFLML_03437	SA20160203_GIPDFLML_03457	41.667	24	14	0	151	174	57	80	0.071	24.3
SA20160203_GIPDFLML_03437	SA20160203_GIPDFLML_03449	26.804	97	47	4	117	195	162	252	0.37	22.3
SA20160203_GIPDFLML_03437	SA20160203_GIPDFLML_03439	66.667	12	4	0	182	193	76	87	4.6	18.5
SA20160203_GIPDFLML_03437	SA20160203_GIPDFLML_03442	33.333	24	16	0	96	119	104	127	4.8	18.9
SA20160203_GIPDFLML_03437	SA20160203_GIPDFLML_03450	39.130	23	14	0	8	30	267	289	7.0	18.5
SA20160203_GIPDFLML_03438	SA20160203_GIPDFLML_03438	100.000	331	0	0	1	331	1	331	0.0	676
SA20160203_GIPDFLML_03438	SA20160203_GIPDFLML_03452	30.435	23	16	0	31	53	147	169	1.8	20.0
SA20160203_GIPDFLML_03438	SA20160203_GIPDFLML_03456	22.222	45	35	0	5	49	109	153	3.3	19.2
SA20160203_GIPDFLML_03438	SA20160203_GIPDFLML_03442	26.190	42	23	1	128	169	130	163	6.4	18.5
SA20160203_GIPDFLML_03439	SA20160203_GIPDFLML_03439	100.000	202	0	0	1	202	1	202	7.33e-154	416
SA20160203_GIPDFLML_03439	SA20160203_GIPDFLML_03449	53.333	15	5	1	46	60	1349	1361	0.17	22.7
SA20160203_GIPDFLML_03439	SA20160203_GIPDFLML_03456	50.000	10	5	0	46	55	91	100	0.69	20.8
SA20160203_GIPDFLML_03439	SA20160203_GIPDFLML_03448	28.205	39	28	0	158	196	313	351	1.5	19.6
SA20160203_GIPDFLML_03439	SA20160203_GIPDFLML_03451	29.412	17	12	0	49	65	512	528	2.6	18.9
SA20160203_GIPDFLML_03439	SA20160203_GIPDFLML_03437	66.667	12	4	0	76	87	182	193	3.1	18.5
SA20160203_GIPDFLML_03440	SA20160203_GIPDFLML_03440	100.000	98	0	0	1	98	1	98	2.75e-74	206
SA20160203_GIPDFLML_03440	SA20160203_GIPDFLML_03449	70.000	10	2	1	69	78	490	498	2.4	17.7
SA20160203_GIPDFLML_03440	SA20160203_GIPDFLML_03450	35.000	20	13	0	54	73	374	393	3.0	17.3
SA20160203_GIPDFLML_03440	SA20160203_GIPDFLML_03451	50.000	10	5	0	84	93	848	857	3.1	17.3
SA20160203_GIPDFLML_03440	SA20160203_GIPDFLML_03437	54.545	11	5	0	51	61	36	46	6.7	16.2
SA20160203_GIPDFLML_03441	SA20160203_GIPDFLML_03441	100.000	85	0	0	1	85	1	85	1.16e-62	176
SA20160203_GIPDFLML_03441	SA20160203_GIPDFLML_03450	42.857	14	8	0	1	14	728	741	0.83	18.9
SA20160203_GIPDFLML_03441	SA20160203_GIPDFLML_03449	29.787	47	27	2	18	63	805	846	1.0	18.5
SA20160203_GIPDFLML_03441	SA20160203_GIPDFLML_03452	28.571	49	33	1	7	53	104	152	1.3	18.1
SA20160203_GIPDFLML_03441	SA20160203_GIPDFLML_03456	42.857	14	8	0	20	33	321	334	1.6	17.7
SA20160203_GIPDFLML_03441	SA20160203_GIPDFLML_03457	29.630	27	19	0	43	69	64	90	4.6	16.5
SA20160203_GIPDFLML_03441	SA20160203_GIPDFLML_03448	33.333	21	14	0	50	70	239	259	5.1	16.5
SA20160203_GIPDFLML_03442	SA20160203_GIPDFLML_03442	100.000	541	0	0	1	541	1	541	0.0	1123
SA20160203_GIPDFLML_03442	SA20160203_GIPDFLML_03449	27.907	43	30	1	308	349	1827	1869	0.71	22.3
SA20160203_GIPDFLML_03442	SA20160203_GIPDFLML_03451	52.941	17	8	0	237	253	462	478	1.2	21.6
SA20160203_GIPDFLML_03442	SA20160203_GIPDFLML_03436	37.838	37	12	3	118	151	82	110	8.5	18.5
SA20160203_GIPDFLML_03442	SA20160203_GIPDFLML_03437	33.333	24	16	0	104	127	96	119	8.6	18.9
SA20160203_GIPDFLML_03443	SA20160203_GIPDFLML_03443	100.000	238	0	0	1	238	1	238	1.55e-178	481
SA20160203_GIPDFLML_03443	SA20160203_GIPDFLML_03456	47.368	19	10	0	196	214	15	33	0.51	21.2
SA20160203_GIPDFLML_03443	SA20160203_GIPDFLML_03449	20.408	49	39	0	57	105	318	366	1.3	20.4
SA20160203_GIPDFLML_03443	SA20160203_GIPDFLML_03437	36.667	30	15	1	65	94	125	150	8.5	17.3
SA20160203_GIPDFLML_03443	SA20160203_GIPDFLML_03450	50.000	12	6	0	23	34	1112	1123	9.9	17.3
SA20160203_GIPDFLML_03444	SA20160203_GIPDFLML_03444	100.000	35	0	0	1	35	1	35	2.52e-22	70.5
SA20160203_GIPDFLML_03444	SA20160203_GIPDFLML_03449	80.000	5	1	0	2	6	1089	1093	7.9	14.2
SA20160203_GIPDFLML_03445	SA20160203_GIPDFLML_03445	100.000	291	0	0	1	291	1	291	0.0	609
SA20160203_GIPDFLML_03445	SA20160203_GIPDFLML_03452	26.984	126	70	7	169	288	150	259	8.11e-05	33.5
SA20160203_GIPDFLML_03445	SA20160203_GIPDFLML_03450	39.130	23	14	0	158	180	825	847	1.1	20.8
SA20160203_GIPDFLML_03445	SA20160203_GIPDFLML_03451	23.913	46	35	0	89	134	889	934	2.2	20.0
SA20160203_GIPDFLML_03445	SA20160203_GIPDFLML_03436	29.032	31	22	0	84	114	29	59	2.6	19.2
SA20160203_GIPDFLML_03445	SA20160203_GIPDFLML_03448	24.691	81	46	4	124	189	424	504	6.8	18.1
SA20160203_GIPDFLML_03445	SA20160203_GIPDFLML_03449	21.429	28	22	0	142	169	2	29	8.6	18.1
SA20160203_GIPDFLML_03446	SA20160203_GIPDFLML_03446	100.000	140	0	0	1	140	1	140	8.98e-108	294
SA20160203_GIPDFLML_03446	SA20160203_GIPDFLML_03450	50.000	14	7	0	96	109	732	745	2.0	18.9
SA20160203_GIPDFLML_03446	SA20160203_GIPDFLML_03449	33.333	21	13	1	51	70	1499	1519	2.0	18.9
SA20160203_GIPDFLML_03446	SA20160203_GIPDFLML_03443	55.556	9	4	0	72	80	207	215	9.5	16.5
SA20160203_GIPDFLML_03447	SA20160203_GIPDFLML_03447	100.000	55	0	0	1	55	1	55	1.14e-39	115
SA20160203_GIPDFLML_03447	SA20160203_GIPDFLML_03449	23.077	52	31	2	5	55	851	894	4.8	15.8
SA20160203_GIPDFLML_03448	SA20160203_GIPDFLML_03448	100.000	705	0	0	1	705	1	705	0.0	1464
SA20160203_GIPDFLML_03448	SA20160203_GIPDFLML_03450	31.250	48	27	3	350	391	1444	1491	0.81	22.7
SA20160203_GIPDFLML_03448	SA20160203_GIPDFLML_03449	42.857	28	14	1	245	272	90	115	2.5	21.2
SA20160203_GIPDFLML_03448	SA20160203_GIPDFLML_03439	28.205	39	28	0	313	351	158	196	5.1	19.6
SA20160203_GIPDFLML_03449	SA20160203_GIPDFLML_03449	100.000	2113	0	0	1	2113	1	2113	0.0	4408
SA20160203_GIPDFLML_03449	SA20160203_GIPDFLML_03439	53.333	15	5	1	1349	1361	46	60	1.7	22.7
SA20160203_GIPDFLML_03449	SA20160203_GIPDFLML_03437	26.804	97	47	4	162	252	117	195	2.6	22.3
SA20160203_GIPDFLML_03449	SA20160203_GIPDFLML_03442	27.907	43	30	1	1827	1869	308	349	2.8	22.3
SA20160203_GIPDFLML_03449	SA20160203_GIPDFLML_03450	66.667	12	4	0	305	316	345	356	4.9	21.9
SA20160203_GIPDFLML_03449	SA20160203_GIPDFLML_03448	42.857	28	14	1	90	115	245	272	7.5	21.2
SA20160203_GIPDFLML_03449	SA20160203_GIPDFLML_03451	30.000	30	20	1	1793	1821	161	190	7.8	21.2
SA20160203_GIPDFLML_03450	SA20160203_GIPDFLML_03450	100.000	1640	0	0	1	1640	1	1640	0.0	3414
SA20160203_GIPDFLML_03450	SA20160203_GIPDFLML_03448	31.250	48	27	3	1444	1491	350	391	1.9	22.7
SA20160203_GIPDFLML_03450	SA20160203_GIPDFLML_03449	66.667	12	4	0	345	356	305	316	3.8	21.9
SA20160203_GIPDFLML_03450	SA20160203_GIPDFLML_03445	39.130	23	14	0	825	847	158	180	5.9	20.8
SA20160203_GIPDFLML_03451	SA20160203_GIPDFLML_03451	100.000	941	0	0	1	941	1	941	0.0	1946
SA20160203_GIPDFLML_03451	SA20160203_GIPDFLML_03436	34.783	23	15	0	510	532	64	86	0.13	24.6
SA20160203_GIPDFLML_03451	SA20160203_GIPDFLML_03442	25.294	170	95	8	462	611	237	394	0.38	24.3
SA20160203_GIPDFLML_03451	SA20160203_GIPDFLML_03456	33.333	27	18	0	633	659	33	59	0.93	22.7
SA20160203_GIPDFLML_03451	SA20160203_GIPDFLML_03450	25.490	51	33	1	566	611	702	752	1.6	22.3
SA20160203_GIPDFLML_03451	SA20160203_GIPDFLML_03449	30.000	30	20	1	161	190	1793	1821	3.4	21.2
SA20160203_GIPDFLML_03451	SA20160203_GIPDFLML_03445	23.913	46	35	0	889	934	89	134	6.5	20.0
SA20160203_GIPDFLML_03452	SA20160203_GIPDFLML_03452	100.000	259	0	0	1	259	1	259	0.0	538
SA20160203_GIPDFLML_03452	SA20160203_GIPDFLML_03445	26.984	126	70	7	150	259	169	288	7.22e-05	33.5
SA20160203_GIPDFLML_03452	SA20160203_GIPDFLML_03436	25.926	54	27	2	182	222	37	90	0.87	20.4
SA20160203_GIPDFLML_03452	SA20160203_GIPDFLML_03438	30.435	23	16	0	147	169	31	53	1.4	20.0
SA20160203_GIPDFLML_03452	SA20160203_GIPDFLML_03442	27.778	72	51	1	100	170	26	97	6.4	18.1
SA20160203_GIPDFLML_03452	SA20160203_GIPDFLML_03449	41.176	17	10	0	170	186	1753	1769	7.6	18.1
SA20160203_GIPDFLML_03452	SA20160203_GIPDFLML_03451	60.000	10	4	0	18	27	485	494	8.3	17.7
SA20160203_GIPDFLML_03453	SA20160203_GIPDFLML_03453	100.000	104	0	0	1	104	1	104	3.36e-77	214
SA20160203_GIPDFLML_03453	SA20160203_GIPDFLML_03450	21.429	70	39	2	22	91	283	336	1.7	18.5
SA20160203_GIPDFLML_03453	SA20160203_GIPDFLML_03449	40.000	15	9	0	61	75	264	278	2.1	18.1
SA20160203_GIPDFLML_03453	SA20160203_GIPDFLML_03442	41.176	17	10	0	13	29	1	17	2.1	18.1
SA20160203_GIPDFLML_03453	SA20160203_GIPDFLML_03448	37.500	16	10	0	14	29	89	104	4.1	16.9
SA20160203_GIPDFLML_03454	SA20160203_GIPDFLML_03454	100.000	95	0	0	1	95	1	95	3.21e-70	196
SA20160203_GIPDFLML_03454	SA20160203_GIPDFLML_03456	35.000	20	13	0	1	20	314	333	8.0	16.2
SA20160203_GIPDFLML_03456	SA20160203_GIPDFLML_03456	100.000	339	0	0	1	339	1	339	0.0	701
SA20160203_GIPDFLML_03456	SA20160203_GIPDFLML_03451	33.333	27	18	0	33	59	633	659	0.31	22.7
SA20160203_GIPDFLML_03456	SA20160203_GIPDFLML_03443	47.368	19	10	0	15	33	196	214	0.71	21.6
SA20160203_GIPDFLML_03456	SA20160203_GIPDFLML_03439	50.000	10	5	0	91	100	46	55	1.1	20.8
SA20160203_GIPDFLML_03456	SA20160203_GIPDFLML_03438	25.000	40	29	1	115	153	10	49	3.7	19.2
SA20160203_GIPDFLML_03456	SA20160203_GIPDFLML_03449	30.435	23	16	0	94	116	1350	1372	6.3	18.5
SA20160203_GIPDFLML_03456	SA20160203_GIPDFLML_03441	42.857	14	8	0	321	334	20	33	6.6	17.7
SA20160203_GIPDFLML_03457	SA20160203_GIPDFLML_03457	100.000	176	0	0	1	176	1	176	1.13e-135	367
SA20160203_GIPDFLML_03457	SA20160203_GIPDFLML_03437	41.667	24	14	0	57	80	151	174	0.041	24.3
SA20160203_GIPDFLML_03457	SA20160203_GIPDFLML_03450	25.000	84	51	3	94	175	732	805	2.1	18.9
SA20160203_GIPDFLML_03457	SA20160203_GIPDFLML_03448	34.286	35	22	1	136	170	307	340	3.9	18.1
SA20160203_GIPDFLML_03457	SA20160203_GIPDFLML_03442	54.545	11	5	0	52	62	16	26	4.0	18.1
SA20160203_GIPDFLML_03457	SA20160203_GIPDFLML_03449	66.667	9	3	0	74	82	1475	1483	5.6	17.7
SA20160203_GIPDFLML_03457	SA20160203_GIPDFLML_03451	29.268	41	18	2	98	127	729	769	6.3	17.7
