SA20160170_CHGPAPHK_00757	SA20160190_KJBEGOPM_00298	44.444	18	10	0	143	160	86	103	0.65	21.2
SA20160170_CHGPAPHK_00757	SA20160190_KJBEGOPM_00301	31.250	32	18	2	183	213	29	57	4.4	18.9
SA20160170_CHGPAPHK_00757	SA20160190_KJBEGOPM_00300	32.000	25	17	0	367	391	217	241	5.4	18.5
SA20160170_CHGPAPHK_00757	SA20160190_KJBEGOPM_00310	25.000	20	15	0	52	71	149	168	6.5	18.1
SA20160170_CHGPAPHK_00758	SA20160190_KJBEGOPM_00300	30.769	26	18	0	100	125	144	169	0.80	19.2
SA20160170_CHGPAPHK_00758	SA20160190_KJBEGOPM_00311	45.455	11	6	0	9	19	4	14	6.0	16.5
SA20160170_CHGPAPHK_00760	SA20160190_KJBEGOPM_00295	99.623	265	1	0	1	265	1	265	0.0	535
SA20160170_CHGPAPHK_00760	SA20160190_KJBEGOPM_00301	27.778	18	13	0	226	243	338	355	5.5	17.7
SA20160170_CHGPAPHK_00760	SA20160190_KJBEGOPM_00311	27.273	33	22	1	105	137	458	488	6.6	17.7
SA20160170_CHGPAPHK_00763	SA20160190_KJBEGOPM_00298	99.363	157	1	0	1	157	1	157	3.50e-114	311
SA20160170_CHGPAPHK_00763	SA20160190_KJBEGOPM_00317	53.846	13	6	0	128	140	163	175	0.57	20.0
SA20160170_CHGPAPHK_00763	SA20160190_KJBEGOPM_00309	100.000	7	0	0	1	7	1	7	2.5	17.7
SA20160170_CHGPAPHK_00763	SA20160190_KJBEGOPM_00303	32.143	28	18	1	71	97	7	34	3.5	17.7
SA20160170_CHGPAPHK_00763	SA20160190_KJBEGOPM_00300	30.952	42	27	2	83	123	444	484	5.9	16.9
SA20160170_CHGPAPHK_00763	SA20160190_KJBEGOPM_00295	62.500	8	3	0	44	51	218	225	6.6	16.5
SA20160170_CHGPAPHK_00764	SA20160190_KJBEGOPM_00299	84.324	185	21	1	1	185	1	177	1.67e-108	305
SA20160170_CHGPAPHK_00764	SA20160190_KJBEGOPM_00300	53.846	13	6	0	86	98	402	414	1.3	19.6
SA20160170_CHGPAPHK_00764	SA20160190_KJBEGOPM_00307	42.105	19	8	1	161	179	433	448	3.3	18.5
SA20160170_CHGPAPHK_00764	SA20160190_KJBEGOPM_00311	38.462	26	13	1	59	81	245	270	5.0	17.7
SA20160170_CHGPAPHK_00764	SA20160190_KJBEGOPM_00295	26.316	19	14	0	147	165	7	25	6.3	17.3
SA20160170_CHGPAPHK_00764	SA20160190_KJBEGOPM_00312	87.500	8	1	0	139	146	93	100	8.9	16.5
SA20160170_CHGPAPHK_00765	SA20160190_KJBEGOPM_00300	98.615	722	10	0	1	722	1	722	0.0	1476
SA20160170_CHGPAPHK_00765	SA20160190_KJBEGOPM_00312	28.846	52	33	1	478	525	30	81	0.48	21.9
SA20160170_CHGPAPHK_00765	SA20160190_KJBEGOPM_00303	34.483	29	19	0	290	318	35	63	1.0	21.6
SA20160170_CHGPAPHK_00765	SA20160190_KJBEGOPM_00311	32.500	40	23	1	648	687	303	338	1.5	21.2
SA20160170_CHGPAPHK_00765	SA20160190_KJBEGOPM_00301	30.000	40	24	1	216	255	354	389	4.1	19.6
SA20160170_CHGPAPHK_00765	SA20160190_KJBEGOPM_00299	35.000	20	13	0	395	414	79	98	6.1	19.2
SA20160170_CHGPAPHK_00766	SA20160190_KJBEGOPM_00301	98.611	576	8	0	1	576	1	576	0.0	1178
SA20160170_CHGPAPHK_00766	SA20160190_KJBEGOPM_00299	30.556	36	25	0	123	158	251	286	1.4	20.8
SA20160170_CHGPAPHK_00766	SA20160190_KJBEGOPM_00300	30.000	40	24	1	354	389	216	255	3.5	19.6
SA20160170_CHGPAPHK_00766	SA20160190_KJBEGOPM_00303	53.333	15	7	0	257	271	184	198	4.1	19.2
SA20160170_CHGPAPHK_00766	SA20160190_KJBEGOPM_00313	32.143	28	16	1	139	166	45	69	6.3	18.5
SA20160170_CHGPAPHK_00767	SA20160190_KJBEGOPM_00302	98.246	57	1	0	1	57	1	57	5.38e-40	116
SA20160170_CHGPAPHK_00767	SA20160190_KJBEGOPM_00316	42.857	14	8	0	8	21	241	254	0.44	18.1
SA20160170_CHGPAPHK_00767	SA20160190_KJBEGOPM_00318	55.556	9	4	0	6	14	14	22	1.4	16.5
SA20160170_CHGPAPHK_00767	SA20160190_KJBEGOPM_00317	31.250	16	11	0	29	44	201	216	1.8	16.2
SA20160170_CHGPAPHK_00767	SA20160190_KJBEGOPM_00303	41.667	12	7	0	25	36	327	338	1.9	16.2
SA20160170_CHGPAPHK_00767	SA20160190_KJBEGOPM_00300	62.500	8	3	0	27	34	646	653	3.7	15.4
SA20160170_CHGPAPHK_00768	SA20160190_KJBEGOPM_00303	99.587	484	2	0	1	484	1	484	0.0	999
SA20160170_CHGPAPHK_00768	SA20160190_KJBEGOPM_00300	34.483	29	19	0	35	63	290	318	0.69	21.6
SA20160170_CHGPAPHK_00768	SA20160190_KJBEGOPM_00301	53.333	15	7	0	184	198	257	271	3.5	19.2
SA20160170_CHGPAPHK_00768	SA20160190_KJBEGOPM_00312	34.615	26	16	1	211	236	92	116	6.4	18.1
SA20160170_CHGPAPHK_00768	SA20160190_KJBEGOPM_00316	31.579	19	13	0	418	436	222	240	8.5	18.1
SA20160170_CHGPAPHK_00769	SA20160190_KJBEGOPM_00304	100.000	108	0	0	1	108	1	108	5.57e-81	223
SA20160170_CHGPAPHK_00769	SA20160190_KJBEGOPM_00307	40.000	25	15	0	9	33	121	145	0.19	20.8
SA20160170_CHGPAPHK_00769	SA20160190_KJBEGOPM_00315	23.333	30	18	1	81	105	9	38	9.4	15.0
SA20160170_CHGPAPHK_00769	SA20160190_KJBEGOPM_00311	22.857	35	26	1	29	62	368	402	10.0	15.4
SA20160170_CHGPAPHK_00771	SA20160190_KJBEGOPM_00307	100.000	474	0	0	1	474	1	474	0.0	932
SA20160170_CHGPAPHK_00771	SA20160190_KJBEGOPM_00304	40.000	25	15	0	121	145	9	33	0.82	20.8
SA20160170_CHGPAPHK_00771	SA20160190_KJBEGOPM_00310	41.379	29	17	0	295	323	296	324	1.2	20.8
SA20160170_CHGPAPHK_00771	SA20160190_KJBEGOPM_00311	29.167	72	41	4	149	212	259	328	3.1	19.6
SA20160170_CHGPAPHK_00773	SA20160190_KJBEGOPM_00316	99.676	309	1	0	1	309	1	309	0.0	625
SA20160170_CHGPAPHK_00773	SA20160190_KJBEGOPM_00311	29.730	37	26	0	209	245	131	167	0.21	22.7
SA20160170_CHGPAPHK_00773	SA20160190_KJBEGOPM_00293	20.619	97	48	4	152	226	21	110	0.23	22.3
SA20160170_CHGPAPHK_00773	SA20160190_KJBEGOPM_00302	42.857	14	8	0	241	254	8	21	2.2	18.1
SA20160170_CHGPAPHK_00773	SA20160190_KJBEGOPM_00317	34.783	23	15	0	62	84	90	112	4.9	18.1
SA20160170_CHGPAPHK_00773	SA20160190_KJBEGOPM_00303	31.579	19	13	0	222	240	418	436	5.4	18.1
SA20160170_CHGPAPHK_00774	SA20160190_KJBEGOPM_00317	100.000	349	0	0	1	349	1	349	0.0	697
SA20160170_CHGPAPHK_00774	SA20160190_KJBEGOPM_00298	53.846	13	6	0	163	175	128	140	1.5	19.6
SA20160170_CHGPAPHK_00774	SA20160190_KJBEGOPM_00316	34.783	23	15	0	90	112	62	84	5.6	18.1
SA20160170_CHGPAPHK_00774	SA20160190_KJBEGOPM_00301	39.130	23	11	1	226	245	309	331	6.7	18.1
SA20160170_CHGPAPHK_00774	SA20160190_KJBEGOPM_00309	50.000	10	5	0	24	33	69	78	7.4	17.3
SA20160170_CHGPAPHK_00774	SA20160190_KJBEGOPM_00311	52.632	19	9	0	150	168	210	228	9.5	17.7
SA20160170_CHGPAPHK_00775	SA20160190_KJBEGOPM_00318	100.000	247	0	0	1	247	1	247	6.07e-178	479
SA20160170_CHGPAPHK_00775	SA20160190_KJBEGOPM_00302	55.556	9	4	0	14	22	6	14	6.2	16.5
SA20160170_CHGPAPHK_00775	SA20160190_KJBEGOPM_00314	32.000	25	17	0	27	51	10	34	9.7	16.5
SA20160170_CHGPAPHK_00775	SA20160190_KJBEGOPM_00311	60.000	10	4	0	84	93	368	377	9.7	16.9
SA20160170_CHGPAPHK_00776	SA20160190_KJBEGOPM_00311	42.857	21	11	1	48	67	352	372	2.0	18.5
SA20160170_CHGPAPHK_00776	SA20160190_KJBEGOPM_00300	30.435	46	29	1	113	158	473	515	2.6	18.1
SA20160170_CHGPAPHK_00776	SA20160190_KJBEGOPM_00317	66.667	9	3	0	120	128	272	280	7.4	16.5
SA20160170_CHGPAPHK_00776	SA20160190_KJBEGOPM_00314	29.032	31	17	1	35	60	61	91	7.8	16.5
SA20160170_CHGPAPHK_00776	SA20160190_KJBEGOPM_00310	34.783	23	14	1	35	56	61	83	9.0	16.5
SA20160170_CHGPAPHK_00776	SA20160190_KJBEGOPM_00301	24.490	49	26	2	54	101	472	510	9.2	16.5
SA20160170_CHGPAPHK_00777	SA20160190_KJBEGOPM_00303	28.571	35	25	0	300	334	247	281	2.2	20.0
SA20160170_CHGPAPHK_00777	SA20160190_KJBEGOPM_00298	31.250	32	21	1	473	503	64	95	3.0	19.2
SA20160170_CHGPAPHK_00777	SA20160190_KJBEGOPM_00307	57.143	14	6	0	51	64	322	335	3.4	19.6
SA20160170_CHGPAPHK_00777	SA20160190_KJBEGOPM_00317	36.842	19	12	0	323	341	229	247	6.4	18.5
SA20160170_CHGPAPHK_00777	SA20160190_KJBEGOPM_00300	30.769	39	16	2	22	53	285	319	8.0	18.5
SA20160170_CHGPAPHK_00777	SA20160190_KJBEGOPM_00311	25.610	82	42	4	187	260	86	156	9.5	18.1
SA20160170_CHGPAPHK_00778	SA20160190_KJBEGOPM_00301	30.952	42	26	1	37	78	245	283	1.4	19.6
SA20160170_CHGPAPHK_00778	SA20160190_KJBEGOPM_00302	29.630	27	19	0	10	36	6	32	1.7	18.1
SA20160170_CHGPAPHK_00778	SA20160190_KJBEGOPM_00307	46.667	15	8	0	59	73	440	454	2.0	19.2
SA20160170_CHGPAPHK_00778	SA20160190_KJBEGOPM_00317	30.000	20	14	0	247	266	323	342	2.0	19.2
SA20160170_CHGPAPHK_00778	SA20160190_KJBEGOPM_00311	58.333	12	5	0	32	43	331	342	2.9	18.9
SA20160170_CHGPAPHK_00778	SA20160190_KJBEGOPM_00300	38.889	18	11	0	1	18	133	150	3.0	18.9
SA20160170_CHGPAPHK_00779	SA20160190_KJBEGOPM_00315	35.294	17	11	0	4	20	44	60	1.4	18.5
SA20160170_CHGPAPHK_00779	SA20160190_KJBEGOPM_00314	41.176	17	10	0	209	225	37	53	5.5	17.3
SA20160170_CHGPAPHK_00779	SA20160190_KJBEGOPM_00301	22.034	59	38	1	102	160	113	163	6.2	17.3
SA20160170_CHGPAPHK_00780	SA20160190_KJBEGOPM_00318	63.636	11	4	0	8	18	187	197	1.7	17.3
SA20160170_CHGPAPHK_00780	SA20160190_KJBEGOPM_00317	45.455	11	6	0	41	51	277	287	3.1	16.5
SA20160170_CHGPAPHK_00780	SA20160190_KJBEGOPM_00300	33.333	33	20	1	57	87	268	300	6.3	15.8
SA20160170_CHGPAPHK_00780	SA20160190_KJBEGOPM_00307	66.667	12	2	1	55	66	267	276	8.6	15.4
SA20160170_CHGPAPHK_00781	SA20160190_KJBEGOPM_00303	66.667	9	3	0	195	203	42	50	4.0	18.1
SA20160170_CHGPAPHK_00781	SA20160190_KJBEGOPM_00307	71.429	7	2	0	40	46	389	395	4.6	18.1
SA20160170_CHGPAPHK_00781	SA20160190_KJBEGOPM_00315	100.000	4	0	0	53	56	36	39	4.6	16.9
SA20160170_CHGPAPHK_00782	SA20160190_KJBEGOPM_00293	27.119	59	32	2	27	76	62	118	0.014	25.8
SA20160170_CHGPAPHK_00782	SA20160190_KJBEGOPM_00317	40.000	35	18	2	155	188	13	45	0.44	21.2
SA20160170_CHGPAPHK_00782	SA20160190_KJBEGOPM_00300	44.000	25	12	1	67	91	684	706	0.82	20.4
SA20160190_KJBEGOPM_00293	SA20160190_KJBEGOPM_00293	100.000	272	0	0	1	272	1	272	0.0	565
SA20160190_KJBEGOPM_00293	SA20160190_KJBEGOPM_00316	20.619	97	48	4	21	110	152	226	0.21	22.3
SA20160190_KJBEGOPM_00295	SA20160190_KJBEGOPM_00295	100.000	265	0	0	1	265	1	265	0.0	538
SA20160190_KJBEGOPM_00295	SA20160190_KJBEGOPM_00301	27.778	18	13	0	226	243	338	355	5.4	17.7
SA20160190_KJBEGOPM_00295	SA20160190_KJBEGOPM_00311	27.273	33	22	1	105	137	458	488	6.7	17.7
SA20160190_KJBEGOPM_00298	SA20160190_KJBEGOPM_00298	100.000	157	0	0	1	157	1	157	3.86e-115	313
SA20160190_KJBEGOPM_00298	SA20160190_KJBEGOPM_00317	53.846	13	6	0	128	140	163	175	0.57	20.0
SA20160190_KJBEGOPM_00298	SA20160190_KJBEGOPM_00309	100.000	7	0	0	1	7	1	7	2.5	17.7
SA20160190_KJBEGOPM_00298	SA20160190_KJBEGOPM_00303	32.143	28	18	1	71	97	7	34	3.5	17.7
SA20160190_KJBEGOPM_00298	SA20160190_KJBEGOPM_00295	62.500	8	3	0	44	51	218	225	6.7	16.5
SA20160190_KJBEGOPM_00298	SA20160190_KJBEGOPM_00300	25.000	116	69	5	11	123	384	484	9.9	16.2
SA20160190_KJBEGOPM_00299	SA20160190_KJBEGOPM_00299	100.000	290	0	0	1	290	1	290	0.0	590
SA20160190_KJBEGOPM_00299	SA20160190_KJBEGOPM_00301	30.556	36	25	0	251	286	123	158	0.75	20.8
SA20160190_KJBEGOPM_00299	SA20160190_KJBEGOPM_00300	35.000	20	13	0	79	98	395	414	2.3	19.2
SA20160190_KJBEGOPM_00299	SA20160190_KJBEGOPM_00312	87.500	8	1	0	139	146	93	100	5.9	17.3
SA20160190_KJBEGOPM_00300	SA20160190_KJBEGOPM_00300	100.000	722	0	0	1	722	1	722	0.0	1501
SA20160190_KJBEGOPM_00300	SA20160190_KJBEGOPM_00312	28.846	52	33	1	478	525	30	81	0.48	21.9
SA20160190_KJBEGOPM_00300	SA20160190_KJBEGOPM_00303	34.483	29	19	0	290	318	35	63	1.0	21.6
SA20160190_KJBEGOPM_00300	SA20160190_KJBEGOPM_00311	32.500	40	23	1	648	687	303	338	1.5	21.2
SA20160190_KJBEGOPM_00300	SA20160190_KJBEGOPM_00301	30.000	40	24	1	216	255	354	389	4.1	19.6
SA20160190_KJBEGOPM_00300	SA20160190_KJBEGOPM_00299	35.000	20	13	0	395	414	79	98	6.1	19.2
SA20160190_KJBEGOPM_00301	SA20160190_KJBEGOPM_00301	100.000	576	0	0	1	576	1	576	0.0	1195
SA20160190_KJBEGOPM_00301	SA20160190_KJBEGOPM_00299	30.556	36	25	0	123	158	251	286	1.4	20.8
SA20160190_KJBEGOPM_00301	SA20160190_KJBEGOPM_00300	30.000	40	24	1	354	389	216	255	3.3	19.6
SA20160190_KJBEGOPM_00301	SA20160190_KJBEGOPM_00303	53.333	15	7	0	257	271	184	198	4.1	19.2
SA20160190_KJBEGOPM_00301	SA20160190_KJBEGOPM_00313	32.143	28	16	1	139	166	45	69	6.3	18.5
SA20160190_KJBEGOPM_00302	SA20160190_KJBEGOPM_00302	100.000	57	0	0	1	57	1	57	1.54e-40	117
SA20160190_KJBEGOPM_00302	SA20160190_KJBEGOPM_00316	42.857	14	8	0	8	21	241	254	0.40	18.1
SA20160190_KJBEGOPM_00302	SA20160190_KJBEGOPM_00318	55.556	9	4	0	6	14	14	22	1.4	16.5
SA20160190_KJBEGOPM_00302	SA20160190_KJBEGOPM_00317	31.250	16	11	0	29	44	201	216	1.8	16.2
SA20160190_KJBEGOPM_00302	SA20160190_KJBEGOPM_00303	41.667	12	7	0	25	36	327	338	1.9	16.2
SA20160190_KJBEGOPM_00302	SA20160190_KJBEGOPM_00300	62.500	8	3	0	27	34	646	653	3.8	15.4
SA20160190_KJBEGOPM_00303	SA20160190_KJBEGOPM_00303	100.000	484	0	0	1	484	1	484	0.0	1001
SA20160190_KJBEGOPM_00303	SA20160190_KJBEGOPM_00300	34.483	29	19	0	35	63	290	318	0.70	21.6
SA20160190_KJBEGOPM_00303	SA20160190_KJBEGOPM_00301	53.333	15	7	0	184	198	257	271	3.4	19.2
SA20160190_KJBEGOPM_00303	SA20160190_KJBEGOPM_00312	34.615	26	16	1	211	236	92	116	4.5	18.5
SA20160190_KJBEGOPM_00303	SA20160190_KJBEGOPM_00316	31.579	19	13	0	418	436	222	240	8.6	18.1
SA20160190_KJBEGOPM_00303	SA20160190_KJBEGOPM_00298	32.143	28	18	1	7	34	71	97	9.0	17.7
SA20160190_KJBEGOPM_00304	SA20160190_KJBEGOPM_00304	100.000	108	0	0	1	108	1	108	5.57e-81	223
SA20160190_KJBEGOPM_00304	SA20160190_KJBEGOPM_00307	40.000	25	15	0	9	33	121	145	0.19	20.8
SA20160190_KJBEGOPM_00304	SA20160190_KJBEGOPM_00315	23.333	30	18	1	81	105	9	38	9.4	15.0
SA20160190_KJBEGOPM_00304	SA20160190_KJBEGOPM_00311	22.857	35	26	1	29	62	368	402	10.0	15.4
SA20160190_KJBEGOPM_00305	SA20160190_KJBEGOPM_00305	100.000	154	0	0	1	154	1	154	1.92e-115	314
SA20160190_KJBEGOPM_00305	SA20160190_KJBEGOPM_00307	35.484	31	12	2	100	125	14	41	3.1	17.7
SA20160190_KJBEGOPM_00305	SA20160190_KJBEGOPM_00311	40.000	10	6	0	107	116	2	11	7.7	16.5
SA20160190_KJBEGOPM_00307	SA20160190_KJBEGOPM_00307	100.000	474	0	0	1	474	1	474	0.0	932
SA20160190_KJBEGOPM_00307	SA20160190_KJBEGOPM_00304	40.000	25	15	0	121	145	9	33	0.82	20.8
SA20160190_KJBEGOPM_00307	SA20160190_KJBEGOPM_00310	41.379	29	17	0	295	323	296	324	1.2	20.8
SA20160190_KJBEGOPM_00307	SA20160190_KJBEGOPM_00311	29.167	72	41	4	149	212	259	328	3.1	19.6
SA20160190_KJBEGOPM_00309	SA20160190_KJBEGOPM_00309	100.000	100	0	0	1	100	1	100	3.16e-74	206
SA20160190_KJBEGOPM_00309	SA20160190_KJBEGOPM_00315	56.250	48	21	0	1	48	1	48	2.89e-16	58.2
SA20160190_KJBEGOPM_00309	SA20160190_KJBEGOPM_00311	50.000	16	4	1	81	92	261	276	0.93	18.5
SA20160190_KJBEGOPM_00309	SA20160190_KJBEGOPM_00298	100.000	7	0	0	1	7	1	7	1.6	17.7
SA20160190_KJBEGOPM_00309	SA20160190_KJBEGOPM_00317	50.000	10	5	0	69	78	24	33	2.1	17.3
SA20160190_KJBEGOPM_00309	SA20160190_KJBEGOPM_00300	28.571	35	22	1	17	48	252	286	2.3	17.3
SA20160190_KJBEGOPM_00309	SA20160190_KJBEGOPM_00303	31.250	16	11	0	74	89	180	195	3.5	16.5
SA20160190_KJBEGOPM_00310	SA20160190_KJBEGOPM_00310	100.000	349	0	0	1	349	1	349	0.0	680
SA20160190_KJBEGOPM_00310	SA20160190_KJBEGOPM_00307	41.379	29	17	0	296	324	295	323	0.98	20.8
SA20160190_KJBEGOPM_00310	SA20160190_KJBEGOPM_00311	23.077	26	20	0	122	147	99	124	9.3	17.7
SA20160190_KJBEGOPM_00311	SA20160190_KJBEGOPM_00311	100.000	586	0	0	1	586	1	586	0.0	1189
SA20160190_KJBEGOPM_00311	SA20160190_KJBEGOPM_00313	32.500	40	27	0	11	50	3	42	0.17	23.5
SA20160190_KJBEGOPM_00311	SA20160190_KJBEGOPM_00316	29.730	37	26	0	131	167	209	245	0.38	22.7
SA20160190_KJBEGOPM_00311	SA20160190_KJBEGOPM_00300	32.500	40	23	1	303	338	648	687	1.2	21.2
SA20160190_KJBEGOPM_00311	SA20160190_KJBEGOPM_00309	50.000	16	4	1	261	276	81	92	5.4	18.5
SA20160190_KJBEGOPM_00312	SA20160190_KJBEGOPM_00312	100.000	120	0	0	1	120	1	120	5.68e-90	247
SA20160190_KJBEGOPM_00312	SA20160190_KJBEGOPM_00300	28.846	52	33	1	30	81	478	525	0.080	21.9
SA20160190_KJBEGOPM_00312	SA20160190_KJBEGOPM_00303	34.615	26	16	1	92	116	211	236	1.1	18.5
SA20160190_KJBEGOPM_00312	SA20160190_KJBEGOPM_00315	40.000	15	9	0	84	98	40	54	2.7	16.5
SA20160190_KJBEGOPM_00313	SA20160190_KJBEGOPM_00313	100.000	158	0	0	1	158	1	158	1.73e-120	327
SA20160190_KJBEGOPM_00313	SA20160190_KJBEGOPM_00311	32.500	40	27	0	3	42	11	50	0.045	23.5
SA20160190_KJBEGOPM_00313	SA20160190_KJBEGOPM_00301	32.143	28	16	1	45	69	139	166	1.7	18.5
SA20160190_KJBEGOPM_00314	SA20160190_KJBEGOPM_00314	100.000	124	0	0	1	124	1	124	1.59e-94	259
SA20160190_KJBEGOPM_00314	SA20160190_KJBEGOPM_00300	45.455	11	6	0	86	96	590	600	2.6	17.7
SA20160190_KJBEGOPM_00314	SA20160190_KJBEGOPM_00318	32.000	25	17	0	10	34	27	51	5.8	16.5
SA20160190_KJBEGOPM_00314	SA20160190_KJBEGOPM_00310	50.000	10	5	0	78	87	97	106	7.8	16.2
SA20160190_KJBEGOPM_00315	SA20160190_KJBEGOPM_00315	100.000	61	0	0	1	61	1	61	1.05e-44	128
SA20160190_KJBEGOPM_00315	SA20160190_KJBEGOPM_00309	56.250	48	21	0	1	48	1	48	1.76e-16	58.2
SA20160190_KJBEGOPM_00315	SA20160190_KJBEGOPM_00312	40.000	15	9	0	40	54	84	98	1.4	16.5
SA20160190_KJBEGOPM_00315	SA20160190_KJBEGOPM_00311	35.714	14	9	0	21	34	323	336	2.2	16.2
SA20160190_KJBEGOPM_00315	SA20160190_KJBEGOPM_00300	33.333	18	10	1	41	56	576	593	2.7	16.2
SA20160190_KJBEGOPM_00315	SA20160190_KJBEGOPM_00305	45.455	11	6	0	19	29	18	28	4.9	15.4
SA20160190_KJBEGOPM_00315	SA20160190_KJBEGOPM_00304	23.333	30	18	1	9	38	81	105	5.3	15.0
SA20160190_KJBEGOPM_00316	SA20160190_KJBEGOPM_00316	100.000	309	0	0	1	309	1	309	0.0	626
SA20160190_KJBEGOPM_00316	SA20160190_KJBEGOPM_00311	29.730	37	26	0	209	245	131	167	0.20	22.7
SA20160190_KJBEGOPM_00316	SA20160190_KJBEGOPM_00293	20.619	97	48	4	152	226	21	110	0.23	22.3
SA20160190_KJBEGOPM_00316	SA20160190_KJBEGOPM_00302	42.857	14	8	0	241	254	8	21	2.2	18.1
SA20160190_KJBEGOPM_00316	SA20160190_KJBEGOPM_00317	34.783	23	15	0	62	84	90	112	4.9	18.1
SA20160190_KJBEGOPM_00316	SA20160190_KJBEGOPM_00303	31.579	19	13	0	222	240	418	436	5.5	18.1
SA20160190_KJBEGOPM_00317	SA20160190_KJBEGOPM_00317	100.000	349	0	0	1	349	1	349	0.0	698
SA20160190_KJBEGOPM_00317	SA20160190_KJBEGOPM_00298	53.846	13	6	0	163	175	128	140	1.5	19.6
SA20160190_KJBEGOPM_00317	SA20160190_KJBEGOPM_00316	34.783	23	15	0	90	112	62	84	5.5	18.1
SA20160190_KJBEGOPM_00317	SA20160190_KJBEGOPM_00301	39.130	23	11	1	226	245	309	331	7.0	18.1
SA20160190_KJBEGOPM_00317	SA20160190_KJBEGOPM_00309	50.000	10	5	0	24	33	69	78	7.2	17.3
SA20160190_KJBEGOPM_00317	SA20160190_KJBEGOPM_00311	52.632	19	9	0	150	168	210	228	9.0	17.7
SA20160190_KJBEGOPM_00318	SA20160190_KJBEGOPM_00318	100.000	247	0	0	1	247	1	247	6.07e-178	479
SA20160190_KJBEGOPM_00318	SA20160190_KJBEGOPM_00302	55.556	9	4	0	14	22	6	14	6.2	16.5
SA20160190_KJBEGOPM_00318	SA20160190_KJBEGOPM_00314	32.000	25	17	0	27	51	10	34	9.7	16.5
SA20160190_KJBEGOPM_00318	SA20160190_KJBEGOPM_00311	60.000	10	4	0	84	93	368	377	9.7	16.9
SA20160170_CHGPAPHK_00757	SA20160170_CHGPAPHK_00757	100.000	422	0	0	1	422	1	422	0.0	881
SA20160170_CHGPAPHK_00757	SA20160170_CHGPAPHK_00763	44.444	18	10	0	143	160	86	103	0.72	21.2
SA20160170_CHGPAPHK_00757	SA20160170_CHGPAPHK_00765	32.000	25	17	0	367	391	217	241	5.7	18.5
SA20160170_CHGPAPHK_00758	SA20160170_CHGPAPHK_00758	100.000	139	0	0	1	139	1	139	8.48e-103	281
SA20160170_CHGPAPHK_00758	SA20160170_CHGPAPHK_00765	30.769	26	18	0	100	125	144	169	0.84	19.2
SA20160170_CHGPAPHK_00758	SA20160170_CHGPAPHK_00777	33.333	15	10	0	65	79	287	301	2.2	18.1
SA20160170_CHGPAPHK_00758	SA20160170_CHGPAPHK_00782	55.556	9	4	0	14	22	220	228	3.6	17.3
SA20160170_CHGPAPHK_00760	SA20160170_CHGPAPHK_00760	100.000	265	0	0	1	265	1	265	0.0	537
SA20160170_CHGPAPHK_00760	SA20160170_CHGPAPHK_00777	23.077	39	26	2	98	134	193	229	6.2	17.7
SA20160170_CHGPAPHK_00760	SA20160170_CHGPAPHK_00764	26.316	19	14	0	7	25	147	165	7.7	17.3
SA20160170_CHGPAPHK_00760	SA20160170_CHGPAPHK_00766	27.778	18	13	0	226	243	338	355	8.1	17.3
SA20160170_CHGPAPHK_00763	SA20160170_CHGPAPHK_00763	100.000	157	0	0	1	157	1	157	3.73e-115	313
SA20160170_CHGPAPHK_00763	SA20160170_CHGPAPHK_00757	44.444	18	10	0	86	103	143	160	0.27	21.2
SA20160170_CHGPAPHK_00763	SA20160170_CHGPAPHK_00774	53.846	13	6	0	128	140	163	175	0.61	20.0
SA20160170_CHGPAPHK_00763	SA20160170_CHGPAPHK_00777	31.250	32	21	1	64	95	473	503	0.75	19.6
SA20160170_CHGPAPHK_00763	SA20160170_CHGPAPHK_00760	62.500	8	3	0	44	51	218	225	6.9	16.5
SA20160170_CHGPAPHK_00763	SA20160170_CHGPAPHK_00768	32.143	28	18	1	71	97	7	34	7.0	16.5
SA20160170_CHGPAPHK_00763	SA20160170_CHGPAPHK_00778	66.667	9	3	0	64	72	14	22	9.6	16.2
SA20160170_CHGPAPHK_00764	SA20160170_CHGPAPHK_00764	100.000	232	0	0	1	232	1	232	1.70e-177	477
SA20160170_CHGPAPHK_00764	SA20160170_CHGPAPHK_00765	53.846	13	6	0	86	98	402	414	1.3	19.6
SA20160170_CHGPAPHK_00764	SA20160170_CHGPAPHK_00771	42.105	19	8	1	161	179	433	448	3.5	18.5
SA20160170_CHGPAPHK_00764	SA20160170_CHGPAPHK_00777	54.545	11	5	0	210	220	75	85	5.3	17.7
SA20160170_CHGPAPHK_00764	SA20160170_CHGPAPHK_00760	26.316	19	14	0	147	165	7	25	6.5	17.3
SA20160170_CHGPAPHK_00765	SA20160170_CHGPAPHK_00765	100.000	722	0	0	1	722	1	722	0.0	1499
SA20160170_CHGPAPHK_00765	SA20160170_CHGPAPHK_00768	34.483	29	19	0	290	318	35	63	1.1	21.6
SA20160170_CHGPAPHK_00765	SA20160170_CHGPAPHK_00782	44.000	25	12	1	684	706	67	91	2.6	20.4
SA20160170_CHGPAPHK_00765	SA20160170_CHGPAPHK_00764	53.846	13	6	0	402	414	86	98	4.3	19.6
SA20160170_CHGPAPHK_00765	SA20160170_CHGPAPHK_00758	30.769	26	18	0	144	169	100	125	4.4	19.2
SA20160170_CHGPAPHK_00765	SA20160170_CHGPAPHK_00766	30.000	40	24	1	216	255	354	389	4.6	19.6
SA20160170_CHGPAPHK_00765	SA20160170_CHGPAPHK_00777	24.138	58	33	2	285	338	22	72	4.6	19.6
SA20160170_CHGPAPHK_00765	SA20160170_CHGPAPHK_00778	38.889	18	11	0	133	150	1	18	8.7	18.9
SA20160170_CHGPAPHK_00765	SA20160170_CHGPAPHK_00757	32.000	25	17	0	217	241	367	391	9.7	18.5
SA20160170_CHGPAPHK_00766	SA20160170_CHGPAPHK_00766	100.000	576	0	0	1	576	1	576	0.0	1196
SA20160170_CHGPAPHK_00766	SA20160170_CHGPAPHK_00765	30.000	40	24	1	354	389	216	255	3.7	19.6
SA20160170_CHGPAPHK_00766	SA20160170_CHGPAPHK_00768	53.333	15	7	0	257	271	184	198	4.4	19.2
SA20160170_CHGPAPHK_00767	SA20160170_CHGPAPHK_00767	100.000	57	0	0	1	57	1	57	1.96e-40	117
SA20160170_CHGPAPHK_00767	SA20160170_CHGPAPHK_00778	33.333	27	18	0	6	32	10	36	0.083	20.0
SA20160170_CHGPAPHK_00767	SA20160170_CHGPAPHK_00773	42.857	14	8	0	8	21	241	254	0.46	18.1
SA20160170_CHGPAPHK_00767	SA20160170_CHGPAPHK_00775	55.556	9	4	0	6	14	14	22	1.5	16.5
SA20160170_CHGPAPHK_00767	SA20160170_CHGPAPHK_00774	31.250	16	11	0	29	44	201	216	1.9	16.5
SA20160170_CHGPAPHK_00767	SA20160170_CHGPAPHK_00768	41.667	12	7	0	25	36	327	338	2.0	16.2
SA20160170_CHGPAPHK_00767	SA20160170_CHGPAPHK_00765	62.500	8	3	0	27	34	646	653	3.8	15.4
SA20160170_CHGPAPHK_00767	SA20160170_CHGPAPHK_00776	50.000	10	5	0	27	36	135	144	6.5	15.0
SA20160170_CHGPAPHK_00767	SA20160170_CHGPAPHK_00764	36.842	19	9	1	37	55	201	216	8.3	14.6
SA20160170_CHGPAPHK_00768	SA20160170_CHGPAPHK_00768	100.000	484	0	0	1	484	1	484	0.0	1001
SA20160170_CHGPAPHK_00768	SA20160170_CHGPAPHK_00765	34.483	29	19	0	35	63	290	318	0.72	21.6
SA20160170_CHGPAPHK_00768	SA20160170_CHGPAPHK_00777	28.571	35	25	0	247	281	300	334	2.2	20.0
SA20160170_CHGPAPHK_00768	SA20160170_CHGPAPHK_00766	53.333	15	7	0	184	198	257	271	3.7	19.2
SA20160170_CHGPAPHK_00768	SA20160170_CHGPAPHK_00781	66.667	9	3	0	42	50	195	203	8.4	18.1
SA20160170_CHGPAPHK_00768	SA20160170_CHGPAPHK_00773	31.579	19	13	0	418	436	222	240	9.1	18.1
SA20160170_CHGPAPHK_00769	SA20160170_CHGPAPHK_00769	100.000	108	0	0	1	108	1	108	5.90e-81	223
SA20160170_CHGPAPHK_00769	SA20160170_CHGPAPHK_00771	40.000	25	15	0	9	33	121	145	0.20	20.8
SA20160170_CHGPAPHK_00771	SA20160170_CHGPAPHK_00771	100.000	474	0	0	1	474	1	474	0.0	932
SA20160170_CHGPAPHK_00771	SA20160170_CHGPAPHK_00769	40.000	25	15	0	121	145	9	33	0.86	20.8
SA20160170_CHGPAPHK_00771	SA20160170_CHGPAPHK_00777	57.143	14	6	0	322	335	51	64	3.5	19.2
SA20160170_CHGPAPHK_00771	SA20160170_CHGPAPHK_00778	46.667	15	8	0	440	454	59	73	3.5	19.2
SA20160170_CHGPAPHK_00771	SA20160170_CHGPAPHK_00764	42.105	19	8	1	433	448	161	179	6.2	18.5
SA20160170_CHGPAPHK_00771	SA20160170_CHGPAPHK_00781	71.429	7	2	0	389	395	40	46	8.2	18.1
SA20160170_CHGPAPHK_00773	SA20160170_CHGPAPHK_00773	100.000	309	0	0	1	309	1	309	0.0	626
SA20160170_CHGPAPHK_00773	SA20160170_CHGPAPHK_00767	42.857	14	8	0	241	254	8	21	2.5	18.1
SA20160170_CHGPAPHK_00773	SA20160170_CHGPAPHK_00774	34.783	23	15	0	62	84	90	112	5.3	18.1
SA20160170_CHGPAPHK_00773	SA20160170_CHGPAPHK_00768	31.579	19	13	0	222	240	418	436	5.8	18.1
SA20160170_CHGPAPHK_00774	SA20160170_CHGPAPHK_00774	100.000	356	0	0	1	356	1	356	0.0	712
SA20160170_CHGPAPHK_00774	SA20160170_CHGPAPHK_00782	40.000	35	18	2	13	45	155	188	0.67	21.2
SA20160170_CHGPAPHK_00774	SA20160170_CHGPAPHK_00763	53.846	13	6	0	163	175	128	140	1.6	19.6
SA20160170_CHGPAPHK_00774	SA20160170_CHGPAPHK_00778	30.000	20	14	0	323	342	247	266	2.7	19.2
SA20160170_CHGPAPHK_00774	SA20160170_CHGPAPHK_00777	36.842	19	12	0	229	247	323	341	4.8	18.5
SA20160170_CHGPAPHK_00774	SA20160170_CHGPAPHK_00773	34.783	23	15	0	90	112	62	84	6.0	18.1
SA20160170_CHGPAPHK_00775	SA20160170_CHGPAPHK_00775	100.000	247	0	0	1	247	1	247	6.42e-178	479
SA20160170_CHGPAPHK_00775	SA20160170_CHGPAPHK_00780	63.636	11	4	0	187	197	8	18	4.9	17.3
SA20160170_CHGPAPHK_00775	SA20160170_CHGPAPHK_00767	55.556	9	4	0	14	22	6	14	6.6	16.5
SA20160170_CHGPAPHK_00776	SA20160170_CHGPAPHK_00776	100.000	181	0	0	1	181	1	181	7.90e-137	370
SA20160170_CHGPAPHK_00776	SA20160170_CHGPAPHK_00782	27.083	48	17	2	59	106	207	236	0.16	21.9
SA20160170_CHGPAPHK_00776	SA20160170_CHGPAPHK_00765	30.435	46	29	1	113	158	473	515	2.7	18.1
SA20160170_CHGPAPHK_00776	SA20160170_CHGPAPHK_00774	66.667	9	3	0	120	128	272	280	7.6	16.9
SA20160170_CHGPAPHK_00777	SA20160170_CHGPAPHK_00777	100.000	506	0	0	1	506	1	506	0.0	1042
SA20160170_CHGPAPHK_00777	SA20160170_CHGPAPHK_00768	28.571	35	25	0	300	334	247	281	2.3	20.0
SA20160170_CHGPAPHK_00777	SA20160170_CHGPAPHK_00763	31.250	32	21	1	473	503	64	95	2.8	19.6
SA20160170_CHGPAPHK_00777	SA20160170_CHGPAPHK_00765	24.138	58	33	2	22	72	285	338	3.3	19.6
SA20160170_CHGPAPHK_00777	SA20160170_CHGPAPHK_00771	57.143	14	6	0	51	64	322	335	3.6	19.6
SA20160170_CHGPAPHK_00777	SA20160170_CHGPAPHK_00774	36.842	19	12	0	323	341	229	247	6.8	18.5
SA20160170_CHGPAPHK_00777	SA20160170_CHGPAPHK_00758	33.333	15	10	0	287	301	65	79	7.9	18.1
SA20160170_CHGPAPHK_00778	SA20160170_CHGPAPHK_00778	100.000	271	0	0	1	271	1	271	0.0	559
SA20160170_CHGPAPHK_00778	SA20160170_CHGPAPHK_00767	33.333	27	18	0	10	36	6	32	0.39	20.0
SA20160170_CHGPAPHK_00778	SA20160170_CHGPAPHK_00781	42.500	40	20	2	145	183	115	152	1.8	19.2
SA20160170_CHGPAPHK_00778	SA20160170_CHGPAPHK_00774	30.000	20	14	0	247	266	323	342	2.0	19.2
SA20160170_CHGPAPHK_00778	SA20160170_CHGPAPHK_00771	46.667	15	8	0	59	73	440	454	2.1	19.2
SA20160170_CHGPAPHK_00778	SA20160170_CHGPAPHK_00766	30.952	42	26	1	37	78	245	283	2.5	18.9
SA20160170_CHGPAPHK_00778	SA20160170_CHGPAPHK_00765	38.889	18	11	0	1	18	133	150	3.3	18.9
SA20160170_CHGPAPHK_00778	SA20160170_CHGPAPHK_00777	56.250	16	7	0	243	258	350	365	7.5	17.3
SA20160170_CHGPAPHK_00779	SA20160170_CHGPAPHK_00779	100.000	225	0	0	1	225	1	225	8.63e-166	447
SA20160170_CHGPAPHK_00779	SA20160170_CHGPAPHK_00781	47.826	23	8	1	16	38	23	41	1.0	19.6
SA20160170_CHGPAPHK_00779	SA20160170_CHGPAPHK_00780	41.176	17	10	0	20	36	2	18	3.6	17.7
SA20160170_CHGPAPHK_00779	SA20160170_CHGPAPHK_00766	22.034	59	38	1	102	160	113	163	6.7	17.3
SA20160170_CHGPAPHK_00780	SA20160170_CHGPAPHK_00780	100.000	93	0	0	1	93	1	93	8.32e-69	191
SA20160170_CHGPAPHK_00780	SA20160170_CHGPAPHK_00779	41.176	17	10	0	2	18	20	36	1.5	17.7
SA20160170_CHGPAPHK_00780	SA20160170_CHGPAPHK_00775	63.636	11	4	0	8	18	187	197	1.8	17.3
SA20160170_CHGPAPHK_00780	SA20160170_CHGPAPHK_00781	39.130	23	8	1	74	90	146	168	2.1	17.3
SA20160170_CHGPAPHK_00780	SA20160170_CHGPAPHK_00774	45.455	11	6	0	41	51	277	287	3.3	16.5
SA20160170_CHGPAPHK_00780	SA20160170_CHGPAPHK_00765	33.333	33	20	1	57	87	268	300	6.6	15.8
SA20160170_CHGPAPHK_00780	SA20160170_CHGPAPHK_00771	66.667	12	2	1	55	66	267	276	9.1	15.4
SA20160170_CHGPAPHK_00781	SA20160170_CHGPAPHK_00781	100.000	245	0	0	1	245	1	245	2.09e-180	486
SA20160170_CHGPAPHK_00781	SA20160170_CHGPAPHK_00779	47.826	23	8	1	23	41	16	38	1.1	19.6
SA20160170_CHGPAPHK_00781	SA20160170_CHGPAPHK_00778	42.500	40	20	2	115	152	145	183	1.6	19.2
SA20160170_CHGPAPHK_00781	SA20160170_CHGPAPHK_00768	66.667	9	3	0	195	203	42	50	4.2	18.1
SA20160170_CHGPAPHK_00781	SA20160170_CHGPAPHK_00771	71.429	7	2	0	40	46	389	395	4.8	18.1
SA20160170_CHGPAPHK_00781	SA20160170_CHGPAPHK_00780	39.130	23	8	1	146	168	74	90	5.5	17.3
SA20160170_CHGPAPHK_00782	SA20160170_CHGPAPHK_00782	100.000	237	0	0	1	237	1	237	0.0	486
SA20160170_CHGPAPHK_00782	SA20160170_CHGPAPHK_00776	27.083	48	17	2	207	236	59	106	0.21	21.9
SA20160170_CHGPAPHK_00782	SA20160170_CHGPAPHK_00774	40.000	35	18	2	155	188	13	45	0.45	21.2
SA20160170_CHGPAPHK_00782	SA20160170_CHGPAPHK_00765	44.000	25	12	1	67	91	684	706	0.86	20.4
SA20160170_CHGPAPHK_00782	SA20160170_CHGPAPHK_00758	55.556	9	4	0	220	228	14	22	6.2	17.3
