SA20153983_GBAKOBEN_00213	SA20160197_BPNLNKPL_00225	97.468	237	6	0	1	237	1	237	1.37e-175	473
SA20153983_GBAKOBEN_00213	SA20160197_BPNLNKPL_00231	27.083	48	17	2	207	236	59	106	0.19	21.9
SA20153983_GBAKOBEN_00213	SA20160197_BPNLNKPL_00233	40.000	35	18	2	155	188	13	45	0.36	21.6
SA20153983_GBAKOBEN_00213	SA20160197_BPNLNKPL_00241	29.310	58	35	3	175	231	65	117	8.2	17.3
SA20153983_GBAKOBEN_00213	SA20160197_BPNLNKPL_00242	36.000	25	14	1	67	91	684	706	9.0	16.9
SA20153983_GBAKOBEN_00214	SA20160197_BPNLNKPL_00226	100.000	245	0	0	1	245	1	245	2.09e-180	486
SA20153983_GBAKOBEN_00214	SA20160197_BPNLNKPL_00228	47.826	23	8	1	23	41	16	38	1.1	19.6
SA20153983_GBAKOBEN_00214	SA20160197_BPNLNKPL_00229	42.500	40	20	2	115	152	145	183	1.6	19.2
SA20153983_GBAKOBEN_00214	SA20160197_BPNLNKPL_00239	66.667	9	3	0	195	203	42	50	4.2	18.1
SA20153983_GBAKOBEN_00214	SA20160197_BPNLNKPL_00236	71.429	7	2	0	40	46	389	395	4.8	18.1
SA20153983_GBAKOBEN_00214	SA20160197_BPNLNKPL_00227	39.130	23	8	1	146	168	74	90	5.5	17.3
SA20153983_GBAKOBEN_00215	SA20160197_BPNLNKPL_00227	100.000	93	0	0	1	93	1	93	8.32e-69	191
SA20153983_GBAKOBEN_00215	SA20160197_BPNLNKPL_00228	41.176	17	10	0	2	18	20	36	1.5	17.7
SA20153983_GBAKOBEN_00215	SA20160197_BPNLNKPL_00232	63.636	11	4	0	8	18	187	197	1.8	17.3
SA20153983_GBAKOBEN_00215	SA20160197_BPNLNKPL_00226	39.130	23	8	1	74	90	146	168	2.1	17.3
SA20153983_GBAKOBEN_00215	SA20160197_BPNLNKPL_00233	45.455	11	6	0	41	51	277	287	3.3	16.5
SA20153983_GBAKOBEN_00215	SA20160197_BPNLNKPL_00242	33.333	33	20	1	57	87	268	300	6.6	15.8
SA20153983_GBAKOBEN_00215	SA20160197_BPNLNKPL_00236	66.667	12	2	1	55	66	267	276	9.1	15.4
SA20153983_GBAKOBEN_00216	SA20160197_BPNLNKPL_00228	98.667	225	3	0	1	225	1	225	3.48e-164	443
SA20153983_GBAKOBEN_00216	SA20160197_BPNLNKPL_00226	47.826	23	8	1	16	38	23	41	1.6	19.2
SA20153983_GBAKOBEN_00216	SA20160197_BPNLNKPL_00227	41.176	17	10	0	20	36	2	18	1.7	18.5
SA20153983_GBAKOBEN_00216	SA20160197_BPNLNKPL_00241	22.034	59	38	1	102	160	113	163	6.7	17.3
SA20153983_GBAKOBEN_00217	SA20160197_BPNLNKPL_00229	100.000	271	0	0	1	271	1	271	0.0	559
SA20153983_GBAKOBEN_00217	SA20160197_BPNLNKPL_00240	33.333	27	18	0	10	36	6	32	0.39	20.0
SA20153983_GBAKOBEN_00217	SA20160197_BPNLNKPL_00226	42.500	40	20	2	145	183	115	152	1.8	19.2
SA20153983_GBAKOBEN_00217	SA20160197_BPNLNKPL_00233	30.000	20	14	0	247	266	323	342	2.0	19.2
SA20153983_GBAKOBEN_00217	SA20160197_BPNLNKPL_00236	46.667	15	8	0	59	73	440	454	2.1	19.2
SA20153983_GBAKOBEN_00217	SA20160197_BPNLNKPL_00241	30.952	42	26	1	37	78	245	283	2.5	18.9
SA20153983_GBAKOBEN_00217	SA20160197_BPNLNKPL_00242	38.889	18	11	0	1	18	133	150	3.3	18.9
SA20153983_GBAKOBEN_00217	SA20160197_BPNLNKPL_00230	56.250	16	7	0	243	258	350	365	7.5	17.3
SA20153983_GBAKOBEN_00218	SA20160197_BPNLNKPL_00230	99.012	506	5	0	1	506	1	506	0.0	1033
SA20153983_GBAKOBEN_00218	SA20160197_BPNLNKPL_00239	31.429	35	24	0	300	334	247	281	0.98	21.2
SA20153983_GBAKOBEN_00218	SA20160197_BPNLNKPL_00244	31.250	32	21	1	473	503	64	95	2.8	19.6
SA20153983_GBAKOBEN_00218	SA20160197_BPNLNKPL_00236	57.143	14	6	0	51	64	322	335	3.5	19.6
SA20153983_GBAKOBEN_00218	SA20160197_BPNLNKPL_00233	31.034	29	20	0	301	329	233	261	5.0	18.9
SA20153983_GBAKOBEN_00218	SA20160197_BPNLNKPL_00249	33.333	15	10	0	287	301	65	79	7.9	18.1
SA20153983_GBAKOBEN_00219	SA20160197_BPNLNKPL_00231	98.895	181	2	0	1	181	1	181	2.29e-135	367
SA20153983_GBAKOBEN_00219	SA20160197_BPNLNKPL_00225	27.083	48	17	2	59	106	207	236	0.15	21.9
SA20153983_GBAKOBEN_00219	SA20160197_BPNLNKPL_00242	30.435	46	29	1	113	158	473	515	2.7	18.1
SA20153983_GBAKOBEN_00219	SA20160197_BPNLNKPL_00233	66.667	9	3	0	120	128	272	280	8.2	16.5
SA20153983_GBAKOBEN_00220	SA20160197_BPNLNKPL_00232	100.000	247	0	0	1	247	1	247	6.42e-178	479
SA20153983_GBAKOBEN_00220	SA20160197_BPNLNKPL_00227	63.636	11	4	0	187	197	8	18	4.9	17.3
SA20153983_GBAKOBEN_00220	SA20160197_BPNLNKPL_00240	55.556	9	4	0	14	22	6	14	6.6	16.5
SA20153983_GBAKOBEN_00221	SA20160197_BPNLNKPL_00233	99.719	356	1	0	1	356	1	356	0.0	710
SA20153983_GBAKOBEN_00221	SA20160197_BPNLNKPL_00225	40.000	35	18	2	13	45	155	188	0.69	21.2
SA20153983_GBAKOBEN_00221	SA20160197_BPNLNKPL_00244	53.846	13	6	0	163	175	128	140	1.6	19.6
SA20153983_GBAKOBEN_00221	SA20160197_BPNLNKPL_00229	30.000	20	14	0	323	342	247	266	2.7	19.2
SA20153983_GBAKOBEN_00221	SA20160197_BPNLNKPL_00230	36.842	19	12	0	229	247	323	341	4.7	18.5
SA20153983_GBAKOBEN_00221	SA20160197_BPNLNKPL_00234	34.783	23	15	0	90	112	62	84	5.8	18.1
SA20153983_GBAKOBEN_00221	SA20160197_BPNLNKPL_00241	39.130	23	11	1	226	245	309	331	7.1	18.1
SA20153983_GBAKOBEN_00222	SA20160197_BPNLNKPL_00234	99.353	309	2	0	1	309	1	309	0.0	623
SA20153983_GBAKOBEN_00222	SA20160197_BPNLNKPL_00240	42.857	14	8	0	241	254	8	21	2.6	18.1
SA20153983_GBAKOBEN_00222	SA20160197_BPNLNKPL_00233	34.783	23	15	0	62	84	90	112	4.9	18.1
SA20153983_GBAKOBEN_00222	SA20160197_BPNLNKPL_00239	31.579	19	13	0	222	240	418	436	5.9	18.1
SA20153983_GBAKOBEN_00224	SA20160197_BPNLNKPL_00236	99.578	474	2	0	1	474	1	474	0.0	928
SA20153983_GBAKOBEN_00224	SA20160197_BPNLNKPL_00229	46.667	15	8	0	440	454	59	73	3.4	19.2
SA20153983_GBAKOBEN_00224	SA20160197_BPNLNKPL_00230	57.143	14	6	0	322	335	51	64	3.5	19.6
SA20153983_GBAKOBEN_00224	SA20160197_BPNLNKPL_00243	42.105	19	8	1	433	448	161	179	6.3	18.5
SA20153983_GBAKOBEN_00224	SA20160197_BPNLNKPL_00226	71.429	7	2	0	389	395	40	46	8.2	18.1
SA20153983_GBAKOBEN_00226	SA20160197_BPNLNKPL_00238	100.000	108	0	0	1	108	1	108	5.90e-81	223
SA20153983_GBAKOBEN_00226	SA20160197_BPNLNKPL_00236	40.000	25	15	0	9	33	121	145	0.20	20.8
SA20153983_GBAKOBEN_00227	SA20160197_BPNLNKPL_00239	100.000	484	0	0	1	484	1	484	0.0	1001
SA20153983_GBAKOBEN_00227	SA20160197_BPNLNKPL_00242	34.483	29	19	0	35	63	290	318	0.72	21.6
SA20153983_GBAKOBEN_00227	SA20160197_BPNLNKPL_00230	28.571	35	25	0	247	281	300	334	2.2	20.0
SA20153983_GBAKOBEN_00227	SA20160197_BPNLNKPL_00241	53.333	15	7	0	184	198	257	271	3.7	19.2
SA20153983_GBAKOBEN_00227	SA20160197_BPNLNKPL_00226	66.667	9	3	0	42	50	195	203	8.4	18.1
SA20153983_GBAKOBEN_00227	SA20160197_BPNLNKPL_00234	31.579	19	13	0	418	436	222	240	9.1	18.1
SA20153983_GBAKOBEN_00228	SA20160197_BPNLNKPL_00240	98.246	57	1	0	1	57	1	57	5.69e-40	116
SA20153983_GBAKOBEN_00228	SA20160197_BPNLNKPL_00229	29.630	27	19	0	6	32	10	36	0.39	18.1
SA20153983_GBAKOBEN_00228	SA20160197_BPNLNKPL_00234	42.857	14	8	0	8	21	241	254	0.42	18.1
SA20153983_GBAKOBEN_00228	SA20160197_BPNLNKPL_00232	55.556	9	4	0	6	14	14	22	1.5	16.5
SA20153983_GBAKOBEN_00228	SA20160197_BPNLNKPL_00233	31.250	16	11	0	29	44	201	216	1.9	16.5
SA20153983_GBAKOBEN_00228	SA20160197_BPNLNKPL_00239	41.667	12	7	0	25	36	327	338	2.0	16.2
SA20153983_GBAKOBEN_00228	SA20160197_BPNLNKPL_00242	62.500	8	3	0	27	34	646	653	4.0	15.4
SA20153983_GBAKOBEN_00228	SA20160197_BPNLNKPL_00231	50.000	10	5	0	27	36	135	144	6.3	15.0
SA20153983_GBAKOBEN_00228	SA20160197_BPNLNKPL_00243	36.842	19	9	1	37	55	201	216	9.1	14.6
SA20153983_GBAKOBEN_00229	SA20160197_BPNLNKPL_00241	99.479	576	3	0	1	576	1	576	0.0	1190
SA20153983_GBAKOBEN_00229	SA20160197_BPNLNKPL_00242	30.000	40	24	1	354	389	216	255	3.7	19.6
SA20153983_GBAKOBEN_00229	SA20160197_BPNLNKPL_00239	53.333	15	7	0	257	271	184	198	4.4	19.2
SA20153983_GBAKOBEN_00229	SA20160197_BPNLNKPL_00229	30.952	42	26	1	245	283	37	78	5.5	18.9
SA20153983_GBAKOBEN_00230	SA20160197_BPNLNKPL_00242	99.307	722	5	0	1	722	1	722	0.0	1488
SA20153983_GBAKOBEN_00230	SA20160197_BPNLNKPL_00241	32.500	40	23	1	216	255	354	389	0.94	21.9
SA20153983_GBAKOBEN_00230	SA20160197_BPNLNKPL_00239	34.483	29	19	0	290	318	35	63	1.1	21.6
SA20153983_GBAKOBEN_00230	SA20160197_BPNLNKPL_00225	44.000	25	12	1	684	706	67	91	2.6	20.4
SA20153983_GBAKOBEN_00230	SA20160197_BPNLNKPL_00243	53.846	13	6	0	402	414	86	98	4.3	19.6
SA20153983_GBAKOBEN_00230	SA20160197_BPNLNKPL_00249	30.769	26	18	0	144	169	100	125	4.4	19.2
SA20153983_GBAKOBEN_00230	SA20160197_BPNLNKPL_00230	24.138	58	33	2	285	338	22	72	5.3	19.6
SA20153983_GBAKOBEN_00230	SA20160197_BPNLNKPL_00229	38.889	18	11	0	133	150	1	18	8.4	18.9
SA20153983_GBAKOBEN_00231	SA20160197_BPNLNKPL_00243	99.138	232	2	0	1	232	1	232	4.71e-176	474
SA20153983_GBAKOBEN_00231	SA20160197_BPNLNKPL_00242	53.846	13	6	0	86	98	402	414	1.3	19.6
SA20153983_GBAKOBEN_00231	SA20160197_BPNLNKPL_00236	42.105	19	8	1	161	179	433	448	3.7	18.1
SA20153983_GBAKOBEN_00231	SA20160197_BPNLNKPL_00230	54.545	11	5	0	210	220	75	85	5.3	17.7
SA20153983_GBAKOBEN_00231	SA20160197_BPNLNKPL_00247	26.316	19	14	0	147	165	7	25	6.7	17.3
SA20153983_GBAKOBEN_00232	SA20160197_BPNLNKPL_00244	89.655	174	1	1	1	174	1	157	1.98e-109	300
SA20153983_GBAKOBEN_00232	SA20160197_BPNLNKPL_00250	44.444	18	10	0	103	120	143	160	0.29	21.2
SA20153983_GBAKOBEN_00232	SA20160197_BPNLNKPL_00233	53.846	13	6	0	145	157	163	175	0.56	20.4
SA20153983_GBAKOBEN_00232	SA20160197_BPNLNKPL_00230	31.250	32	21	1	81	112	473	503	1.0	19.6
SA20153983_GBAKOBEN_00232	SA20160197_BPNLNKPL_00239	34.783	23	15	0	53	75	405	427	7.3	16.9
SA20153983_GBAKOBEN_00232	SA20160197_BPNLNKPL_00247	62.500	8	3	0	61	68	218	225	8.5	16.5
SA20153983_GBAKOBEN_00233	SA20160197_BPNLNKPL_00239	28.571	42	25	2	220	256	293	334	0.36	21.9
SA20153983_GBAKOBEN_00233	SA20160197_BPNLNKPL_00233	58.333	12	5	0	225	236	127	138	1.2	20.0
SA20153983_GBAKOBEN_00233	SA20160197_BPNLNKPL_00242	23.684	38	29	0	201	238	431	468	2.5	19.2
SA20153983_GBAKOBEN_00233	SA20160197_BPNLNKPL_00229	24.242	33	24	1	192	224	22	53	3.7	18.5
SA20153983_GBAKOBEN_00233	SA20160197_BPNLNKPL_00247	54.545	11	5	0	196	206	167	177	5.3	18.1
SA20153983_GBAKOBEN_00233	SA20160197_BPNLNKPL_00236	43.750	16	9	0	231	246	327	342	7.9	17.7
SA20153983_GBAKOBEN_00233	SA20160197_BPNLNKPL_00250	32.000	25	16	1	35	59	260	283	8.1	17.3
SA20153983_GBAKOBEN_00233	SA20160197_BPNLNKPL_00238	26.923	26	19	0	131	156	24	49	8.8	16.9
SA20153983_GBAKOBEN_00234	SA20160197_BPNLNKPL_00230	34.615	26	16	1	37	62	364	388	2.2	16.5
SA20153983_GBAKOBEN_00234	SA20160197_BPNLNKPL_00249	37.500	16	10	0	51	66	53	68	5.1	15.4
SA20153983_GBAKOBEN_00234	SA20160197_BPNLNKPL_00232	46.154	13	7	0	15	27	215	227	7.7	15.0
SA20153983_GBAKOBEN_00235	SA20160197_BPNLNKPL_00232	53.846	13	6	0	64	76	165	177	2.8	16.9
SA20153983_GBAKOBEN_00235	SA20160197_BPNLNKPL_00225	38.095	21	10	1	13	30	55	75	2.8	16.9
SA20153983_GBAKOBEN_00235	SA20160197_BPNLNKPL_00242	75.000	8	2	0	56	63	57	64	5.3	16.2
SA20153983_GBAKOBEN_00235	SA20160197_BPNLNKPL_00230	70.000	10	2	1	22	31	28	36	6.2	16.2
SA20160197_BPNLNKPL_00225	SA20160197_BPNLNKPL_00225	100.000	237	0	0	1	237	1	237	0.0	486
SA20160197_BPNLNKPL_00225	SA20160197_BPNLNKPL_00231	27.083	48	17	2	207	236	59	106	0.21	21.9
SA20160197_BPNLNKPL_00225	SA20160197_BPNLNKPL_00233	40.000	35	18	2	155	188	13	45	0.45	21.2
SA20160197_BPNLNKPL_00225	SA20160197_BPNLNKPL_00242	44.000	25	12	1	67	91	684	706	0.86	20.4
SA20160197_BPNLNKPL_00225	SA20160197_BPNLNKPL_00249	55.556	9	4	0	220	228	14	22	6.2	17.3
SA20160197_BPNLNKPL_00226	SA20160197_BPNLNKPL_00226	100.000	245	0	0	1	245	1	245	2.09e-180	486
SA20160197_BPNLNKPL_00226	SA20160197_BPNLNKPL_00228	47.826	23	8	1	23	41	16	38	1.1	19.6
SA20160197_BPNLNKPL_00226	SA20160197_BPNLNKPL_00229	42.500	40	20	2	115	152	145	183	1.6	19.2
SA20160197_BPNLNKPL_00226	SA20160197_BPNLNKPL_00239	66.667	9	3	0	195	203	42	50	4.2	18.1
SA20160197_BPNLNKPL_00226	SA20160197_BPNLNKPL_00236	71.429	7	2	0	40	46	389	395	4.8	18.1
SA20160197_BPNLNKPL_00226	SA20160197_BPNLNKPL_00227	39.130	23	8	1	146	168	74	90	5.5	17.3
SA20160197_BPNLNKPL_00227	SA20160197_BPNLNKPL_00227	100.000	93	0	0	1	93	1	93	8.32e-69	191
SA20160197_BPNLNKPL_00227	SA20160197_BPNLNKPL_00228	41.176	17	10	0	2	18	20	36	1.5	17.7
SA20160197_BPNLNKPL_00227	SA20160197_BPNLNKPL_00232	63.636	11	4	0	8	18	187	197	1.8	17.3
SA20160197_BPNLNKPL_00227	SA20160197_BPNLNKPL_00226	39.130	23	8	1	74	90	146	168	2.1	17.3
SA20160197_BPNLNKPL_00227	SA20160197_BPNLNKPL_00233	45.455	11	6	0	41	51	277	287	3.3	16.5
SA20160197_BPNLNKPL_00227	SA20160197_BPNLNKPL_00242	33.333	33	20	1	57	87	268	300	6.6	15.8
SA20160197_BPNLNKPL_00227	SA20160197_BPNLNKPL_00236	66.667	12	2	1	55	66	267	276	9.1	15.4
SA20160197_BPNLNKPL_00228	SA20160197_BPNLNKPL_00228	100.000	225	0	0	1	225	1	225	8.63e-166	447
SA20160197_BPNLNKPL_00228	SA20160197_BPNLNKPL_00226	47.826	23	8	1	16	38	23	41	1.0	19.6
SA20160197_BPNLNKPL_00228	SA20160197_BPNLNKPL_00227	41.176	17	10	0	20	36	2	18	3.6	17.7
SA20160197_BPNLNKPL_00228	SA20160197_BPNLNKPL_00241	22.034	59	38	1	102	160	113	163	6.7	17.3
SA20160197_BPNLNKPL_00229	SA20160197_BPNLNKPL_00229	100.000	271	0	0	1	271	1	271	0.0	559
SA20160197_BPNLNKPL_00229	SA20160197_BPNLNKPL_00240	33.333	27	18	0	10	36	6	32	0.39	20.0
SA20160197_BPNLNKPL_00229	SA20160197_BPNLNKPL_00226	42.500	40	20	2	145	183	115	152	1.8	19.2
SA20160197_BPNLNKPL_00229	SA20160197_BPNLNKPL_00233	30.000	20	14	0	247	266	323	342	2.0	19.2
SA20160197_BPNLNKPL_00229	SA20160197_BPNLNKPL_00236	46.667	15	8	0	59	73	440	454	2.1	19.2
SA20160197_BPNLNKPL_00229	SA20160197_BPNLNKPL_00241	30.952	42	26	1	37	78	245	283	2.5	18.9
SA20160197_BPNLNKPL_00229	SA20160197_BPNLNKPL_00242	38.889	18	11	0	1	18	133	150	3.3	18.9
SA20160197_BPNLNKPL_00229	SA20160197_BPNLNKPL_00230	56.250	16	7	0	243	258	350	365	7.5	17.3
SA20160197_BPNLNKPL_00230	SA20160197_BPNLNKPL_00230	100.000	506	0	0	1	506	1	506	0.0	1042
SA20160197_BPNLNKPL_00230	SA20160197_BPNLNKPL_00239	28.571	35	25	0	300	334	247	281	2.3	20.0
SA20160197_BPNLNKPL_00230	SA20160197_BPNLNKPL_00244	31.250	32	21	1	473	503	64	95	2.8	19.6
SA20160197_BPNLNKPL_00230	SA20160197_BPNLNKPL_00242	24.138	58	33	2	22	72	285	338	3.3	19.6
SA20160197_BPNLNKPL_00230	SA20160197_BPNLNKPL_00236	57.143	14	6	0	51	64	322	335	3.6	19.6
SA20160197_BPNLNKPL_00230	SA20160197_BPNLNKPL_00233	36.842	19	12	0	323	341	229	247	6.8	18.5
SA20160197_BPNLNKPL_00230	SA20160197_BPNLNKPL_00249	33.333	15	10	0	287	301	65	79	7.9	18.1
SA20160197_BPNLNKPL_00231	SA20160197_BPNLNKPL_00231	100.000	181	0	0	1	181	1	181	7.90e-137	370
SA20160197_BPNLNKPL_00231	SA20160197_BPNLNKPL_00225	27.083	48	17	2	59	106	207	236	0.16	21.9
SA20160197_BPNLNKPL_00231	SA20160197_BPNLNKPL_00242	30.435	46	29	1	113	158	473	515	2.7	18.1
SA20160197_BPNLNKPL_00231	SA20160197_BPNLNKPL_00233	66.667	9	3	0	120	128	272	280	7.6	16.9
SA20160197_BPNLNKPL_00232	SA20160197_BPNLNKPL_00232	100.000	247	0	0	1	247	1	247	6.42e-178	479
SA20160197_BPNLNKPL_00232	SA20160197_BPNLNKPL_00227	63.636	11	4	0	187	197	8	18	4.9	17.3
SA20160197_BPNLNKPL_00232	SA20160197_BPNLNKPL_00240	55.556	9	4	0	14	22	6	14	6.6	16.5
SA20160197_BPNLNKPL_00233	SA20160197_BPNLNKPL_00233	100.000	356	0	0	1	356	1	356	0.0	712
SA20160197_BPNLNKPL_00233	SA20160197_BPNLNKPL_00225	40.000	35	18	2	13	45	155	188	0.67	21.2
SA20160197_BPNLNKPL_00233	SA20160197_BPNLNKPL_00244	53.846	13	6	0	163	175	128	140	1.6	19.6
SA20160197_BPNLNKPL_00233	SA20160197_BPNLNKPL_00229	30.000	20	14	0	323	342	247	266	2.7	19.2
SA20160197_BPNLNKPL_00233	SA20160197_BPNLNKPL_00230	36.842	19	12	0	229	247	323	341	4.8	18.5
SA20160197_BPNLNKPL_00233	SA20160197_BPNLNKPL_00234	34.783	23	15	0	90	112	62	84	6.0	18.1
SA20160197_BPNLNKPL_00234	SA20160197_BPNLNKPL_00234	100.000	309	0	0	1	309	1	309	0.0	626
SA20160197_BPNLNKPL_00234	SA20160197_BPNLNKPL_00240	42.857	14	8	0	241	254	8	21	2.5	18.1
SA20160197_BPNLNKPL_00234	SA20160197_BPNLNKPL_00233	34.783	23	15	0	62	84	90	112	5.3	18.1
SA20160197_BPNLNKPL_00234	SA20160197_BPNLNKPL_00239	31.579	19	13	0	222	240	418	436	5.8	18.1
SA20160197_BPNLNKPL_00236	SA20160197_BPNLNKPL_00236	100.000	474	0	0	1	474	1	474	0.0	932
SA20160197_BPNLNKPL_00236	SA20160197_BPNLNKPL_00238	40.000	25	15	0	121	145	9	33	0.86	20.8
SA20160197_BPNLNKPL_00236	SA20160197_BPNLNKPL_00230	57.143	14	6	0	322	335	51	64	3.5	19.2
SA20160197_BPNLNKPL_00236	SA20160197_BPNLNKPL_00229	46.667	15	8	0	440	454	59	73	3.5	19.2
SA20160197_BPNLNKPL_00236	SA20160197_BPNLNKPL_00243	42.105	19	8	1	433	448	161	179	6.2	18.5
SA20160197_BPNLNKPL_00236	SA20160197_BPNLNKPL_00226	71.429	7	2	0	389	395	40	46	8.2	18.1
SA20160197_BPNLNKPL_00238	SA20160197_BPNLNKPL_00238	100.000	108	0	0	1	108	1	108	5.90e-81	223
SA20160197_BPNLNKPL_00238	SA20160197_BPNLNKPL_00236	40.000	25	15	0	9	33	121	145	0.20	20.8
SA20160197_BPNLNKPL_00239	SA20160197_BPNLNKPL_00239	100.000	484	0	0	1	484	1	484	0.0	1001
SA20160197_BPNLNKPL_00239	SA20160197_BPNLNKPL_00242	34.483	29	19	0	35	63	290	318	0.72	21.6
SA20160197_BPNLNKPL_00239	SA20160197_BPNLNKPL_00230	28.571	35	25	0	247	281	300	334	2.2	20.0
SA20160197_BPNLNKPL_00239	SA20160197_BPNLNKPL_00241	53.333	15	7	0	184	198	257	271	3.7	19.2
SA20160197_BPNLNKPL_00239	SA20160197_BPNLNKPL_00226	66.667	9	3	0	42	50	195	203	8.4	18.1
SA20160197_BPNLNKPL_00239	SA20160197_BPNLNKPL_00234	31.579	19	13	0	418	436	222	240	9.1	18.1
SA20160197_BPNLNKPL_00240	SA20160197_BPNLNKPL_00240	100.000	57	0	0	1	57	1	57	1.96e-40	117
SA20160197_BPNLNKPL_00240	SA20160197_BPNLNKPL_00229	33.333	27	18	0	6	32	10	36	0.083	20.0
SA20160197_BPNLNKPL_00240	SA20160197_BPNLNKPL_00234	42.857	14	8	0	8	21	241	254	0.46	18.1
SA20160197_BPNLNKPL_00240	SA20160197_BPNLNKPL_00232	55.556	9	4	0	6	14	14	22	1.5	16.5
SA20160197_BPNLNKPL_00240	SA20160197_BPNLNKPL_00233	31.250	16	11	0	29	44	201	216	1.9	16.5
SA20160197_BPNLNKPL_00240	SA20160197_BPNLNKPL_00239	41.667	12	7	0	25	36	327	338	2.0	16.2
SA20160197_BPNLNKPL_00240	SA20160197_BPNLNKPL_00242	62.500	8	3	0	27	34	646	653	3.8	15.4
SA20160197_BPNLNKPL_00240	SA20160197_BPNLNKPL_00231	50.000	10	5	0	27	36	135	144	6.5	15.0
SA20160197_BPNLNKPL_00240	SA20160197_BPNLNKPL_00243	36.842	19	9	1	37	55	201	216	8.3	14.6
SA20160197_BPNLNKPL_00241	SA20160197_BPNLNKPL_00241	100.000	576	0	0	1	576	1	576	0.0	1196
SA20160197_BPNLNKPL_00241	SA20160197_BPNLNKPL_00242	30.000	40	24	1	354	389	216	255	3.7	19.6
SA20160197_BPNLNKPL_00241	SA20160197_BPNLNKPL_00239	53.333	15	7	0	257	271	184	198	4.4	19.2
SA20160197_BPNLNKPL_00242	SA20160197_BPNLNKPL_00242	100.000	722	0	0	1	722	1	722	0.0	1499
SA20160197_BPNLNKPL_00242	SA20160197_BPNLNKPL_00239	34.483	29	19	0	290	318	35	63	1.1	21.6
SA20160197_BPNLNKPL_00242	SA20160197_BPNLNKPL_00225	44.000	25	12	1	684	706	67	91	2.6	20.4
SA20160197_BPNLNKPL_00242	SA20160197_BPNLNKPL_00243	53.846	13	6	0	402	414	86	98	4.3	19.6
SA20160197_BPNLNKPL_00242	SA20160197_BPNLNKPL_00249	30.769	26	18	0	144	169	100	125	4.4	19.2
SA20160197_BPNLNKPL_00242	SA20160197_BPNLNKPL_00241	30.000	40	24	1	216	255	354	389	4.6	19.6
SA20160197_BPNLNKPL_00242	SA20160197_BPNLNKPL_00230	24.138	58	33	2	285	338	22	72	4.6	19.6
SA20160197_BPNLNKPL_00242	SA20160197_BPNLNKPL_00229	38.889	18	11	0	133	150	1	18	8.7	18.9
SA20160197_BPNLNKPL_00242	SA20160197_BPNLNKPL_00250	32.000	25	17	0	217	241	367	391	9.7	18.5
SA20160197_BPNLNKPL_00243	SA20160197_BPNLNKPL_00243	100.000	232	0	0	1	232	1	232	1.70e-177	477
SA20160197_BPNLNKPL_00243	SA20160197_BPNLNKPL_00242	53.846	13	6	0	86	98	402	414	1.3	19.6
SA20160197_BPNLNKPL_00243	SA20160197_BPNLNKPL_00236	42.105	19	8	1	161	179	433	448	3.5	18.5
SA20160197_BPNLNKPL_00243	SA20160197_BPNLNKPL_00230	54.545	11	5	0	210	220	75	85	5.3	17.7
SA20160197_BPNLNKPL_00243	SA20160197_BPNLNKPL_00247	26.316	19	14	0	147	165	7	25	6.5	17.3
SA20160197_BPNLNKPL_00244	SA20160197_BPNLNKPL_00244	100.000	157	0	0	1	157	1	157	3.73e-115	313
SA20160197_BPNLNKPL_00244	SA20160197_BPNLNKPL_00250	44.444	18	10	0	86	103	143	160	0.27	21.2
SA20160197_BPNLNKPL_00244	SA20160197_BPNLNKPL_00233	53.846	13	6	0	128	140	163	175	0.61	20.0
SA20160197_BPNLNKPL_00244	SA20160197_BPNLNKPL_00230	31.250	32	21	1	64	95	473	503	0.75	19.6
SA20160197_BPNLNKPL_00244	SA20160197_BPNLNKPL_00247	62.500	8	3	0	44	51	218	225	6.9	16.5
SA20160197_BPNLNKPL_00244	SA20160197_BPNLNKPL_00239	32.143	28	18	1	71	97	7	34	7.0	16.5
SA20160197_BPNLNKPL_00244	SA20160197_BPNLNKPL_00229	66.667	9	3	0	64	72	14	22	9.6	16.2
SA20160197_BPNLNKPL_00247	SA20160197_BPNLNKPL_00247	100.000	265	0	0	1	265	1	265	0.0	537
SA20160197_BPNLNKPL_00247	SA20160197_BPNLNKPL_00230	23.077	39	26	2	98	134	193	229	6.2	17.7
SA20160197_BPNLNKPL_00247	SA20160197_BPNLNKPL_00243	26.316	19	14	0	7	25	147	165	7.7	17.3
SA20160197_BPNLNKPL_00247	SA20160197_BPNLNKPL_00241	27.778	18	13	0	226	243	338	355	8.1	17.3
SA20160197_BPNLNKPL_00249	SA20160197_BPNLNKPL_00249	100.000	139	0	0	1	139	1	139	8.48e-103	281
SA20160197_BPNLNKPL_00249	SA20160197_BPNLNKPL_00242	30.769	26	18	0	100	125	144	169	0.84	19.2
SA20160197_BPNLNKPL_00249	SA20160197_BPNLNKPL_00230	33.333	15	10	0	65	79	287	301	2.2	18.1
SA20160197_BPNLNKPL_00249	SA20160197_BPNLNKPL_00225	55.556	9	4	0	14	22	220	228	3.6	17.3
SA20160197_BPNLNKPL_00250	SA20160197_BPNLNKPL_00250	100.000	422	0	0	1	422	1	422	0.0	881
SA20160197_BPNLNKPL_00250	SA20160197_BPNLNKPL_00244	44.444	18	10	0	143	160	86	103	0.72	21.2
SA20160197_BPNLNKPL_00250	SA20160197_BPNLNKPL_00242	32.000	25	17	0	367	391	217	241	5.7	18.5
SA20153983_GBAKOBEN_00213	SA20153983_GBAKOBEN_00213	100.000	237	0	0	1	237	1	237	1.69e-180	485
SA20153983_GBAKOBEN_00213	SA20153983_GBAKOBEN_00219	27.083	48	17	2	207	236	59	106	0.18	21.9
SA20153983_GBAKOBEN_00213	SA20153983_GBAKOBEN_00221	40.000	35	18	2	155	188	13	45	0.34	21.6
SA20153983_GBAKOBEN_00213	SA20153983_GBAKOBEN_00235	38.095	21	10	1	55	75	13	30	7.4	16.9
SA20153983_GBAKOBEN_00213	SA20153983_GBAKOBEN_00229	29.310	58	35	3	175	231	65	117	7.5	17.3
SA20153983_GBAKOBEN_00213	SA20153983_GBAKOBEN_00230	36.000	25	14	1	67	91	684	706	8.5	16.9
SA20153983_GBAKOBEN_00214	SA20153983_GBAKOBEN_00214	100.000	245	0	0	1	245	1	245	1.98e-180	486
SA20153983_GBAKOBEN_00214	SA20153983_GBAKOBEN_00217	42.500	40	20	2	115	152	145	183	1.5	19.2
SA20153983_GBAKOBEN_00214	SA20153983_GBAKOBEN_00216	47.826	23	8	1	23	41	16	38	1.7	19.2
SA20153983_GBAKOBEN_00214	SA20153983_GBAKOBEN_00227	66.667	9	3	0	195	203	42	50	4.0	18.1
SA20153983_GBAKOBEN_00214	SA20153983_GBAKOBEN_00224	71.429	7	2	0	40	46	389	395	4.4	18.1
SA20153983_GBAKOBEN_00214	SA20153983_GBAKOBEN_00215	39.130	23	8	1	146	168	74	90	5.2	17.3
SA20153983_GBAKOBEN_00215	SA20153983_GBAKOBEN_00215	100.000	93	0	0	1	93	1	93	7.85e-69	191
SA20153983_GBAKOBEN_00215	SA20153983_GBAKOBEN_00216	41.176	17	10	0	2	18	20	36	0.68	18.5
SA20153983_GBAKOBEN_00215	SA20153983_GBAKOBEN_00220	63.636	11	4	0	8	18	187	197	1.7	17.3
SA20153983_GBAKOBEN_00215	SA20153983_GBAKOBEN_00214	39.130	23	8	1	74	90	146	168	2.0	17.3
SA20153983_GBAKOBEN_00215	SA20153983_GBAKOBEN_00230	33.333	33	20	1	57	87	268	300	6.4	15.8
SA20153983_GBAKOBEN_00216	SA20153983_GBAKOBEN_00216	100.000	225	0	0	1	225	1	225	1.13e-165	447
SA20153983_GBAKOBEN_00216	SA20153983_GBAKOBEN_00214	47.826	23	8	1	16	38	23	41	1.5	19.2
SA20153983_GBAKOBEN_00216	SA20153983_GBAKOBEN_00215	41.176	17	10	0	20	36	2	18	1.7	18.5
SA20153983_GBAKOBEN_00216	SA20153983_GBAKOBEN_00229	22.034	59	38	1	102	160	113	163	6.1	17.3
SA20153983_GBAKOBEN_00217	SA20153983_GBAKOBEN_00217	100.000	271	0	0	1	271	1	271	0.0	559
SA20153983_GBAKOBEN_00217	SA20153983_GBAKOBEN_00214	42.500	40	20	2	145	183	115	152	1.7	19.2
SA20153983_GBAKOBEN_00217	SA20153983_GBAKOBEN_00228	29.630	27	19	0	10	36	6	32	1.7	18.1
SA20153983_GBAKOBEN_00217	SA20153983_GBAKOBEN_00224	46.667	15	8	0	59	73	440	454	1.9	19.2
SA20153983_GBAKOBEN_00217	SA20153983_GBAKOBEN_00221	30.000	20	14	0	247	266	323	342	1.9	19.2
SA20153983_GBAKOBEN_00217	SA20153983_GBAKOBEN_00229	30.952	42	26	1	37	78	245	283	2.4	18.9
SA20153983_GBAKOBEN_00217	SA20153983_GBAKOBEN_00230	38.889	18	11	0	1	18	133	150	3.0	18.9
SA20153983_GBAKOBEN_00217	SA20153983_GBAKOBEN_00218	56.250	16	7	0	243	258	350	365	7.2	17.3
SA20153983_GBAKOBEN_00218	SA20153983_GBAKOBEN_00218	100.000	506	0	0	1	506	1	506	0.0	1042
SA20153983_GBAKOBEN_00218	SA20153983_GBAKOBEN_00227	31.429	35	24	0	300	334	247	281	0.93	21.2
SA20153983_GBAKOBEN_00218	SA20153983_GBAKOBEN_00232	31.250	32	21	1	473	503	81	112	2.9	19.2
SA20153983_GBAKOBEN_00218	SA20153983_GBAKOBEN_00224	57.143	14	6	0	51	64	322	335	3.3	19.6
SA20153983_GBAKOBEN_00218	SA20153983_GBAKOBEN_00221	31.034	29	20	0	301	329	233	261	4.7	18.9
SA20153983_GBAKOBEN_00219	SA20153983_GBAKOBEN_00219	100.000	181	0	0	1	181	1	181	1.21e-136	370
SA20153983_GBAKOBEN_00219	SA20153983_GBAKOBEN_00213	27.083	48	17	2	59	106	207	236	0.13	21.9
SA20153983_GBAKOBEN_00219	SA20153983_GBAKOBEN_00230	30.435	46	29	1	113	158	473	515	2.6	18.1
SA20153983_GBAKOBEN_00220	SA20153983_GBAKOBEN_00220	100.000	247	0	0	1	247	1	247	6.07e-178	479
SA20153983_GBAKOBEN_00220	SA20153983_GBAKOBEN_00215	63.636	11	4	0	187	197	8	18	4.7	17.3
SA20153983_GBAKOBEN_00220	SA20153983_GBAKOBEN_00228	55.556	9	4	0	14	22	6	14	6.2	16.5
SA20153983_GBAKOBEN_00220	SA20153983_GBAKOBEN_00235	53.846	13	6	0	165	177	64	76	6.3	16.9
SA20153983_GBAKOBEN_00221	SA20153983_GBAKOBEN_00221	100.000	356	0	0	1	356	1	356	0.0	712
SA20153983_GBAKOBEN_00221	SA20153983_GBAKOBEN_00213	40.000	35	18	2	13	45	155	188	0.51	21.6
SA20153983_GBAKOBEN_00221	SA20153983_GBAKOBEN_00232	53.846	13	6	0	163	175	145	157	1.3	20.0
SA20153983_GBAKOBEN_00221	SA20153983_GBAKOBEN_00233	58.333	12	5	0	127	138	225	236	1.3	20.0
SA20153983_GBAKOBEN_00221	SA20153983_GBAKOBEN_00217	30.000	20	14	0	323	342	247	266	2.5	19.2
SA20153983_GBAKOBEN_00221	SA20153983_GBAKOBEN_00218	31.034	29	20	0	233	261	301	329	3.3	18.9
SA20153983_GBAKOBEN_00221	SA20153983_GBAKOBEN_00222	34.783	23	15	0	90	112	62	84	5.4	18.1
SA20153983_GBAKOBEN_00221	SA20153983_GBAKOBEN_00229	34.375	32	18	1	226	254	309	340	6.9	18.1
SA20153983_GBAKOBEN_00222	SA20153983_GBAKOBEN_00222	100.000	309	0	0	1	309	1	309	0.0	626
SA20153983_GBAKOBEN_00222	SA20153983_GBAKOBEN_00228	42.857	14	8	0	241	254	8	21	2.3	18.1
SA20153983_GBAKOBEN_00222	SA20153983_GBAKOBEN_00221	34.783	23	15	0	62	84	90	112	4.7	18.1
SA20153983_GBAKOBEN_00222	SA20153983_GBAKOBEN_00227	31.579	19	13	0	222	240	418	436	5.6	18.1
SA20153983_GBAKOBEN_00224	SA20153983_GBAKOBEN_00224	100.000	474	0	0	1	474	1	474	0.0	932
SA20153983_GBAKOBEN_00224	SA20153983_GBAKOBEN_00218	57.143	14	6	0	322	335	51	64	3.0	19.6
SA20153983_GBAKOBEN_00224	SA20153983_GBAKOBEN_00217	46.667	15	8	0	440	454	59	73	3.2	19.2
SA20153983_GBAKOBEN_00224	SA20153983_GBAKOBEN_00231	42.105	19	8	1	433	448	161	179	6.4	18.5
SA20153983_GBAKOBEN_00224	SA20153983_GBAKOBEN_00214	71.429	7	2	0	389	395	40	46	7.7	18.1
SA20153983_GBAKOBEN_00226	SA20153983_GBAKOBEN_00226	100.000	108	0	0	1	108	1	108	5.57e-81	223
SA20153983_GBAKOBEN_00226	SA20153983_GBAKOBEN_00233	26.923	26	19	0	24	49	131	156	3.1	16.9
SA20153983_GBAKOBEN_00227	SA20153983_GBAKOBEN_00227	100.000	484	0	0	1	484	1	484	0.0	1001
SA20153983_GBAKOBEN_00227	SA20153983_GBAKOBEN_00233	28.571	42	25	2	293	334	220	256	0.57	21.9
SA20153983_GBAKOBEN_00227	SA20153983_GBAKOBEN_00230	34.483	29	19	0	35	63	290	318	0.69	21.6
SA20153983_GBAKOBEN_00227	SA20153983_GBAKOBEN_00218	31.429	35	24	0	247	281	300	334	0.89	21.2
SA20153983_GBAKOBEN_00227	SA20153983_GBAKOBEN_00229	53.333	15	7	0	184	198	257	271	3.5	19.2
SA20153983_GBAKOBEN_00227	SA20153983_GBAKOBEN_00214	66.667	9	3	0	42	50	195	203	7.9	18.1
SA20153983_GBAKOBEN_00227	SA20153983_GBAKOBEN_00222	31.579	19	13	0	418	436	222	240	8.7	18.1
SA20153983_GBAKOBEN_00228	SA20153983_GBAKOBEN_00228	100.000	57	0	0	1	57	1	57	1.54e-40	117
SA20153983_GBAKOBEN_00228	SA20153983_GBAKOBEN_00217	29.630	27	19	0	6	32	10	36	0.37	18.1
SA20153983_GBAKOBEN_00228	SA20153983_GBAKOBEN_00222	42.857	14	8	0	8	21	241	254	0.42	18.1
SA20153983_GBAKOBEN_00228	SA20153983_GBAKOBEN_00220	55.556	9	4	0	6	14	14	22	1.4	16.5
SA20153983_GBAKOBEN_00228	SA20153983_GBAKOBEN_00221	31.250	16	11	0	29	44	201	216	1.7	16.5
SA20153983_GBAKOBEN_00228	SA20153983_GBAKOBEN_00227	41.667	12	7	0	25	36	327	338	1.9	16.2
SA20153983_GBAKOBEN_00228	SA20153983_GBAKOBEN_00230	62.500	8	3	0	27	34	646	653	3.8	15.4
SA20153983_GBAKOBEN_00228	SA20153983_GBAKOBEN_00219	33.333	21	13	1	10	29	99	119	4.2	15.4
SA20153983_GBAKOBEN_00228	SA20153983_GBAKOBEN_00224	50.000	10	5	0	37	46	138	147	7.3	14.6
SA20153983_GBAKOBEN_00228	SA20153983_GBAKOBEN_00231	36.842	19	9	1	37	55	201	216	9.8	14.2
SA20153983_GBAKOBEN_00229	SA20153983_GBAKOBEN_00229	100.000	576	0	0	1	576	1	576	0.0	1196
SA20153983_GBAKOBEN_00229	SA20153983_GBAKOBEN_00230	32.500	40	23	1	354	389	216	255	0.73	21.9
SA20153983_GBAKOBEN_00229	SA20153983_GBAKOBEN_00227	53.333	15	7	0	257	271	184	198	4.2	19.2
SA20153983_GBAKOBEN_00230	SA20153983_GBAKOBEN_00230	100.000	722	0	0	1	722	1	722	0.0	1500
SA20153983_GBAKOBEN_00230	SA20153983_GBAKOBEN_00229	32.500	40	23	1	216	255	354	389	0.91	21.9
SA20153983_GBAKOBEN_00230	SA20153983_GBAKOBEN_00227	34.483	29	19	0	290	318	35	63	1.0	21.6
SA20153983_GBAKOBEN_00230	SA20153983_GBAKOBEN_00231	53.846	13	6	0	402	414	86	98	4.3	19.6
SA20153983_GBAKOBEN_00230	SA20153983_GBAKOBEN_00217	38.889	18	11	0	133	150	1	18	7.9	18.9
SA20153983_GBAKOBEN_00230	SA20153983_GBAKOBEN_00233	40.000	15	9	0	441	455	236	250	9.6	18.5
SA20153983_GBAKOBEN_00231	SA20153983_GBAKOBEN_00231	100.000	232	0	0	1	232	1	232	6.30e-178	478
SA20153983_GBAKOBEN_00231	SA20153983_GBAKOBEN_00230	53.846	13	6	0	86	98	402	414	1.3	19.6
SA20153983_GBAKOBEN_00231	SA20153983_GBAKOBEN_00224	42.105	19	8	1	161	179	433	448	3.4	18.1
SA20153983_GBAKOBEN_00231	SA20153983_GBAKOBEN_00218	54.545	11	5	0	210	220	75	85	4.9	17.7
SA20153983_GBAKOBEN_00232	SA20153983_GBAKOBEN_00232	100.000	174	0	0	1	174	1	174	1.74e-127	346
SA20153983_GBAKOBEN_00232	SA20153983_GBAKOBEN_00221	53.846	13	6	0	145	157	163	175	0.52	20.4
SA20153983_GBAKOBEN_00232	SA20153983_GBAKOBEN_00218	31.250	32	21	1	81	112	473	503	0.92	19.6
SA20153983_GBAKOBEN_00232	SA20153983_GBAKOBEN_00230	23.077	52	40	0	11	62	384	435	4.5	17.3
SA20153983_GBAKOBEN_00232	SA20153983_GBAKOBEN_00227	34.783	23	15	0	53	75	405	427	6.9	16.9
SA20153983_GBAKOBEN_00232	SA20153983_GBAKOBEN_00229	37.500	24	15	0	32	55	553	576	8.0	16.5
SA20153983_GBAKOBEN_00233	SA20153983_GBAKOBEN_00233	100.000	291	0	0	1	291	1	291	0.0	602
SA20153983_GBAKOBEN_00233	SA20153983_GBAKOBEN_00227	28.571	42	25	2	220	256	293	334	0.34	21.9
SA20153983_GBAKOBEN_00233	SA20153983_GBAKOBEN_00221	58.333	12	5	0	225	236	127	138	1.1	20.0
SA20153983_GBAKOBEN_00233	SA20153983_GBAKOBEN_00230	40.000	15	9	0	236	250	441	455	3.9	18.5
SA20153983_GBAKOBEN_00233	SA20153983_GBAKOBEN_00224	43.750	16	9	0	231	246	327	342	7.6	17.3
SA20153983_GBAKOBEN_00233	SA20153983_GBAKOBEN_00226	26.923	26	19	0	131	156	24	49	8.3	16.9
SA20153983_GBAKOBEN_00234	SA20153983_GBAKOBEN_00234	100.000	72	0	0	1	72	1	72	8.75e-51	144
SA20153983_GBAKOBEN_00234	SA20153983_GBAKOBEN_00218	30.769	26	17	1	37	62	364	388	6.3	15.4
SA20153983_GBAKOBEN_00234	SA20153983_GBAKOBEN_00220	46.154	13	7	0	15	27	215	227	7.3	15.0
SA20153983_GBAKOBEN_00235	SA20153983_GBAKOBEN_00235	100.000	96	0	0	1	96	1	96	4.02e-72	200
SA20153983_GBAKOBEN_00235	SA20153983_GBAKOBEN_00220	53.846	13	6	0	64	76	165	177	2.6	16.9
SA20153983_GBAKOBEN_00235	SA20153983_GBAKOBEN_00213	38.095	21	10	1	13	30	55	75	3.0	16.9
SA20153983_GBAKOBEN_00235	SA20153983_GBAKOBEN_00230	75.000	8	2	0	56	63	57	64	5.0	16.2
SA20153983_GBAKOBEN_00235	SA20153983_GBAKOBEN_00218	70.000	10	2	1	22	31	28	36	5.9	16.2
SA20153983_GBAKOBEN_00235	SA20153983_GBAKOBEN_00233	21.569	51	40	0	38	88	1	51	7.0	15.8
