SA20160228_MPFEEIDI_02587	SA20160203_GIPDFLML_00250	100.000	422	0	0	1	422	1	422	0.0	881
SA20160228_MPFEEIDI_02587	SA20160203_GIPDFLML_00244	44.444	18	10	0	143	160	86	103	0.72	21.2
SA20160228_MPFEEIDI_02587	SA20160203_GIPDFLML_00241	31.250	32	18	2	183	213	29	57	4.8	18.9
SA20160228_MPFEEIDI_02587	SA20160203_GIPDFLML_00242	32.000	25	17	0	367	391	217	241	5.7	18.5
SA20160228_MPFEEIDI_02588	SA20160203_GIPDFLML_00249	100.000	139	0	0	1	139	1	139	8.48e-103	281
SA20160228_MPFEEIDI_02588	SA20160203_GIPDFLML_00242	30.769	26	18	0	100	125	144	169	0.84	19.2
SA20160228_MPFEEIDI_02588	SA20160203_GIPDFLML_00230	33.333	15	10	0	65	79	287	301	2.2	18.1
SA20160228_MPFEEIDI_02588	SA20160203_GIPDFLML_00225	55.556	9	4	0	14	22	220	228	3.6	17.3
SA20160228_MPFEEIDI_02590	SA20160203_GIPDFLML_00247	100.000	265	0	0	1	265	1	265	0.0	537
SA20160228_MPFEEIDI_02590	SA20160203_GIPDFLML_00230	23.077	39	26	2	98	134	193	229	6.2	17.7
SA20160228_MPFEEIDI_02590	SA20160203_GIPDFLML_00243	26.316	19	14	0	7	25	147	165	7.7	17.3
SA20160228_MPFEEIDI_02590	SA20160203_GIPDFLML_00241	27.778	18	13	0	226	243	338	355	8.1	17.3
SA20160228_MPFEEIDI_02593	SA20160203_GIPDFLML_00244	100.000	157	0	0	1	157	1	157	3.73e-115	313
SA20160228_MPFEEIDI_02593	SA20160203_GIPDFLML_00250	44.444	18	10	0	86	103	143	160	0.27	21.2
SA20160228_MPFEEIDI_02593	SA20160203_GIPDFLML_00233	53.846	13	6	0	128	140	163	175	0.61	20.0
SA20160228_MPFEEIDI_02593	SA20160203_GIPDFLML_00230	31.250	32	21	1	64	95	473	503	0.75	19.6
SA20160228_MPFEEIDI_02593	SA20160203_GIPDFLML_00242	30.952	42	27	2	83	123	444	484	6.0	16.9
SA20160228_MPFEEIDI_02593	SA20160203_GIPDFLML_00247	62.500	8	3	0	44	51	218	225	6.9	16.5
SA20160228_MPFEEIDI_02593	SA20160203_GIPDFLML_00239	32.143	28	18	1	71	97	7	34	7.0	16.5
SA20160228_MPFEEIDI_02593	SA20160203_GIPDFLML_00229	66.667	9	3	0	64	72	14	22	9.6	16.2
SA20160228_MPFEEIDI_02594	SA20160203_GIPDFLML_00243	100.000	232	0	0	1	232	1	232	1.70e-177	477
SA20160228_MPFEEIDI_02594	SA20160203_GIPDFLML_00242	53.846	13	6	0	86	98	402	414	1.3	19.6
SA20160228_MPFEEIDI_02594	SA20160203_GIPDFLML_00236	42.105	19	8	1	161	179	433	448	3.5	18.5
SA20160228_MPFEEIDI_02594	SA20160203_GIPDFLML_00230	54.545	11	5	0	210	220	75	85	5.3	17.7
SA20160228_MPFEEIDI_02594	SA20160203_GIPDFLML_00247	26.316	19	14	0	147	165	7	25	6.5	17.3
SA20160228_MPFEEIDI_02595	SA20160203_GIPDFLML_00242	100.000	722	0	0	1	722	1	722	0.0	1499
SA20160228_MPFEEIDI_02595	SA20160203_GIPDFLML_00239	34.483	29	19	0	290	318	35	63	1.1	21.6
SA20160228_MPFEEIDI_02595	SA20160203_GIPDFLML_00225	44.000	25	12	1	684	706	67	91	2.6	20.4
SA20160228_MPFEEIDI_02595	SA20160203_GIPDFLML_00243	53.846	13	6	0	402	414	86	98	4.3	19.6
SA20160228_MPFEEIDI_02595	SA20160203_GIPDFLML_00249	30.769	26	18	0	144	169	100	125	4.4	19.2
SA20160228_MPFEEIDI_02595	SA20160203_GIPDFLML_00241	30.000	40	24	1	216	255	354	389	4.6	19.6
SA20160228_MPFEEIDI_02595	SA20160203_GIPDFLML_00230	24.138	58	33	2	285	338	22	72	4.6	19.6
SA20160228_MPFEEIDI_02595	SA20160203_GIPDFLML_00229	38.889	18	11	0	133	150	1	18	8.7	18.9
SA20160228_MPFEEIDI_02595	SA20160203_GIPDFLML_00250	32.000	25	17	0	217	241	367	391	9.7	18.5
SA20160228_MPFEEIDI_02596	SA20160203_GIPDFLML_00241	100.000	576	0	0	1	576	1	576	0.0	1196
SA20160228_MPFEEIDI_02596	SA20160203_GIPDFLML_00242	30.000	40	24	1	354	389	216	255	3.7	19.6
SA20160228_MPFEEIDI_02596	SA20160203_GIPDFLML_00239	53.333	15	7	0	257	271	184	198	4.4	19.2
SA20160228_MPFEEIDI_02596	SA20160203_GIPDFLML_00229	30.952	42	26	1	245	283	37	78	5.3	18.9
SA20160228_MPFEEIDI_02597	SA20160203_GIPDFLML_00240	100.000	57	0	0	1	57	1	57	1.96e-40	117
SA20160228_MPFEEIDI_02597	SA20160203_GIPDFLML_00229	33.333	27	18	0	6	32	10	36	0.083	20.0
SA20160228_MPFEEIDI_02597	SA20160203_GIPDFLML_00234	42.857	14	8	0	8	21	241	254	0.46	18.1
SA20160228_MPFEEIDI_02597	SA20160203_GIPDFLML_00232	55.556	9	4	0	6	14	14	22	1.5	16.5
SA20160228_MPFEEIDI_02597	SA20160203_GIPDFLML_00233	31.250	16	11	0	29	44	201	216	1.9	16.5
SA20160228_MPFEEIDI_02597	SA20160203_GIPDFLML_00239	41.667	12	7	0	25	36	327	338	2.0	16.2
SA20160228_MPFEEIDI_02597	SA20160203_GIPDFLML_00242	62.500	8	3	0	27	34	646	653	3.8	15.4
SA20160228_MPFEEIDI_02597	SA20160203_GIPDFLML_00231	50.000	10	5	0	27	36	135	144	6.5	15.0
SA20160228_MPFEEIDI_02597	SA20160203_GIPDFLML_00243	36.842	19	9	1	37	55	201	216	8.3	14.6
SA20160228_MPFEEIDI_02598	SA20160203_GIPDFLML_00239	100.000	484	0	0	1	484	1	484	0.0	1001
SA20160228_MPFEEIDI_02598	SA20160203_GIPDFLML_00242	34.483	29	19	0	35	63	290	318	0.72	21.6
SA20160228_MPFEEIDI_02598	SA20160203_GIPDFLML_00230	28.571	35	25	0	247	281	300	334	2.2	20.0
SA20160228_MPFEEIDI_02598	SA20160203_GIPDFLML_00241	53.333	15	7	0	184	198	257	271	3.7	19.2
SA20160228_MPFEEIDI_02598	SA20160203_GIPDFLML_00226	66.667	9	3	0	42	50	195	203	8.4	18.1
SA20160228_MPFEEIDI_02598	SA20160203_GIPDFLML_00234	31.579	19	13	0	418	436	222	240	9.1	18.1
SA20160228_MPFEEIDI_02599	SA20160203_GIPDFLML_00238	100.000	108	0	0	1	108	1	108	5.90e-81	223
SA20160228_MPFEEIDI_02599	SA20160203_GIPDFLML_00236	40.000	25	15	0	9	33	121	145	0.20	20.8
SA20160228_MPFEEIDI_02601	SA20160203_GIPDFLML_00236	100.000	474	0	0	1	474	1	474	0.0	932
SA20160228_MPFEEIDI_02601	SA20160203_GIPDFLML_00238	40.000	25	15	0	121	145	9	33	0.86	20.8
SA20160228_MPFEEIDI_02601	SA20160203_GIPDFLML_00230	57.143	14	6	0	322	335	51	64	3.5	19.2
SA20160228_MPFEEIDI_02601	SA20160203_GIPDFLML_00229	46.667	15	8	0	440	454	59	73	3.5	19.2
SA20160228_MPFEEIDI_02601	SA20160203_GIPDFLML_00243	42.105	19	8	1	433	448	161	179	6.2	18.5
SA20160228_MPFEEIDI_02601	SA20160203_GIPDFLML_00226	71.429	7	2	0	389	395	40	46	8.2	18.1
SA20160228_MPFEEIDI_02603	SA20160203_GIPDFLML_00234	100.000	309	0	0	1	309	1	309	0.0	626
SA20160228_MPFEEIDI_02603	SA20160203_GIPDFLML_00240	42.857	14	8	0	241	254	8	21	2.5	18.1
SA20160228_MPFEEIDI_02603	SA20160203_GIPDFLML_00233	34.783	23	15	0	62	84	90	112	5.3	18.1
SA20160228_MPFEEIDI_02603	SA20160203_GIPDFLML_00239	31.579	19	13	0	222	240	418	436	5.8	18.1
SA20160228_MPFEEIDI_02604	SA20160203_GIPDFLML_00233	100.000	356	0	0	1	356	1	356	0.0	712
SA20160228_MPFEEIDI_02604	SA20160203_GIPDFLML_00225	40.000	35	18	2	13	45	155	188	0.67	21.2
SA20160228_MPFEEIDI_02604	SA20160203_GIPDFLML_00244	53.846	13	6	0	163	175	128	140	1.6	19.6
SA20160228_MPFEEIDI_02604	SA20160203_GIPDFLML_00229	30.000	20	14	0	323	342	247	266	2.7	19.2
SA20160228_MPFEEIDI_02604	SA20160203_GIPDFLML_00230	36.842	19	12	0	229	247	323	341	4.8	18.5
SA20160228_MPFEEIDI_02604	SA20160203_GIPDFLML_00234	34.783	23	15	0	90	112	62	84	6.0	18.1
SA20160228_MPFEEIDI_02604	SA20160203_GIPDFLML_00241	34.375	32	18	1	226	254	309	340	7.5	18.1
SA20160228_MPFEEIDI_02605	SA20160203_GIPDFLML_00232	100.000	247	0	0	1	247	1	247	6.42e-178	479
SA20160228_MPFEEIDI_02605	SA20160203_GIPDFLML_00227	63.636	11	4	0	187	197	8	18	4.9	17.3
SA20160228_MPFEEIDI_02605	SA20160203_GIPDFLML_00240	55.556	9	4	0	14	22	6	14	6.6	16.5
SA20160228_MPFEEIDI_02606	SA20160203_GIPDFLML_00231	100.000	181	0	0	1	181	1	181	7.90e-137	370
SA20160228_MPFEEIDI_02606	SA20160203_GIPDFLML_00225	27.083	48	17	2	59	106	207	236	0.16	21.9
SA20160228_MPFEEIDI_02606	SA20160203_GIPDFLML_00242	30.435	46	29	1	113	158	473	515	2.7	18.1
SA20160228_MPFEEIDI_02606	SA20160203_GIPDFLML_00233	66.667	9	3	0	120	128	272	280	7.6	16.9
SA20160228_MPFEEIDI_02607	SA20160203_GIPDFLML_00230	100.000	506	0	0	1	506	1	506	0.0	1042
SA20160228_MPFEEIDI_02607	SA20160203_GIPDFLML_00239	28.571	35	25	0	300	334	247	281	2.3	20.0
SA20160228_MPFEEIDI_02607	SA20160203_GIPDFLML_00244	31.250	32	21	1	473	503	64	95	2.8	19.6
SA20160228_MPFEEIDI_02607	SA20160203_GIPDFLML_00242	24.138	58	33	2	22	72	285	338	3.3	19.6
SA20160228_MPFEEIDI_02607	SA20160203_GIPDFLML_00236	57.143	14	6	0	51	64	322	335	3.6	19.6
SA20160228_MPFEEIDI_02607	SA20160203_GIPDFLML_00233	36.842	19	12	0	323	341	229	247	6.8	18.5
SA20160228_MPFEEIDI_02607	SA20160203_GIPDFLML_00249	33.333	15	10	0	287	301	65	79	7.9	18.1
SA20160228_MPFEEIDI_02608	SA20160203_GIPDFLML_00229	100.000	271	0	0	1	271	1	271	0.0	559
SA20160228_MPFEEIDI_02608	SA20160203_GIPDFLML_00240	33.333	27	18	0	10	36	6	32	0.39	20.0
SA20160228_MPFEEIDI_02608	SA20160203_GIPDFLML_00226	42.500	40	20	2	145	183	115	152	1.8	19.2
SA20160228_MPFEEIDI_02608	SA20160203_GIPDFLML_00233	30.000	20	14	0	247	266	323	342	2.0	19.2
SA20160228_MPFEEIDI_02608	SA20160203_GIPDFLML_00236	46.667	15	8	0	59	73	440	454	2.1	19.2
SA20160228_MPFEEIDI_02608	SA20160203_GIPDFLML_00241	30.952	42	26	1	37	78	245	283	2.5	18.9
SA20160228_MPFEEIDI_02608	SA20160203_GIPDFLML_00242	38.889	18	11	0	1	18	133	150	3.3	18.9
SA20160228_MPFEEIDI_02608	SA20160203_GIPDFLML_00230	56.250	16	7	0	243	258	350	365	7.5	17.3
SA20160228_MPFEEIDI_02609	SA20160203_GIPDFLML_00228	100.000	225	0	0	1	225	1	225	8.63e-166	447
SA20160228_MPFEEIDI_02609	SA20160203_GIPDFLML_00226	47.826	23	8	1	16	38	23	41	1.0	19.6
SA20160228_MPFEEIDI_02609	SA20160203_GIPDFLML_00227	41.176	17	10	0	20	36	2	18	3.6	17.7
SA20160228_MPFEEIDI_02609	SA20160203_GIPDFLML_00241	22.034	59	38	1	102	160	113	163	6.7	17.3
SA20160228_MPFEEIDI_02610	SA20160203_GIPDFLML_00227	100.000	93	0	0	1	93	1	93	8.32e-69	191
SA20160228_MPFEEIDI_02610	SA20160203_GIPDFLML_00228	41.176	17	10	0	2	18	20	36	1.5	17.7
SA20160228_MPFEEIDI_02610	SA20160203_GIPDFLML_00232	63.636	11	4	0	8	18	187	197	1.8	17.3
SA20160228_MPFEEIDI_02610	SA20160203_GIPDFLML_00226	39.130	23	8	1	74	90	146	168	2.1	17.3
SA20160228_MPFEEIDI_02610	SA20160203_GIPDFLML_00233	45.455	11	6	0	41	51	277	287	3.3	16.5
SA20160228_MPFEEIDI_02610	SA20160203_GIPDFLML_00242	33.333	33	20	1	57	87	268	300	6.6	15.8
SA20160228_MPFEEIDI_02610	SA20160203_GIPDFLML_00236	66.667	12	2	1	55	66	267	276	9.1	15.4
SA20160228_MPFEEIDI_02611	SA20160203_GIPDFLML_00226	100.000	245	0	0	1	245	1	245	2.09e-180	486
SA20160228_MPFEEIDI_02611	SA20160203_GIPDFLML_00228	47.826	23	8	1	23	41	16	38	1.1	19.6
SA20160228_MPFEEIDI_02611	SA20160203_GIPDFLML_00229	42.500	40	20	2	115	152	145	183	1.6	19.2
SA20160228_MPFEEIDI_02611	SA20160203_GIPDFLML_00239	66.667	9	3	0	195	203	42	50	4.2	18.1
SA20160228_MPFEEIDI_02611	SA20160203_GIPDFLML_00236	71.429	7	2	0	40	46	389	395	4.8	18.1
SA20160228_MPFEEIDI_02611	SA20160203_GIPDFLML_00227	39.130	23	8	1	146	168	74	90	5.5	17.3
SA20160228_MPFEEIDI_02612	SA20160203_GIPDFLML_00225	100.000	237	0	0	1	237	1	237	0.0	486
SA20160228_MPFEEIDI_02612	SA20160203_GIPDFLML_00231	27.083	48	17	2	207	236	59	106	0.21	21.9
SA20160228_MPFEEIDI_02612	SA20160203_GIPDFLML_00233	40.000	35	18	2	155	188	13	45	0.45	21.2
SA20160228_MPFEEIDI_02612	SA20160203_GIPDFLML_00242	44.000	25	12	1	67	91	684	706	0.86	20.4
SA20160228_MPFEEIDI_02612	SA20160203_GIPDFLML_00249	55.556	9	4	0	220	228	14	22	6.2	17.3
SA20160203_GIPDFLML_00225	SA20160203_GIPDFLML_00225	100.000	237	0	0	1	237	1	237	0.0	486
SA20160203_GIPDFLML_00225	SA20160203_GIPDFLML_00231	27.083	48	17	2	207	236	59	106	0.21	21.9
SA20160203_GIPDFLML_00225	SA20160203_GIPDFLML_00233	40.000	35	18	2	155	188	13	45	0.45	21.2
SA20160203_GIPDFLML_00225	SA20160203_GIPDFLML_00242	44.000	25	12	1	67	91	684	706	0.86	20.4
SA20160203_GIPDFLML_00225	SA20160203_GIPDFLML_00249	55.556	9	4	0	220	228	14	22	6.2	17.3
SA20160203_GIPDFLML_00226	SA20160203_GIPDFLML_00226	100.000	245	0	0	1	245	1	245	2.09e-180	486
SA20160203_GIPDFLML_00226	SA20160203_GIPDFLML_00228	47.826	23	8	1	23	41	16	38	1.1	19.6
SA20160203_GIPDFLML_00226	SA20160203_GIPDFLML_00229	42.500	40	20	2	115	152	145	183	1.6	19.2
SA20160203_GIPDFLML_00226	SA20160203_GIPDFLML_00239	66.667	9	3	0	195	203	42	50	4.2	18.1
SA20160203_GIPDFLML_00226	SA20160203_GIPDFLML_00236	71.429	7	2	0	40	46	389	395	4.8	18.1
SA20160203_GIPDFLML_00226	SA20160203_GIPDFLML_00227	39.130	23	8	1	146	168	74	90	5.5	17.3
SA20160203_GIPDFLML_00227	SA20160203_GIPDFLML_00227	100.000	93	0	0	1	93	1	93	8.32e-69	191
SA20160203_GIPDFLML_00227	SA20160203_GIPDFLML_00228	41.176	17	10	0	2	18	20	36	1.5	17.7
SA20160203_GIPDFLML_00227	SA20160203_GIPDFLML_00232	63.636	11	4	0	8	18	187	197	1.8	17.3
SA20160203_GIPDFLML_00227	SA20160203_GIPDFLML_00226	39.130	23	8	1	74	90	146	168	2.1	17.3
SA20160203_GIPDFLML_00227	SA20160203_GIPDFLML_00233	45.455	11	6	0	41	51	277	287	3.3	16.5
SA20160203_GIPDFLML_00227	SA20160203_GIPDFLML_00242	33.333	33	20	1	57	87	268	300	6.6	15.8
SA20160203_GIPDFLML_00227	SA20160203_GIPDFLML_00236	66.667	12	2	1	55	66	267	276	9.1	15.4
SA20160203_GIPDFLML_00228	SA20160203_GIPDFLML_00228	100.000	225	0	0	1	225	1	225	8.63e-166	447
SA20160203_GIPDFLML_00228	SA20160203_GIPDFLML_00226	47.826	23	8	1	16	38	23	41	1.0	19.6
SA20160203_GIPDFLML_00228	SA20160203_GIPDFLML_00227	41.176	17	10	0	20	36	2	18	3.6	17.7
SA20160203_GIPDFLML_00228	SA20160203_GIPDFLML_00241	22.034	59	38	1	102	160	113	163	6.7	17.3
SA20160203_GIPDFLML_00229	SA20160203_GIPDFLML_00229	100.000	271	0	0	1	271	1	271	0.0	559
SA20160203_GIPDFLML_00229	SA20160203_GIPDFLML_00240	33.333	27	18	0	10	36	6	32	0.39	20.0
SA20160203_GIPDFLML_00229	SA20160203_GIPDFLML_00226	42.500	40	20	2	145	183	115	152	1.8	19.2
SA20160203_GIPDFLML_00229	SA20160203_GIPDFLML_00233	30.000	20	14	0	247	266	323	342	2.0	19.2
SA20160203_GIPDFLML_00229	SA20160203_GIPDFLML_00236	46.667	15	8	0	59	73	440	454	2.1	19.2
SA20160203_GIPDFLML_00229	SA20160203_GIPDFLML_00241	30.952	42	26	1	37	78	245	283	2.5	18.9
SA20160203_GIPDFLML_00229	SA20160203_GIPDFLML_00242	38.889	18	11	0	1	18	133	150	3.3	18.9
SA20160203_GIPDFLML_00229	SA20160203_GIPDFLML_00230	56.250	16	7	0	243	258	350	365	7.5	17.3
SA20160203_GIPDFLML_00230	SA20160203_GIPDFLML_00230	100.000	506	0	0	1	506	1	506	0.0	1042
SA20160203_GIPDFLML_00230	SA20160203_GIPDFLML_00239	28.571	35	25	0	300	334	247	281	2.3	20.0
SA20160203_GIPDFLML_00230	SA20160203_GIPDFLML_00244	31.250	32	21	1	473	503	64	95	2.8	19.6
SA20160203_GIPDFLML_00230	SA20160203_GIPDFLML_00242	24.138	58	33	2	22	72	285	338	3.3	19.6
SA20160203_GIPDFLML_00230	SA20160203_GIPDFLML_00236	57.143	14	6	0	51	64	322	335	3.6	19.6
SA20160203_GIPDFLML_00230	SA20160203_GIPDFLML_00233	36.842	19	12	0	323	341	229	247	6.8	18.5
SA20160203_GIPDFLML_00230	SA20160203_GIPDFLML_00249	33.333	15	10	0	287	301	65	79	7.9	18.1
SA20160203_GIPDFLML_00231	SA20160203_GIPDFLML_00231	100.000	181	0	0	1	181	1	181	7.90e-137	370
SA20160203_GIPDFLML_00231	SA20160203_GIPDFLML_00225	27.083	48	17	2	59	106	207	236	0.16	21.9
SA20160203_GIPDFLML_00231	SA20160203_GIPDFLML_00242	30.435	46	29	1	113	158	473	515	2.7	18.1
SA20160203_GIPDFLML_00231	SA20160203_GIPDFLML_00233	66.667	9	3	0	120	128	272	280	7.6	16.9
SA20160203_GIPDFLML_00232	SA20160203_GIPDFLML_00232	100.000	247	0	0	1	247	1	247	6.42e-178	479
SA20160203_GIPDFLML_00232	SA20160203_GIPDFLML_00227	63.636	11	4	0	187	197	8	18	4.9	17.3
SA20160203_GIPDFLML_00232	SA20160203_GIPDFLML_00240	55.556	9	4	0	14	22	6	14	6.6	16.5
SA20160203_GIPDFLML_00233	SA20160203_GIPDFLML_00233	100.000	356	0	0	1	356	1	356	0.0	712
SA20160203_GIPDFLML_00233	SA20160203_GIPDFLML_00225	40.000	35	18	2	13	45	155	188	0.67	21.2
SA20160203_GIPDFLML_00233	SA20160203_GIPDFLML_00244	53.846	13	6	0	163	175	128	140	1.6	19.6
SA20160203_GIPDFLML_00233	SA20160203_GIPDFLML_00229	30.000	20	14	0	323	342	247	266	2.7	19.2
SA20160203_GIPDFLML_00233	SA20160203_GIPDFLML_00230	36.842	19	12	0	229	247	323	341	4.8	18.5
SA20160203_GIPDFLML_00233	SA20160203_GIPDFLML_00234	34.783	23	15	0	90	112	62	84	6.0	18.1
SA20160203_GIPDFLML_00234	SA20160203_GIPDFLML_00234	100.000	309	0	0	1	309	1	309	0.0	626
SA20160203_GIPDFLML_00234	SA20160203_GIPDFLML_00240	42.857	14	8	0	241	254	8	21	2.5	18.1
SA20160203_GIPDFLML_00234	SA20160203_GIPDFLML_00233	34.783	23	15	0	62	84	90	112	5.3	18.1
SA20160203_GIPDFLML_00234	SA20160203_GIPDFLML_00239	31.579	19	13	0	222	240	418	436	5.8	18.1
SA20160203_GIPDFLML_00236	SA20160203_GIPDFLML_00236	100.000	474	0	0	1	474	1	474	0.0	932
SA20160203_GIPDFLML_00236	SA20160203_GIPDFLML_00238	40.000	25	15	0	121	145	9	33	0.86	20.8
SA20160203_GIPDFLML_00236	SA20160203_GIPDFLML_00230	57.143	14	6	0	322	335	51	64	3.5	19.2
SA20160203_GIPDFLML_00236	SA20160203_GIPDFLML_00229	46.667	15	8	0	440	454	59	73	3.5	19.2
SA20160203_GIPDFLML_00236	SA20160203_GIPDFLML_00243	42.105	19	8	1	433	448	161	179	6.2	18.5
SA20160203_GIPDFLML_00236	SA20160203_GIPDFLML_00226	71.429	7	2	0	389	395	40	46	8.2	18.1
SA20160203_GIPDFLML_00238	SA20160203_GIPDFLML_00238	100.000	108	0	0	1	108	1	108	5.90e-81	223
SA20160203_GIPDFLML_00238	SA20160203_GIPDFLML_00236	40.000	25	15	0	9	33	121	145	0.20	20.8
SA20160203_GIPDFLML_00239	SA20160203_GIPDFLML_00239	100.000	484	0	0	1	484	1	484	0.0	1001
SA20160203_GIPDFLML_00239	SA20160203_GIPDFLML_00242	34.483	29	19	0	35	63	290	318	0.72	21.6
SA20160203_GIPDFLML_00239	SA20160203_GIPDFLML_00230	28.571	35	25	0	247	281	300	334	2.2	20.0
SA20160203_GIPDFLML_00239	SA20160203_GIPDFLML_00241	53.333	15	7	0	184	198	257	271	3.7	19.2
SA20160203_GIPDFLML_00239	SA20160203_GIPDFLML_00226	66.667	9	3	0	42	50	195	203	8.4	18.1
SA20160203_GIPDFLML_00239	SA20160203_GIPDFLML_00234	31.579	19	13	0	418	436	222	240	9.1	18.1
SA20160203_GIPDFLML_00240	SA20160203_GIPDFLML_00240	100.000	57	0	0	1	57	1	57	1.96e-40	117
SA20160203_GIPDFLML_00240	SA20160203_GIPDFLML_00229	33.333	27	18	0	6	32	10	36	0.083	20.0
SA20160203_GIPDFLML_00240	SA20160203_GIPDFLML_00234	42.857	14	8	0	8	21	241	254	0.46	18.1
SA20160203_GIPDFLML_00240	SA20160203_GIPDFLML_00232	55.556	9	4	0	6	14	14	22	1.5	16.5
SA20160203_GIPDFLML_00240	SA20160203_GIPDFLML_00233	31.250	16	11	0	29	44	201	216	1.9	16.5
SA20160203_GIPDFLML_00240	SA20160203_GIPDFLML_00239	41.667	12	7	0	25	36	327	338	2.0	16.2
SA20160203_GIPDFLML_00240	SA20160203_GIPDFLML_00242	62.500	8	3	0	27	34	646	653	3.8	15.4
SA20160203_GIPDFLML_00240	SA20160203_GIPDFLML_00231	50.000	10	5	0	27	36	135	144	6.5	15.0
SA20160203_GIPDFLML_00240	SA20160203_GIPDFLML_00243	36.842	19	9	1	37	55	201	216	8.3	14.6
SA20160203_GIPDFLML_00241	SA20160203_GIPDFLML_00241	100.000	576	0	0	1	576	1	576	0.0	1196
SA20160203_GIPDFLML_00241	SA20160203_GIPDFLML_00242	30.000	40	24	1	354	389	216	255	3.7	19.6
SA20160203_GIPDFLML_00241	SA20160203_GIPDFLML_00239	53.333	15	7	0	257	271	184	198	4.4	19.2
SA20160203_GIPDFLML_00242	SA20160203_GIPDFLML_00242	100.000	722	0	0	1	722	1	722	0.0	1499
SA20160203_GIPDFLML_00242	SA20160203_GIPDFLML_00239	34.483	29	19	0	290	318	35	63	1.1	21.6
SA20160203_GIPDFLML_00242	SA20160203_GIPDFLML_00225	44.000	25	12	1	684	706	67	91	2.6	20.4
SA20160203_GIPDFLML_00242	SA20160203_GIPDFLML_00243	53.846	13	6	0	402	414	86	98	4.3	19.6
SA20160203_GIPDFLML_00242	SA20160203_GIPDFLML_00249	30.769	26	18	0	144	169	100	125	4.4	19.2
SA20160203_GIPDFLML_00242	SA20160203_GIPDFLML_00241	30.000	40	24	1	216	255	354	389	4.6	19.6
SA20160203_GIPDFLML_00242	SA20160203_GIPDFLML_00230	24.138	58	33	2	285	338	22	72	4.6	19.6
SA20160203_GIPDFLML_00242	SA20160203_GIPDFLML_00229	38.889	18	11	0	133	150	1	18	8.7	18.9
SA20160203_GIPDFLML_00242	SA20160203_GIPDFLML_00250	32.000	25	17	0	217	241	367	391	9.7	18.5
SA20160203_GIPDFLML_00243	SA20160203_GIPDFLML_00243	100.000	232	0	0	1	232	1	232	1.70e-177	477
SA20160203_GIPDFLML_00243	SA20160203_GIPDFLML_00242	53.846	13	6	0	86	98	402	414	1.3	19.6
SA20160203_GIPDFLML_00243	SA20160203_GIPDFLML_00236	42.105	19	8	1	161	179	433	448	3.5	18.5
SA20160203_GIPDFLML_00243	SA20160203_GIPDFLML_00230	54.545	11	5	0	210	220	75	85	5.3	17.7
SA20160203_GIPDFLML_00243	SA20160203_GIPDFLML_00247	26.316	19	14	0	147	165	7	25	6.5	17.3
SA20160203_GIPDFLML_00244	SA20160203_GIPDFLML_00244	100.000	157	0	0	1	157	1	157	3.73e-115	313
SA20160203_GIPDFLML_00244	SA20160203_GIPDFLML_00250	44.444	18	10	0	86	103	143	160	0.27	21.2
SA20160203_GIPDFLML_00244	SA20160203_GIPDFLML_00233	53.846	13	6	0	128	140	163	175	0.61	20.0
SA20160203_GIPDFLML_00244	SA20160203_GIPDFLML_00230	31.250	32	21	1	64	95	473	503	0.75	19.6
SA20160203_GIPDFLML_00244	SA20160203_GIPDFLML_00247	62.500	8	3	0	44	51	218	225	6.9	16.5
SA20160203_GIPDFLML_00244	SA20160203_GIPDFLML_00239	32.143	28	18	1	71	97	7	34	7.0	16.5
SA20160203_GIPDFLML_00244	SA20160203_GIPDFLML_00229	66.667	9	3	0	64	72	14	22	9.6	16.2
SA20160203_GIPDFLML_00247	SA20160203_GIPDFLML_00247	100.000	265	0	0	1	265	1	265	0.0	537
SA20160203_GIPDFLML_00247	SA20160203_GIPDFLML_00230	23.077	39	26	2	98	134	193	229	6.2	17.7
SA20160203_GIPDFLML_00247	SA20160203_GIPDFLML_00243	26.316	19	14	0	7	25	147	165	7.7	17.3
SA20160203_GIPDFLML_00247	SA20160203_GIPDFLML_00241	27.778	18	13	0	226	243	338	355	8.1	17.3
SA20160203_GIPDFLML_00249	SA20160203_GIPDFLML_00249	100.000	139	0	0	1	139	1	139	8.48e-103	281
SA20160203_GIPDFLML_00249	SA20160203_GIPDFLML_00242	30.769	26	18	0	100	125	144	169	0.84	19.2
SA20160203_GIPDFLML_00249	SA20160203_GIPDFLML_00230	33.333	15	10	0	65	79	287	301	2.2	18.1
SA20160203_GIPDFLML_00249	SA20160203_GIPDFLML_00225	55.556	9	4	0	14	22	220	228	3.6	17.3
SA20160203_GIPDFLML_00250	SA20160203_GIPDFLML_00250	100.000	422	0	0	1	422	1	422	0.0	881
SA20160203_GIPDFLML_00250	SA20160203_GIPDFLML_00244	44.444	18	10	0	143	160	86	103	0.72	21.2
SA20160203_GIPDFLML_00250	SA20160203_GIPDFLML_00242	32.000	25	17	0	367	391	217	241	5.7	18.5
SA20160228_MPFEEIDI_02587	SA20160228_MPFEEIDI_02587	100.000	422	0	0	1	422	1	422	0.0	881
SA20160228_MPFEEIDI_02587	SA20160228_MPFEEIDI_02593	44.444	18	10	0	143	160	86	103	0.72	21.2
SA20160228_MPFEEIDI_02587	SA20160228_MPFEEIDI_02595	32.000	25	17	0	367	391	217	241	5.7	18.5
SA20160228_MPFEEIDI_02588	SA20160228_MPFEEIDI_02588	100.000	139	0	0	1	139	1	139	8.48e-103	281
SA20160228_MPFEEIDI_02588	SA20160228_MPFEEIDI_02595	30.769	26	18	0	100	125	144	169	0.84	19.2
SA20160228_MPFEEIDI_02588	SA20160228_MPFEEIDI_02607	33.333	15	10	0	65	79	287	301	2.2	18.1
SA20160228_MPFEEIDI_02588	SA20160228_MPFEEIDI_02612	55.556	9	4	0	14	22	220	228	3.6	17.3
SA20160228_MPFEEIDI_02590	SA20160228_MPFEEIDI_02590	100.000	265	0	0	1	265	1	265	0.0	537
SA20160228_MPFEEIDI_02590	SA20160228_MPFEEIDI_02607	23.077	39	26	2	98	134	193	229	6.2	17.7
SA20160228_MPFEEIDI_02590	SA20160228_MPFEEIDI_02594	26.316	19	14	0	7	25	147	165	7.7	17.3
SA20160228_MPFEEIDI_02590	SA20160228_MPFEEIDI_02596	27.778	18	13	0	226	243	338	355	8.1	17.3
SA20160228_MPFEEIDI_02593	SA20160228_MPFEEIDI_02593	100.000	157	0	0	1	157	1	157	3.73e-115	313
SA20160228_MPFEEIDI_02593	SA20160228_MPFEEIDI_02587	44.444	18	10	0	86	103	143	160	0.27	21.2
SA20160228_MPFEEIDI_02593	SA20160228_MPFEEIDI_02604	53.846	13	6	0	128	140	163	175	0.61	20.0
SA20160228_MPFEEIDI_02593	SA20160228_MPFEEIDI_02607	31.250	32	21	1	64	95	473	503	0.75	19.6
SA20160228_MPFEEIDI_02593	SA20160228_MPFEEIDI_02590	62.500	8	3	0	44	51	218	225	6.9	16.5
SA20160228_MPFEEIDI_02593	SA20160228_MPFEEIDI_02598	32.143	28	18	1	71	97	7	34	7.0	16.5
SA20160228_MPFEEIDI_02593	SA20160228_MPFEEIDI_02608	66.667	9	3	0	64	72	14	22	9.6	16.2
SA20160228_MPFEEIDI_02594	SA20160228_MPFEEIDI_02594	100.000	232	0	0	1	232	1	232	1.70e-177	477
SA20160228_MPFEEIDI_02594	SA20160228_MPFEEIDI_02595	53.846	13	6	0	86	98	402	414	1.3	19.6
SA20160228_MPFEEIDI_02594	SA20160228_MPFEEIDI_02601	42.105	19	8	1	161	179	433	448	3.5	18.5
SA20160228_MPFEEIDI_02594	SA20160228_MPFEEIDI_02607	54.545	11	5	0	210	220	75	85	5.3	17.7
SA20160228_MPFEEIDI_02594	SA20160228_MPFEEIDI_02590	26.316	19	14	0	147	165	7	25	6.5	17.3
SA20160228_MPFEEIDI_02595	SA20160228_MPFEEIDI_02595	100.000	722	0	0	1	722	1	722	0.0	1499
SA20160228_MPFEEIDI_02595	SA20160228_MPFEEIDI_02598	34.483	29	19	0	290	318	35	63	1.1	21.6
SA20160228_MPFEEIDI_02595	SA20160228_MPFEEIDI_02612	44.000	25	12	1	684	706	67	91	2.6	20.4
SA20160228_MPFEEIDI_02595	SA20160228_MPFEEIDI_02594	53.846	13	6	0	402	414	86	98	4.3	19.6
SA20160228_MPFEEIDI_02595	SA20160228_MPFEEIDI_02588	30.769	26	18	0	144	169	100	125	4.4	19.2
SA20160228_MPFEEIDI_02595	SA20160228_MPFEEIDI_02596	30.000	40	24	1	216	255	354	389	4.6	19.6
SA20160228_MPFEEIDI_02595	SA20160228_MPFEEIDI_02607	24.138	58	33	2	285	338	22	72	4.6	19.6
SA20160228_MPFEEIDI_02595	SA20160228_MPFEEIDI_02608	38.889	18	11	0	133	150	1	18	8.7	18.9
SA20160228_MPFEEIDI_02595	SA20160228_MPFEEIDI_02587	32.000	25	17	0	217	241	367	391	9.7	18.5
SA20160228_MPFEEIDI_02596	SA20160228_MPFEEIDI_02596	100.000	576	0	0	1	576	1	576	0.0	1196
SA20160228_MPFEEIDI_02596	SA20160228_MPFEEIDI_02595	30.000	40	24	1	354	389	216	255	3.7	19.6
SA20160228_MPFEEIDI_02596	SA20160228_MPFEEIDI_02598	53.333	15	7	0	257	271	184	198	4.4	19.2
SA20160228_MPFEEIDI_02597	SA20160228_MPFEEIDI_02597	100.000	57	0	0	1	57	1	57	1.96e-40	117
SA20160228_MPFEEIDI_02597	SA20160228_MPFEEIDI_02608	33.333	27	18	0	6	32	10	36	0.083	20.0
SA20160228_MPFEEIDI_02597	SA20160228_MPFEEIDI_02603	42.857	14	8	0	8	21	241	254	0.46	18.1
SA20160228_MPFEEIDI_02597	SA20160228_MPFEEIDI_02605	55.556	9	4	0	6	14	14	22	1.5	16.5
SA20160228_MPFEEIDI_02597	SA20160228_MPFEEIDI_02604	31.250	16	11	0	29	44	201	216	1.9	16.5
SA20160228_MPFEEIDI_02597	SA20160228_MPFEEIDI_02598	41.667	12	7	0	25	36	327	338	2.0	16.2
SA20160228_MPFEEIDI_02597	SA20160228_MPFEEIDI_02595	62.500	8	3	0	27	34	646	653	3.8	15.4
SA20160228_MPFEEIDI_02597	SA20160228_MPFEEIDI_02606	50.000	10	5	0	27	36	135	144	6.5	15.0
SA20160228_MPFEEIDI_02597	SA20160228_MPFEEIDI_02594	36.842	19	9	1	37	55	201	216	8.3	14.6
SA20160228_MPFEEIDI_02598	SA20160228_MPFEEIDI_02598	100.000	484	0	0	1	484	1	484	0.0	1001
SA20160228_MPFEEIDI_02598	SA20160228_MPFEEIDI_02595	34.483	29	19	0	35	63	290	318	0.72	21.6
SA20160228_MPFEEIDI_02598	SA20160228_MPFEEIDI_02607	28.571	35	25	0	247	281	300	334	2.2	20.0
SA20160228_MPFEEIDI_02598	SA20160228_MPFEEIDI_02596	53.333	15	7	0	184	198	257	271	3.7	19.2
SA20160228_MPFEEIDI_02598	SA20160228_MPFEEIDI_02611	66.667	9	3	0	42	50	195	203	8.4	18.1
SA20160228_MPFEEIDI_02598	SA20160228_MPFEEIDI_02603	31.579	19	13	0	418	436	222	240	9.1	18.1
SA20160228_MPFEEIDI_02599	SA20160228_MPFEEIDI_02599	100.000	108	0	0	1	108	1	108	5.90e-81	223
SA20160228_MPFEEIDI_02599	SA20160228_MPFEEIDI_02601	40.000	25	15	0	9	33	121	145	0.20	20.8
SA20160228_MPFEEIDI_02601	SA20160228_MPFEEIDI_02601	100.000	474	0	0	1	474	1	474	0.0	932
SA20160228_MPFEEIDI_02601	SA20160228_MPFEEIDI_02599	40.000	25	15	0	121	145	9	33	0.86	20.8
SA20160228_MPFEEIDI_02601	SA20160228_MPFEEIDI_02607	57.143	14	6	0	322	335	51	64	3.5	19.2
SA20160228_MPFEEIDI_02601	SA20160228_MPFEEIDI_02608	46.667	15	8	0	440	454	59	73	3.5	19.2
SA20160228_MPFEEIDI_02601	SA20160228_MPFEEIDI_02594	42.105	19	8	1	433	448	161	179	6.2	18.5
SA20160228_MPFEEIDI_02601	SA20160228_MPFEEIDI_02611	71.429	7	2	0	389	395	40	46	8.2	18.1
SA20160228_MPFEEIDI_02603	SA20160228_MPFEEIDI_02603	100.000	309	0	0	1	309	1	309	0.0	626
SA20160228_MPFEEIDI_02603	SA20160228_MPFEEIDI_02597	42.857	14	8	0	241	254	8	21	2.5	18.1
SA20160228_MPFEEIDI_02603	SA20160228_MPFEEIDI_02604	34.783	23	15	0	62	84	90	112	5.3	18.1
SA20160228_MPFEEIDI_02603	SA20160228_MPFEEIDI_02598	31.579	19	13	0	222	240	418	436	5.8	18.1
SA20160228_MPFEEIDI_02604	SA20160228_MPFEEIDI_02604	100.000	356	0	0	1	356	1	356	0.0	712
SA20160228_MPFEEIDI_02604	SA20160228_MPFEEIDI_02612	40.000	35	18	2	13	45	155	188	0.67	21.2
SA20160228_MPFEEIDI_02604	SA20160228_MPFEEIDI_02593	53.846	13	6	0	163	175	128	140	1.6	19.6
SA20160228_MPFEEIDI_02604	SA20160228_MPFEEIDI_02608	30.000	20	14	0	323	342	247	266	2.7	19.2
SA20160228_MPFEEIDI_02604	SA20160228_MPFEEIDI_02607	36.842	19	12	0	229	247	323	341	4.8	18.5
SA20160228_MPFEEIDI_02604	SA20160228_MPFEEIDI_02603	34.783	23	15	0	90	112	62	84	6.0	18.1
SA20160228_MPFEEIDI_02605	SA20160228_MPFEEIDI_02605	100.000	247	0	0	1	247	1	247	6.42e-178	479
SA20160228_MPFEEIDI_02605	SA20160228_MPFEEIDI_02610	63.636	11	4	0	187	197	8	18	4.9	17.3
SA20160228_MPFEEIDI_02605	SA20160228_MPFEEIDI_02597	55.556	9	4	0	14	22	6	14	6.6	16.5
SA20160228_MPFEEIDI_02606	SA20160228_MPFEEIDI_02606	100.000	181	0	0	1	181	1	181	7.90e-137	370
SA20160228_MPFEEIDI_02606	SA20160228_MPFEEIDI_02612	27.083	48	17	2	59	106	207	236	0.16	21.9
SA20160228_MPFEEIDI_02606	SA20160228_MPFEEIDI_02595	30.435	46	29	1	113	158	473	515	2.7	18.1
SA20160228_MPFEEIDI_02606	SA20160228_MPFEEIDI_02604	66.667	9	3	0	120	128	272	280	7.6	16.9
SA20160228_MPFEEIDI_02607	SA20160228_MPFEEIDI_02607	100.000	506	0	0	1	506	1	506	0.0	1042
SA20160228_MPFEEIDI_02607	SA20160228_MPFEEIDI_02598	28.571	35	25	0	300	334	247	281	2.3	20.0
SA20160228_MPFEEIDI_02607	SA20160228_MPFEEIDI_02593	31.250	32	21	1	473	503	64	95	2.8	19.6
SA20160228_MPFEEIDI_02607	SA20160228_MPFEEIDI_02595	24.138	58	33	2	22	72	285	338	3.3	19.6
SA20160228_MPFEEIDI_02607	SA20160228_MPFEEIDI_02601	57.143	14	6	0	51	64	322	335	3.6	19.6
SA20160228_MPFEEIDI_02607	SA20160228_MPFEEIDI_02604	36.842	19	12	0	323	341	229	247	6.8	18.5
SA20160228_MPFEEIDI_02607	SA20160228_MPFEEIDI_02588	33.333	15	10	0	287	301	65	79	7.9	18.1
SA20160228_MPFEEIDI_02608	SA20160228_MPFEEIDI_02608	100.000	271	0	0	1	271	1	271	0.0	559
SA20160228_MPFEEIDI_02608	SA20160228_MPFEEIDI_02597	33.333	27	18	0	10	36	6	32	0.39	20.0
SA20160228_MPFEEIDI_02608	SA20160228_MPFEEIDI_02611	42.500	40	20	2	145	183	115	152	1.8	19.2
SA20160228_MPFEEIDI_02608	SA20160228_MPFEEIDI_02604	30.000	20	14	0	247	266	323	342	2.0	19.2
SA20160228_MPFEEIDI_02608	SA20160228_MPFEEIDI_02601	46.667	15	8	0	59	73	440	454	2.1	19.2
SA20160228_MPFEEIDI_02608	SA20160228_MPFEEIDI_02596	30.952	42	26	1	37	78	245	283	2.5	18.9
SA20160228_MPFEEIDI_02608	SA20160228_MPFEEIDI_02595	38.889	18	11	0	1	18	133	150	3.3	18.9
SA20160228_MPFEEIDI_02608	SA20160228_MPFEEIDI_02607	56.250	16	7	0	243	258	350	365	7.5	17.3
SA20160228_MPFEEIDI_02609	SA20160228_MPFEEIDI_02609	100.000	225	0	0	1	225	1	225	8.63e-166	447
SA20160228_MPFEEIDI_02609	SA20160228_MPFEEIDI_02611	47.826	23	8	1	16	38	23	41	1.0	19.6
SA20160228_MPFEEIDI_02609	SA20160228_MPFEEIDI_02610	41.176	17	10	0	20	36	2	18	3.6	17.7
SA20160228_MPFEEIDI_02609	SA20160228_MPFEEIDI_02596	22.034	59	38	1	102	160	113	163	6.7	17.3
SA20160228_MPFEEIDI_02610	SA20160228_MPFEEIDI_02610	100.000	93	0	0	1	93	1	93	8.32e-69	191
SA20160228_MPFEEIDI_02610	SA20160228_MPFEEIDI_02609	41.176	17	10	0	2	18	20	36	1.5	17.7
SA20160228_MPFEEIDI_02610	SA20160228_MPFEEIDI_02605	63.636	11	4	0	8	18	187	197	1.8	17.3
SA20160228_MPFEEIDI_02610	SA20160228_MPFEEIDI_02611	39.130	23	8	1	74	90	146	168	2.1	17.3
SA20160228_MPFEEIDI_02610	SA20160228_MPFEEIDI_02604	45.455	11	6	0	41	51	277	287	3.3	16.5
SA20160228_MPFEEIDI_02610	SA20160228_MPFEEIDI_02595	33.333	33	20	1	57	87	268	300	6.6	15.8
SA20160228_MPFEEIDI_02610	SA20160228_MPFEEIDI_02601	66.667	12	2	1	55	66	267	276	9.1	15.4
SA20160228_MPFEEIDI_02611	SA20160228_MPFEEIDI_02611	100.000	245	0	0	1	245	1	245	2.09e-180	486
SA20160228_MPFEEIDI_02611	SA20160228_MPFEEIDI_02609	47.826	23	8	1	23	41	16	38	1.1	19.6
SA20160228_MPFEEIDI_02611	SA20160228_MPFEEIDI_02608	42.500	40	20	2	115	152	145	183	1.6	19.2
SA20160228_MPFEEIDI_02611	SA20160228_MPFEEIDI_02598	66.667	9	3	0	195	203	42	50	4.2	18.1
SA20160228_MPFEEIDI_02611	SA20160228_MPFEEIDI_02601	71.429	7	2	0	40	46	389	395	4.8	18.1
SA20160228_MPFEEIDI_02611	SA20160228_MPFEEIDI_02610	39.130	23	8	1	146	168	74	90	5.5	17.3
SA20160228_MPFEEIDI_02612	SA20160228_MPFEEIDI_02612	100.000	237	0	0	1	237	1	237	0.0	486
SA20160228_MPFEEIDI_02612	SA20160228_MPFEEIDI_02606	27.083	48	17	2	207	236	59	106	0.21	21.9
SA20160228_MPFEEIDI_02612	SA20160228_MPFEEIDI_02604	40.000	35	18	2	155	188	13	45	0.45	21.2
SA20160228_MPFEEIDI_02612	SA20160228_MPFEEIDI_02595	44.000	25	12	1	67	91	684	706	0.86	20.4
SA20160228_MPFEEIDI_02612	SA20160228_MPFEEIDI_02588	55.556	9	4	0	220	228	14	22	6.2	17.3
