SA20160190_KJBEGOPM_00293	SA20153983_GBAKOBEN_00213	27.119	59	32	2	62	118	27	76	0.016	25.4
SA20160190_KJBEGOPM_00293	SA20153983_GBAKOBEN_00222	20.619	97	48	4	21	110	152	226	0.20	22.3
SA20160190_KJBEGOPM_00293	SA20153983_GBAKOBEN_00233	26.415	53	35	2	83	132	43	94	1.7	19.2
SA20160190_KJBEGOPM_00295	SA20153983_GBAKOBEN_00233	54.545	11	5	0	167	177	196	206	4.6	18.1
SA20160190_KJBEGOPM_00295	SA20153983_GBAKOBEN_00218	23.077	39	26	2	98	134	193	229	6.0	17.7
SA20160190_KJBEGOPM_00295	SA20153983_GBAKOBEN_00229	27.778	18	13	0	226	243	338	355	7.4	17.3
SA20160190_KJBEGOPM_00295	SA20153983_GBAKOBEN_00231	26.316	19	14	0	7	25	147	165	7.6	17.3
SA20160190_KJBEGOPM_00298	SA20153983_GBAKOBEN_00232	90.230	174	0	1	1	157	1	174	1.56e-110	302
SA20160190_KJBEGOPM_00298	SA20153983_GBAKOBEN_00221	53.846	13	6	0	128	140	163	175	0.56	20.0
SA20160190_KJBEGOPM_00298	SA20153983_GBAKOBEN_00218	31.250	32	21	1	64	95	473	503	0.73	19.6
SA20160190_KJBEGOPM_00298	SA20153983_GBAKOBEN_00227	43.750	16	9	0	19	34	55	70	5.5	16.9
SA20160190_KJBEGOPM_00298	SA20153983_GBAKOBEN_00229	54.545	11	5	0	22	32	566	576	6.6	16.5
SA20160190_KJBEGOPM_00298	SA20153983_GBAKOBEN_00230	25.000	116	69	5	11	123	384	484	7.6	16.5
SA20160190_KJBEGOPM_00298	SA20153983_GBAKOBEN_00217	66.667	9	3	0	64	72	14	22	9.1	16.2
SA20160190_KJBEGOPM_00299	SA20153983_GBAKOBEN_00231	84.324	185	21	1	1	177	1	185	3.79e-109	307
SA20160190_KJBEGOPM_00299	SA20153983_GBAKOBEN_00229	30.556	36	25	0	251	286	123	158	0.72	20.8
SA20160190_KJBEGOPM_00299	SA20153983_GBAKOBEN_00230	35.000	20	13	0	79	98	395	414	2.2	19.2
SA20160190_KJBEGOPM_00299	SA20153983_GBAKOBEN_00233	38.095	21	13	0	239	259	114	134	2.8	18.9
SA20160190_KJBEGOPM_00300	SA20153983_GBAKOBEN_00230	98.476	722	11	0	1	722	1	722	0.0	1477
SA20160190_KJBEGOPM_00300	SA20153983_GBAKOBEN_00227	34.483	29	19	0	290	318	35	63	1.0	21.6
SA20160190_KJBEGOPM_00300	SA20153983_GBAKOBEN_00231	53.846	13	6	0	402	414	86	98	4.3	19.6
SA20160190_KJBEGOPM_00300	SA20153983_GBAKOBEN_00229	30.000	40	24	1	216	255	354	389	4.4	19.6
SA20160190_KJBEGOPM_00300	SA20153983_GBAKOBEN_00217	38.889	18	11	0	133	150	1	18	8.1	18.9
SA20160190_KJBEGOPM_00300	SA20153983_GBAKOBEN_00233	40.000	15	9	0	441	455	236	250	9.7	18.5
SA20160190_KJBEGOPM_00301	SA20153983_GBAKOBEN_00229	98.438	576	9	0	1	576	1	576	0.0	1178
SA20160190_KJBEGOPM_00301	SA20153983_GBAKOBEN_00230	32.500	40	23	1	354	389	216	255	0.65	21.9
SA20160190_KJBEGOPM_00301	SA20153983_GBAKOBEN_00217	30.952	42	26	1	245	283	37	78	2.9	19.6
SA20160190_KJBEGOPM_00301	SA20153983_GBAKOBEN_00227	53.333	15	7	0	257	271	184	198	4.1	19.2
SA20160190_KJBEGOPM_00302	SA20153983_GBAKOBEN_00228	100.000	57	0	0	1	57	1	57	1.54e-40	117
SA20160190_KJBEGOPM_00302	SA20153983_GBAKOBEN_00217	29.630	27	19	0	6	32	10	36	0.37	18.1
SA20160190_KJBEGOPM_00302	SA20153983_GBAKOBEN_00222	42.857	14	8	0	8	21	241	254	0.42	18.1
SA20160190_KJBEGOPM_00302	SA20153983_GBAKOBEN_00220	55.556	9	4	0	6	14	14	22	1.4	16.5
SA20160190_KJBEGOPM_00302	SA20153983_GBAKOBEN_00221	31.250	16	11	0	29	44	201	216	1.7	16.5
SA20160190_KJBEGOPM_00302	SA20153983_GBAKOBEN_00227	41.667	12	7	0	25	36	327	338	1.9	16.2
SA20160190_KJBEGOPM_00302	SA20153983_GBAKOBEN_00230	62.500	8	3	0	27	34	646	653	3.8	15.4
SA20160190_KJBEGOPM_00302	SA20153983_GBAKOBEN_00219	33.333	21	13	1	10	29	99	119	4.2	15.4
SA20160190_KJBEGOPM_00302	SA20153983_GBAKOBEN_00224	50.000	10	5	0	37	46	138	147	7.3	14.6
SA20160190_KJBEGOPM_00302	SA20153983_GBAKOBEN_00231	36.842	19	9	1	37	55	201	216	9.8	14.2
SA20160190_KJBEGOPM_00303	SA20153983_GBAKOBEN_00227	99.587	484	2	0	1	484	1	484	0.0	999
SA20160190_KJBEGOPM_00303	SA20153983_GBAKOBEN_00233	28.571	42	25	2	293	334	220	256	0.58	21.9
SA20160190_KJBEGOPM_00303	SA20153983_GBAKOBEN_00230	34.483	29	19	0	35	63	290	318	0.70	21.6
SA20160190_KJBEGOPM_00303	SA20153983_GBAKOBEN_00218	31.429	35	24	0	247	281	300	334	0.90	21.2
SA20160190_KJBEGOPM_00303	SA20153983_GBAKOBEN_00229	53.333	15	7	0	184	198	257	271	3.5	19.2
SA20160190_KJBEGOPM_00303	SA20153983_GBAKOBEN_00214	66.667	9	3	0	42	50	195	203	8.0	18.1
SA20160190_KJBEGOPM_00303	SA20153983_GBAKOBEN_00222	31.579	19	13	0	418	436	222	240	8.8	18.1
SA20160190_KJBEGOPM_00304	SA20153983_GBAKOBEN_00226	100.000	108	0	0	1	108	1	108	5.57e-81	223
SA20160190_KJBEGOPM_00304	SA20153983_GBAKOBEN_00233	26.923	26	19	0	24	49	131	156	3.1	16.9
SA20160190_KJBEGOPM_00305	SA20153983_GBAKOBEN_00224	35.484	31	12	2	100	125	14	41	3.0	17.7
SA20160190_KJBEGOPM_00305	SA20153983_GBAKOBEN_00213	40.909	22	8	1	70	91	128	144	8.9	16.2
SA20160190_KJBEGOPM_00307	SA20153983_GBAKOBEN_00224	99.578	474	2	0	1	474	1	474	0.0	928
SA20160190_KJBEGOPM_00307	SA20153983_GBAKOBEN_00226	40.000	25	15	0	121	145	9	33	0.81	20.8
SA20160190_KJBEGOPM_00307	SA20153983_GBAKOBEN_00218	57.143	14	6	0	322	335	51	64	3.1	19.6
SA20160190_KJBEGOPM_00307	SA20153983_GBAKOBEN_00217	46.667	15	8	0	440	454	59	73	3.4	19.2
SA20160190_KJBEGOPM_00307	SA20153983_GBAKOBEN_00231	42.105	19	8	1	433	448	161	179	6.3	18.5
SA20160190_KJBEGOPM_00307	SA20153983_GBAKOBEN_00214	71.429	7	2	0	389	395	40	46	7.7	18.1
SA20160190_KJBEGOPM_00307	SA20153983_GBAKOBEN_00220	20.833	24	19	0	186	209	112	135	10.0	17.7
SA20160190_KJBEGOPM_00309	SA20153983_GBAKOBEN_00232	100.000	7	0	0	1	7	1	7	1.6	17.7
SA20160190_KJBEGOPM_00309	SA20153983_GBAKOBEN_00221	50.000	10	5	0	69	78	24	33	2.1	17.3
SA20160190_KJBEGOPM_00309	SA20153983_GBAKOBEN_00230	28.571	35	22	1	17	48	252	286	2.3	17.3
SA20160190_KJBEGOPM_00309	SA20153983_GBAKOBEN_00227	31.250	16	11	0	74	89	180	195	3.5	16.5
SA20160190_KJBEGOPM_00309	SA20153983_GBAKOBEN_00217	24.000	25	19	0	69	93	115	139	3.9	16.5
SA20160190_KJBEGOPM_00310	SA20153983_GBAKOBEN_00224	41.379	29	17	0	296	324	295	323	0.93	20.8
SA20160190_KJBEGOPM_00311	SA20153983_GBAKOBEN_00222	29.730	37	26	0	131	167	209	245	0.38	22.7
SA20160190_KJBEGOPM_00311	SA20153983_GBAKOBEN_00230	32.500	40	23	1	303	338	648	687	1.3	21.2
SA20160190_KJBEGOPM_00311	SA20153983_GBAKOBEN_00219	42.857	21	11	1	352	372	48	67	6.1	18.5
SA20160190_KJBEGOPM_00311	SA20153983_GBAKOBEN_00217	58.333	12	5	0	331	342	32	43	6.2	18.9
SA20160190_KJBEGOPM_00311	SA20153983_GBAKOBEN_00229	38.462	26	12	1	71	92	159	184	7.3	18.5
SA20160190_KJBEGOPM_00311	SA20153983_GBAKOBEN_00232	40.000	35	13	2	290	324	9	35	8.5	18.1
SA20160190_KJBEGOPM_00312	SA20153983_GBAKOBEN_00230	28.846	52	33	1	30	81	478	525	0.080	21.9
SA20160190_KJBEGOPM_00312	SA20153983_GBAKOBEN_00227	34.615	26	16	1	92	116	211	236	1.6	18.1
SA20160190_KJBEGOPM_00313	SA20153983_GBAKOBEN_00229	35.714	28	15	1	45	69	139	166	0.69	19.6
SA20160190_KJBEGOPM_00314	SA20153983_GBAKOBEN_00233	26.136	88	54	3	5	86	123	205	0.29	20.4
SA20160190_KJBEGOPM_00314	SA20153983_GBAKOBEN_00230	45.455	11	6	0	86	96	590	600	2.6	17.7
SA20160190_KJBEGOPM_00314	SA20153983_GBAKOBEN_00216	41.176	17	10	0	37	53	209	225	3.1	17.3
SA20160190_KJBEGOPM_00314	SA20153983_GBAKOBEN_00219	29.032	31	17	1	61	91	35	60	5.2	16.5
SA20160190_KJBEGOPM_00314	SA20153983_GBAKOBEN_00220	32.000	25	17	0	10	34	27	51	5.8	16.5
SA20160190_KJBEGOPM_00315	SA20153983_GBAKOBEN_00216	50.000	10	5	0	44	53	4	13	0.70	17.7
SA20160190_KJBEGOPM_00315	SA20153983_GBAKOBEN_00214	100.000	4	0	0	36	39	53	56	1.1	16.9
SA20160190_KJBEGOPM_00315	SA20153983_GBAKOBEN_00230	33.333	18	10	1	41	56	576	593	2.6	16.2
SA20160190_KJBEGOPM_00315	SA20153983_GBAKOBEN_00226	23.333	30	18	1	9	38	81	105	5.3	15.0
SA20160190_KJBEGOPM_00315	SA20153983_GBAKOBEN_00218	66.667	6	2	0	52	57	280	285	7.3	15.0
SA20160190_KJBEGOPM_00316	SA20153983_GBAKOBEN_00222	99.676	309	1	0	1	309	1	309	0.0	624
SA20160190_KJBEGOPM_00316	SA20153983_GBAKOBEN_00228	42.857	14	8	0	241	254	8	21	2.2	18.1
SA20160190_KJBEGOPM_00316	SA20153983_GBAKOBEN_00221	34.783	23	15	0	62	84	90	112	4.7	18.1
SA20160190_KJBEGOPM_00316	SA20153983_GBAKOBEN_00227	31.579	19	13	0	222	240	418	436	5.4	18.1
SA20160190_KJBEGOPM_00317	SA20153983_GBAKOBEN_00221	99.713	349	1	0	1	349	1	349	0.0	696
SA20160190_KJBEGOPM_00317	SA20153983_GBAKOBEN_00213	40.000	35	18	2	13	45	155	188	0.53	21.2
SA20160190_KJBEGOPM_00317	SA20153983_GBAKOBEN_00232	53.846	13	6	0	163	175	145	157	1.2	20.0
SA20160190_KJBEGOPM_00317	SA20153983_GBAKOBEN_00233	58.333	12	5	0	127	138	225	236	1.3	20.0
SA20160190_KJBEGOPM_00317	SA20153983_GBAKOBEN_00217	30.000	20	14	0	323	342	247	266	2.5	19.2
SA20160190_KJBEGOPM_00317	SA20153983_GBAKOBEN_00218	31.034	29	20	0	233	261	301	329	3.1	18.9
SA20160190_KJBEGOPM_00317	SA20153983_GBAKOBEN_00222	34.783	23	15	0	90	112	62	84	5.3	18.1
SA20160190_KJBEGOPM_00317	SA20153983_GBAKOBEN_00229	39.130	23	11	1	226	245	309	331	7.8	17.7
SA20160190_KJBEGOPM_00318	SA20153983_GBAKOBEN_00220	100.000	247	0	0	1	247	1	247	6.07e-178	479
SA20160190_KJBEGOPM_00318	SA20153983_GBAKOBEN_00215	63.636	11	4	0	187	197	8	18	4.7	17.3
SA20160190_KJBEGOPM_00318	SA20153983_GBAKOBEN_00228	55.556	9	4	0	14	22	6	14	6.2	16.5
SA20160190_KJBEGOPM_00318	SA20153983_GBAKOBEN_00235	53.846	13	6	0	165	177	64	76	6.3	16.9
SA20153983_GBAKOBEN_00213	SA20153983_GBAKOBEN_00213	100.000	237	0	0	1	237	1	237	1.69e-180	485
SA20153983_GBAKOBEN_00213	SA20153983_GBAKOBEN_00219	27.083	48	17	2	207	236	59	106	0.18	21.9
SA20153983_GBAKOBEN_00213	SA20153983_GBAKOBEN_00221	40.000	35	18	2	155	188	13	45	0.34	21.6
SA20153983_GBAKOBEN_00213	SA20153983_GBAKOBEN_00235	38.095	21	10	1	55	75	13	30	7.4	16.9
SA20153983_GBAKOBEN_00213	SA20153983_GBAKOBEN_00229	29.310	58	35	3	175	231	65	117	7.5	17.3
SA20153983_GBAKOBEN_00213	SA20153983_GBAKOBEN_00230	36.000	25	14	1	67	91	684	706	8.5	16.9
SA20153983_GBAKOBEN_00214	SA20153983_GBAKOBEN_00214	100.000	245	0	0	1	245	1	245	1.98e-180	486
SA20153983_GBAKOBEN_00214	SA20153983_GBAKOBEN_00217	42.500	40	20	2	115	152	145	183	1.5	19.2
SA20153983_GBAKOBEN_00214	SA20153983_GBAKOBEN_00216	47.826	23	8	1	23	41	16	38	1.7	19.2
SA20153983_GBAKOBEN_00214	SA20153983_GBAKOBEN_00227	66.667	9	3	0	195	203	42	50	4.0	18.1
SA20153983_GBAKOBEN_00214	SA20153983_GBAKOBEN_00224	71.429	7	2	0	40	46	389	395	4.4	18.1
SA20153983_GBAKOBEN_00214	SA20153983_GBAKOBEN_00215	39.130	23	8	1	146	168	74	90	5.2	17.3
SA20153983_GBAKOBEN_00215	SA20153983_GBAKOBEN_00215	100.000	93	0	0	1	93	1	93	7.85e-69	191
SA20153983_GBAKOBEN_00215	SA20153983_GBAKOBEN_00216	41.176	17	10	0	2	18	20	36	0.68	18.5
SA20153983_GBAKOBEN_00215	SA20153983_GBAKOBEN_00220	63.636	11	4	0	8	18	187	197	1.7	17.3
SA20153983_GBAKOBEN_00215	SA20153983_GBAKOBEN_00214	39.130	23	8	1	74	90	146	168	2.0	17.3
SA20153983_GBAKOBEN_00215	SA20153983_GBAKOBEN_00230	33.333	33	20	1	57	87	268	300	6.4	15.8
SA20153983_GBAKOBEN_00216	SA20153983_GBAKOBEN_00216	100.000	225	0	0	1	225	1	225	1.13e-165	447
SA20153983_GBAKOBEN_00216	SA20153983_GBAKOBEN_00214	47.826	23	8	1	16	38	23	41	1.5	19.2
SA20153983_GBAKOBEN_00216	SA20153983_GBAKOBEN_00215	41.176	17	10	0	20	36	2	18	1.7	18.5
SA20153983_GBAKOBEN_00216	SA20153983_GBAKOBEN_00229	22.034	59	38	1	102	160	113	163	6.1	17.3
SA20153983_GBAKOBEN_00217	SA20153983_GBAKOBEN_00217	100.000	271	0	0	1	271	1	271	0.0	559
SA20153983_GBAKOBEN_00217	SA20153983_GBAKOBEN_00214	42.500	40	20	2	145	183	115	152	1.7	19.2
SA20153983_GBAKOBEN_00217	SA20153983_GBAKOBEN_00228	29.630	27	19	0	10	36	6	32	1.7	18.1
SA20153983_GBAKOBEN_00217	SA20153983_GBAKOBEN_00224	46.667	15	8	0	59	73	440	454	1.9	19.2
SA20153983_GBAKOBEN_00217	SA20153983_GBAKOBEN_00221	30.000	20	14	0	247	266	323	342	1.9	19.2
SA20153983_GBAKOBEN_00217	SA20153983_GBAKOBEN_00229	30.952	42	26	1	37	78	245	283	2.4	18.9
SA20153983_GBAKOBEN_00217	SA20153983_GBAKOBEN_00230	38.889	18	11	0	1	18	133	150	3.0	18.9
SA20153983_GBAKOBEN_00217	SA20153983_GBAKOBEN_00218	56.250	16	7	0	243	258	350	365	7.2	17.3
SA20153983_GBAKOBEN_00218	SA20153983_GBAKOBEN_00218	100.000	506	0	0	1	506	1	506	0.0	1042
SA20153983_GBAKOBEN_00218	SA20153983_GBAKOBEN_00227	31.429	35	24	0	300	334	247	281	0.93	21.2
SA20153983_GBAKOBEN_00218	SA20153983_GBAKOBEN_00232	31.250	32	21	1	473	503	81	112	2.9	19.2
SA20153983_GBAKOBEN_00218	SA20153983_GBAKOBEN_00224	57.143	14	6	0	51	64	322	335	3.3	19.6
SA20153983_GBAKOBEN_00218	SA20153983_GBAKOBEN_00221	31.034	29	20	0	301	329	233	261	4.7	18.9
SA20153983_GBAKOBEN_00219	SA20153983_GBAKOBEN_00219	100.000	181	0	0	1	181	1	181	1.21e-136	370
SA20153983_GBAKOBEN_00219	SA20153983_GBAKOBEN_00213	27.083	48	17	2	59	106	207	236	0.13	21.9
SA20153983_GBAKOBEN_00219	SA20153983_GBAKOBEN_00230	30.435	46	29	1	113	158	473	515	2.6	18.1
SA20153983_GBAKOBEN_00220	SA20153983_GBAKOBEN_00220	100.000	247	0	0	1	247	1	247	6.07e-178	479
SA20153983_GBAKOBEN_00220	SA20153983_GBAKOBEN_00215	63.636	11	4	0	187	197	8	18	4.7	17.3
SA20153983_GBAKOBEN_00220	SA20153983_GBAKOBEN_00228	55.556	9	4	0	14	22	6	14	6.2	16.5
SA20153983_GBAKOBEN_00220	SA20153983_GBAKOBEN_00235	53.846	13	6	0	165	177	64	76	6.3	16.9
SA20153983_GBAKOBEN_00221	SA20153983_GBAKOBEN_00221	100.000	356	0	0	1	356	1	356	0.0	712
SA20153983_GBAKOBEN_00221	SA20153983_GBAKOBEN_00213	40.000	35	18	2	13	45	155	188	0.51	21.6
SA20153983_GBAKOBEN_00221	SA20153983_GBAKOBEN_00232	53.846	13	6	0	163	175	145	157	1.3	20.0
SA20153983_GBAKOBEN_00221	SA20153983_GBAKOBEN_00233	58.333	12	5	0	127	138	225	236	1.3	20.0
SA20153983_GBAKOBEN_00221	SA20153983_GBAKOBEN_00217	30.000	20	14	0	323	342	247	266	2.5	19.2
SA20153983_GBAKOBEN_00221	SA20153983_GBAKOBEN_00218	31.034	29	20	0	233	261	301	329	3.3	18.9
SA20153983_GBAKOBEN_00221	SA20153983_GBAKOBEN_00222	34.783	23	15	0	90	112	62	84	5.4	18.1
SA20153983_GBAKOBEN_00221	SA20153983_GBAKOBEN_00229	34.375	32	18	1	226	254	309	340	6.9	18.1
SA20153983_GBAKOBEN_00222	SA20153983_GBAKOBEN_00222	100.000	309	0	0	1	309	1	309	0.0	626
SA20153983_GBAKOBEN_00222	SA20153983_GBAKOBEN_00228	42.857	14	8	0	241	254	8	21	2.3	18.1
SA20153983_GBAKOBEN_00222	SA20153983_GBAKOBEN_00221	34.783	23	15	0	62	84	90	112	4.7	18.1
SA20153983_GBAKOBEN_00222	SA20153983_GBAKOBEN_00227	31.579	19	13	0	222	240	418	436	5.6	18.1
SA20153983_GBAKOBEN_00224	SA20153983_GBAKOBEN_00224	100.000	474	0	0	1	474	1	474	0.0	932
SA20153983_GBAKOBEN_00224	SA20153983_GBAKOBEN_00218	57.143	14	6	0	322	335	51	64	3.0	19.6
SA20153983_GBAKOBEN_00224	SA20153983_GBAKOBEN_00217	46.667	15	8	0	440	454	59	73	3.2	19.2
SA20153983_GBAKOBEN_00224	SA20153983_GBAKOBEN_00231	42.105	19	8	1	433	448	161	179	6.4	18.5
SA20153983_GBAKOBEN_00224	SA20153983_GBAKOBEN_00214	71.429	7	2	0	389	395	40	46	7.7	18.1
SA20153983_GBAKOBEN_00226	SA20153983_GBAKOBEN_00226	100.000	108	0	0	1	108	1	108	5.57e-81	223
SA20153983_GBAKOBEN_00226	SA20153983_GBAKOBEN_00233	26.923	26	19	0	24	49	131	156	3.1	16.9
SA20153983_GBAKOBEN_00227	SA20153983_GBAKOBEN_00227	100.000	484	0	0	1	484	1	484	0.0	1001
SA20153983_GBAKOBEN_00227	SA20153983_GBAKOBEN_00233	28.571	42	25	2	293	334	220	256	0.57	21.9
SA20153983_GBAKOBEN_00227	SA20153983_GBAKOBEN_00230	34.483	29	19	0	35	63	290	318	0.69	21.6
SA20153983_GBAKOBEN_00227	SA20153983_GBAKOBEN_00218	31.429	35	24	0	247	281	300	334	0.89	21.2
SA20153983_GBAKOBEN_00227	SA20153983_GBAKOBEN_00229	53.333	15	7	0	184	198	257	271	3.5	19.2
SA20153983_GBAKOBEN_00227	SA20153983_GBAKOBEN_00214	66.667	9	3	0	42	50	195	203	7.9	18.1
SA20153983_GBAKOBEN_00227	SA20153983_GBAKOBEN_00222	31.579	19	13	0	418	436	222	240	8.7	18.1
SA20153983_GBAKOBEN_00228	SA20153983_GBAKOBEN_00228	100.000	57	0	0	1	57	1	57	1.54e-40	117
SA20153983_GBAKOBEN_00228	SA20153983_GBAKOBEN_00217	29.630	27	19	0	6	32	10	36	0.37	18.1
SA20153983_GBAKOBEN_00228	SA20153983_GBAKOBEN_00222	42.857	14	8	0	8	21	241	254	0.42	18.1
SA20153983_GBAKOBEN_00228	SA20153983_GBAKOBEN_00220	55.556	9	4	0	6	14	14	22	1.4	16.5
SA20153983_GBAKOBEN_00228	SA20153983_GBAKOBEN_00221	31.250	16	11	0	29	44	201	216	1.7	16.5
SA20153983_GBAKOBEN_00228	SA20153983_GBAKOBEN_00227	41.667	12	7	0	25	36	327	338	1.9	16.2
SA20153983_GBAKOBEN_00228	SA20153983_GBAKOBEN_00230	62.500	8	3	0	27	34	646	653	3.8	15.4
SA20153983_GBAKOBEN_00228	SA20153983_GBAKOBEN_00219	33.333	21	13	1	10	29	99	119	4.2	15.4
SA20153983_GBAKOBEN_00228	SA20153983_GBAKOBEN_00224	50.000	10	5	0	37	46	138	147	7.3	14.6
SA20153983_GBAKOBEN_00228	SA20153983_GBAKOBEN_00231	36.842	19	9	1	37	55	201	216	9.8	14.2
SA20153983_GBAKOBEN_00229	SA20153983_GBAKOBEN_00229	100.000	576	0	0	1	576	1	576	0.0	1196
SA20153983_GBAKOBEN_00229	SA20153983_GBAKOBEN_00230	32.500	40	23	1	354	389	216	255	0.73	21.9
SA20153983_GBAKOBEN_00229	SA20153983_GBAKOBEN_00227	53.333	15	7	0	257	271	184	198	4.2	19.2
SA20153983_GBAKOBEN_00230	SA20153983_GBAKOBEN_00230	100.000	722	0	0	1	722	1	722	0.0	1500
SA20153983_GBAKOBEN_00230	SA20153983_GBAKOBEN_00229	32.500	40	23	1	216	255	354	389	0.91	21.9
SA20153983_GBAKOBEN_00230	SA20153983_GBAKOBEN_00227	34.483	29	19	0	290	318	35	63	1.0	21.6
SA20153983_GBAKOBEN_00230	SA20153983_GBAKOBEN_00231	53.846	13	6	0	402	414	86	98	4.3	19.6
SA20153983_GBAKOBEN_00230	SA20153983_GBAKOBEN_00217	38.889	18	11	0	133	150	1	18	7.9	18.9
SA20153983_GBAKOBEN_00230	SA20153983_GBAKOBEN_00233	40.000	15	9	0	441	455	236	250	9.6	18.5
SA20153983_GBAKOBEN_00231	SA20153983_GBAKOBEN_00231	100.000	232	0	0	1	232	1	232	6.30e-178	478
SA20153983_GBAKOBEN_00231	SA20153983_GBAKOBEN_00230	53.846	13	6	0	86	98	402	414	1.3	19.6
SA20153983_GBAKOBEN_00231	SA20153983_GBAKOBEN_00224	42.105	19	8	1	161	179	433	448	3.4	18.1
SA20153983_GBAKOBEN_00231	SA20153983_GBAKOBEN_00218	54.545	11	5	0	210	220	75	85	4.9	17.7
SA20153983_GBAKOBEN_00232	SA20153983_GBAKOBEN_00232	100.000	174	0	0	1	174	1	174	1.74e-127	346
SA20153983_GBAKOBEN_00232	SA20153983_GBAKOBEN_00221	53.846	13	6	0	145	157	163	175	0.52	20.4
SA20153983_GBAKOBEN_00232	SA20153983_GBAKOBEN_00218	31.250	32	21	1	81	112	473	503	0.92	19.6
SA20153983_GBAKOBEN_00232	SA20153983_GBAKOBEN_00230	23.077	52	40	0	11	62	384	435	4.5	17.3
SA20153983_GBAKOBEN_00232	SA20153983_GBAKOBEN_00227	34.783	23	15	0	53	75	405	427	6.9	16.9
SA20153983_GBAKOBEN_00232	SA20153983_GBAKOBEN_00229	37.500	24	15	0	32	55	553	576	8.0	16.5
SA20153983_GBAKOBEN_00233	SA20153983_GBAKOBEN_00233	100.000	291	0	0	1	291	1	291	0.0	602
SA20153983_GBAKOBEN_00233	SA20153983_GBAKOBEN_00227	28.571	42	25	2	220	256	293	334	0.34	21.9
SA20153983_GBAKOBEN_00233	SA20153983_GBAKOBEN_00221	58.333	12	5	0	225	236	127	138	1.1	20.0
SA20153983_GBAKOBEN_00233	SA20153983_GBAKOBEN_00230	40.000	15	9	0	236	250	441	455	3.9	18.5
SA20153983_GBAKOBEN_00233	SA20153983_GBAKOBEN_00224	43.750	16	9	0	231	246	327	342	7.6	17.3
SA20153983_GBAKOBEN_00233	SA20153983_GBAKOBEN_00226	26.923	26	19	0	131	156	24	49	8.3	16.9
SA20153983_GBAKOBEN_00234	SA20153983_GBAKOBEN_00234	100.000	72	0	0	1	72	1	72	8.75e-51	144
SA20153983_GBAKOBEN_00234	SA20153983_GBAKOBEN_00218	30.769	26	17	1	37	62	364	388	6.3	15.4
SA20153983_GBAKOBEN_00234	SA20153983_GBAKOBEN_00220	46.154	13	7	0	15	27	215	227	7.3	15.0
SA20153983_GBAKOBEN_00235	SA20153983_GBAKOBEN_00235	100.000	96	0	0	1	96	1	96	4.02e-72	200
SA20153983_GBAKOBEN_00235	SA20153983_GBAKOBEN_00220	53.846	13	6	0	64	76	165	177	2.6	16.9
SA20153983_GBAKOBEN_00235	SA20153983_GBAKOBEN_00213	38.095	21	10	1	13	30	55	75	3.0	16.9
SA20153983_GBAKOBEN_00235	SA20153983_GBAKOBEN_00230	75.000	8	2	0	56	63	57	64	5.0	16.2
SA20153983_GBAKOBEN_00235	SA20153983_GBAKOBEN_00218	70.000	10	2	1	22	31	28	36	5.9	16.2
SA20153983_GBAKOBEN_00235	SA20153983_GBAKOBEN_00233	21.569	51	40	0	38	88	1	51	7.0	15.8
SA20160190_KJBEGOPM_00293	SA20160190_KJBEGOPM_00293	100.000	272	0	0	1	272	1	272	0.0	565
SA20160190_KJBEGOPM_00293	SA20160190_KJBEGOPM_00316	20.619	97	48	4	21	110	152	226	0.21	22.3
SA20160190_KJBEGOPM_00295	SA20160190_KJBEGOPM_00295	100.000	265	0	0	1	265	1	265	0.0	538
SA20160190_KJBEGOPM_00295	SA20160190_KJBEGOPM_00301	27.778	18	13	0	226	243	338	355	5.4	17.7
SA20160190_KJBEGOPM_00295	SA20160190_KJBEGOPM_00311	27.273	33	22	1	105	137	458	488	6.7	17.7
SA20160190_KJBEGOPM_00298	SA20160190_KJBEGOPM_00298	100.000	157	0	0	1	157	1	157	3.86e-115	313
SA20160190_KJBEGOPM_00298	SA20160190_KJBEGOPM_00317	53.846	13	6	0	128	140	163	175	0.57	20.0
SA20160190_KJBEGOPM_00298	SA20160190_KJBEGOPM_00309	100.000	7	0	0	1	7	1	7	2.5	17.7
SA20160190_KJBEGOPM_00298	SA20160190_KJBEGOPM_00303	32.143	28	18	1	71	97	7	34	3.5	17.7
SA20160190_KJBEGOPM_00298	SA20160190_KJBEGOPM_00295	62.500	8	3	0	44	51	218	225	6.7	16.5
SA20160190_KJBEGOPM_00298	SA20160190_KJBEGOPM_00300	25.000	116	69	5	11	123	384	484	9.9	16.2
SA20160190_KJBEGOPM_00299	SA20160190_KJBEGOPM_00299	100.000	290	0	0	1	290	1	290	0.0	590
SA20160190_KJBEGOPM_00299	SA20160190_KJBEGOPM_00301	30.556	36	25	0	251	286	123	158	0.75	20.8
SA20160190_KJBEGOPM_00299	SA20160190_KJBEGOPM_00300	35.000	20	13	0	79	98	395	414	2.3	19.2
SA20160190_KJBEGOPM_00299	SA20160190_KJBEGOPM_00312	87.500	8	1	0	139	146	93	100	5.9	17.3
SA20160190_KJBEGOPM_00300	SA20160190_KJBEGOPM_00300	100.000	722	0	0	1	722	1	722	0.0	1501
SA20160190_KJBEGOPM_00300	SA20160190_KJBEGOPM_00312	28.846	52	33	1	478	525	30	81	0.48	21.9
SA20160190_KJBEGOPM_00300	SA20160190_KJBEGOPM_00303	34.483	29	19	0	290	318	35	63	1.0	21.6
SA20160190_KJBEGOPM_00300	SA20160190_KJBEGOPM_00311	32.500	40	23	1	648	687	303	338	1.5	21.2
SA20160190_KJBEGOPM_00300	SA20160190_KJBEGOPM_00301	30.000	40	24	1	216	255	354	389	4.1	19.6
SA20160190_KJBEGOPM_00300	SA20160190_KJBEGOPM_00299	35.000	20	13	0	395	414	79	98	6.1	19.2
SA20160190_KJBEGOPM_00301	SA20160190_KJBEGOPM_00301	100.000	576	0	0	1	576	1	576	0.0	1195
SA20160190_KJBEGOPM_00301	SA20160190_KJBEGOPM_00299	30.556	36	25	0	123	158	251	286	1.4	20.8
SA20160190_KJBEGOPM_00301	SA20160190_KJBEGOPM_00300	30.000	40	24	1	354	389	216	255	3.3	19.6
SA20160190_KJBEGOPM_00301	SA20160190_KJBEGOPM_00303	53.333	15	7	0	257	271	184	198	4.1	19.2
SA20160190_KJBEGOPM_00301	SA20160190_KJBEGOPM_00313	32.143	28	16	1	139	166	45	69	6.3	18.5
SA20160190_KJBEGOPM_00302	SA20160190_KJBEGOPM_00302	100.000	57	0	0	1	57	1	57	1.54e-40	117
SA20160190_KJBEGOPM_00302	SA20160190_KJBEGOPM_00316	42.857	14	8	0	8	21	241	254	0.40	18.1
SA20160190_KJBEGOPM_00302	SA20160190_KJBEGOPM_00318	55.556	9	4	0	6	14	14	22	1.4	16.5
SA20160190_KJBEGOPM_00302	SA20160190_KJBEGOPM_00317	31.250	16	11	0	29	44	201	216	1.8	16.2
SA20160190_KJBEGOPM_00302	SA20160190_KJBEGOPM_00303	41.667	12	7	0	25	36	327	338	1.9	16.2
SA20160190_KJBEGOPM_00302	SA20160190_KJBEGOPM_00300	62.500	8	3	0	27	34	646	653	3.8	15.4
SA20160190_KJBEGOPM_00303	SA20160190_KJBEGOPM_00303	100.000	484	0	0	1	484	1	484	0.0	1001
SA20160190_KJBEGOPM_00303	SA20160190_KJBEGOPM_00300	34.483	29	19	0	35	63	290	318	0.70	21.6
SA20160190_KJBEGOPM_00303	SA20160190_KJBEGOPM_00301	53.333	15	7	0	184	198	257	271	3.4	19.2
SA20160190_KJBEGOPM_00303	SA20160190_KJBEGOPM_00312	34.615	26	16	1	211	236	92	116	4.5	18.5
SA20160190_KJBEGOPM_00303	SA20160190_KJBEGOPM_00316	31.579	19	13	0	418	436	222	240	8.6	18.1
SA20160190_KJBEGOPM_00303	SA20160190_KJBEGOPM_00298	32.143	28	18	1	7	34	71	97	9.0	17.7
SA20160190_KJBEGOPM_00304	SA20160190_KJBEGOPM_00304	100.000	108	0	0	1	108	1	108	5.57e-81	223
SA20160190_KJBEGOPM_00304	SA20160190_KJBEGOPM_00307	40.000	25	15	0	9	33	121	145	0.19	20.8
SA20160190_KJBEGOPM_00304	SA20160190_KJBEGOPM_00315	23.333	30	18	1	81	105	9	38	9.4	15.0
SA20160190_KJBEGOPM_00304	SA20160190_KJBEGOPM_00311	22.857	35	26	1	29	62	368	402	10.0	15.4
SA20160190_KJBEGOPM_00305	SA20160190_KJBEGOPM_00305	100.000	154	0	0	1	154	1	154	1.92e-115	314
SA20160190_KJBEGOPM_00305	SA20160190_KJBEGOPM_00307	35.484	31	12	2	100	125	14	41	3.1	17.7
SA20160190_KJBEGOPM_00305	SA20160190_KJBEGOPM_00311	40.000	10	6	0	107	116	2	11	7.7	16.5
SA20160190_KJBEGOPM_00307	SA20160190_KJBEGOPM_00307	100.000	474	0	0	1	474	1	474	0.0	932
SA20160190_KJBEGOPM_00307	SA20160190_KJBEGOPM_00304	40.000	25	15	0	121	145	9	33	0.82	20.8
SA20160190_KJBEGOPM_00307	SA20160190_KJBEGOPM_00310	41.379	29	17	0	295	323	296	324	1.2	20.8
SA20160190_KJBEGOPM_00307	SA20160190_KJBEGOPM_00311	29.167	72	41	4	149	212	259	328	3.1	19.6
SA20160190_KJBEGOPM_00309	SA20160190_KJBEGOPM_00309	100.000	100	0	0	1	100	1	100	3.16e-74	206
SA20160190_KJBEGOPM_00309	SA20160190_KJBEGOPM_00315	56.250	48	21	0	1	48	1	48	2.89e-16	58.2
SA20160190_KJBEGOPM_00309	SA20160190_KJBEGOPM_00311	50.000	16	4	1	81	92	261	276	0.93	18.5
SA20160190_KJBEGOPM_00309	SA20160190_KJBEGOPM_00298	100.000	7	0	0	1	7	1	7	1.6	17.7
SA20160190_KJBEGOPM_00309	SA20160190_KJBEGOPM_00317	50.000	10	5	0	69	78	24	33	2.1	17.3
SA20160190_KJBEGOPM_00309	SA20160190_KJBEGOPM_00300	28.571	35	22	1	17	48	252	286	2.3	17.3
SA20160190_KJBEGOPM_00309	SA20160190_KJBEGOPM_00303	31.250	16	11	0	74	89	180	195	3.5	16.5
SA20160190_KJBEGOPM_00310	SA20160190_KJBEGOPM_00310	100.000	349	0	0	1	349	1	349	0.0	680
SA20160190_KJBEGOPM_00310	SA20160190_KJBEGOPM_00307	41.379	29	17	0	296	324	295	323	0.98	20.8
SA20160190_KJBEGOPM_00310	SA20160190_KJBEGOPM_00311	23.077	26	20	0	122	147	99	124	9.3	17.7
SA20160190_KJBEGOPM_00311	SA20160190_KJBEGOPM_00311	100.000	586	0	0	1	586	1	586	0.0	1189
SA20160190_KJBEGOPM_00311	SA20160190_KJBEGOPM_00313	32.500	40	27	0	11	50	3	42	0.17	23.5
SA20160190_KJBEGOPM_00311	SA20160190_KJBEGOPM_00316	29.730	37	26	0	131	167	209	245	0.38	22.7
SA20160190_KJBEGOPM_00311	SA20160190_KJBEGOPM_00300	32.500	40	23	1	303	338	648	687	1.2	21.2
SA20160190_KJBEGOPM_00311	SA20160190_KJBEGOPM_00309	50.000	16	4	1	261	276	81	92	5.4	18.5
SA20160190_KJBEGOPM_00312	SA20160190_KJBEGOPM_00312	100.000	120	0	0	1	120	1	120	5.68e-90	247
SA20160190_KJBEGOPM_00312	SA20160190_KJBEGOPM_00300	28.846	52	33	1	30	81	478	525	0.080	21.9
SA20160190_KJBEGOPM_00312	SA20160190_KJBEGOPM_00303	34.615	26	16	1	92	116	211	236	1.1	18.5
SA20160190_KJBEGOPM_00312	SA20160190_KJBEGOPM_00315	40.000	15	9	0	84	98	40	54	2.7	16.5
SA20160190_KJBEGOPM_00313	SA20160190_KJBEGOPM_00313	100.000	158	0	0	1	158	1	158	1.73e-120	327
SA20160190_KJBEGOPM_00313	SA20160190_KJBEGOPM_00311	32.500	40	27	0	3	42	11	50	0.045	23.5
SA20160190_KJBEGOPM_00313	SA20160190_KJBEGOPM_00301	32.143	28	16	1	45	69	139	166	1.7	18.5
SA20160190_KJBEGOPM_00314	SA20160190_KJBEGOPM_00314	100.000	124	0	0	1	124	1	124	1.59e-94	259
SA20160190_KJBEGOPM_00314	SA20160190_KJBEGOPM_00300	45.455	11	6	0	86	96	590	600	2.6	17.7
SA20160190_KJBEGOPM_00314	SA20160190_KJBEGOPM_00318	32.000	25	17	0	10	34	27	51	5.8	16.5
SA20160190_KJBEGOPM_00314	SA20160190_KJBEGOPM_00310	50.000	10	5	0	78	87	97	106	7.8	16.2
SA20160190_KJBEGOPM_00315	SA20160190_KJBEGOPM_00315	100.000	61	0	0	1	61	1	61	1.05e-44	128
SA20160190_KJBEGOPM_00315	SA20160190_KJBEGOPM_00309	56.250	48	21	0	1	48	1	48	1.76e-16	58.2
SA20160190_KJBEGOPM_00315	SA20160190_KJBEGOPM_00312	40.000	15	9	0	40	54	84	98	1.4	16.5
SA20160190_KJBEGOPM_00315	SA20160190_KJBEGOPM_00311	35.714	14	9	0	21	34	323	336	2.2	16.2
SA20160190_KJBEGOPM_00315	SA20160190_KJBEGOPM_00300	33.333	18	10	1	41	56	576	593	2.7	16.2
SA20160190_KJBEGOPM_00315	SA20160190_KJBEGOPM_00305	45.455	11	6	0	19	29	18	28	4.9	15.4
SA20160190_KJBEGOPM_00315	SA20160190_KJBEGOPM_00304	23.333	30	18	1	9	38	81	105	5.3	15.0
SA20160190_KJBEGOPM_00316	SA20160190_KJBEGOPM_00316	100.000	309	0	0	1	309	1	309	0.0	626
SA20160190_KJBEGOPM_00316	SA20160190_KJBEGOPM_00311	29.730	37	26	0	209	245	131	167	0.20	22.7
SA20160190_KJBEGOPM_00316	SA20160190_KJBEGOPM_00293	20.619	97	48	4	152	226	21	110	0.23	22.3
SA20160190_KJBEGOPM_00316	SA20160190_KJBEGOPM_00302	42.857	14	8	0	241	254	8	21	2.2	18.1
SA20160190_KJBEGOPM_00316	SA20160190_KJBEGOPM_00317	34.783	23	15	0	62	84	90	112	4.9	18.1
SA20160190_KJBEGOPM_00316	SA20160190_KJBEGOPM_00303	31.579	19	13	0	222	240	418	436	5.5	18.1
SA20160190_KJBEGOPM_00317	SA20160190_KJBEGOPM_00317	100.000	349	0	0	1	349	1	349	0.0	698
SA20160190_KJBEGOPM_00317	SA20160190_KJBEGOPM_00298	53.846	13	6	0	163	175	128	140	1.5	19.6
SA20160190_KJBEGOPM_00317	SA20160190_KJBEGOPM_00316	34.783	23	15	0	90	112	62	84	5.5	18.1
SA20160190_KJBEGOPM_00317	SA20160190_KJBEGOPM_00301	39.130	23	11	1	226	245	309	331	7.0	18.1
SA20160190_KJBEGOPM_00317	SA20160190_KJBEGOPM_00309	50.000	10	5	0	24	33	69	78	7.2	17.3
SA20160190_KJBEGOPM_00317	SA20160190_KJBEGOPM_00311	52.632	19	9	0	150	168	210	228	9.0	17.7
SA20160190_KJBEGOPM_00318	SA20160190_KJBEGOPM_00318	100.000	247	0	0	1	247	1	247	6.07e-178	479
SA20160190_KJBEGOPM_00318	SA20160190_KJBEGOPM_00302	55.556	9	4	0	14	22	6	14	6.2	16.5
SA20160190_KJBEGOPM_00318	SA20160190_KJBEGOPM_00314	32.000	25	17	0	27	51	10	34	9.7	16.5
SA20160190_KJBEGOPM_00318	SA20160190_KJBEGOPM_00311	60.000	10	4	0	84	93	368	377	9.7	16.9
