SA20153983_GBAKOBEN_00743	SA20160323_HIEPLBCK_03177	99.703	337	1	0	1	337	1	337	0.0	670
SA20153983_GBAKOBEN_00743	SA20160323_HIEPLBCK_03175	38.462	26	13	1	164	186	65	90	2.2	19.2
SA20153983_GBAKOBEN_00743	SA20160323_HIEPLBCK_03163	40.000	25	11	1	236	256	324	348	3.2	18.9
SA20153983_GBAKOBEN_00743	SA20160323_HIEPLBCK_03167	37.209	43	23	3	131	170	21	62	3.7	18.5
SA20153983_GBAKOBEN_00743	SA20160323_HIEPLBCK_03172	43.478	23	6	1	279	301	178	193	4.3	18.5
SA20153983_GBAKOBEN_00743	SA20160323_HIEPLBCK_03159	70.000	10	3	0	286	295	16	25	5.2	18.5
SA20153983_GBAKOBEN_00743	SA20160323_HIEPLBCK_03174	38.095	21	12	1	15	35	105	124	7.9	17.7
SA20153983_GBAKOBEN_00744	SA20160323_HIEPLBCK_03176	98.466	326	5	0	1	326	1	326	0.0	657
SA20153983_GBAKOBEN_00744	SA20160323_HIEPLBCK_03166	25.000	80	56	2	139	217	33	109	0.27	22.3
SA20153983_GBAKOBEN_00744	SA20160323_HIEPLBCK_03161	35.294	17	11	0	45	61	332	348	1.5	20.0
SA20153983_GBAKOBEN_00744	SA20160323_HIEPLBCK_03171	36.000	25	16	0	121	145	168	192	5.2	18.1
SA20153983_GBAKOBEN_00744	SA20160323_HIEPLBCK_03164	25.000	68	43	4	79	145	67	127	7.7	17.7
SA20153983_GBAKOBEN_00744	SA20160323_HIEPLBCK_03162	33.333	21	14	0	50	70	409	429	7.8	17.7
SA20153983_GBAKOBEN_00745	SA20160323_HIEPLBCK_03175	97.207	179	5	0	1	179	1	179	5.38e-137	370
SA20153983_GBAKOBEN_00745	SA20160323_HIEPLBCK_03158	26.786	56	38	1	125	177	196	251	0.60	20.0
SA20153983_GBAKOBEN_00745	SA20160323_HIEPLBCK_03177	42.308	26	12	1	65	90	164	186	0.76	20.0
SA20153983_GBAKOBEN_00745	SA20160323_HIEPLBCK_03164	34.483	29	13	1	122	150	17	39	0.80	19.6
SA20153983_GBAKOBEN_00745	SA20160323_HIEPLBCK_03163	25.000	40	27	2	95	134	202	238	2.4	18.5
SA20153983_GBAKOBEN_00745	SA20160323_HIEPLBCK_03162	23.529	17	13	0	92	108	140	156	6.0	16.9
SA20153983_GBAKOBEN_00746	SA20160323_HIEPLBCK_03174	99.194	372	3	0	1	372	1	372	0.0	760
SA20153983_GBAKOBEN_00746	SA20160323_HIEPLBCK_03158	38.095	21	13	0	352	372	218	238	1.4	20.4
SA20153983_GBAKOBEN_00746	SA20160323_HIEPLBCK_03160	47.368	19	10	0	81	99	53	71	5.8	18.1
SA20153983_GBAKOBEN_00746	SA20160323_HIEPLBCK_03177	38.095	21	12	1	105	124	15	35	10.0	17.3
SA20153983_GBAKOBEN_00747	SA20160323_HIEPLBCK_03173	100.000	93	0	0	1	93	1	93	9.32e-68	189
SA20153983_GBAKOBEN_00747	SA20160323_HIEPLBCK_03160	33.333	21	14	0	63	83	152	172	4.8	16.2
SA20153983_GBAKOBEN_00747	SA20160323_HIEPLBCK_03174	41.667	12	7	0	45	56	165	176	8.5	15.4
SA20153983_GBAKOBEN_00748	SA20160323_HIEPLBCK_03172	100.000	437	0	0	1	437	1	437	0.0	859
SA20153983_GBAKOBEN_00748	SA20160323_HIEPLBCK_03166	30.357	56	29	2	74	119	239	294	0.25	22.7
SA20153983_GBAKOBEN_00748	SA20160323_HIEPLBCK_03167	30.986	71	37	5	149	215	42	104	0.77	20.8
SA20153983_GBAKOBEN_00748	SA20160323_HIEPLBCK_03164	23.469	98	56	3	330	419	93	179	1.4	20.4
SA20153983_GBAKOBEN_00748	SA20160323_HIEPLBCK_03162	20.000	40	32	0	84	123	343	382	3.8	19.2
SA20153983_GBAKOBEN_00748	SA20160323_HIEPLBCK_03177	43.478	23	6	1	178	193	279	301	4.7	18.9
SA20153983_GBAKOBEN_00748	SA20160323_HIEPLBCK_03171	40.000	25	12	1	332	356	102	123	5.0	18.5
SA20153983_GBAKOBEN_00748	SA20160323_HIEPLBCK_03158	29.167	24	17	0	318	341	77	100	5.1	18.9
SA20153983_GBAKOBEN_00749	SA20160323_HIEPLBCK_03171	99.627	268	1	0	1	268	1	268	0.0	553
SA20153983_GBAKOBEN_00749	SA20160323_HIEPLBCK_03168	21.667	60	42	2	153	207	189	248	0.90	20.4
SA20153983_GBAKOBEN_00749	SA20160323_HIEPLBCK_03162	29.630	27	19	0	129	155	315	341	2.3	18.9
SA20153983_GBAKOBEN_00749	SA20160323_HIEPLBCK_03172	40.000	25	12	1	102	123	332	356	3.2	18.5
SA20153983_GBAKOBEN_00749	SA20160323_HIEPLBCK_03161	26.667	30	14	1	144	165	311	340	3.4	18.5
SA20153983_GBAKOBEN_00749	SA20160323_HIEPLBCK_03176	36.000	25	16	0	168	192	121	145	4.5	18.1
SA20153983_GBAKOBEN_00749	SA20160323_HIEPLBCK_03170	37.037	54	31	3	68	120	61	112	4.5	17.7
SA20153983_GBAKOBEN_00749	SA20160323_HIEPLBCK_03169	55.556	9	4	0	65	73	74	82	6.0	17.7
SA20153983_GBAKOBEN_00750	SA20160323_HIEPLBCK_03170	100.000	145	0	0	1	145	1	145	8.95e-109	296
SA20153983_GBAKOBEN_00750	SA20160323_HIEPLBCK_03162	50.000	20	10	0	7	26	436	455	0.52	20.0
SA20153983_GBAKOBEN_00750	SA20160323_HIEPLBCK_03171	37.037	54	31	3	61	112	68	120	2.5	17.7
SA20153983_GBAKOBEN_00750	SA20160323_HIEPLBCK_03164	38.462	13	8	0	48	60	162	174	8.1	16.2
SA20153983_GBAKOBEN_00750	SA20160323_HIEPLBCK_03176	34.615	26	13	2	87	112	196	217	8.3	16.2
SA20153983_GBAKOBEN_00751	SA20160323_HIEPLBCK_03169	99.048	210	2	0	1	210	1	210	8.74e-157	423
SA20153983_GBAKOBEN_00751	SA20160323_HIEPLBCK_03166	32.432	37	24	1	44	79	62	98	0.016	25.4
SA20153983_GBAKOBEN_00751	SA20160323_HIEPLBCK_03171	55.556	9	4	0	74	82	65	73	4.4	17.7
SA20153983_GBAKOBEN_00751	SA20160323_HIEPLBCK_03161	63.636	11	4	0	3	13	50	60	5.7	17.3
SA20153983_GBAKOBEN_00751	SA20160323_HIEPLBCK_03162	50.000	12	6	0	113	124	2	13	5.8	17.3
SA20153983_GBAKOBEN_00751	SA20160323_HIEPLBCK_03163	31.915	47	24	3	152	190	190	236	8.3	16.9
SA20153983_GBAKOBEN_00752	SA20160323_HIEPLBCK_03168	99.240	263	2	0	1	263	1	263	0.0	541
SA20153983_GBAKOBEN_00752	SA20160323_HIEPLBCK_03171	21.667	60	42	2	189	248	153	207	0.92	20.0
SA20153983_GBAKOBEN_00752	SA20160323_HIEPLBCK_03167	45.455	11	6	0	32	42	56	66	2.0	18.9
SA20153983_GBAKOBEN_00752	SA20160323_HIEPLBCK_03160	63.636	11	4	0	238	248	116	126	2.6	18.9
SA20153983_GBAKOBEN_00752	SA20160323_HIEPLBCK_03157	28.261	46	20	2	64	109	4	36	4.2	17.7
SA20153983_GBAKOBEN_00752	SA20160323_HIEPLBCK_03162	33.333	21	14	0	35	55	442	462	6.0	17.7
SA20153983_GBAKOBEN_00752	SA20160323_HIEPLBCK_03158	53.846	13	6	0	97	109	93	105	6.6	17.7
SA20153983_GBAKOBEN_00753	SA20160323_HIEPLBCK_03167	96.552	145	5	0	1	145	1	145	3.72e-109	297
SA20153983_GBAKOBEN_00753	SA20160323_HIEPLBCK_03172	29.577	71	38	5	42	104	149	215	1.1	18.9
SA20153983_GBAKOBEN_00753	SA20160323_HIEPLBCK_03168	45.455	11	6	0	56	66	32	42	1.1	18.9
SA20153983_GBAKOBEN_00753	SA20160323_HIEPLBCK_03158	39.130	23	14	0	97	119	200	222	1.6	18.5
SA20153983_GBAKOBEN_00753	SA20160323_HIEPLBCK_03176	36.364	11	7	0	57	67	172	182	9.7	16.2
SA20153983_GBAKOBEN_00754	SA20160323_HIEPLBCK_03159	30.357	56	35	1	141	192	189	244	0.37	22.3
SA20153983_GBAKOBEN_00754	SA20160323_HIEPLBCK_03165	31.111	45	23	2	136	179	45	82	0.44	21.2
SA20153983_GBAKOBEN_00754	SA20160323_HIEPLBCK_03166	29.167	24	17	0	87	110	1	24	3.6	19.2
SA20153983_GBAKOBEN_00754	SA20160323_HIEPLBCK_03161	29.412	34	16	1	364	397	217	242	4.0	18.9
SA20153983_GBAKOBEN_00754	SA20160323_HIEPLBCK_03169	16.279	43	36	0	260	302	50	92	7.2	18.1
SA20153983_GBAKOBEN_00755	SA20160323_HIEPLBCK_03173	42.105	19	11	0	23	41	26	44	0.48	20.4
SA20153983_GBAKOBEN_00755	SA20160323_HIEPLBCK_03163	26.190	42	29	1	46	87	57	96	2.0	19.2
SA20153983_GBAKOBEN_00755	SA20160323_HIEPLBCK_03160	33.333	24	16	0	199	222	256	279	5.8	17.7
SA20153983_GBAKOBEN_00755	SA20160323_HIEPLBCK_03159	46.154	13	7	0	66	78	56	68	6.3	17.7
SA20153983_GBAKOBEN_00756	SA20160323_HIEPLBCK_03171	21.622	74	58	0	254	327	152	225	0.58	21.6
SA20153983_GBAKOBEN_00756	SA20160323_HIEPLBCK_03174	75.000	12	3	0	110	121	183	194	0.61	21.6
SA20153983_GBAKOBEN_00756	SA20160323_HIEPLBCK_03177	26.126	111	72	4	46	156	22	122	0.97	21.2
SA20153983_GBAKOBEN_00756	SA20160323_HIEPLBCK_03162	23.077	65	37	3	188	239	381	445	2.2	20.0
SA20153983_GBAKOBEN_00756	SA20160323_HIEPLBCK_03166	50.000	14	7	0	87	100	128	141	3.3	19.2
SA20153983_GBAKOBEN_00756	SA20160323_HIEPLBCK_03172	31.818	22	15	0	56	77	178	199	9.3	18.1
SA20153983_GBAKOBEN_00757	SA20160323_HIEPLBCK_03158	27.976	336	197	13	53	353	29	354	2.04e-15	66.6
SA20153983_GBAKOBEN_00757	SA20160323_HIEPLBCK_03162	32.692	52	28	2	279	325	437	486	0.76	21.2
SA20153983_GBAKOBEN_00757	SA20160323_HIEPLBCK_03161	30.000	30	21	0	35	64	191	220	3.5	18.9
SA20153983_GBAKOBEN_00757	SA20160323_HIEPLBCK_03164	24.194	62	42	2	191	247	119	180	6.7	18.1
SA20153983_GBAKOBEN_00757	SA20160323_HIEPLBCK_03166	34.483	29	19	0	215	243	177	205	8.2	17.7
SA20153983_GBAKOBEN_00758	SA20160323_HIEPLBCK_03175	26.389	72	43	3	133	201	57	121	0.17	21.9
SA20153983_GBAKOBEN_00758	SA20160323_HIEPLBCK_03163	45.455	11	6	0	27	37	428	438	3.6	18.5
SA20153983_GBAKOBEN_00758	SA20160323_HIEPLBCK_03160	33.333	21	14	0	107	127	243	263	6.1	17.3
SA20153983_GBAKOBEN_00758	SA20160323_HIEPLBCK_03168	31.034	29	20	0	172	200	94	122	6.3	17.3
SA20153983_GBAKOBEN_00759	SA20160323_HIEPLBCK_03164	97.340	188	5	0	1	188	1	188	4.51e-142	384
SA20153983_GBAKOBEN_00759	SA20160323_HIEPLBCK_03166	27.536	69	49	1	111	178	216	284	0.47	20.4
SA20153983_GBAKOBEN_00759	SA20160323_HIEPLBCK_03175	34.483	29	13	1	17	39	122	150	0.81	19.6
SA20153983_GBAKOBEN_00759	SA20160323_HIEPLBCK_03172	22.826	92	52	4	93	173	330	413	4.5	17.7
SA20153983_GBAKOBEN_00759	SA20160323_HIEPLBCK_03168	36.842	19	12	0	94	112	46	64	7.8	16.5
SA20153983_GBAKOBEN_00759	SA20160323_HIEPLBCK_03170	38.462	13	8	0	162	174	48	60	8.3	16.5
SA20153983_GBAKOBEN_00760	SA20160323_HIEPLBCK_03163	99.629	539	2	0	1	539	1	539	0.0	1120
SA20153983_GBAKOBEN_00760	SA20160323_HIEPLBCK_03158	38.889	36	19	2	388	420	184	219	3.3	19.6
SA20153983_GBAKOBEN_00760	SA20160323_HIEPLBCK_03159	33.333	45	26	1	324	364	44	88	4.8	19.2
SA20153983_GBAKOBEN_00761	SA20160323_HIEPLBCK_03162	99.801	502	1	0	1	502	1	502	0.0	1035
SA20153983_GBAKOBEN_00761	SA20160323_HIEPLBCK_03170	50.000	20	10	0	436	455	7	26	1.8	20.0
SA20153983_GBAKOBEN_00761	SA20160323_HIEPLBCK_03172	20.000	40	32	0	343	382	84	123	4.3	19.2
SA20153983_GBAKOBEN_00761	SA20160323_HIEPLBCK_03169	21.212	33	26	0	424	456	41	73	9.6	18.1
SA20153983_GBAKOBEN_00762	SA20160323_HIEPLBCK_03161	99.553	447	2	0	1	447	1	447	0.0	917
SA20153983_GBAKOBEN_00762	SA20160323_HIEPLBCK_03158	29.167	72	30	3	301	368	318	372	1.3	20.8
SA20153983_GBAKOBEN_00762	SA20160323_HIEPLBCK_03176	35.294	17	11	0	332	348	45	61	2.0	20.0
SA20153983_GBAKOBEN_00762	SA20160323_HIEPLBCK_03166	30.435	46	27	3	297	342	59	99	3.1	19.2
SA20153983_GBAKOBEN_00762	SA20160323_HIEPLBCK_03171	25.000	44	32	1	60	102	68	111	5.9	18.5
SA20153983_GBAKOBEN_00763	SA20160323_HIEPLBCK_03160	100.000	307	0	0	1	307	1	307	0.0	619
SA20153983_GBAKOBEN_00763	SA20160323_HIEPLBCK_03168	63.636	11	4	0	116	126	238	248	3.0	18.9
SA20153983_GBAKOBEN_00763	SA20160323_HIEPLBCK_03174	47.368	19	10	0	53	71	81	99	4.8	18.1
SA20160323_HIEPLBCK_03157	SA20160323_HIEPLBCK_03157	100.000	91	0	0	1	91	1	91	1.47e-65	183
SA20160323_HIEPLBCK_03157	SA20160323_HIEPLBCK_03162	52.174	23	7	2	28	46	151	173	0.69	18.5
SA20160323_HIEPLBCK_03157	SA20160323_HIEPLBCK_03168	28.261	46	20	2	4	36	64	109	1.3	17.7
SA20160323_HIEPLBCK_03158	SA20160323_HIEPLBCK_03158	100.000	372	0	0	1	372	1	372	0.0	759
SA20160323_HIEPLBCK_03158	SA20160323_HIEPLBCK_03161	29.167	72	30	3	318	372	301	368	1.2	20.4
SA20160323_HIEPLBCK_03158	SA20160323_HIEPLBCK_03175	26.786	56	38	1	196	251	125	177	1.2	20.0
SA20160323_HIEPLBCK_03158	SA20160323_HIEPLBCK_03174	38.095	21	13	0	218	238	352	372	1.3	20.4
SA20160323_HIEPLBCK_03158	SA20160323_HIEPLBCK_03163	38.889	36	19	2	184	219	388	420	1.8	20.0
SA20160323_HIEPLBCK_03158	SA20160323_HIEPLBCK_03177	30.000	40	26	1	50	87	12	51	2.5	19.6
SA20160323_HIEPLBCK_03158	SA20160323_HIEPLBCK_03167	39.130	23	14	0	200	222	97	119	2.9	18.9
SA20160323_HIEPLBCK_03158	SA20160323_HIEPLBCK_03159	45.455	11	6	0	54	64	155	165	4.0	18.9
SA20160323_HIEPLBCK_03158	SA20160323_HIEPLBCK_03172	29.167	24	17	0	77	100	318	341	4.3	18.9
SA20160323_HIEPLBCK_03158	SA20160323_HIEPLBCK_03168	53.846	13	6	0	93	105	97	109	9.2	17.7
SA20160323_HIEPLBCK_03159	SA20160323_HIEPLBCK_03159	100.000	541	0	0	1	541	1	541	0.0	1087
SA20160323_HIEPLBCK_03159	SA20160323_HIEPLBCK_03163	33.333	45	26	1	44	88	324	364	4.7	19.2
SA20160323_HIEPLBCK_03159	SA20160323_HIEPLBCK_03177	70.000	10	3	0	16	25	286	295	7.1	18.5
SA20160323_HIEPLBCK_03160	SA20160323_HIEPLBCK_03160	100.000	307	0	0	1	307	1	307	0.0	619
SA20160323_HIEPLBCK_03160	SA20160323_HIEPLBCK_03168	63.636	11	4	0	116	126	238	248	3.0	18.9
SA20160323_HIEPLBCK_03160	SA20160323_HIEPLBCK_03174	47.368	19	10	0	53	71	81	99	4.8	18.1
SA20160323_HIEPLBCK_03161	SA20160323_HIEPLBCK_03161	100.000	447	0	0	1	447	1	447	0.0	922
SA20160323_HIEPLBCK_03161	SA20160323_HIEPLBCK_03158	29.167	72	30	3	301	368	318	372	1.4	20.4
SA20160323_HIEPLBCK_03161	SA20160323_HIEPLBCK_03176	35.294	17	11	0	332	348	45	61	2.0	20.0
SA20160323_HIEPLBCK_03161	SA20160323_HIEPLBCK_03166	30.435	46	27	3	297	342	59	99	3.2	19.2
SA20160323_HIEPLBCK_03161	SA20160323_HIEPLBCK_03171	25.000	44	32	1	60	102	68	111	5.8	18.5
SA20160323_HIEPLBCK_03162	SA20160323_HIEPLBCK_03162	100.000	502	0	0	1	502	1	502	0.0	1037
SA20160323_HIEPLBCK_03162	SA20160323_HIEPLBCK_03170	50.000	20	10	0	436	455	7	26	1.8	20.0
SA20160323_HIEPLBCK_03162	SA20160323_HIEPLBCK_03172	20.000	40	32	0	343	382	84	123	4.2	19.2
SA20160323_HIEPLBCK_03162	SA20160323_HIEPLBCK_03169	21.212	33	26	0	424	456	41	73	9.6	18.1
SA20160323_HIEPLBCK_03163	SA20160323_HIEPLBCK_03163	100.000	539	0	0	1	539	1	539	0.0	1125
SA20160323_HIEPLBCK_03163	SA20160323_HIEPLBCK_03158	38.889	36	19	2	388	420	184	219	3.4	19.6
SA20160323_HIEPLBCK_03163	SA20160323_HIEPLBCK_03159	33.333	45	26	1	324	364	44	88	4.9	19.2
SA20160323_HIEPLBCK_03164	SA20160323_HIEPLBCK_03164	100.000	188	0	0	1	188	1	188	3.56e-145	392
SA20160323_HIEPLBCK_03164	SA20160323_HIEPLBCK_03166	27.536	69	49	1	111	178	216	284	0.37	20.8
SA20160323_HIEPLBCK_03164	SA20160323_HIEPLBCK_03175	34.483	29	13	1	17	39	122	150	0.82	19.6
SA20160323_HIEPLBCK_03164	SA20160323_HIEPLBCK_03172	23.913	92	51	4	93	173	330	413	3.1	18.1
SA20160323_HIEPLBCK_03164	SA20160323_HIEPLBCK_03171	23.750	80	41	2	14	83	38	107	7.9	16.5
SA20160323_HIEPLBCK_03165	SA20160323_HIEPLBCK_03165	100.000	92	0	0	1	92	1	92	1.69e-67	188
SA20160323_HIEPLBCK_03165	SA20160323_HIEPLBCK_03172	29.268	41	28	1	20	60	83	122	5.7	15.8
SA20160323_HIEPLBCK_03165	SA20160323_HIEPLBCK_03158	43.750	16	8	1	49	63	304	319	8.0	15.4
SA20160323_HIEPLBCK_03166	SA20160323_HIEPLBCK_03166	100.000	318	0	0	1	318	1	318	0.0	644
SA20160323_HIEPLBCK_03166	SA20160323_HIEPLBCK_03172	30.357	56	29	2	239	294	74	119	0.16	23.1
SA20160323_HIEPLBCK_03166	SA20160323_HIEPLBCK_03169	29.730	37	25	1	62	98	44	79	0.17	22.7
SA20160323_HIEPLBCK_03166	SA20160323_HIEPLBCK_03176	25.000	80	56	2	33	109	139	217	0.27	22.3
SA20160323_HIEPLBCK_03166	SA20160323_HIEPLBCK_03164	27.536	69	49	1	216	284	111	178	0.62	20.8
SA20160323_HIEPLBCK_03166	SA20160323_HIEPLBCK_03161	30.435	46	27	3	59	99	297	342	2.3	19.2
SA20160323_HIEPLBCK_03167	SA20160323_HIEPLBCK_03167	100.000	145	0	0	1	145	1	145	2.16e-112	306
SA20160323_HIEPLBCK_03167	SA20160323_HIEPLBCK_03172	30.986	71	37	5	42	104	149	215	0.26	20.8
SA20160323_HIEPLBCK_03167	SA20160323_HIEPLBCK_03168	45.455	11	6	0	56	66	32	42	1.1	18.9
SA20160323_HIEPLBCK_03167	SA20160323_HIEPLBCK_03158	39.130	23	14	0	97	119	200	222	1.1	18.9
SA20160323_HIEPLBCK_03167	SA20160323_HIEPLBCK_03177	37.209	43	23	3	21	62	131	170	1.9	18.1
SA20160323_HIEPLBCK_03167	SA20160323_HIEPLBCK_03176	36.364	11	7	0	57	67	172	182	9.7	16.2
SA20160323_HIEPLBCK_03168	SA20160323_HIEPLBCK_03168	100.000	263	0	0	1	263	1	263	0.0	546
SA20160323_HIEPLBCK_03168	SA20160323_HIEPLBCK_03171	21.667	60	42	2	189	248	153	207	0.96	20.0
SA20160323_HIEPLBCK_03168	SA20160323_HIEPLBCK_03167	45.455	11	6	0	32	42	56	66	1.9	18.9
SA20160323_HIEPLBCK_03168	SA20160323_HIEPLBCK_03160	63.636	11	4	0	238	248	116	126	2.6	18.9
SA20160323_HIEPLBCK_03168	SA20160323_HIEPLBCK_03157	28.261	46	20	2	64	109	4	36	3.7	17.7
SA20160323_HIEPLBCK_03168	SA20160323_HIEPLBCK_03162	35.000	20	13	0	36	55	443	462	6.3	17.7
SA20160323_HIEPLBCK_03168	SA20160323_HIEPLBCK_03158	53.846	13	6	0	97	109	93	105	6.6	17.7
SA20160323_HIEPLBCK_03169	SA20160323_HIEPLBCK_03169	100.000	210	0	0	1	210	1	210	4.42e-158	426
SA20160323_HIEPLBCK_03169	SA20160323_HIEPLBCK_03166	29.730	37	25	1	44	79	62	98	0.081	23.1
SA20160323_HIEPLBCK_03169	SA20160323_HIEPLBCK_03162	21.212	33	26	0	41	73	424	456	4.3	17.7
SA20160323_HIEPLBCK_03169	SA20160323_HIEPLBCK_03171	55.556	9	4	0	74	82	65	73	4.5	17.7
SA20160323_HIEPLBCK_03169	SA20160323_HIEPLBCK_03161	63.636	11	4	0	3	13	50	60	5.8	17.3
SA20160323_HIEPLBCK_03170	SA20160323_HIEPLBCK_03170	100.000	145	0	0	1	145	1	145	8.95e-109	296
SA20160323_HIEPLBCK_03170	SA20160323_HIEPLBCK_03162	50.000	20	10	0	7	26	436	455	0.52	20.0
SA20160323_HIEPLBCK_03170	SA20160323_HIEPLBCK_03171	37.037	54	31	3	61	112	68	120	2.5	17.7
SA20160323_HIEPLBCK_03170	SA20160323_HIEPLBCK_03164	38.462	13	8	0	48	60	162	174	8.1	16.2
SA20160323_HIEPLBCK_03170	SA20160323_HIEPLBCK_03176	34.615	26	13	2	87	112	196	217	8.3	16.2
SA20160323_HIEPLBCK_03171	SA20160323_HIEPLBCK_03171	100.000	268	0	0	1	268	1	268	0.0	556
SA20160323_HIEPLBCK_03171	SA20160323_HIEPLBCK_03168	21.667	60	42	2	153	207	189	248	0.98	20.0
SA20160323_HIEPLBCK_03171	SA20160323_HIEPLBCK_03172	40.000	25	12	1	102	123	332	356	3.1	18.5
SA20160323_HIEPLBCK_03171	SA20160323_HIEPLBCK_03161	25.000	44	32	1	68	111	60	102	3.5	18.5
SA20160323_HIEPLBCK_03171	SA20160323_HIEPLBCK_03176	36.000	25	16	0	168	192	121	145	4.2	18.1
SA20160323_HIEPLBCK_03171	SA20160323_HIEPLBCK_03170	37.037	54	31	3	68	120	61	112	4.6	17.7
SA20160323_HIEPLBCK_03171	SA20160323_HIEPLBCK_03169	55.556	9	4	0	65	73	74	82	6.0	17.7
SA20160323_HIEPLBCK_03172	SA20160323_HIEPLBCK_03172	100.000	437	0	0	1	437	1	437	0.0	859
SA20160323_HIEPLBCK_03172	SA20160323_HIEPLBCK_03166	30.357	56	29	2	74	119	239	294	0.25	22.7
SA20160323_HIEPLBCK_03172	SA20160323_HIEPLBCK_03164	23.469	98	56	3	330	419	93	179	1.4	20.4
SA20160323_HIEPLBCK_03172	SA20160323_HIEPLBCK_03162	20.000	40	32	0	84	123	343	382	3.8	19.2
SA20160323_HIEPLBCK_03172	SA20160323_HIEPLBCK_03177	43.478	23	6	1	178	193	279	301	4.7	18.9
SA20160323_HIEPLBCK_03172	SA20160323_HIEPLBCK_03171	40.000	25	12	1	332	356	102	123	5.0	18.5
SA20160323_HIEPLBCK_03172	SA20160323_HIEPLBCK_03158	29.167	24	17	0	318	341	77	100	5.1	18.9
SA20160323_HIEPLBCK_03173	SA20160323_HIEPLBCK_03173	100.000	93	0	0	1	93	1	93	9.32e-68	189
SA20160323_HIEPLBCK_03173	SA20160323_HIEPLBCK_03160	33.333	21	14	0	63	83	152	172	4.8	16.2
SA20160323_HIEPLBCK_03173	SA20160323_HIEPLBCK_03174	41.667	12	7	0	45	56	165	176	8.5	15.4
SA20160323_HIEPLBCK_03174	SA20160323_HIEPLBCK_03174	100.000	372	0	0	1	372	1	372	0.0	764
SA20160323_HIEPLBCK_03174	SA20160323_HIEPLBCK_03158	38.095	21	13	0	352	372	218	238	1.4	20.4
SA20160323_HIEPLBCK_03174	SA20160323_HIEPLBCK_03160	47.368	19	10	0	81	99	53	71	5.8	18.1
SA20160323_HIEPLBCK_03175	SA20160323_HIEPLBCK_03175	100.000	179	0	0	1	179	1	179	6.89e-140	378
SA20160323_HIEPLBCK_03175	SA20160323_HIEPLBCK_03158	20.455	132	97	3	51	177	123	251	0.59	20.0
SA20160323_HIEPLBCK_03175	SA20160323_HIEPLBCK_03164	34.483	29	13	1	122	150	17	39	0.79	19.6
SA20160323_HIEPLBCK_03175	SA20160323_HIEPLBCK_03177	38.462	26	13	1	65	90	164	186	1.1	19.2
SA20160323_HIEPLBCK_03175	SA20160323_HIEPLBCK_03163	25.000	40	27	2	95	134	202	238	3.3	17.7
SA20160323_HIEPLBCK_03176	SA20160323_HIEPLBCK_03176	100.000	326	0	0	1	326	1	326	0.0	668
SA20160323_HIEPLBCK_03176	SA20160323_HIEPLBCK_03166	25.000	80	56	2	139	217	33	109	0.27	22.3
SA20160323_HIEPLBCK_03176	SA20160323_HIEPLBCK_03161	35.294	17	11	0	45	61	332	348	1.5	20.0
SA20160323_HIEPLBCK_03176	SA20160323_HIEPLBCK_03171	36.000	25	16	0	121	145	168	192	5.2	18.1
SA20160323_HIEPLBCK_03176	SA20160323_HIEPLBCK_03162	33.333	21	14	0	50	70	409	429	8.1	17.7
SA20160323_HIEPLBCK_03177	SA20160323_HIEPLBCK_03177	100.000	337	0	0	1	337	1	337	0.0	672
SA20160323_HIEPLBCK_03177	SA20160323_HIEPLBCK_03175	38.462	26	13	1	164	186	65	90	2.2	19.2
SA20160323_HIEPLBCK_03177	SA20160323_HIEPLBCK_03163	40.000	25	11	1	236	256	324	348	3.1	19.2
SA20160323_HIEPLBCK_03177	SA20160323_HIEPLBCK_03167	37.209	43	23	3	131	170	21	62	3.9	18.5
SA20160323_HIEPLBCK_03177	SA20160323_HIEPLBCK_03172	43.478	23	6	1	279	301	178	193	4.2	18.5
SA20160323_HIEPLBCK_03177	SA20160323_HIEPLBCK_03159	70.000	10	3	0	286	295	16	25	5.1	18.5
SA20160323_HIEPLBCK_03177	SA20160323_HIEPLBCK_03174	38.095	21	12	1	15	35	105	124	7.7	17.7
SA20153983_GBAKOBEN_00743	SA20153983_GBAKOBEN_00743	100.000	337	0	0	1	337	1	337	0.0	672
SA20153983_GBAKOBEN_00743	SA20153983_GBAKOBEN_00756	25.962	104	67	4	29	122	53	156	1.1	20.4
SA20153983_GBAKOBEN_00743	SA20153983_GBAKOBEN_00745	42.308	26	12	1	164	186	65	90	1.6	19.6
SA20153983_GBAKOBEN_00743	SA20153983_GBAKOBEN_00760	40.000	25	11	1	236	256	324	348	3.4	18.9
SA20153983_GBAKOBEN_00743	SA20153983_GBAKOBEN_00748	43.478	23	6	1	279	301	178	193	4.5	18.5
SA20153983_GBAKOBEN_00743	SA20153983_GBAKOBEN_00746	38.095	21	12	1	15	35	105	124	8.3	17.7
SA20153983_GBAKOBEN_00744	SA20153983_GBAKOBEN_00744	100.000	326	0	0	1	326	1	326	0.0	667
SA20153983_GBAKOBEN_00744	SA20153983_GBAKOBEN_00762	35.294	17	11	0	45	61	332	348	1.5	20.0
SA20153983_GBAKOBEN_00744	SA20153983_GBAKOBEN_00749	36.000	25	16	0	121	145	168	192	5.6	18.1
SA20153983_GBAKOBEN_00744	SA20153983_GBAKOBEN_00761	33.333	21	14	0	50	70	409	429	8.3	17.7
SA20153983_GBAKOBEN_00745	SA20153983_GBAKOBEN_00745	100.000	179	0	0	1	179	1	179	1.21e-139	377
SA20153983_GBAKOBEN_00745	SA20153983_GBAKOBEN_00743	42.308	26	12	1	65	90	164	186	0.78	20.0
SA20153983_GBAKOBEN_00745	SA20153983_GBAKOBEN_00758	23.611	72	45	3	57	121	133	201	0.89	19.6
SA20153983_GBAKOBEN_00745	SA20153983_GBAKOBEN_00759	43.750	16	9	0	135	150	24	39	1.0	19.2
SA20153983_GBAKOBEN_00745	SA20153983_GBAKOBEN_00760	25.000	40	27	2	95	134	202	238	2.5	18.5
SA20153983_GBAKOBEN_00745	SA20153983_GBAKOBEN_00761	23.529	17	13	0	92	108	140	156	6.2	16.9
SA20153983_GBAKOBEN_00746	SA20153983_GBAKOBEN_00746	100.000	372	0	0	1	372	1	372	0.0	764
SA20153983_GBAKOBEN_00746	SA20153983_GBAKOBEN_00756	75.000	12	3	0	183	194	110	121	0.52	21.6
SA20153983_GBAKOBEN_00746	SA20153983_GBAKOBEN_00763	47.368	19	10	0	81	99	53	71	6.1	18.1
SA20153983_GBAKOBEN_00747	SA20153983_GBAKOBEN_00747	100.000	93	0	0	1	93	1	93	9.80e-68	189
SA20153983_GBAKOBEN_00747	SA20153983_GBAKOBEN_00755	42.105	19	11	0	26	44	23	41	0.18	20.4
SA20153983_GBAKOBEN_00747	SA20153983_GBAKOBEN_00763	33.333	21	14	0	63	83	152	172	5.0	16.2
SA20153983_GBAKOBEN_00747	SA20153983_GBAKOBEN_00746	41.667	12	7	0	45	56	165	176	8.9	15.4
SA20153983_GBAKOBEN_00748	SA20153983_GBAKOBEN_00748	100.000	437	0	0	1	437	1	437	0.0	859
SA20153983_GBAKOBEN_00748	SA20153983_GBAKOBEN_00759	22.449	98	57	3	330	419	93	179	2.1	19.6
SA20153983_GBAKOBEN_00748	SA20153983_GBAKOBEN_00761	20.000	40	32	0	84	123	343	382	3.9	19.2
SA20153983_GBAKOBEN_00748	SA20153983_GBAKOBEN_00743	43.478	23	6	1	178	193	279	301	5.0	18.9
SA20153983_GBAKOBEN_00748	SA20153983_GBAKOBEN_00749	40.000	25	12	1	332	356	102	123	5.3	18.5
SA20153983_GBAKOBEN_00748	SA20153983_GBAKOBEN_00757	31.818	22	15	0	21	42	92	113	9.0	18.1
SA20153983_GBAKOBEN_00749	SA20153983_GBAKOBEN_00749	100.000	268	0	0	1	268	1	268	0.0	556
SA20153983_GBAKOBEN_00749	SA20153983_GBAKOBEN_00756	21.622	74	58	0	152	225	254	327	0.38	21.6
SA20153983_GBAKOBEN_00749	SA20153983_GBAKOBEN_00752	21.667	60	42	2	153	207	189	248	0.91	20.4
SA20153983_GBAKOBEN_00749	SA20153983_GBAKOBEN_00761	29.630	27	19	0	129	155	315	341	2.5	18.9
SA20153983_GBAKOBEN_00749	SA20153983_GBAKOBEN_00748	40.000	25	12	1	102	123	332	356	3.4	18.5
SA20153983_GBAKOBEN_00749	SA20153983_GBAKOBEN_00762	26.667	30	14	1	144	165	311	340	3.6	18.5
SA20153983_GBAKOBEN_00749	SA20153983_GBAKOBEN_00744	36.000	25	16	0	168	192	121	145	4.6	18.1
SA20153983_GBAKOBEN_00749	SA20153983_GBAKOBEN_00750	37.037	54	31	3	68	120	61	112	4.8	17.7
SA20153983_GBAKOBEN_00749	SA20153983_GBAKOBEN_00751	55.556	9	4	0	65	73	74	82	6.2	17.7
SA20153983_GBAKOBEN_00750	SA20153983_GBAKOBEN_00750	100.000	145	0	0	1	145	1	145	9.41e-109	296
SA20153983_GBAKOBEN_00750	SA20153983_GBAKOBEN_00761	50.000	20	10	0	7	26	436	455	0.55	20.0
SA20153983_GBAKOBEN_00750	SA20153983_GBAKOBEN_00749	37.037	54	31	3	61	112	68	120	2.6	17.7
SA20153983_GBAKOBEN_00750	SA20153983_GBAKOBEN_00759	38.462	13	8	0	48	60	162	174	6.7	16.5
SA20153983_GBAKOBEN_00750	SA20153983_GBAKOBEN_00744	34.615	26	13	2	87	112	196	217	9.0	16.2
SA20153983_GBAKOBEN_00751	SA20153983_GBAKOBEN_00751	100.000	210	0	0	1	210	1	210	2.25e-158	427
SA20153983_GBAKOBEN_00751	SA20153983_GBAKOBEN_00754	24.658	73	50	2	11	81	195	264	2.7	18.5
SA20153983_GBAKOBEN_00751	SA20153983_GBAKOBEN_00749	55.556	9	4	0	74	82	65	73	4.6	17.7
SA20153983_GBAKOBEN_00751	SA20153983_GBAKOBEN_00761	50.000	12	6	0	113	124	2	13	6.0	17.3
SA20153983_GBAKOBEN_00751	SA20153983_GBAKOBEN_00762	63.636	11	4	0	3	13	50	60	6.2	17.3
SA20153983_GBAKOBEN_00751	SA20153983_GBAKOBEN_00760	31.915	47	24	3	152	190	190	236	8.8	16.9
SA20153983_GBAKOBEN_00752	SA20153983_GBAKOBEN_00752	100.000	263	0	0	1	263	1	263	0.0	546
SA20153983_GBAKOBEN_00752	SA20153983_GBAKOBEN_00749	21.667	60	42	2	189	248	153	207	0.89	20.4
SA20153983_GBAKOBEN_00752	SA20153983_GBAKOBEN_00753	45.455	11	6	0	32	42	56	66	2.1	18.9
SA20153983_GBAKOBEN_00752	SA20153983_GBAKOBEN_00763	63.636	11	4	0	238	248	116	126	2.8	18.9
SA20153983_GBAKOBEN_00752	SA20153983_GBAKOBEN_00761	35.000	20	13	0	36	55	443	462	6.4	17.7
SA20153983_GBAKOBEN_00752	SA20153983_GBAKOBEN_00758	31.034	29	20	0	94	122	172	200	7.6	17.3
SA20153983_GBAKOBEN_00752	SA20153983_GBAKOBEN_00757	21.277	47	35	1	94	140	104	148	8.4	17.3
SA20153983_GBAKOBEN_00753	SA20153983_GBAKOBEN_00753	100.000	145	0	0	1	145	1	145	2.92e-112	305
SA20153983_GBAKOBEN_00753	SA20153983_GBAKOBEN_00752	45.455	11	6	0	56	66	32	42	1.2	18.9
SA20153983_GBAKOBEN_00753	SA20153983_GBAKOBEN_00748	29.577	71	38	5	42	104	149	215	1.2	18.9
SA20153983_GBAKOBEN_00754	SA20153983_GBAKOBEN_00754	100.000	417	0	0	1	417	1	417	0.0	865
SA20153983_GBAKOBEN_00754	SA20153983_GBAKOBEN_00755	44.444	18	10	0	339	356	85	102	1.6	20.0
SA20153983_GBAKOBEN_00754	SA20153983_GBAKOBEN_00762	29.787	47	23	2	364	410	217	253	2.3	20.0
SA20153983_GBAKOBEN_00754	SA20153983_GBAKOBEN_00751	24.658	73	50	2	195	264	11	81	6.0	18.5
SA20153983_GBAKOBEN_00754	SA20153983_GBAKOBEN_00758	38.889	18	11	0	86	103	215	232	6.7	18.1
SA20153983_GBAKOBEN_00755	SA20153983_GBAKOBEN_00755	100.000	255	0	0	1	255	1	255	0.0	519
SA20153983_GBAKOBEN_00755	SA20153983_GBAKOBEN_00747	42.105	19	11	0	23	41	26	44	0.50	20.4
SA20153983_GBAKOBEN_00755	SA20153983_GBAKOBEN_00754	44.444	18	10	0	85	102	339	356	0.98	20.0
SA20153983_GBAKOBEN_00755	SA20153983_GBAKOBEN_00757	19.231	78	54	1	178	255	141	209	1.4	19.6
SA20153983_GBAKOBEN_00755	SA20153983_GBAKOBEN_00760	26.190	42	29	1	46	87	57	96	2.1	19.2
SA20153983_GBAKOBEN_00755	SA20153983_GBAKOBEN_00763	33.333	24	16	0	199	222	256	279	6.1	17.7
SA20153983_GBAKOBEN_00756	SA20153983_GBAKOBEN_00756	100.000	453	0	0	1	453	1	453	0.0	917
SA20153983_GBAKOBEN_00756	SA20153983_GBAKOBEN_00746	75.000	12	3	0	110	121	183	194	0.63	21.6
SA20153983_GBAKOBEN_00756	SA20153983_GBAKOBEN_00749	21.622	74	58	0	254	327	152	225	0.65	21.6
SA20153983_GBAKOBEN_00756	SA20153983_GBAKOBEN_00761	23.077	65	37	3	188	239	381	445	2.3	20.0
SA20153983_GBAKOBEN_00756	SA20153983_GBAKOBEN_00743	26.126	111	72	4	46	156	22	122	2.5	19.6
SA20153983_GBAKOBEN_00756	SA20153983_GBAKOBEN_00748	31.818	22	15	0	56	77	178	199	9.8	18.1
SA20153983_GBAKOBEN_00757	SA20153983_GBAKOBEN_00757	100.000	370	0	0	1	370	1	370	0.0	766
SA20153983_GBAKOBEN_00757	SA20153983_GBAKOBEN_00761	32.692	52	28	2	279	325	437	486	0.79	21.2
SA20153983_GBAKOBEN_00757	SA20153983_GBAKOBEN_00755	19.231	78	54	1	141	209	178	255	2.0	19.6
SA20153983_GBAKOBEN_00757	SA20153983_GBAKOBEN_00762	30.000	30	21	0	35	64	191	220	3.8	18.9
SA20153983_GBAKOBEN_00758	SA20153983_GBAKOBEN_00758	100.000	239	0	0	1	239	1	239	0.0	494
SA20153983_GBAKOBEN_00758	SA20153983_GBAKOBEN_00745	23.611	72	45	3	133	201	57	121	1.2	19.6
SA20153983_GBAKOBEN_00758	SA20153983_GBAKOBEN_00760	45.455	11	6	0	27	37	428	438	3.8	18.1
SA20153983_GBAKOBEN_00758	SA20153983_GBAKOBEN_00754	38.889	18	11	0	215	232	86	103	3.9	18.1
SA20153983_GBAKOBEN_00758	SA20153983_GBAKOBEN_00763	33.333	21	14	0	107	127	243	263	6.5	17.3
SA20153983_GBAKOBEN_00758	SA20153983_GBAKOBEN_00752	31.034	29	20	0	172	200	94	122	6.9	17.3
SA20153983_GBAKOBEN_00759	SA20153983_GBAKOBEN_00759	100.000	188	0	0	1	188	1	188	2.58e-145	392
SA20153983_GBAKOBEN_00759	SA20153983_GBAKOBEN_00745	34.483	29	13	1	17	39	122	150	0.91	19.6
SA20153983_GBAKOBEN_00759	SA20153983_GBAKOBEN_00757	24.194	62	42	2	119	180	191	247	4.5	17.7
SA20153983_GBAKOBEN_00759	SA20153983_GBAKOBEN_00748	22.826	92	52	4	93	173	330	413	4.8	17.7
SA20153983_GBAKOBEN_00759	SA20153983_GBAKOBEN_00752	36.842	19	12	0	94	112	46	64	8.3	16.5
SA20153983_GBAKOBEN_00759	SA20153983_GBAKOBEN_00750	38.462	13	8	0	162	174	48	60	8.8	16.5
SA20153983_GBAKOBEN_00760	SA20153983_GBAKOBEN_00760	100.000	539	0	0	1	539	1	539	0.0	1125
SA20153983_GBAKOBEN_00760	SA20153983_GBAKOBEN_00755	26.190	42	29	1	57	96	46	87	4.4	19.2
SA20153983_GBAKOBEN_00760	SA20153983_GBAKOBEN_00758	45.455	11	6	0	428	438	27	37	8.5	18.1
SA20153983_GBAKOBEN_00761	SA20153983_GBAKOBEN_00761	100.000	502	0	0	1	502	1	502	0.0	1037
SA20153983_GBAKOBEN_00761	SA20153983_GBAKOBEN_00757	32.692	52	28	2	437	486	279	325	1.1	21.2
SA20153983_GBAKOBEN_00761	SA20153983_GBAKOBEN_00750	50.000	20	10	0	436	455	7	26	1.9	20.0
SA20153983_GBAKOBEN_00761	SA20153983_GBAKOBEN_00756	23.077	65	37	3	381	445	188	239	2.6	20.0
SA20153983_GBAKOBEN_00761	SA20153983_GBAKOBEN_00748	20.000	40	32	0	343	382	84	123	4.5	19.2
SA20153983_GBAKOBEN_00761	SA20153983_GBAKOBEN_00749	29.630	27	19	0	315	341	129	155	4.6	18.9
SA20153983_GBAKOBEN_00762	SA20153983_GBAKOBEN_00762	100.000	447	0	0	1	447	1	447	0.0	922
SA20153983_GBAKOBEN_00762	SA20153983_GBAKOBEN_00744	35.294	17	11	0	332	348	45	61	2.1	20.0
SA20153983_GBAKOBEN_00762	SA20153983_GBAKOBEN_00754	29.787	47	23	2	217	253	364	410	2.4	20.0
SA20153983_GBAKOBEN_00762	SA20153983_GBAKOBEN_00757	30.000	30	21	0	191	220	35	64	4.5	18.9
SA20153983_GBAKOBEN_00762	SA20153983_GBAKOBEN_00749	26.667	30	14	1	311	340	144	165	6.0	18.5
SA20153983_GBAKOBEN_00763	SA20153983_GBAKOBEN_00763	100.000	307	0	0	1	307	1	307	0.0	619
SA20153983_GBAKOBEN_00763	SA20153983_GBAKOBEN_00752	63.636	11	4	0	116	126	238	248	3.3	18.9
SA20153983_GBAKOBEN_00763	SA20153983_GBAKOBEN_00746	47.368	19	10	0	53	71	81	99	5.0	18.1
SA20153983_GBAKOBEN_00763	SA20153983_GBAKOBEN_00755	33.333	24	16	0	256	279	199	222	7.4	17.7
SA20153983_GBAKOBEN_00763	SA20153983_GBAKOBEN_00758	33.333	21	14	0	243	263	107	127	8.3	17.3
