SA20160228_MPFEEIDI_00373	SA20153983_GBAKOBEN_00743	100.000	337	0	0	1	337	1	337	0.0	672
SA20160228_MPFEEIDI_00373	SA20153983_GBAKOBEN_00756	25.962	104	67	4	29	122	53	156	1.1	20.4
SA20160228_MPFEEIDI_00373	SA20153983_GBAKOBEN_00745	42.308	26	12	1	164	186	65	90	1.6	19.6
SA20160228_MPFEEIDI_00373	SA20153983_GBAKOBEN_00760	40.000	25	11	1	236	256	324	348	3.4	18.9
SA20160228_MPFEEIDI_00373	SA20153983_GBAKOBEN_00748	43.478	23	6	1	279	301	178	193	4.5	18.5
SA20160228_MPFEEIDI_00373	SA20153983_GBAKOBEN_00746	38.095	21	12	1	15	35	105	124	8.3	17.7
SA20160228_MPFEEIDI_00374	SA20153983_GBAKOBEN_00744	98.773	326	4	0	1	326	1	326	0.0	659
SA20160228_MPFEEIDI_00374	SA20153983_GBAKOBEN_00762	35.294	17	11	0	45	61	332	348	1.6	20.0
SA20160228_MPFEEIDI_00374	SA20153983_GBAKOBEN_00750	38.462	26	12	2	196	217	87	112	4.6	18.1
SA20160228_MPFEEIDI_00374	SA20153983_GBAKOBEN_00749	36.000	25	16	0	121	145	168	192	5.7	18.1
SA20160228_MPFEEIDI_00374	SA20153983_GBAKOBEN_00761	33.333	21	14	0	50	70	409	429	8.3	17.7
SA20160228_MPFEEIDI_00375	SA20153983_GBAKOBEN_00745	98.883	179	2	0	1	179	1	179	1.22e-138	375
SA20160228_MPFEEIDI_00375	SA20153983_GBAKOBEN_00758	25.000	72	44	3	57	121	133	201	0.21	21.6
SA20160228_MPFEEIDI_00375	SA20153983_GBAKOBEN_00743	42.308	26	12	1	65	90	164	186	0.75	20.0
SA20160228_MPFEEIDI_00375	SA20153983_GBAKOBEN_00759	34.483	29	13	1	122	150	17	39	0.97	19.2
SA20160228_MPFEEIDI_00375	SA20153983_GBAKOBEN_00760	25.000	40	27	2	95	134	202	238	2.3	18.5
SA20160228_MPFEEIDI_00375	SA20153983_GBAKOBEN_00761	23.529	17	13	0	92	108	140	156	6.2	16.9
SA20160228_MPFEEIDI_00376	SA20153983_GBAKOBEN_00746	99.462	372	2	0	1	372	1	372	0.0	761
SA20160228_MPFEEIDI_00376	SA20153983_GBAKOBEN_00756	75.000	12	3	0	183	194	110	121	0.52	21.6
SA20160228_MPFEEIDI_00376	SA20153983_GBAKOBEN_00763	47.368	19	10	0	81	99	53	71	6.0	18.1
SA20160228_MPFEEIDI_00377	SA20153983_GBAKOBEN_00747	100.000	93	0	0	1	93	1	93	9.80e-68	189
SA20160228_MPFEEIDI_00377	SA20153983_GBAKOBEN_00755	42.105	19	11	0	26	44	23	41	0.18	20.4
SA20160228_MPFEEIDI_00377	SA20153983_GBAKOBEN_00763	33.333	21	14	0	63	83	152	172	5.0	16.2
SA20160228_MPFEEIDI_00377	SA20153983_GBAKOBEN_00746	41.667	12	7	0	45	56	165	176	8.9	15.4
SA20160228_MPFEEIDI_00378	SA20153983_GBAKOBEN_00748	99.771	437	1	0	1	437	1	437	0.0	858
SA20160228_MPFEEIDI_00378	SA20153983_GBAKOBEN_00759	22.449	98	57	3	330	419	93	179	2.1	19.6
SA20160228_MPFEEIDI_00378	SA20153983_GBAKOBEN_00761	20.000	40	32	0	84	123	343	382	4.0	19.2
SA20160228_MPFEEIDI_00378	SA20153983_GBAKOBEN_00749	40.000	25	12	1	332	356	102	123	5.4	18.5
SA20160228_MPFEEIDI_00378	SA20153983_GBAKOBEN_00753	28.169	71	39	5	149	215	42	104	5.7	18.5
SA20160228_MPFEEIDI_00378	SA20153983_GBAKOBEN_00743	33.333	18	12	0	362	379	93	110	6.9	18.5
SA20160228_MPFEEIDI_00378	SA20153983_GBAKOBEN_00757	31.818	22	15	0	21	42	92	113	9.2	18.1
SA20160228_MPFEEIDI_00379	SA20153983_GBAKOBEN_00749	100.000	268	0	0	1	268	1	268	0.0	556
SA20160228_MPFEEIDI_00379	SA20153983_GBAKOBEN_00756	21.622	74	58	0	152	225	254	327	0.38	21.6
SA20160228_MPFEEIDI_00379	SA20153983_GBAKOBEN_00752	21.667	60	42	2	153	207	189	248	0.91	20.4
SA20160228_MPFEEIDI_00379	SA20153983_GBAKOBEN_00761	29.630	27	19	0	129	155	315	341	2.5	18.9
SA20160228_MPFEEIDI_00379	SA20153983_GBAKOBEN_00748	40.000	25	12	1	102	123	332	356	3.4	18.5
SA20160228_MPFEEIDI_00379	SA20153983_GBAKOBEN_00762	26.667	30	14	1	144	165	311	340	3.6	18.5
SA20160228_MPFEEIDI_00379	SA20153983_GBAKOBEN_00744	36.000	25	16	0	168	192	121	145	4.6	18.1
SA20160228_MPFEEIDI_00379	SA20153983_GBAKOBEN_00750	37.037	54	31	3	68	120	61	112	4.8	17.7
SA20160228_MPFEEIDI_00379	SA20153983_GBAKOBEN_00751	55.556	9	4	0	65	73	74	82	6.2	17.7
SA20160228_MPFEEIDI_00380	SA20153983_GBAKOBEN_00750	100.000	145	0	0	1	145	1	145	9.41e-109	296
SA20160228_MPFEEIDI_00380	SA20153983_GBAKOBEN_00761	50.000	20	10	0	7	26	436	455	0.55	20.0
SA20160228_MPFEEIDI_00380	SA20153983_GBAKOBEN_00749	37.037	54	31	3	61	112	68	120	2.6	17.7
SA20160228_MPFEEIDI_00380	SA20153983_GBAKOBEN_00759	38.462	13	8	0	48	60	162	174	6.7	16.5
SA20160228_MPFEEIDI_00380	SA20153983_GBAKOBEN_00744	34.615	26	13	2	87	112	196	217	9.0	16.2
SA20160228_MPFEEIDI_00381	SA20153983_GBAKOBEN_00751	97.143	210	6	0	1	210	1	210	9.24e-154	416
SA20160228_MPFEEIDI_00381	SA20153983_GBAKOBEN_00754	19.658	117	72	3	34	132	248	360	1.8	18.9
SA20160228_MPFEEIDI_00381	SA20153983_GBAKOBEN_00761	50.000	12	6	0	113	124	2	13	2.9	18.5
SA20160228_MPFEEIDI_00381	SA20153983_GBAKOBEN_00749	55.556	9	4	0	74	82	65	73	4.2	17.7
SA20160228_MPFEEIDI_00381	SA20153983_GBAKOBEN_00758	50.000	16	8	0	187	202	153	168	4.6	17.7
SA20160228_MPFEEIDI_00381	SA20153983_GBAKOBEN_00762	63.636	11	4	0	3	13	50	60	6.7	17.3
SA20160228_MPFEEIDI_00382	SA20153983_GBAKOBEN_00752	99.620	263	1	0	1	263	1	263	0.0	545
SA20160228_MPFEEIDI_00382	SA20153983_GBAKOBEN_00749	21.667	60	42	2	189	248	153	207	0.92	20.4
SA20160228_MPFEEIDI_00382	SA20153983_GBAKOBEN_00753	45.455	11	6	0	32	42	56	66	2.1	18.9
SA20160228_MPFEEIDI_00382	SA20153983_GBAKOBEN_00763	63.636	11	4	0	238	248	116	126	2.8	18.9
SA20160228_MPFEEIDI_00382	SA20153983_GBAKOBEN_00761	35.000	20	13	0	36	55	443	462	6.5	17.7
SA20160228_MPFEEIDI_00382	SA20153983_GBAKOBEN_00758	31.034	29	20	0	94	122	172	200	7.2	17.3
SA20160228_MPFEEIDI_00382	SA20153983_GBAKOBEN_00757	21.277	47	35	1	94	140	104	148	8.3	17.3
SA20160228_MPFEEIDI_00383	SA20153983_GBAKOBEN_00753	96.552	145	5	0	1	145	1	145	6.07e-109	297
SA20160228_MPFEEIDI_00383	SA20153983_GBAKOBEN_00752	45.455	11	6	0	56	66	32	42	1.3	18.9
SA20160228_MPFEEIDI_00383	SA20153983_GBAKOBEN_00743	37.209	43	23	3	21	62	131	170	6.5	16.5
SA20160228_MPFEEIDI_00383	SA20153983_GBAKOBEN_00744	36.364	11	7	0	57	67	172	182	10.0	16.2
SA20160228_MPFEEIDI_00384	SA20153983_GBAKOBEN_00751	32.432	37	24	1	145	181	44	79	0.039	25.0
SA20160228_MPFEEIDI_00384	SA20153983_GBAKOBEN_00748	30.357	56	29	2	322	377	74	119	0.18	23.5
SA20160228_MPFEEIDI_00384	SA20153983_GBAKOBEN_00744	23.750	80	57	2	116	192	139	217	0.42	21.9
SA20160228_MPFEEIDI_00384	SA20153983_GBAKOBEN_00759	27.536	69	49	1	299	367	111	178	0.98	20.8
SA20160228_MPFEEIDI_00384	SA20153983_GBAKOBEN_00754	32.000	25	17	0	83	107	86	110	1.2	20.8
SA20160228_MPFEEIDI_00384	SA20153983_GBAKOBEN_00762	30.435	46	27	3	142	182	297	342	3.3	19.2
SA20160228_MPFEEIDI_00384	SA20153983_GBAKOBEN_00756	50.000	14	7	0	211	224	87	100	3.6	19.2
SA20160228_MPFEEIDI_00384	SA20153983_GBAKOBEN_00752	26.582	79	49	5	22	96	13	86	5.9	18.5
SA20160228_MPFEEIDI_00385	SA20153983_GBAKOBEN_00759	98.404	188	3	0	1	188	1	188	1.16e-143	388
SA20160228_MPFEEIDI_00385	SA20153983_GBAKOBEN_00745	34.483	29	13	1	17	39	122	150	0.95	19.6
SA20160228_MPFEEIDI_00385	SA20153983_GBAKOBEN_00757	24.194	62	42	2	119	180	191	247	5.1	17.3
SA20160228_MPFEEIDI_00385	SA20153983_GBAKOBEN_00748	22.826	92	52	4	93	173	330	413	5.5	17.3
SA20160228_MPFEEIDI_00385	SA20153983_GBAKOBEN_00750	38.462	13	8	0	162	174	48	60	9.3	16.5
SA20160228_MPFEEIDI_00386	SA20153983_GBAKOBEN_00760	99.814	539	1	0	1	539	1	539	0.0	1121
SA20160228_MPFEEIDI_00386	SA20153983_GBAKOBEN_00755	26.190	42	29	1	57	96	46	87	4.4	19.2
SA20160228_MPFEEIDI_00386	SA20153983_GBAKOBEN_00758	45.455	11	6	0	428	438	27	37	8.5	18.5
SA20160228_MPFEEIDI_00387	SA20153983_GBAKOBEN_00761	99.602	502	2	0	1	502	1	502	0.0	1035
SA20160228_MPFEEIDI_00387	SA20153983_GBAKOBEN_00757	32.692	52	28	2	437	486	279	325	1.1	21.2
SA20160228_MPFEEIDI_00387	SA20153983_GBAKOBEN_00750	50.000	20	10	0	436	455	7	26	1.9	20.0
SA20160228_MPFEEIDI_00387	SA20153983_GBAKOBEN_00756	23.077	65	37	3	381	445	188	239	2.5	20.0
SA20160228_MPFEEIDI_00387	SA20153983_GBAKOBEN_00748	20.000	40	32	0	343	382	84	123	4.5	19.2
SA20160228_MPFEEIDI_00387	SA20153983_GBAKOBEN_00749	29.630	27	19	0	315	341	129	155	4.6	19.2
SA20160228_MPFEEIDI_00388	SA20153983_GBAKOBEN_00762	99.329	447	3	0	1	447	1	447	0.0	915
SA20160228_MPFEEIDI_00388	SA20153983_GBAKOBEN_00744	35.294	17	11	0	332	348	45	61	2.1	20.0
SA20160228_MPFEEIDI_00388	SA20153983_GBAKOBEN_00757	30.000	30	21	0	191	220	35	64	4.3	18.9
SA20160228_MPFEEIDI_00388	SA20153983_GBAKOBEN_00754	29.412	34	16	1	217	242	364	397	4.5	18.9
SA20160228_MPFEEIDI_00388	SA20153983_GBAKOBEN_00749	26.667	30	14	1	311	340	144	165	6.1	18.5
SA20160228_MPFEEIDI_00389	SA20153983_GBAKOBEN_00763	100.000	307	0	0	1	307	1	307	0.0	619
SA20160228_MPFEEIDI_00389	SA20153983_GBAKOBEN_00752	63.636	11	4	0	116	126	238	248	3.3	18.9
SA20160228_MPFEEIDI_00389	SA20153983_GBAKOBEN_00746	47.368	19	10	0	53	71	81	99	5.0	18.1
SA20160228_MPFEEIDI_00389	SA20153983_GBAKOBEN_00755	33.333	24	16	0	256	279	199	222	7.4	17.7
SA20160228_MPFEEIDI_00389	SA20153983_GBAKOBEN_00758	33.333	21	14	0	243	263	107	127	8.3	17.3
SA20160228_MPFEEIDI_00390	SA20153983_GBAKOBEN_00754	30.357	56	35	1	189	244	141	192	0.53	22.3
SA20160228_MPFEEIDI_00390	SA20153983_GBAKOBEN_00760	33.333	45	26	1	44	88	324	364	4.8	19.2
SA20160228_MPFEEIDI_00390	SA20153983_GBAKOBEN_00743	70.000	10	3	0	16	25	286	295	7.4	18.5
SA20160228_MPFEEIDI_00391	SA20153983_GBAKOBEN_00757	27.976	336	197	13	29	354	53	353	2.49e-19	78.6
SA20160228_MPFEEIDI_00391	SA20153983_GBAKOBEN_00762	29.167	72	30	3	318	372	301	368	1.2	20.4
SA20160228_MPFEEIDI_00391	SA20153983_GBAKOBEN_00745	26.786	56	38	1	196	251	125	177	1.2	20.4
SA20160228_MPFEEIDI_00391	SA20153983_GBAKOBEN_00746	38.095	21	13	0	218	238	352	372	1.4	20.4
SA20160228_MPFEEIDI_00391	SA20153983_GBAKOBEN_00760	38.889	36	19	2	184	219	388	420	1.9	20.0
SA20160228_MPFEEIDI_00391	SA20153983_GBAKOBEN_00748	29.167	24	17	0	77	100	318	341	2.8	19.2
SA20160228_MPFEEIDI_00391	SA20153983_GBAKOBEN_00743	36.111	36	22	1	60	95	163	197	2.9	19.2
SA20160228_MPFEEIDI_00391	SA20153983_GBAKOBEN_00753	39.130	23	14	0	200	222	97	119	4.3	18.5
SA20160228_MPFEEIDI_00392	SA20153983_GBAKOBEN_00761	52.174	23	7	2	28	46	151	173	0.72	18.5
SA20160228_MPFEEIDI_00392	SA20153983_GBAKOBEN_00752	28.261	46	20	2	4	36	64	109	1.5	17.7
SA20160228_MPFEEIDI_00393	SA20153983_GBAKOBEN_00760	70.000	10	3	0	7	16	399	408	0.025	20.8
SA20160228_MPFEEIDI_00393	SA20153983_GBAKOBEN_00761	38.889	18	9	1	2	17	32	49	0.40	17.3
SA20160228_MPFEEIDI_00393	SA20153983_GBAKOBEN_00751	41.176	17	10	0	22	38	190	206	1.6	15.8
SA20160228_MPFEEIDI_00393	SA20153983_GBAKOBEN_00745	36.364	11	7	0	29	39	41	51	5.3	14.6
SA20153983_GBAKOBEN_00743	SA20153983_GBAKOBEN_00743	100.000	337	0	0	1	337	1	337	0.0	672
SA20153983_GBAKOBEN_00743	SA20153983_GBAKOBEN_00756	25.962	104	67	4	29	122	53	156	1.1	20.4
SA20153983_GBAKOBEN_00743	SA20153983_GBAKOBEN_00745	42.308	26	12	1	164	186	65	90	1.6	19.6
SA20153983_GBAKOBEN_00743	SA20153983_GBAKOBEN_00760	40.000	25	11	1	236	256	324	348	3.4	18.9
SA20153983_GBAKOBEN_00743	SA20153983_GBAKOBEN_00748	43.478	23	6	1	279	301	178	193	4.5	18.5
SA20153983_GBAKOBEN_00743	SA20153983_GBAKOBEN_00746	38.095	21	12	1	15	35	105	124	8.3	17.7
SA20153983_GBAKOBEN_00744	SA20153983_GBAKOBEN_00744	100.000	326	0	0	1	326	1	326	0.0	667
SA20153983_GBAKOBEN_00744	SA20153983_GBAKOBEN_00762	35.294	17	11	0	45	61	332	348	1.5	20.0
SA20153983_GBAKOBEN_00744	SA20153983_GBAKOBEN_00749	36.000	25	16	0	121	145	168	192	5.6	18.1
SA20153983_GBAKOBEN_00744	SA20153983_GBAKOBEN_00761	33.333	21	14	0	50	70	409	429	8.3	17.7
SA20153983_GBAKOBEN_00745	SA20153983_GBAKOBEN_00745	100.000	179	0	0	1	179	1	179	1.21e-139	377
SA20153983_GBAKOBEN_00745	SA20153983_GBAKOBEN_00743	42.308	26	12	1	65	90	164	186	0.78	20.0
SA20153983_GBAKOBEN_00745	SA20153983_GBAKOBEN_00758	23.611	72	45	3	57	121	133	201	0.89	19.6
SA20153983_GBAKOBEN_00745	SA20153983_GBAKOBEN_00759	43.750	16	9	0	135	150	24	39	1.0	19.2
SA20153983_GBAKOBEN_00745	SA20153983_GBAKOBEN_00760	25.000	40	27	2	95	134	202	238	2.5	18.5
SA20153983_GBAKOBEN_00745	SA20153983_GBAKOBEN_00761	23.529	17	13	0	92	108	140	156	6.2	16.9
SA20153983_GBAKOBEN_00746	SA20153983_GBAKOBEN_00746	100.000	372	0	0	1	372	1	372	0.0	764
SA20153983_GBAKOBEN_00746	SA20153983_GBAKOBEN_00756	75.000	12	3	0	183	194	110	121	0.52	21.6
SA20153983_GBAKOBEN_00746	SA20153983_GBAKOBEN_00763	47.368	19	10	0	81	99	53	71	6.1	18.1
SA20153983_GBAKOBEN_00747	SA20153983_GBAKOBEN_00747	100.000	93	0	0	1	93	1	93	9.80e-68	189
SA20153983_GBAKOBEN_00747	SA20153983_GBAKOBEN_00755	42.105	19	11	0	26	44	23	41	0.18	20.4
SA20153983_GBAKOBEN_00747	SA20153983_GBAKOBEN_00763	33.333	21	14	0	63	83	152	172	5.0	16.2
SA20153983_GBAKOBEN_00747	SA20153983_GBAKOBEN_00746	41.667	12	7	0	45	56	165	176	8.9	15.4
SA20153983_GBAKOBEN_00748	SA20153983_GBAKOBEN_00748	100.000	437	0	0	1	437	1	437	0.0	859
SA20153983_GBAKOBEN_00748	SA20153983_GBAKOBEN_00759	22.449	98	57	3	330	419	93	179	2.1	19.6
SA20153983_GBAKOBEN_00748	SA20153983_GBAKOBEN_00761	20.000	40	32	0	84	123	343	382	3.9	19.2
SA20153983_GBAKOBEN_00748	SA20153983_GBAKOBEN_00743	43.478	23	6	1	178	193	279	301	5.0	18.9
SA20153983_GBAKOBEN_00748	SA20153983_GBAKOBEN_00749	40.000	25	12	1	332	356	102	123	5.3	18.5
SA20153983_GBAKOBEN_00748	SA20153983_GBAKOBEN_00757	31.818	22	15	0	21	42	92	113	9.0	18.1
SA20153983_GBAKOBEN_00749	SA20153983_GBAKOBEN_00749	100.000	268	0	0	1	268	1	268	0.0	556
SA20153983_GBAKOBEN_00749	SA20153983_GBAKOBEN_00756	21.622	74	58	0	152	225	254	327	0.38	21.6
SA20153983_GBAKOBEN_00749	SA20153983_GBAKOBEN_00752	21.667	60	42	2	153	207	189	248	0.91	20.4
SA20153983_GBAKOBEN_00749	SA20153983_GBAKOBEN_00761	29.630	27	19	0	129	155	315	341	2.5	18.9
SA20153983_GBAKOBEN_00749	SA20153983_GBAKOBEN_00748	40.000	25	12	1	102	123	332	356	3.4	18.5
SA20153983_GBAKOBEN_00749	SA20153983_GBAKOBEN_00762	26.667	30	14	1	144	165	311	340	3.6	18.5
SA20153983_GBAKOBEN_00749	SA20153983_GBAKOBEN_00744	36.000	25	16	0	168	192	121	145	4.6	18.1
SA20153983_GBAKOBEN_00749	SA20153983_GBAKOBEN_00750	37.037	54	31	3	68	120	61	112	4.8	17.7
SA20153983_GBAKOBEN_00749	SA20153983_GBAKOBEN_00751	55.556	9	4	0	65	73	74	82	6.2	17.7
SA20153983_GBAKOBEN_00750	SA20153983_GBAKOBEN_00750	100.000	145	0	0	1	145	1	145	9.41e-109	296
SA20153983_GBAKOBEN_00750	SA20153983_GBAKOBEN_00761	50.000	20	10	0	7	26	436	455	0.55	20.0
SA20153983_GBAKOBEN_00750	SA20153983_GBAKOBEN_00749	37.037	54	31	3	61	112	68	120	2.6	17.7
SA20153983_GBAKOBEN_00750	SA20153983_GBAKOBEN_00759	38.462	13	8	0	48	60	162	174	6.7	16.5
SA20153983_GBAKOBEN_00750	SA20153983_GBAKOBEN_00744	34.615	26	13	2	87	112	196	217	9.0	16.2
SA20153983_GBAKOBEN_00751	SA20153983_GBAKOBEN_00751	100.000	210	0	0	1	210	1	210	2.25e-158	427
SA20153983_GBAKOBEN_00751	SA20153983_GBAKOBEN_00754	24.658	73	50	2	11	81	195	264	2.7	18.5
SA20153983_GBAKOBEN_00751	SA20153983_GBAKOBEN_00749	55.556	9	4	0	74	82	65	73	4.6	17.7
SA20153983_GBAKOBEN_00751	SA20153983_GBAKOBEN_00761	50.000	12	6	0	113	124	2	13	6.0	17.3
SA20153983_GBAKOBEN_00751	SA20153983_GBAKOBEN_00762	63.636	11	4	0	3	13	50	60	6.2	17.3
SA20153983_GBAKOBEN_00751	SA20153983_GBAKOBEN_00760	31.915	47	24	3	152	190	190	236	8.8	16.9
SA20153983_GBAKOBEN_00752	SA20153983_GBAKOBEN_00752	100.000	263	0	0	1	263	1	263	0.0	546
SA20153983_GBAKOBEN_00752	SA20153983_GBAKOBEN_00749	21.667	60	42	2	189	248	153	207	0.89	20.4
SA20153983_GBAKOBEN_00752	SA20153983_GBAKOBEN_00753	45.455	11	6	0	32	42	56	66	2.1	18.9
SA20153983_GBAKOBEN_00752	SA20153983_GBAKOBEN_00763	63.636	11	4	0	238	248	116	126	2.8	18.9
SA20153983_GBAKOBEN_00752	SA20153983_GBAKOBEN_00761	35.000	20	13	0	36	55	443	462	6.4	17.7
SA20153983_GBAKOBEN_00752	SA20153983_GBAKOBEN_00758	31.034	29	20	0	94	122	172	200	7.6	17.3
SA20153983_GBAKOBEN_00752	SA20153983_GBAKOBEN_00757	21.277	47	35	1	94	140	104	148	8.4	17.3
SA20153983_GBAKOBEN_00753	SA20153983_GBAKOBEN_00753	100.000	145	0	0	1	145	1	145	2.92e-112	305
SA20153983_GBAKOBEN_00753	SA20153983_GBAKOBEN_00752	45.455	11	6	0	56	66	32	42	1.2	18.9
SA20153983_GBAKOBEN_00753	SA20153983_GBAKOBEN_00748	29.577	71	38	5	42	104	149	215	1.2	18.9
SA20153983_GBAKOBEN_00754	SA20153983_GBAKOBEN_00754	100.000	417	0	0	1	417	1	417	0.0	865
SA20153983_GBAKOBEN_00754	SA20153983_GBAKOBEN_00755	44.444	18	10	0	339	356	85	102	1.6	20.0
SA20153983_GBAKOBEN_00754	SA20153983_GBAKOBEN_00762	29.787	47	23	2	364	410	217	253	2.3	20.0
SA20153983_GBAKOBEN_00754	SA20153983_GBAKOBEN_00751	24.658	73	50	2	195	264	11	81	6.0	18.5
SA20153983_GBAKOBEN_00754	SA20153983_GBAKOBEN_00758	38.889	18	11	0	86	103	215	232	6.7	18.1
SA20153983_GBAKOBEN_00755	SA20153983_GBAKOBEN_00755	100.000	255	0	0	1	255	1	255	0.0	519
SA20153983_GBAKOBEN_00755	SA20153983_GBAKOBEN_00747	42.105	19	11	0	23	41	26	44	0.50	20.4
SA20153983_GBAKOBEN_00755	SA20153983_GBAKOBEN_00754	44.444	18	10	0	85	102	339	356	0.98	20.0
SA20153983_GBAKOBEN_00755	SA20153983_GBAKOBEN_00757	19.231	78	54	1	178	255	141	209	1.4	19.6
SA20153983_GBAKOBEN_00755	SA20153983_GBAKOBEN_00760	26.190	42	29	1	46	87	57	96	2.1	19.2
SA20153983_GBAKOBEN_00755	SA20153983_GBAKOBEN_00763	33.333	24	16	0	199	222	256	279	6.1	17.7
SA20153983_GBAKOBEN_00756	SA20153983_GBAKOBEN_00756	100.000	453	0	0	1	453	1	453	0.0	917
SA20153983_GBAKOBEN_00756	SA20153983_GBAKOBEN_00746	75.000	12	3	0	110	121	183	194	0.63	21.6
SA20153983_GBAKOBEN_00756	SA20153983_GBAKOBEN_00749	21.622	74	58	0	254	327	152	225	0.65	21.6
SA20153983_GBAKOBEN_00756	SA20153983_GBAKOBEN_00761	23.077	65	37	3	188	239	381	445	2.3	20.0
SA20153983_GBAKOBEN_00756	SA20153983_GBAKOBEN_00743	26.126	111	72	4	46	156	22	122	2.5	19.6
SA20153983_GBAKOBEN_00756	SA20153983_GBAKOBEN_00748	31.818	22	15	0	56	77	178	199	9.8	18.1
SA20153983_GBAKOBEN_00757	SA20153983_GBAKOBEN_00757	100.000	370	0	0	1	370	1	370	0.0	766
SA20153983_GBAKOBEN_00757	SA20153983_GBAKOBEN_00761	32.692	52	28	2	279	325	437	486	0.79	21.2
SA20153983_GBAKOBEN_00757	SA20153983_GBAKOBEN_00755	19.231	78	54	1	141	209	178	255	2.0	19.6
SA20153983_GBAKOBEN_00757	SA20153983_GBAKOBEN_00762	30.000	30	21	0	35	64	191	220	3.8	18.9
SA20153983_GBAKOBEN_00758	SA20153983_GBAKOBEN_00758	100.000	239	0	0	1	239	1	239	0.0	494
SA20153983_GBAKOBEN_00758	SA20153983_GBAKOBEN_00745	23.611	72	45	3	133	201	57	121	1.2	19.6
SA20153983_GBAKOBEN_00758	SA20153983_GBAKOBEN_00760	45.455	11	6	0	27	37	428	438	3.8	18.1
SA20153983_GBAKOBEN_00758	SA20153983_GBAKOBEN_00754	38.889	18	11	0	215	232	86	103	3.9	18.1
SA20153983_GBAKOBEN_00758	SA20153983_GBAKOBEN_00763	33.333	21	14	0	107	127	243	263	6.5	17.3
SA20153983_GBAKOBEN_00758	SA20153983_GBAKOBEN_00752	31.034	29	20	0	172	200	94	122	6.9	17.3
SA20153983_GBAKOBEN_00759	SA20153983_GBAKOBEN_00759	100.000	188	0	0	1	188	1	188	2.58e-145	392
SA20153983_GBAKOBEN_00759	SA20153983_GBAKOBEN_00745	34.483	29	13	1	17	39	122	150	0.91	19.6
SA20153983_GBAKOBEN_00759	SA20153983_GBAKOBEN_00757	24.194	62	42	2	119	180	191	247	4.5	17.7
SA20153983_GBAKOBEN_00759	SA20153983_GBAKOBEN_00748	22.826	92	52	4	93	173	330	413	4.8	17.7
SA20153983_GBAKOBEN_00759	SA20153983_GBAKOBEN_00752	36.842	19	12	0	94	112	46	64	8.3	16.5
SA20153983_GBAKOBEN_00759	SA20153983_GBAKOBEN_00750	38.462	13	8	0	162	174	48	60	8.8	16.5
SA20153983_GBAKOBEN_00760	SA20153983_GBAKOBEN_00760	100.000	539	0	0	1	539	1	539	0.0	1125
SA20153983_GBAKOBEN_00760	SA20153983_GBAKOBEN_00755	26.190	42	29	1	57	96	46	87	4.4	19.2
SA20153983_GBAKOBEN_00760	SA20153983_GBAKOBEN_00758	45.455	11	6	0	428	438	27	37	8.5	18.1
SA20153983_GBAKOBEN_00761	SA20153983_GBAKOBEN_00761	100.000	502	0	0	1	502	1	502	0.0	1037
SA20153983_GBAKOBEN_00761	SA20153983_GBAKOBEN_00757	32.692	52	28	2	437	486	279	325	1.1	21.2
SA20153983_GBAKOBEN_00761	SA20153983_GBAKOBEN_00750	50.000	20	10	0	436	455	7	26	1.9	20.0
SA20153983_GBAKOBEN_00761	SA20153983_GBAKOBEN_00756	23.077	65	37	3	381	445	188	239	2.6	20.0
SA20153983_GBAKOBEN_00761	SA20153983_GBAKOBEN_00748	20.000	40	32	0	343	382	84	123	4.5	19.2
SA20153983_GBAKOBEN_00761	SA20153983_GBAKOBEN_00749	29.630	27	19	0	315	341	129	155	4.6	18.9
SA20153983_GBAKOBEN_00762	SA20153983_GBAKOBEN_00762	100.000	447	0	0	1	447	1	447	0.0	922
SA20153983_GBAKOBEN_00762	SA20153983_GBAKOBEN_00744	35.294	17	11	0	332	348	45	61	2.1	20.0
SA20153983_GBAKOBEN_00762	SA20153983_GBAKOBEN_00754	29.787	47	23	2	217	253	364	410	2.4	20.0
SA20153983_GBAKOBEN_00762	SA20153983_GBAKOBEN_00757	30.000	30	21	0	191	220	35	64	4.5	18.9
SA20153983_GBAKOBEN_00762	SA20153983_GBAKOBEN_00749	26.667	30	14	1	311	340	144	165	6.0	18.5
SA20153983_GBAKOBEN_00763	SA20153983_GBAKOBEN_00763	100.000	307	0	0	1	307	1	307	0.0	619
SA20153983_GBAKOBEN_00763	SA20153983_GBAKOBEN_00752	63.636	11	4	0	116	126	238	248	3.3	18.9
SA20153983_GBAKOBEN_00763	SA20153983_GBAKOBEN_00746	47.368	19	10	0	53	71	81	99	5.0	18.1
SA20153983_GBAKOBEN_00763	SA20153983_GBAKOBEN_00755	33.333	24	16	0	256	279	199	222	7.4	17.7
SA20153983_GBAKOBEN_00763	SA20153983_GBAKOBEN_00758	33.333	21	14	0	243	263	107	127	8.3	17.3
SA20160228_MPFEEIDI_00373	SA20160228_MPFEEIDI_00373	100.000	337	0	0	1	337	1	337	0.0	672
SA20160228_MPFEEIDI_00373	SA20160228_MPFEEIDI_00375	42.308	26	12	1	164	186	65	90	1.5	19.6
SA20160228_MPFEEIDI_00373	SA20160228_MPFEEIDI_00386	40.000	25	11	1	236	256	324	348	3.2	18.9
SA20160228_MPFEEIDI_00373	SA20160228_MPFEEIDI_00378	35.294	17	11	0	93	109	362	378	5.0	18.5
SA20160228_MPFEEIDI_00373	SA20160228_MPFEEIDI_00390	70.000	10	3	0	286	295	16	25	5.2	18.5
SA20160228_MPFEEIDI_00373	SA20160228_MPFEEIDI_00376	38.095	21	12	1	15	35	105	124	7.8	17.7
SA20160228_MPFEEIDI_00374	SA20160228_MPFEEIDI_00374	100.000	326	0	0	1	326	1	326	0.0	667
SA20160228_MPFEEIDI_00374	SA20160228_MPFEEIDI_00384	28.205	39	25	1	139	177	116	151	1.1	20.4
SA20160228_MPFEEIDI_00374	SA20160228_MPFEEIDI_00388	35.294	17	11	0	45	61	332	348	1.5	20.0
SA20160228_MPFEEIDI_00374	SA20160228_MPFEEIDI_00380	38.462	26	12	2	196	217	87	112	4.4	18.1
SA20160228_MPFEEIDI_00374	SA20160228_MPFEEIDI_00379	36.000	25	16	0	121	145	168	192	5.5	18.1
SA20160228_MPFEEIDI_00374	SA20160228_MPFEEIDI_00387	33.333	21	14	0	50	70	409	429	7.9	17.7
SA20160228_MPFEEIDI_00375	SA20160228_MPFEEIDI_00375	100.000	179	0	0	1	179	1	179	8.62e-140	378
SA20160228_MPFEEIDI_00375	SA20160228_MPFEEIDI_00391	26.786	56	38	1	125	177	196	251	0.58	20.4
SA20160228_MPFEEIDI_00375	SA20160228_MPFEEIDI_00373	42.308	26	12	1	65	90	164	186	0.72	20.0
SA20160228_MPFEEIDI_00375	SA20160228_MPFEEIDI_00385	43.750	16	9	0	135	150	24	39	0.94	19.2
SA20160228_MPFEEIDI_00375	SA20160228_MPFEEIDI_00386	25.000	40	27	2	95	134	202	238	2.3	18.5
SA20160228_MPFEEIDI_00375	SA20160228_MPFEEIDI_00387	23.529	17	13	0	92	108	140	156	5.9	16.9
SA20160228_MPFEEIDI_00376	SA20160228_MPFEEIDI_00376	100.000	372	0	0	1	372	1	372	0.0	764
SA20160228_MPFEEIDI_00376	SA20160228_MPFEEIDI_00391	38.095	21	13	0	352	372	218	238	1.4	20.4
SA20160228_MPFEEIDI_00376	SA20160228_MPFEEIDI_00389	47.368	19	10	0	81	99	53	71	5.8	18.1
SA20160228_MPFEEIDI_00377	SA20160228_MPFEEIDI_00377	100.000	93	0	0	1	93	1	93	9.37e-68	189
SA20160228_MPFEEIDI_00377	SA20160228_MPFEEIDI_00389	33.333	21	14	0	63	83	152	172	4.8	16.2
SA20160228_MPFEEIDI_00377	SA20160228_MPFEEIDI_00376	41.667	12	7	0	45	56	165	176	8.5	15.4
SA20160228_MPFEEIDI_00378	SA20160228_MPFEEIDI_00378	100.000	437	0	0	1	437	1	437	0.0	859
SA20160228_MPFEEIDI_00378	SA20160228_MPFEEIDI_00384	30.357	56	29	2	74	119	322	377	0.23	23.1
SA20160228_MPFEEIDI_00378	SA20160228_MPFEEIDI_00385	22.449	98	57	3	330	419	93	179	2.1	19.6
SA20160228_MPFEEIDI_00378	SA20160228_MPFEEIDI_00391	29.167	24	17	0	318	341	77	100	3.2	19.2
SA20160228_MPFEEIDI_00378	SA20160228_MPFEEIDI_00387	20.000	40	32	0	84	123	343	382	3.8	19.2
SA20160228_MPFEEIDI_00378	SA20160228_MPFEEIDI_00379	40.000	25	12	1	332	356	102	123	5.1	18.5
SA20160228_MPFEEIDI_00378	SA20160228_MPFEEIDI_00373	33.333	18	12	0	362	379	93	110	6.6	18.5
SA20160228_MPFEEIDI_00379	SA20160228_MPFEEIDI_00379	100.000	268	0	0	1	268	1	268	0.0	556
SA20160228_MPFEEIDI_00379	SA20160228_MPFEEIDI_00382	21.667	60	42	2	153	207	189	248	0.89	20.4
SA20160228_MPFEEIDI_00379	SA20160228_MPFEEIDI_00387	29.630	27	19	0	129	155	315	341	2.3	19.2
SA20160228_MPFEEIDI_00379	SA20160228_MPFEEIDI_00378	40.000	25	12	1	102	123	332	356	3.2	18.5
SA20160228_MPFEEIDI_00379	SA20160228_MPFEEIDI_00388	26.667	30	14	1	144	165	311	340	3.5	18.5
SA20160228_MPFEEIDI_00379	SA20160228_MPFEEIDI_00374	36.000	25	16	0	168	192	121	145	4.5	18.1
SA20160228_MPFEEIDI_00379	SA20160228_MPFEEIDI_00380	37.037	54	31	3	68	120	61	112	4.6	17.7
SA20160228_MPFEEIDI_00379	SA20160228_MPFEEIDI_00381	55.556	9	4	0	65	73	74	82	5.4	17.7
SA20160228_MPFEEIDI_00380	SA20160228_MPFEEIDI_00380	100.000	145	0	0	1	145	1	145	9.00e-109	296
SA20160228_MPFEEIDI_00380	SA20160228_MPFEEIDI_00387	50.000	20	10	0	7	26	436	455	0.52	20.0
SA20160228_MPFEEIDI_00380	SA20160228_MPFEEIDI_00374	38.462	26	12	2	87	112	196	217	2.0	18.1
SA20160228_MPFEEIDI_00380	SA20160228_MPFEEIDI_00379	37.037	54	31	3	61	112	68	120	2.5	17.7
SA20160228_MPFEEIDI_00380	SA20160228_MPFEEIDI_00385	38.462	13	8	0	48	60	162	174	6.4	16.5
SA20160228_MPFEEIDI_00381	SA20160228_MPFEEIDI_00381	100.000	210	0	0	1	210	1	210	8.11e-159	428
SA20160228_MPFEEIDI_00381	SA20160228_MPFEEIDI_00384	29.730	37	25	1	44	79	145	181	0.094	23.1
SA20160228_MPFEEIDI_00381	SA20160228_MPFEEIDI_00387	50.000	12	6	0	113	124	2	13	2.8	18.5
SA20160228_MPFEEIDI_00381	SA20160228_MPFEEIDI_00379	55.556	9	4	0	74	82	65	73	4.0	17.7
SA20160228_MPFEEIDI_00381	SA20160228_MPFEEIDI_00393	41.176	17	10	0	190	206	22	38	5.7	16.2
SA20160228_MPFEEIDI_00381	SA20160228_MPFEEIDI_00388	63.636	11	4	0	3	13	50	60	6.3	17.3
SA20160228_MPFEEIDI_00382	SA20160228_MPFEEIDI_00382	100.000	263	0	0	1	263	1	263	0.0	546
SA20160228_MPFEEIDI_00382	SA20160228_MPFEEIDI_00379	21.667	60	42	2	189	248	153	207	0.88	20.4
SA20160228_MPFEEIDI_00382	SA20160228_MPFEEIDI_00383	45.455	11	6	0	32	42	56	66	2.2	18.9
SA20160228_MPFEEIDI_00382	SA20160228_MPFEEIDI_00389	63.636	11	4	0	238	248	116	126	2.7	18.9
SA20160228_MPFEEIDI_00382	SA20160228_MPFEEIDI_00384	26.582	79	49	5	13	86	22	96	3.7	18.5
SA20160228_MPFEEIDI_00382	SA20160228_MPFEEIDI_00392	28.261	46	20	2	64	109	4	36	4.1	17.7
SA20160228_MPFEEIDI_00382	SA20160228_MPFEEIDI_00387	33.333	21	14	0	35	55	442	462	6.1	17.7
SA20160228_MPFEEIDI_00383	SA20160228_MPFEEIDI_00383	100.000	145	0	0	1	145	1	145	1.46e-112	306
SA20160228_MPFEEIDI_00383	SA20160228_MPFEEIDI_00382	45.455	11	6	0	56	66	32	42	1.2	18.9
SA20160228_MPFEEIDI_00383	SA20160228_MPFEEIDI_00391	39.130	23	14	0	97	119	200	222	1.8	18.5
SA20160228_MPFEEIDI_00383	SA20160228_MPFEEIDI_00373	37.209	43	23	3	21	62	131	170	6.2	16.5
SA20160228_MPFEEIDI_00383	SA20160228_MPFEEIDI_00374	36.364	11	7	0	57	67	172	182	9.5	16.2
SA20160228_MPFEEIDI_00383	SA20160228_MPFEEIDI_00390	46.154	13	7	0	120	132	3	15	9.5	16.2
SA20160228_MPFEEIDI_00384	SA20160228_MPFEEIDI_00384	100.000	401	0	0	1	401	1	401	0.0	818
SA20160228_MPFEEIDI_00384	SA20160228_MPFEEIDI_00378	30.357	56	29	2	322	377	74	119	0.17	23.5
SA20160228_MPFEEIDI_00384	SA20160228_MPFEEIDI_00381	29.730	37	25	1	145	181	44	79	0.26	22.3
SA20160228_MPFEEIDI_00384	SA20160228_MPFEEIDI_00385	27.536	69	49	1	299	367	111	178	0.97	20.8
SA20160228_MPFEEIDI_00384	SA20160228_MPFEEIDI_00374	28.205	39	25	1	116	151	139	177	1.3	20.4
SA20160228_MPFEEIDI_00384	SA20160228_MPFEEIDI_00388	30.435	46	27	3	142	182	297	342	3.2	19.2
SA20160228_MPFEEIDI_00384	SA20160228_MPFEEIDI_00382	26.582	79	49	5	22	96	13	86	5.7	18.5
SA20160228_MPFEEIDI_00385	SA20160228_MPFEEIDI_00385	100.000	188	0	0	1	188	1	188	2.52e-145	392
SA20160228_MPFEEIDI_00385	SA20160228_MPFEEIDI_00384	27.536	69	49	1	111	178	299	367	0.47	20.8
SA20160228_MPFEEIDI_00385	SA20160228_MPFEEIDI_00375	34.483	29	13	1	17	39	122	150	0.88	19.6
SA20160228_MPFEEIDI_00385	SA20160228_MPFEEIDI_00378	22.826	92	52	4	93	173	330	413	5.2	17.3
SA20160228_MPFEEIDI_00385	SA20160228_MPFEEIDI_00380	38.462	13	8	0	162	174	48	60	8.9	16.5
SA20160228_MPFEEIDI_00386	SA20160228_MPFEEIDI_00386	100.000	539	0	0	1	539	1	539	0.0	1125
SA20160228_MPFEEIDI_00386	SA20160228_MPFEEIDI_00393	70.000	10	3	0	399	408	7	16	0.31	20.8
SA20160228_MPFEEIDI_00386	SA20160228_MPFEEIDI_00391	38.889	36	19	2	388	420	184	219	3.3	19.6
SA20160228_MPFEEIDI_00386	SA20160228_MPFEEIDI_00390	33.333	45	26	1	324	364	44	88	4.9	19.2
SA20160228_MPFEEIDI_00387	SA20160228_MPFEEIDI_00387	100.000	502	0	0	1	502	1	502	0.0	1037
SA20160228_MPFEEIDI_00387	SA20160228_MPFEEIDI_00380	50.000	20	10	0	436	455	7	26	1.8	20.0
SA20160228_MPFEEIDI_00387	SA20160228_MPFEEIDI_00378	20.000	40	32	0	343	382	84	123	4.3	19.2
SA20160228_MPFEEIDI_00387	SA20160228_MPFEEIDI_00379	29.630	27	19	0	315	341	129	155	4.4	19.2
SA20160228_MPFEEIDI_00387	SA20160228_MPFEEIDI_00393	38.889	18	9	1	32	49	2	17	4.7	17.3
SA20160228_MPFEEIDI_00387	SA20160228_MPFEEIDI_00381	50.000	12	6	0	2	13	113	124	6.8	18.5
SA20160228_MPFEEIDI_00388	SA20160228_MPFEEIDI_00388	100.000	447	0	0	1	447	1	447	0.0	921
SA20160228_MPFEEIDI_00388	SA20160228_MPFEEIDI_00374	35.294	17	11	0	332	348	45	61	2.1	20.0
SA20160228_MPFEEIDI_00388	SA20160228_MPFEEIDI_00391	37.838	37	19	2	301	333	318	354	2.1	20.0
SA20160228_MPFEEIDI_00388	SA20160228_MPFEEIDI_00384	30.435	46	27	3	297	342	142	182	3.6	19.2
SA20160228_MPFEEIDI_00388	SA20160228_MPFEEIDI_00379	26.667	30	14	1	311	340	144	165	5.8	18.5
SA20160228_MPFEEIDI_00388	SA20160228_MPFEEIDI_00387	25.758	66	44	1	12	72	390	455	9.4	18.1
SA20160228_MPFEEIDI_00389	SA20160228_MPFEEIDI_00389	100.000	307	0	0	1	307	1	307	0.0	619
SA20160228_MPFEEIDI_00389	SA20160228_MPFEEIDI_00382	63.636	11	4	0	116	126	238	248	3.1	18.9
SA20160228_MPFEEIDI_00389	SA20160228_MPFEEIDI_00376	47.368	19	10	0	53	71	81	99	4.8	18.1
SA20160228_MPFEEIDI_00390	SA20160228_MPFEEIDI_00390	100.000	541	0	0	1	541	1	541	0.0	1087
SA20160228_MPFEEIDI_00390	SA20160228_MPFEEIDI_00386	33.333	45	26	1	44	88	324	364	4.6	19.2
SA20160228_MPFEEIDI_00390	SA20160228_MPFEEIDI_00373	70.000	10	3	0	16	25	286	295	7.0	18.5
SA20160228_MPFEEIDI_00391	SA20160228_MPFEEIDI_00391	100.000	372	0	0	1	372	1	372	0.0	759
SA20160228_MPFEEIDI_00391	SA20160228_MPFEEIDI_00375	26.786	56	38	1	196	251	125	177	1.1	20.4
SA20160228_MPFEEIDI_00391	SA20160228_MPFEEIDI_00376	38.095	21	13	0	218	238	352	372	1.3	20.4
SA20160228_MPFEEIDI_00391	SA20160228_MPFEEIDI_00386	38.889	36	19	2	184	219	388	420	1.8	20.0
SA20160228_MPFEEIDI_00391	SA20160228_MPFEEIDI_00388	37.838	37	19	2	318	354	301	333	1.8	20.0
SA20160228_MPFEEIDI_00391	SA20160228_MPFEEIDI_00378	29.167	24	17	0	77	100	318	341	2.6	19.2
SA20160228_MPFEEIDI_00391	SA20160228_MPFEEIDI_00373	36.111	36	22	1	60	95	163	197	2.8	19.2
SA20160228_MPFEEIDI_00391	SA20160228_MPFEEIDI_00390	45.455	11	6	0	54	64	155	165	3.9	18.9
SA20160228_MPFEEIDI_00391	SA20160228_MPFEEIDI_00383	39.130	23	14	0	200	222	97	119	4.6	18.5
SA20160228_MPFEEIDI_00392	SA20160228_MPFEEIDI_00392	100.000	91	0	0	1	91	1	91	1.48e-65	183
SA20160228_MPFEEIDI_00392	SA20160228_MPFEEIDI_00387	52.174	23	7	2	28	46	151	173	0.69	18.5
SA20160228_MPFEEIDI_00392	SA20160228_MPFEEIDI_00382	28.261	46	20	2	4	36	64	109	1.4	17.7
SA20160228_MPFEEIDI_00393	SA20160228_MPFEEIDI_00393	100.000	41	0	0	1	41	1	41	4.06e-29	87.8
SA20160228_MPFEEIDI_00393	SA20160228_MPFEEIDI_00386	70.000	10	3	0	7	16	399	408	0.024	20.8
SA20160228_MPFEEIDI_00393	SA20160228_MPFEEIDI_00387	38.889	18	9	1	2	17	32	49	0.38	17.3
SA20160228_MPFEEIDI_00393	SA20160228_MPFEEIDI_00381	41.176	17	10	0	22	38	190	206	1.1	16.2
SA20160228_MPFEEIDI_00393	SA20160228_MPFEEIDI_00384	40.000	10	6	0	14	23	348	357	2.8	15.4
SA20160228_MPFEEIDI_00393	SA20160228_MPFEEIDI_00375	36.364	11	7	0	29	39	41	51	5.2	14.6
