SA20160190_KJBEGOPM_01914	SA20160323_HIEPLBCK_03177	100.000	337	0	0	1	337	1	337	0.0	672
SA20160190_KJBEGOPM_01914	SA20160323_HIEPLBCK_03175	38.462	26	13	1	164	186	65	90	2.2	19.2
SA20160190_KJBEGOPM_01914	SA20160323_HIEPLBCK_03163	40.000	25	11	1	236	256	324	348	3.1	19.2
SA20160190_KJBEGOPM_01914	SA20160323_HIEPLBCK_03167	37.209	43	23	3	131	170	21	62	3.9	18.5
SA20160190_KJBEGOPM_01914	SA20160323_HIEPLBCK_03172	43.478	23	6	1	279	301	178	193	4.2	18.5
SA20160190_KJBEGOPM_01914	SA20160323_HIEPLBCK_03159	70.000	10	3	0	286	295	16	25	5.1	18.5
SA20160190_KJBEGOPM_01914	SA20160323_HIEPLBCK_03174	38.095	21	12	1	15	35	105	124	7.7	17.7
SA20160190_KJBEGOPM_01915	SA20160323_HIEPLBCK_03176	100.000	326	0	0	1	326	1	326	0.0	668
SA20160190_KJBEGOPM_01915	SA20160323_HIEPLBCK_03166	25.000	80	56	2	139	217	33	109	0.27	22.3
SA20160190_KJBEGOPM_01915	SA20160323_HIEPLBCK_03161	35.294	17	11	0	45	61	332	348	1.5	20.0
SA20160190_KJBEGOPM_01915	SA20160323_HIEPLBCK_03171	36.000	25	16	0	121	145	168	192	5.2	18.1
SA20160190_KJBEGOPM_01915	SA20160323_HIEPLBCK_03162	33.333	21	14	0	50	70	409	429	8.1	17.7
SA20160190_KJBEGOPM_01916	SA20160323_HIEPLBCK_03175	100.000	179	0	0	1	179	1	179	6.89e-140	378
SA20160190_KJBEGOPM_01916	SA20160323_HIEPLBCK_03158	20.455	132	97	3	51	177	123	251	0.59	20.0
SA20160190_KJBEGOPM_01916	SA20160323_HIEPLBCK_03164	34.483	29	13	1	122	150	17	39	0.79	19.6
SA20160190_KJBEGOPM_01916	SA20160323_HIEPLBCK_03177	38.462	26	13	1	65	90	164	186	1.1	19.2
SA20160190_KJBEGOPM_01916	SA20160323_HIEPLBCK_03163	25.000	40	27	2	95	134	202	238	3.3	17.7
SA20160190_KJBEGOPM_01917	SA20160323_HIEPLBCK_03174	100.000	372	0	0	1	372	1	372	0.0	764
SA20160190_KJBEGOPM_01917	SA20160323_HIEPLBCK_03158	38.095	21	13	0	352	372	218	238	1.4	20.4
SA20160190_KJBEGOPM_01917	SA20160323_HIEPLBCK_03160	47.368	19	10	0	81	99	53	71	5.8	18.1
SA20160190_KJBEGOPM_01918	SA20160323_HIEPLBCK_03173	100.000	93	0	0	1	93	1	93	9.32e-68	189
SA20160190_KJBEGOPM_01918	SA20160323_HIEPLBCK_03160	33.333	21	14	0	63	83	152	172	4.8	16.2
SA20160190_KJBEGOPM_01918	SA20160323_HIEPLBCK_03174	41.667	12	7	0	45	56	165	176	8.5	15.4
SA20160190_KJBEGOPM_01919	SA20160323_HIEPLBCK_03172	100.000	437	0	0	1	437	1	437	0.0	859
SA20160190_KJBEGOPM_01919	SA20160323_HIEPLBCK_03166	30.357	56	29	2	74	119	239	294	0.25	22.7
SA20160190_KJBEGOPM_01919	SA20160323_HIEPLBCK_03167	30.986	71	37	5	149	215	42	104	0.77	20.8
SA20160190_KJBEGOPM_01919	SA20160323_HIEPLBCK_03164	23.469	98	56	3	330	419	93	179	1.4	20.4
SA20160190_KJBEGOPM_01919	SA20160323_HIEPLBCK_03162	20.000	40	32	0	84	123	343	382	3.8	19.2
SA20160190_KJBEGOPM_01919	SA20160323_HIEPLBCK_03177	43.478	23	6	1	178	193	279	301	4.7	18.9
SA20160190_KJBEGOPM_01919	SA20160323_HIEPLBCK_03171	40.000	25	12	1	332	356	102	123	5.0	18.5
SA20160190_KJBEGOPM_01919	SA20160323_HIEPLBCK_03158	29.167	24	17	0	318	341	77	100	5.1	18.9
SA20160190_KJBEGOPM_01920	SA20160323_HIEPLBCK_03171	100.000	268	0	0	1	268	1	268	0.0	556
SA20160190_KJBEGOPM_01920	SA20160323_HIEPLBCK_03168	21.667	60	42	2	153	207	189	248	0.98	20.0
SA20160190_KJBEGOPM_01920	SA20160323_HIEPLBCK_03172	40.000	25	12	1	102	123	332	356	3.1	18.5
SA20160190_KJBEGOPM_01920	SA20160323_HIEPLBCK_03161	25.000	44	32	1	68	111	60	102	3.5	18.5
SA20160190_KJBEGOPM_01920	SA20160323_HIEPLBCK_03176	36.000	25	16	0	168	192	121	145	4.2	18.1
SA20160190_KJBEGOPM_01920	SA20160323_HIEPLBCK_03170	37.037	54	31	3	68	120	61	112	4.6	17.7
SA20160190_KJBEGOPM_01920	SA20160323_HIEPLBCK_03169	55.556	9	4	0	65	73	74	82	6.0	17.7
SA20160190_KJBEGOPM_01921	SA20160323_HIEPLBCK_03170	100.000	145	0	0	1	145	1	145	8.95e-109	296
SA20160190_KJBEGOPM_01921	SA20160323_HIEPLBCK_03162	50.000	20	10	0	7	26	436	455	0.52	20.0
SA20160190_KJBEGOPM_01921	SA20160323_HIEPLBCK_03171	37.037	54	31	3	61	112	68	120	2.5	17.7
SA20160190_KJBEGOPM_01921	SA20160323_HIEPLBCK_03164	38.462	13	8	0	48	60	162	174	8.1	16.2
SA20160190_KJBEGOPM_01921	SA20160323_HIEPLBCK_03176	34.615	26	13	2	87	112	196	217	8.3	16.2
SA20160190_KJBEGOPM_01922	SA20160323_HIEPLBCK_03169	100.000	210	0	0	1	210	1	210	4.42e-158	426
SA20160190_KJBEGOPM_01922	SA20160323_HIEPLBCK_03166	29.730	37	25	1	44	79	62	98	0.081	23.1
SA20160190_KJBEGOPM_01922	SA20160323_HIEPLBCK_03162	21.212	33	26	0	41	73	424	456	4.3	17.7
SA20160190_KJBEGOPM_01922	SA20160323_HIEPLBCK_03171	55.556	9	4	0	74	82	65	73	4.5	17.7
SA20160190_KJBEGOPM_01922	SA20160323_HIEPLBCK_03161	63.636	11	4	0	3	13	50	60	5.8	17.3
SA20160190_KJBEGOPM_01923	SA20160323_HIEPLBCK_03168	100.000	263	0	0	1	263	1	263	0.0	546
SA20160190_KJBEGOPM_01923	SA20160323_HIEPLBCK_03171	21.667	60	42	2	189	248	153	207	0.96	20.0
SA20160190_KJBEGOPM_01923	SA20160323_HIEPLBCK_03167	45.455	11	6	0	32	42	56	66	1.9	18.9
SA20160190_KJBEGOPM_01923	SA20160323_HIEPLBCK_03160	63.636	11	4	0	238	248	116	126	2.6	18.9
SA20160190_KJBEGOPM_01923	SA20160323_HIEPLBCK_03157	28.261	46	20	2	64	109	4	36	3.7	17.7
SA20160190_KJBEGOPM_01923	SA20160323_HIEPLBCK_03162	35.000	20	13	0	36	55	443	462	6.3	17.7
SA20160190_KJBEGOPM_01923	SA20160323_HIEPLBCK_03158	53.846	13	6	0	97	109	93	105	6.6	17.7
SA20160190_KJBEGOPM_01924	SA20160323_HIEPLBCK_03167	100.000	145	0	0	1	145	1	145	2.16e-112	306
SA20160190_KJBEGOPM_01924	SA20160323_HIEPLBCK_03172	30.986	71	37	5	42	104	149	215	0.26	20.8
SA20160190_KJBEGOPM_01924	SA20160323_HIEPLBCK_03168	45.455	11	6	0	56	66	32	42	1.1	18.9
SA20160190_KJBEGOPM_01924	SA20160323_HIEPLBCK_03158	39.130	23	14	0	97	119	200	222	1.1	18.9
SA20160190_KJBEGOPM_01924	SA20160323_HIEPLBCK_03177	37.209	43	23	3	21	62	131	170	1.9	18.1
SA20160190_KJBEGOPM_01924	SA20160323_HIEPLBCK_03176	36.364	11	7	0	57	67	172	182	9.7	16.2
SA20160190_KJBEGOPM_01925	SA20160323_HIEPLBCK_03166	100.000	318	0	0	1	318	1	318	0.0	644
SA20160190_KJBEGOPM_01925	SA20160323_HIEPLBCK_03172	30.357	56	29	2	239	294	74	119	0.16	23.1
SA20160190_KJBEGOPM_01925	SA20160323_HIEPLBCK_03169	29.730	37	25	1	62	98	44	79	0.17	22.7
SA20160190_KJBEGOPM_01925	SA20160323_HIEPLBCK_03176	25.000	80	56	2	33	109	139	217	0.27	22.3
SA20160190_KJBEGOPM_01925	SA20160323_HIEPLBCK_03164	27.536	69	49	1	216	284	111	178	0.62	20.8
SA20160190_KJBEGOPM_01925	SA20160323_HIEPLBCK_03161	30.435	46	27	3	59	99	297	342	2.3	19.2
SA20160190_KJBEGOPM_01926	SA20160323_HIEPLBCK_03165	100.000	92	0	0	1	92	1	92	1.69e-67	188
SA20160190_KJBEGOPM_01926	SA20160323_HIEPLBCK_03172	29.268	41	28	1	20	60	83	122	5.7	15.8
SA20160190_KJBEGOPM_01926	SA20160323_HIEPLBCK_03158	43.750	16	8	1	49	63	304	319	8.0	15.4
SA20160190_KJBEGOPM_01927	SA20160323_HIEPLBCK_03164	100.000	188	0	0	1	188	1	188	3.56e-145	392
SA20160190_KJBEGOPM_01927	SA20160323_HIEPLBCK_03166	27.536	69	49	1	111	178	216	284	0.37	20.8
SA20160190_KJBEGOPM_01927	SA20160323_HIEPLBCK_03175	34.483	29	13	1	17	39	122	150	0.82	19.6
SA20160190_KJBEGOPM_01927	SA20160323_HIEPLBCK_03172	23.913	92	51	4	93	173	330	413	3.1	18.1
SA20160190_KJBEGOPM_01927	SA20160323_HIEPLBCK_03171	23.750	80	41	2	14	83	38	107	7.9	16.5
SA20160190_KJBEGOPM_01928	SA20160323_HIEPLBCK_03163	100.000	539	0	0	1	539	1	539	0.0	1125
SA20160190_KJBEGOPM_01928	SA20160323_HIEPLBCK_03158	38.889	36	19	2	388	420	184	219	3.4	19.6
SA20160190_KJBEGOPM_01928	SA20160323_HIEPLBCK_03159	33.333	45	26	1	324	364	44	88	4.9	19.2
SA20160190_KJBEGOPM_01929	SA20160323_HIEPLBCK_03162	100.000	502	0	0	1	502	1	502	0.0	1037
SA20160190_KJBEGOPM_01929	SA20160323_HIEPLBCK_03170	50.000	20	10	0	436	455	7	26	1.8	20.0
SA20160190_KJBEGOPM_01929	SA20160323_HIEPLBCK_03172	20.000	40	32	0	343	382	84	123	4.2	19.2
SA20160190_KJBEGOPM_01929	SA20160323_HIEPLBCK_03169	21.212	33	26	0	424	456	41	73	9.6	18.1
SA20160190_KJBEGOPM_01930	SA20160323_HIEPLBCK_03161	100.000	447	0	0	1	447	1	447	0.0	922
SA20160190_KJBEGOPM_01930	SA20160323_HIEPLBCK_03158	29.167	72	30	3	301	368	318	372	1.4	20.4
SA20160190_KJBEGOPM_01930	SA20160323_HIEPLBCK_03176	35.294	17	11	0	332	348	45	61	2.0	20.0
SA20160190_KJBEGOPM_01930	SA20160323_HIEPLBCK_03166	30.435	46	27	3	297	342	59	99	3.2	19.2
SA20160190_KJBEGOPM_01930	SA20160323_HIEPLBCK_03171	25.000	44	32	1	60	102	68	111	5.8	18.5
SA20160190_KJBEGOPM_01931	SA20160323_HIEPLBCK_03160	100.000	307	0	0	1	307	1	307	0.0	619
SA20160190_KJBEGOPM_01931	SA20160323_HIEPLBCK_03168	63.636	11	4	0	116	126	238	248	3.0	18.9
SA20160190_KJBEGOPM_01931	SA20160323_HIEPLBCK_03174	47.368	19	10	0	53	71	81	99	4.8	18.1
SA20160190_KJBEGOPM_01932	SA20160323_HIEPLBCK_03159	100.000	541	0	0	1	541	1	541	0.0	1087
SA20160190_KJBEGOPM_01932	SA20160323_HIEPLBCK_03163	33.333	45	26	1	44	88	324	364	4.7	19.2
SA20160190_KJBEGOPM_01932	SA20160323_HIEPLBCK_03177	70.000	10	3	0	16	25	286	295	7.1	18.5
SA20160190_KJBEGOPM_01933	SA20160323_HIEPLBCK_03158	100.000	372	0	0	1	372	1	372	0.0	759
SA20160190_KJBEGOPM_01933	SA20160323_HIEPLBCK_03161	29.167	72	30	3	318	372	301	368	1.2	20.4
SA20160190_KJBEGOPM_01933	SA20160323_HIEPLBCK_03175	26.786	56	38	1	196	251	125	177	1.2	20.0
SA20160190_KJBEGOPM_01933	SA20160323_HIEPLBCK_03174	38.095	21	13	0	218	238	352	372	1.3	20.4
SA20160190_KJBEGOPM_01933	SA20160323_HIEPLBCK_03163	38.889	36	19	2	184	219	388	420	1.8	20.0
SA20160190_KJBEGOPM_01933	SA20160323_HIEPLBCK_03177	30.000	40	26	1	50	87	12	51	2.5	19.6
SA20160190_KJBEGOPM_01933	SA20160323_HIEPLBCK_03167	39.130	23	14	0	200	222	97	119	2.9	18.9
SA20160190_KJBEGOPM_01933	SA20160323_HIEPLBCK_03159	45.455	11	6	0	54	64	155	165	4.0	18.9
SA20160190_KJBEGOPM_01933	SA20160323_HIEPLBCK_03172	29.167	24	17	0	77	100	318	341	4.3	18.9
SA20160190_KJBEGOPM_01933	SA20160323_HIEPLBCK_03168	53.846	13	6	0	93	105	97	109	9.2	17.7
SA20160190_KJBEGOPM_01934	SA20160323_HIEPLBCK_03157	100.000	91	0	0	1	91	1	91	1.47e-65	183
SA20160190_KJBEGOPM_01934	SA20160323_HIEPLBCK_03162	52.174	23	7	2	28	46	151	173	0.69	18.5
SA20160190_KJBEGOPM_01934	SA20160323_HIEPLBCK_03168	28.261	46	20	2	4	36	64	109	1.3	17.7
SA20160323_HIEPLBCK_03157	SA20160323_HIEPLBCK_03157	100.000	91	0	0	1	91	1	91	1.47e-65	183
SA20160323_HIEPLBCK_03157	SA20160323_HIEPLBCK_03162	52.174	23	7	2	28	46	151	173	0.69	18.5
SA20160323_HIEPLBCK_03157	SA20160323_HIEPLBCK_03168	28.261	46	20	2	4	36	64	109	1.3	17.7
SA20160323_HIEPLBCK_03158	SA20160323_HIEPLBCK_03158	100.000	372	0	0	1	372	1	372	0.0	759
SA20160323_HIEPLBCK_03158	SA20160323_HIEPLBCK_03161	29.167	72	30	3	318	372	301	368	1.2	20.4
SA20160323_HIEPLBCK_03158	SA20160323_HIEPLBCK_03175	26.786	56	38	1	196	251	125	177	1.2	20.0
SA20160323_HIEPLBCK_03158	SA20160323_HIEPLBCK_03174	38.095	21	13	0	218	238	352	372	1.3	20.4
SA20160323_HIEPLBCK_03158	SA20160323_HIEPLBCK_03163	38.889	36	19	2	184	219	388	420	1.8	20.0
SA20160323_HIEPLBCK_03158	SA20160323_HIEPLBCK_03177	30.000	40	26	1	50	87	12	51	2.5	19.6
SA20160323_HIEPLBCK_03158	SA20160323_HIEPLBCK_03167	39.130	23	14	0	200	222	97	119	2.9	18.9
SA20160323_HIEPLBCK_03158	SA20160323_HIEPLBCK_03159	45.455	11	6	0	54	64	155	165	4.0	18.9
SA20160323_HIEPLBCK_03158	SA20160323_HIEPLBCK_03172	29.167	24	17	0	77	100	318	341	4.3	18.9
SA20160323_HIEPLBCK_03158	SA20160323_HIEPLBCK_03168	53.846	13	6	0	93	105	97	109	9.2	17.7
SA20160323_HIEPLBCK_03159	SA20160323_HIEPLBCK_03159	100.000	541	0	0	1	541	1	541	0.0	1087
SA20160323_HIEPLBCK_03159	SA20160323_HIEPLBCK_03163	33.333	45	26	1	44	88	324	364	4.7	19.2
SA20160323_HIEPLBCK_03159	SA20160323_HIEPLBCK_03177	70.000	10	3	0	16	25	286	295	7.1	18.5
SA20160323_HIEPLBCK_03160	SA20160323_HIEPLBCK_03160	100.000	307	0	0	1	307	1	307	0.0	619
SA20160323_HIEPLBCK_03160	SA20160323_HIEPLBCK_03168	63.636	11	4	0	116	126	238	248	3.0	18.9
SA20160323_HIEPLBCK_03160	SA20160323_HIEPLBCK_03174	47.368	19	10	0	53	71	81	99	4.8	18.1
SA20160323_HIEPLBCK_03161	SA20160323_HIEPLBCK_03161	100.000	447	0	0	1	447	1	447	0.0	922
SA20160323_HIEPLBCK_03161	SA20160323_HIEPLBCK_03158	29.167	72	30	3	301	368	318	372	1.4	20.4
SA20160323_HIEPLBCK_03161	SA20160323_HIEPLBCK_03176	35.294	17	11	0	332	348	45	61	2.0	20.0
SA20160323_HIEPLBCK_03161	SA20160323_HIEPLBCK_03166	30.435	46	27	3	297	342	59	99	3.2	19.2
SA20160323_HIEPLBCK_03161	SA20160323_HIEPLBCK_03171	25.000	44	32	1	60	102	68	111	5.8	18.5
SA20160323_HIEPLBCK_03162	SA20160323_HIEPLBCK_03162	100.000	502	0	0	1	502	1	502	0.0	1037
SA20160323_HIEPLBCK_03162	SA20160323_HIEPLBCK_03170	50.000	20	10	0	436	455	7	26	1.8	20.0
SA20160323_HIEPLBCK_03162	SA20160323_HIEPLBCK_03172	20.000	40	32	0	343	382	84	123	4.2	19.2
SA20160323_HIEPLBCK_03162	SA20160323_HIEPLBCK_03169	21.212	33	26	0	424	456	41	73	9.6	18.1
SA20160323_HIEPLBCK_03163	SA20160323_HIEPLBCK_03163	100.000	539	0	0	1	539	1	539	0.0	1125
SA20160323_HIEPLBCK_03163	SA20160323_HIEPLBCK_03158	38.889	36	19	2	388	420	184	219	3.4	19.6
SA20160323_HIEPLBCK_03163	SA20160323_HIEPLBCK_03159	33.333	45	26	1	324	364	44	88	4.9	19.2
SA20160323_HIEPLBCK_03164	SA20160323_HIEPLBCK_03164	100.000	188	0	0	1	188	1	188	3.56e-145	392
SA20160323_HIEPLBCK_03164	SA20160323_HIEPLBCK_03166	27.536	69	49	1	111	178	216	284	0.37	20.8
SA20160323_HIEPLBCK_03164	SA20160323_HIEPLBCK_03175	34.483	29	13	1	17	39	122	150	0.82	19.6
SA20160323_HIEPLBCK_03164	SA20160323_HIEPLBCK_03172	23.913	92	51	4	93	173	330	413	3.1	18.1
SA20160323_HIEPLBCK_03164	SA20160323_HIEPLBCK_03171	23.750	80	41	2	14	83	38	107	7.9	16.5
SA20160323_HIEPLBCK_03165	SA20160323_HIEPLBCK_03165	100.000	92	0	0	1	92	1	92	1.69e-67	188
SA20160323_HIEPLBCK_03165	SA20160323_HIEPLBCK_03172	29.268	41	28	1	20	60	83	122	5.7	15.8
SA20160323_HIEPLBCK_03165	SA20160323_HIEPLBCK_03158	43.750	16	8	1	49	63	304	319	8.0	15.4
SA20160323_HIEPLBCK_03166	SA20160323_HIEPLBCK_03166	100.000	318	0	0	1	318	1	318	0.0	644
SA20160323_HIEPLBCK_03166	SA20160323_HIEPLBCK_03172	30.357	56	29	2	239	294	74	119	0.16	23.1
SA20160323_HIEPLBCK_03166	SA20160323_HIEPLBCK_03169	29.730	37	25	1	62	98	44	79	0.17	22.7
SA20160323_HIEPLBCK_03166	SA20160323_HIEPLBCK_03176	25.000	80	56	2	33	109	139	217	0.27	22.3
SA20160323_HIEPLBCK_03166	SA20160323_HIEPLBCK_03164	27.536	69	49	1	216	284	111	178	0.62	20.8
SA20160323_HIEPLBCK_03166	SA20160323_HIEPLBCK_03161	30.435	46	27	3	59	99	297	342	2.3	19.2
SA20160323_HIEPLBCK_03167	SA20160323_HIEPLBCK_03167	100.000	145	0	0	1	145	1	145	2.16e-112	306
SA20160323_HIEPLBCK_03167	SA20160323_HIEPLBCK_03172	30.986	71	37	5	42	104	149	215	0.26	20.8
SA20160323_HIEPLBCK_03167	SA20160323_HIEPLBCK_03168	45.455	11	6	0	56	66	32	42	1.1	18.9
SA20160323_HIEPLBCK_03167	SA20160323_HIEPLBCK_03158	39.130	23	14	0	97	119	200	222	1.1	18.9
SA20160323_HIEPLBCK_03167	SA20160323_HIEPLBCK_03177	37.209	43	23	3	21	62	131	170	1.9	18.1
SA20160323_HIEPLBCK_03167	SA20160323_HIEPLBCK_03176	36.364	11	7	0	57	67	172	182	9.7	16.2
SA20160323_HIEPLBCK_03168	SA20160323_HIEPLBCK_03168	100.000	263	0	0	1	263	1	263	0.0	546
SA20160323_HIEPLBCK_03168	SA20160323_HIEPLBCK_03171	21.667	60	42	2	189	248	153	207	0.96	20.0
SA20160323_HIEPLBCK_03168	SA20160323_HIEPLBCK_03167	45.455	11	6	0	32	42	56	66	1.9	18.9
SA20160323_HIEPLBCK_03168	SA20160323_HIEPLBCK_03160	63.636	11	4	0	238	248	116	126	2.6	18.9
SA20160323_HIEPLBCK_03168	SA20160323_HIEPLBCK_03157	28.261	46	20	2	64	109	4	36	3.7	17.7
SA20160323_HIEPLBCK_03168	SA20160323_HIEPLBCK_03162	35.000	20	13	0	36	55	443	462	6.3	17.7
SA20160323_HIEPLBCK_03168	SA20160323_HIEPLBCK_03158	53.846	13	6	0	97	109	93	105	6.6	17.7
SA20160323_HIEPLBCK_03169	SA20160323_HIEPLBCK_03169	100.000	210	0	0	1	210	1	210	4.42e-158	426
SA20160323_HIEPLBCK_03169	SA20160323_HIEPLBCK_03166	29.730	37	25	1	44	79	62	98	0.081	23.1
SA20160323_HIEPLBCK_03169	SA20160323_HIEPLBCK_03162	21.212	33	26	0	41	73	424	456	4.3	17.7
SA20160323_HIEPLBCK_03169	SA20160323_HIEPLBCK_03171	55.556	9	4	0	74	82	65	73	4.5	17.7
SA20160323_HIEPLBCK_03169	SA20160323_HIEPLBCK_03161	63.636	11	4	0	3	13	50	60	5.8	17.3
SA20160323_HIEPLBCK_03170	SA20160323_HIEPLBCK_03170	100.000	145	0	0	1	145	1	145	8.95e-109	296
SA20160323_HIEPLBCK_03170	SA20160323_HIEPLBCK_03162	50.000	20	10	0	7	26	436	455	0.52	20.0
SA20160323_HIEPLBCK_03170	SA20160323_HIEPLBCK_03171	37.037	54	31	3	61	112	68	120	2.5	17.7
SA20160323_HIEPLBCK_03170	SA20160323_HIEPLBCK_03164	38.462	13	8	0	48	60	162	174	8.1	16.2
SA20160323_HIEPLBCK_03170	SA20160323_HIEPLBCK_03176	34.615	26	13	2	87	112	196	217	8.3	16.2
SA20160323_HIEPLBCK_03171	SA20160323_HIEPLBCK_03171	100.000	268	0	0	1	268	1	268	0.0	556
SA20160323_HIEPLBCK_03171	SA20160323_HIEPLBCK_03168	21.667	60	42	2	153	207	189	248	0.98	20.0
SA20160323_HIEPLBCK_03171	SA20160323_HIEPLBCK_03172	40.000	25	12	1	102	123	332	356	3.1	18.5
SA20160323_HIEPLBCK_03171	SA20160323_HIEPLBCK_03161	25.000	44	32	1	68	111	60	102	3.5	18.5
SA20160323_HIEPLBCK_03171	SA20160323_HIEPLBCK_03176	36.000	25	16	0	168	192	121	145	4.2	18.1
SA20160323_HIEPLBCK_03171	SA20160323_HIEPLBCK_03170	37.037	54	31	3	68	120	61	112	4.6	17.7
SA20160323_HIEPLBCK_03171	SA20160323_HIEPLBCK_03169	55.556	9	4	0	65	73	74	82	6.0	17.7
SA20160323_HIEPLBCK_03172	SA20160323_HIEPLBCK_03172	100.000	437	0	0	1	437	1	437	0.0	859
SA20160323_HIEPLBCK_03172	SA20160323_HIEPLBCK_03166	30.357	56	29	2	74	119	239	294	0.25	22.7
SA20160323_HIEPLBCK_03172	SA20160323_HIEPLBCK_03164	23.469	98	56	3	330	419	93	179	1.4	20.4
SA20160323_HIEPLBCK_03172	SA20160323_HIEPLBCK_03162	20.000	40	32	0	84	123	343	382	3.8	19.2
SA20160323_HIEPLBCK_03172	SA20160323_HIEPLBCK_03177	43.478	23	6	1	178	193	279	301	4.7	18.9
SA20160323_HIEPLBCK_03172	SA20160323_HIEPLBCK_03171	40.000	25	12	1	332	356	102	123	5.0	18.5
SA20160323_HIEPLBCK_03172	SA20160323_HIEPLBCK_03158	29.167	24	17	0	318	341	77	100	5.1	18.9
SA20160323_HIEPLBCK_03173	SA20160323_HIEPLBCK_03173	100.000	93	0	0	1	93	1	93	9.32e-68	189
SA20160323_HIEPLBCK_03173	SA20160323_HIEPLBCK_03160	33.333	21	14	0	63	83	152	172	4.8	16.2
SA20160323_HIEPLBCK_03173	SA20160323_HIEPLBCK_03174	41.667	12	7	0	45	56	165	176	8.5	15.4
SA20160323_HIEPLBCK_03174	SA20160323_HIEPLBCK_03174	100.000	372	0	0	1	372	1	372	0.0	764
SA20160323_HIEPLBCK_03174	SA20160323_HIEPLBCK_03158	38.095	21	13	0	352	372	218	238	1.4	20.4
SA20160323_HIEPLBCK_03174	SA20160323_HIEPLBCK_03160	47.368	19	10	0	81	99	53	71	5.8	18.1
SA20160323_HIEPLBCK_03175	SA20160323_HIEPLBCK_03175	100.000	179	0	0	1	179	1	179	6.89e-140	378
SA20160323_HIEPLBCK_03175	SA20160323_HIEPLBCK_03158	20.455	132	97	3	51	177	123	251	0.59	20.0
SA20160323_HIEPLBCK_03175	SA20160323_HIEPLBCK_03164	34.483	29	13	1	122	150	17	39	0.79	19.6
SA20160323_HIEPLBCK_03175	SA20160323_HIEPLBCK_03177	38.462	26	13	1	65	90	164	186	1.1	19.2
SA20160323_HIEPLBCK_03175	SA20160323_HIEPLBCK_03163	25.000	40	27	2	95	134	202	238	3.3	17.7
SA20160323_HIEPLBCK_03176	SA20160323_HIEPLBCK_03176	100.000	326	0	0	1	326	1	326	0.0	668
SA20160323_HIEPLBCK_03176	SA20160323_HIEPLBCK_03166	25.000	80	56	2	139	217	33	109	0.27	22.3
SA20160323_HIEPLBCK_03176	SA20160323_HIEPLBCK_03161	35.294	17	11	0	45	61	332	348	1.5	20.0
SA20160323_HIEPLBCK_03176	SA20160323_HIEPLBCK_03171	36.000	25	16	0	121	145	168	192	5.2	18.1
SA20160323_HIEPLBCK_03176	SA20160323_HIEPLBCK_03162	33.333	21	14	0	50	70	409	429	8.1	17.7
SA20160323_HIEPLBCK_03177	SA20160323_HIEPLBCK_03177	100.000	337	0	0	1	337	1	337	0.0	672
SA20160323_HIEPLBCK_03177	SA20160323_HIEPLBCK_03175	38.462	26	13	1	164	186	65	90	2.2	19.2
SA20160323_HIEPLBCK_03177	SA20160323_HIEPLBCK_03163	40.000	25	11	1	236	256	324	348	3.1	19.2
SA20160323_HIEPLBCK_03177	SA20160323_HIEPLBCK_03167	37.209	43	23	3	131	170	21	62	3.9	18.5
SA20160323_HIEPLBCK_03177	SA20160323_HIEPLBCK_03172	43.478	23	6	1	279	301	178	193	4.2	18.5
SA20160323_HIEPLBCK_03177	SA20160323_HIEPLBCK_03159	70.000	10	3	0	286	295	16	25	5.1	18.5
SA20160323_HIEPLBCK_03177	SA20160323_HIEPLBCK_03174	38.095	21	12	1	15	35	105	124	7.7	17.7
SA20160190_KJBEGOPM_01914	SA20160190_KJBEGOPM_01914	100.000	337	0	0	1	337	1	337	0.0	672
SA20160190_KJBEGOPM_01914	SA20160190_KJBEGOPM_01916	38.462	26	13	1	164	186	65	90	2.2	19.2
SA20160190_KJBEGOPM_01914	SA20160190_KJBEGOPM_01928	40.000	25	11	1	236	256	324	348	3.1	19.2
SA20160190_KJBEGOPM_01914	SA20160190_KJBEGOPM_01924	37.209	43	23	3	131	170	21	62	3.9	18.5
SA20160190_KJBEGOPM_01914	SA20160190_KJBEGOPM_01919	43.478	23	6	1	279	301	178	193	4.2	18.5
SA20160190_KJBEGOPM_01914	SA20160190_KJBEGOPM_01932	70.000	10	3	0	286	295	16	25	5.1	18.5
SA20160190_KJBEGOPM_01914	SA20160190_KJBEGOPM_01917	38.095	21	12	1	15	35	105	124	7.7	17.7
SA20160190_KJBEGOPM_01915	SA20160190_KJBEGOPM_01915	100.000	326	0	0	1	326	1	326	0.0	668
SA20160190_KJBEGOPM_01915	SA20160190_KJBEGOPM_01925	25.000	80	56	2	139	217	33	109	0.27	22.3
SA20160190_KJBEGOPM_01915	SA20160190_KJBEGOPM_01930	35.294	17	11	0	45	61	332	348	1.5	20.0
SA20160190_KJBEGOPM_01915	SA20160190_KJBEGOPM_01920	36.000	25	16	0	121	145	168	192	5.2	18.1
SA20160190_KJBEGOPM_01915	SA20160190_KJBEGOPM_01929	33.333	21	14	0	50	70	409	429	8.1	17.7
SA20160190_KJBEGOPM_01916	SA20160190_KJBEGOPM_01916	100.000	179	0	0	1	179	1	179	6.89e-140	378
SA20160190_KJBEGOPM_01916	SA20160190_KJBEGOPM_01933	20.455	132	97	3	51	177	123	251	0.59	20.0
SA20160190_KJBEGOPM_01916	SA20160190_KJBEGOPM_01927	34.483	29	13	1	122	150	17	39	0.79	19.6
SA20160190_KJBEGOPM_01916	SA20160190_KJBEGOPM_01914	38.462	26	13	1	65	90	164	186	1.1	19.2
SA20160190_KJBEGOPM_01916	SA20160190_KJBEGOPM_01928	25.000	40	27	2	95	134	202	238	3.3	17.7
SA20160190_KJBEGOPM_01917	SA20160190_KJBEGOPM_01917	100.000	372	0	0	1	372	1	372	0.0	764
SA20160190_KJBEGOPM_01917	SA20160190_KJBEGOPM_01933	38.095	21	13	0	352	372	218	238	1.4	20.4
SA20160190_KJBEGOPM_01917	SA20160190_KJBEGOPM_01931	47.368	19	10	0	81	99	53	71	5.8	18.1
SA20160190_KJBEGOPM_01918	SA20160190_KJBEGOPM_01918	100.000	93	0	0	1	93	1	93	9.32e-68	189
SA20160190_KJBEGOPM_01918	SA20160190_KJBEGOPM_01931	33.333	21	14	0	63	83	152	172	4.8	16.2
SA20160190_KJBEGOPM_01918	SA20160190_KJBEGOPM_01917	41.667	12	7	0	45	56	165	176	8.5	15.4
SA20160190_KJBEGOPM_01919	SA20160190_KJBEGOPM_01919	100.000	437	0	0	1	437	1	437	0.0	859
SA20160190_KJBEGOPM_01919	SA20160190_KJBEGOPM_01925	30.357	56	29	2	74	119	239	294	0.25	22.7
SA20160190_KJBEGOPM_01919	SA20160190_KJBEGOPM_01927	23.469	98	56	3	330	419	93	179	1.4	20.4
SA20160190_KJBEGOPM_01919	SA20160190_KJBEGOPM_01929	20.000	40	32	0	84	123	343	382	3.8	19.2
SA20160190_KJBEGOPM_01919	SA20160190_KJBEGOPM_01914	43.478	23	6	1	178	193	279	301	4.7	18.9
SA20160190_KJBEGOPM_01919	SA20160190_KJBEGOPM_01920	40.000	25	12	1	332	356	102	123	5.0	18.5
SA20160190_KJBEGOPM_01919	SA20160190_KJBEGOPM_01933	29.167	24	17	0	318	341	77	100	5.1	18.9
SA20160190_KJBEGOPM_01920	SA20160190_KJBEGOPM_01920	100.000	268	0	0	1	268	1	268	0.0	556
SA20160190_KJBEGOPM_01920	SA20160190_KJBEGOPM_01923	21.667	60	42	2	153	207	189	248	0.98	20.0
SA20160190_KJBEGOPM_01920	SA20160190_KJBEGOPM_01919	40.000	25	12	1	102	123	332	356	3.1	18.5
SA20160190_KJBEGOPM_01920	SA20160190_KJBEGOPM_01930	25.000	44	32	1	68	111	60	102	3.5	18.5
SA20160190_KJBEGOPM_01920	SA20160190_KJBEGOPM_01915	36.000	25	16	0	168	192	121	145	4.2	18.1
SA20160190_KJBEGOPM_01920	SA20160190_KJBEGOPM_01921	37.037	54	31	3	68	120	61	112	4.6	17.7
SA20160190_KJBEGOPM_01920	SA20160190_KJBEGOPM_01922	55.556	9	4	0	65	73	74	82	6.0	17.7
SA20160190_KJBEGOPM_01921	SA20160190_KJBEGOPM_01921	100.000	145	0	0	1	145	1	145	8.95e-109	296
SA20160190_KJBEGOPM_01921	SA20160190_KJBEGOPM_01929	50.000	20	10	0	7	26	436	455	0.52	20.0
SA20160190_KJBEGOPM_01921	SA20160190_KJBEGOPM_01920	37.037	54	31	3	61	112	68	120	2.5	17.7
SA20160190_KJBEGOPM_01921	SA20160190_KJBEGOPM_01927	38.462	13	8	0	48	60	162	174	8.1	16.2
SA20160190_KJBEGOPM_01921	SA20160190_KJBEGOPM_01915	34.615	26	13	2	87	112	196	217	8.3	16.2
SA20160190_KJBEGOPM_01922	SA20160190_KJBEGOPM_01922	100.000	210	0	0	1	210	1	210	4.42e-158	426
SA20160190_KJBEGOPM_01922	SA20160190_KJBEGOPM_01925	29.730	37	25	1	44	79	62	98	0.081	23.1
SA20160190_KJBEGOPM_01922	SA20160190_KJBEGOPM_01929	21.212	33	26	0	41	73	424	456	4.3	17.7
SA20160190_KJBEGOPM_01922	SA20160190_KJBEGOPM_01920	55.556	9	4	0	74	82	65	73	4.5	17.7
SA20160190_KJBEGOPM_01922	SA20160190_KJBEGOPM_01930	63.636	11	4	0	3	13	50	60	5.8	17.3
SA20160190_KJBEGOPM_01923	SA20160190_KJBEGOPM_01923	100.000	263	0	0	1	263	1	263	0.0	546
SA20160190_KJBEGOPM_01923	SA20160190_KJBEGOPM_01920	21.667	60	42	2	189	248	153	207	0.96	20.0
SA20160190_KJBEGOPM_01923	SA20160190_KJBEGOPM_01924	45.455	11	6	0	32	42	56	66	1.9	18.9
SA20160190_KJBEGOPM_01923	SA20160190_KJBEGOPM_01931	63.636	11	4	0	238	248	116	126	2.6	18.9
SA20160190_KJBEGOPM_01923	SA20160190_KJBEGOPM_01934	28.261	46	20	2	64	109	4	36	3.7	17.7
SA20160190_KJBEGOPM_01923	SA20160190_KJBEGOPM_01929	35.000	20	13	0	36	55	443	462	6.3	17.7
SA20160190_KJBEGOPM_01923	SA20160190_KJBEGOPM_01933	53.846	13	6	0	97	109	93	105	6.6	17.7
SA20160190_KJBEGOPM_01924	SA20160190_KJBEGOPM_01924	100.000	145	0	0	1	145	1	145	2.16e-112	306
SA20160190_KJBEGOPM_01924	SA20160190_KJBEGOPM_01919	30.986	71	37	5	42	104	149	215	0.26	20.8
SA20160190_KJBEGOPM_01924	SA20160190_KJBEGOPM_01923	45.455	11	6	0	56	66	32	42	1.1	18.9
SA20160190_KJBEGOPM_01924	SA20160190_KJBEGOPM_01933	39.130	23	14	0	97	119	200	222	1.1	18.9
SA20160190_KJBEGOPM_01924	SA20160190_KJBEGOPM_01914	37.209	43	23	3	21	62	131	170	1.9	18.1
SA20160190_KJBEGOPM_01924	SA20160190_KJBEGOPM_01915	36.364	11	7	0	57	67	172	182	9.7	16.2
SA20160190_KJBEGOPM_01925	SA20160190_KJBEGOPM_01925	100.000	318	0	0	1	318	1	318	0.0	644
SA20160190_KJBEGOPM_01925	SA20160190_KJBEGOPM_01919	30.357	56	29	2	239	294	74	119	0.16	23.1
SA20160190_KJBEGOPM_01925	SA20160190_KJBEGOPM_01922	29.730	37	25	1	62	98	44	79	0.17	22.7
SA20160190_KJBEGOPM_01925	SA20160190_KJBEGOPM_01915	25.000	80	56	2	33	109	139	217	0.27	22.3
SA20160190_KJBEGOPM_01925	SA20160190_KJBEGOPM_01927	27.536	69	49	1	216	284	111	178	0.62	20.8
SA20160190_KJBEGOPM_01925	SA20160190_KJBEGOPM_01930	30.435	46	27	3	59	99	297	342	2.3	19.2
SA20160190_KJBEGOPM_01926	SA20160190_KJBEGOPM_01926	100.000	92	0	0	1	92	1	92	1.69e-67	188
SA20160190_KJBEGOPM_01926	SA20160190_KJBEGOPM_01919	29.268	41	28	1	20	60	83	122	5.7	15.8
SA20160190_KJBEGOPM_01926	SA20160190_KJBEGOPM_01933	43.750	16	8	1	49	63	304	319	8.0	15.4
SA20160190_KJBEGOPM_01927	SA20160190_KJBEGOPM_01927	100.000	188	0	0	1	188	1	188	3.56e-145	392
SA20160190_KJBEGOPM_01927	SA20160190_KJBEGOPM_01925	27.536	69	49	1	111	178	216	284	0.37	20.8
SA20160190_KJBEGOPM_01927	SA20160190_KJBEGOPM_01916	34.483	29	13	1	17	39	122	150	0.82	19.6
SA20160190_KJBEGOPM_01927	SA20160190_KJBEGOPM_01919	23.913	92	51	4	93	173	330	413	3.1	18.1
SA20160190_KJBEGOPM_01927	SA20160190_KJBEGOPM_01920	23.750	80	41	2	14	83	38	107	7.9	16.5
SA20160190_KJBEGOPM_01928	SA20160190_KJBEGOPM_01928	100.000	539	0	0	1	539	1	539	0.0	1125
SA20160190_KJBEGOPM_01928	SA20160190_KJBEGOPM_01933	38.889	36	19	2	388	420	184	219	3.4	19.6
SA20160190_KJBEGOPM_01928	SA20160190_KJBEGOPM_01932	33.333	45	26	1	324	364	44	88	4.9	19.2
SA20160190_KJBEGOPM_01929	SA20160190_KJBEGOPM_01929	100.000	502	0	0	1	502	1	502	0.0	1037
SA20160190_KJBEGOPM_01929	SA20160190_KJBEGOPM_01921	50.000	20	10	0	436	455	7	26	1.8	20.0
SA20160190_KJBEGOPM_01929	SA20160190_KJBEGOPM_01919	20.000	40	32	0	343	382	84	123	4.2	19.2
SA20160190_KJBEGOPM_01929	SA20160190_KJBEGOPM_01922	21.212	33	26	0	424	456	41	73	9.6	18.1
SA20160190_KJBEGOPM_01930	SA20160190_KJBEGOPM_01930	100.000	447	0	0	1	447	1	447	0.0	922
SA20160190_KJBEGOPM_01930	SA20160190_KJBEGOPM_01933	29.167	72	30	3	301	368	318	372	1.4	20.4
SA20160190_KJBEGOPM_01930	SA20160190_KJBEGOPM_01915	35.294	17	11	0	332	348	45	61	2.0	20.0
SA20160190_KJBEGOPM_01930	SA20160190_KJBEGOPM_01925	30.435	46	27	3	297	342	59	99	3.2	19.2
SA20160190_KJBEGOPM_01930	SA20160190_KJBEGOPM_01920	25.000	44	32	1	60	102	68	111	5.8	18.5
SA20160190_KJBEGOPM_01931	SA20160190_KJBEGOPM_01931	100.000	307	0	0	1	307	1	307	0.0	619
SA20160190_KJBEGOPM_01931	SA20160190_KJBEGOPM_01923	63.636	11	4	0	116	126	238	248	3.0	18.9
SA20160190_KJBEGOPM_01931	SA20160190_KJBEGOPM_01917	47.368	19	10	0	53	71	81	99	4.8	18.1
SA20160190_KJBEGOPM_01932	SA20160190_KJBEGOPM_01932	100.000	541	0	0	1	541	1	541	0.0	1087
SA20160190_KJBEGOPM_01932	SA20160190_KJBEGOPM_01928	33.333	45	26	1	44	88	324	364	4.7	19.2
SA20160190_KJBEGOPM_01932	SA20160190_KJBEGOPM_01914	70.000	10	3	0	16	25	286	295	7.1	18.5
SA20160190_KJBEGOPM_01933	SA20160190_KJBEGOPM_01933	100.000	372	0	0	1	372	1	372	0.0	759
SA20160190_KJBEGOPM_01933	SA20160190_KJBEGOPM_01930	29.167	72	30	3	318	372	301	368	1.2	20.4
SA20160190_KJBEGOPM_01933	SA20160190_KJBEGOPM_01916	26.786	56	38	1	196	251	125	177	1.2	20.0
SA20160190_KJBEGOPM_01933	SA20160190_KJBEGOPM_01917	38.095	21	13	0	218	238	352	372	1.3	20.4
SA20160190_KJBEGOPM_01933	SA20160190_KJBEGOPM_01928	38.889	36	19	2	184	219	388	420	1.8	20.0
SA20160190_KJBEGOPM_01933	SA20160190_KJBEGOPM_01914	30.000	40	26	1	50	87	12	51	2.5	19.6
SA20160190_KJBEGOPM_01933	SA20160190_KJBEGOPM_01924	39.130	23	14	0	200	222	97	119	2.9	18.9
SA20160190_KJBEGOPM_01933	SA20160190_KJBEGOPM_01932	45.455	11	6	0	54	64	155	165	4.0	18.9
SA20160190_KJBEGOPM_01933	SA20160190_KJBEGOPM_01919	29.167	24	17	0	77	100	318	341	4.3	18.9
SA20160190_KJBEGOPM_01933	SA20160190_KJBEGOPM_01923	53.846	13	6	0	93	105	97	109	9.2	17.7
SA20160190_KJBEGOPM_01934	SA20160190_KJBEGOPM_01934	100.000	91	0	0	1	91	1	91	1.47e-65	183
SA20160190_KJBEGOPM_01934	SA20160190_KJBEGOPM_01929	52.174	23	7	2	28	46	151	173	0.69	18.5
SA20160190_KJBEGOPM_01934	SA20160190_KJBEGOPM_01923	28.261	46	20	2	4	36	64	109	1.3	17.7
