SA20160190_KJBEGOPM_01914	SA20153983_GBAKOBEN_00743	99.703	337	1	0	1	337	1	337	0.0	670
SA20160190_KJBEGOPM_01914	SA20153983_GBAKOBEN_00756	25.962	104	67	4	29	122	53	156	0.47	21.6
SA20160190_KJBEGOPM_01914	SA20153983_GBAKOBEN_00745	42.308	26	12	1	164	186	65	90	1.6	19.6
SA20160190_KJBEGOPM_01914	SA20153983_GBAKOBEN_00760	40.000	25	11	1	236	256	324	348	3.3	18.9
SA20160190_KJBEGOPM_01914	SA20153983_GBAKOBEN_00748	43.478	23	6	1	279	301	178	193	4.4	18.5
SA20160190_KJBEGOPM_01914	SA20153983_GBAKOBEN_00746	38.095	21	12	1	15	35	105	124	8.3	17.7
SA20160190_KJBEGOPM_01915	SA20153983_GBAKOBEN_00744	98.466	326	5	0	1	326	1	326	0.0	657
SA20160190_KJBEGOPM_01915	SA20153983_GBAKOBEN_00762	35.294	17	11	0	45	61	332	348	1.5	20.0
SA20160190_KJBEGOPM_01915	SA20153983_GBAKOBEN_00749	36.000	25	16	0	121	145	168	192	5.7	18.1
SA20160190_KJBEGOPM_01915	SA20153983_GBAKOBEN_00761	33.333	21	14	0	50	70	409	429	8.6	17.7
SA20160190_KJBEGOPM_01916	SA20153983_GBAKOBEN_00745	97.207	179	5	0	1	179	1	179	5.66e-137	370
SA20160190_KJBEGOPM_01916	SA20153983_GBAKOBEN_00758	26.389	72	43	3	57	121	133	201	0.14	21.9
SA20160190_KJBEGOPM_01916	SA20153983_GBAKOBEN_00759	34.483	29	13	1	122	150	17	39	0.99	19.2
SA20160190_KJBEGOPM_01916	SA20153983_GBAKOBEN_00743	38.462	26	13	1	65	90	164	186	1.1	19.2
SA20160190_KJBEGOPM_01916	SA20153983_GBAKOBEN_00760	25.000	40	27	2	95	134	202	238	3.5	18.1
SA20160190_KJBEGOPM_01917	SA20153983_GBAKOBEN_00746	99.194	372	3	0	1	372	1	372	0.0	760
SA20160190_KJBEGOPM_01917	SA20153983_GBAKOBEN_00756	75.000	12	3	0	183	194	110	121	0.53	21.6
SA20160190_KJBEGOPM_01917	SA20153983_GBAKOBEN_00763	47.368	19	10	0	81	99	53	71	6.1	18.1
SA20160190_KJBEGOPM_01918	SA20153983_GBAKOBEN_00747	100.000	93	0	0	1	93	1	93	9.80e-68	189
SA20160190_KJBEGOPM_01918	SA20153983_GBAKOBEN_00755	42.105	19	11	0	26	44	23	41	0.18	20.4
SA20160190_KJBEGOPM_01918	SA20153983_GBAKOBEN_00763	33.333	21	14	0	63	83	152	172	5.0	16.2
SA20160190_KJBEGOPM_01918	SA20153983_GBAKOBEN_00746	41.667	12	7	0	45	56	165	176	8.9	15.4
SA20160190_KJBEGOPM_01919	SA20153983_GBAKOBEN_00748	100.000	437	0	0	1	437	1	437	0.0	859
SA20160190_KJBEGOPM_01919	SA20153983_GBAKOBEN_00759	22.449	98	57	3	330	419	93	179	2.1	19.6
SA20160190_KJBEGOPM_01919	SA20153983_GBAKOBEN_00753	29.577	71	38	5	149	215	42	104	3.6	18.9
SA20160190_KJBEGOPM_01919	SA20153983_GBAKOBEN_00761	20.000	40	32	0	84	123	343	382	3.9	19.2
SA20160190_KJBEGOPM_01919	SA20153983_GBAKOBEN_00743	43.478	23	6	1	178	193	279	301	5.0	18.9
SA20160190_KJBEGOPM_01919	SA20153983_GBAKOBEN_00749	40.000	25	12	1	332	356	102	123	5.3	18.5
SA20160190_KJBEGOPM_01919	SA20153983_GBAKOBEN_00757	31.818	22	15	0	21	42	92	113	9.0	18.1
SA20160190_KJBEGOPM_01920	SA20153983_GBAKOBEN_00749	99.627	268	1	0	1	268	1	268	0.0	553
SA20160190_KJBEGOPM_01920	SA20153983_GBAKOBEN_00756	21.622	74	58	0	152	225	254	327	0.36	21.6
SA20160190_KJBEGOPM_01920	SA20153983_GBAKOBEN_00752	21.667	60	42	2	153	207	189	248	0.99	20.0
SA20160190_KJBEGOPM_01920	SA20153983_GBAKOBEN_00748	40.000	25	12	1	102	123	332	356	3.3	18.5
SA20160190_KJBEGOPM_01920	SA20153983_GBAKOBEN_00762	25.000	44	32	1	68	111	60	102	3.7	18.5
SA20160190_KJBEGOPM_01920	SA20153983_GBAKOBEN_00744	36.000	25	16	0	168	192	121	145	4.5	18.1
SA20160190_KJBEGOPM_01920	SA20153983_GBAKOBEN_00750	37.037	54	31	3	68	120	61	112	4.9	17.7
SA20160190_KJBEGOPM_01920	SA20153983_GBAKOBEN_00751	55.556	9	4	0	65	73	74	82	6.2	17.7
SA20160190_KJBEGOPM_01921	SA20153983_GBAKOBEN_00750	100.000	145	0	0	1	145	1	145	9.41e-109	296
SA20160190_KJBEGOPM_01921	SA20153983_GBAKOBEN_00761	50.000	20	10	0	7	26	436	455	0.55	20.0
SA20160190_KJBEGOPM_01921	SA20153983_GBAKOBEN_00749	37.037	54	31	3	61	112	68	120	2.6	17.7
SA20160190_KJBEGOPM_01921	SA20153983_GBAKOBEN_00759	38.462	13	8	0	48	60	162	174	6.7	16.5
SA20160190_KJBEGOPM_01921	SA20153983_GBAKOBEN_00744	34.615	26	13	2	87	112	196	217	9.0	16.2
SA20160190_KJBEGOPM_01922	SA20153983_GBAKOBEN_00751	99.048	210	2	0	1	210	1	210	9.20e-157	423
SA20160190_KJBEGOPM_01922	SA20153983_GBAKOBEN_00754	16.279	43	36	0	50	92	260	302	3.5	18.1
SA20160190_KJBEGOPM_01922	SA20153983_GBAKOBEN_00761	21.212	33	26	0	41	73	424	456	4.5	17.7
SA20160190_KJBEGOPM_01922	SA20153983_GBAKOBEN_00749	55.556	9	4	0	74	82	65	73	4.7	17.7
SA20160190_KJBEGOPM_01922	SA20153983_GBAKOBEN_00762	63.636	11	4	0	3	13	50	60	6.2	17.3
SA20160190_KJBEGOPM_01923	SA20153983_GBAKOBEN_00752	99.240	263	2	0	1	263	1	263	0.0	541
SA20160190_KJBEGOPM_01923	SA20153983_GBAKOBEN_00749	21.667	60	42	2	189	248	153	207	0.93	20.4
SA20160190_KJBEGOPM_01923	SA20153983_GBAKOBEN_00753	45.455	11	6	0	32	42	56	66	2.2	18.9
SA20160190_KJBEGOPM_01923	SA20153983_GBAKOBEN_00763	63.636	11	4	0	238	248	116	126	2.7	18.9
SA20160190_KJBEGOPM_01923	SA20153983_GBAKOBEN_00761	35.000	20	13	0	36	55	443	462	6.6	17.7
SA20160190_KJBEGOPM_01923	SA20153983_GBAKOBEN_00758	31.034	29	20	0	94	122	172	200	7.3	17.3
SA20160190_KJBEGOPM_01923	SA20153983_GBAKOBEN_00757	21.277	47	35	1	94	140	104	148	8.5	17.3
SA20160190_KJBEGOPM_01924	SA20153983_GBAKOBEN_00753	96.552	145	5	0	1	145	1	145	3.91e-109	297
SA20160190_KJBEGOPM_01924	SA20153983_GBAKOBEN_00748	30.986	71	37	5	42	104	149	215	0.27	20.8
SA20160190_KJBEGOPM_01924	SA20153983_GBAKOBEN_00752	45.455	11	6	0	56	66	32	42	1.1	18.9
SA20160190_KJBEGOPM_01924	SA20153983_GBAKOBEN_00743	37.209	43	23	3	21	62	131	170	2.0	18.1
SA20160190_KJBEGOPM_01924	SA20153983_GBAKOBEN_00755	28.571	21	11	1	60	80	233	249	7.4	16.5
SA20160190_KJBEGOPM_01925	SA20153983_GBAKOBEN_00751	32.432	37	24	1	62	98	44	79	0.033	25.0
SA20160190_KJBEGOPM_01925	SA20153983_GBAKOBEN_00748	30.357	56	29	2	239	294	74	119	0.17	23.1
SA20160190_KJBEGOPM_01925	SA20153983_GBAKOBEN_00744	25.000	80	56	2	33	109	139	217	0.28	22.3
SA20160190_KJBEGOPM_01925	SA20153983_GBAKOBEN_00759	27.536	69	49	1	216	284	111	178	0.77	20.8
SA20160190_KJBEGOPM_01925	SA20153983_GBAKOBEN_00762	30.435	46	27	3	59	99	297	342	2.3	19.2
SA20160190_KJBEGOPM_01925	SA20153983_GBAKOBEN_00756	50.000	14	7	0	128	141	87	100	2.4	19.2
SA20160190_KJBEGOPM_01925	SA20153983_GBAKOBEN_00754	29.167	24	17	0	1	24	87	110	2.9	19.2
SA20160190_KJBEGOPM_01925	SA20153983_GBAKOBEN_00757	34.483	29	19	0	177	205	215	243	7.4	17.7
SA20160190_KJBEGOPM_01926	SA20153983_GBAKOBEN_00754	31.111	45	23	2	45	82	136	179	0.10	21.2
SA20160190_KJBEGOPM_01926	SA20153983_GBAKOBEN_00748	29.268	41	28	1	20	60	83	122	6.0	15.8
SA20160190_KJBEGOPM_01927	SA20153983_GBAKOBEN_00759	97.340	188	5	0	1	188	1	188	4.74e-142	384
SA20160190_KJBEGOPM_01927	SA20153983_GBAKOBEN_00745	34.483	29	13	1	17	39	122	150	0.88	19.6
SA20160190_KJBEGOPM_01927	SA20153983_GBAKOBEN_00748	23.913	92	51	4	93	173	330	413	3.2	18.1
SA20160190_KJBEGOPM_01927	SA20153983_GBAKOBEN_00757	24.194	62	42	2	119	180	191	247	3.6	18.1
SA20160190_KJBEGOPM_01927	SA20153983_GBAKOBEN_00744	25.000	68	43	4	67	127	79	145	4.7	17.7
SA20160190_KJBEGOPM_01927	SA20153983_GBAKOBEN_00749	23.750	80	41	2	14	83	38	107	8.1	16.9
SA20160190_KJBEGOPM_01928	SA20153983_GBAKOBEN_00760	99.629	539	2	0	1	539	1	539	0.0	1120
SA20160190_KJBEGOPM_01928	SA20153983_GBAKOBEN_00755	26.190	42	29	1	57	96	46	87	4.5	19.2
SA20160190_KJBEGOPM_01928	SA20153983_GBAKOBEN_00758	45.455	11	6	0	428	438	27	37	8.5	18.5
SA20160190_KJBEGOPM_01929	SA20153983_GBAKOBEN_00761	99.801	502	1	0	1	502	1	502	0.0	1035
SA20160190_KJBEGOPM_01929	SA20153983_GBAKOBEN_00757	32.692	52	28	2	437	486	279	325	1.1	21.2
SA20160190_KJBEGOPM_01929	SA20153983_GBAKOBEN_00750	50.000	20	10	0	436	455	7	26	1.9	20.0
SA20160190_KJBEGOPM_01929	SA20153983_GBAKOBEN_00756	23.077	65	37	3	381	445	188	239	2.6	20.0
SA20160190_KJBEGOPM_01929	SA20153983_GBAKOBEN_00748	20.000	40	32	0	343	382	84	123	4.4	19.2
SA20160190_KJBEGOPM_01929	SA20153983_GBAKOBEN_00749	29.630	27	19	0	315	341	129	155	4.6	18.9
SA20160190_KJBEGOPM_01930	SA20153983_GBAKOBEN_00762	99.553	447	2	0	1	447	1	447	0.0	917
SA20160190_KJBEGOPM_01930	SA20153983_GBAKOBEN_00744	35.294	17	11	0	332	348	45	61	2.2	20.0
SA20160190_KJBEGOPM_01930	SA20153983_GBAKOBEN_00757	30.000	30	21	0	191	220	35	64	4.4	18.9
SA20160190_KJBEGOPM_01930	SA20153983_GBAKOBEN_00754	29.412	34	16	1	217	242	364	397	4.5	18.9
SA20160190_KJBEGOPM_01930	SA20153983_GBAKOBEN_00749	26.667	30	14	1	311	340	144	165	6.0	18.5
SA20160190_KJBEGOPM_01931	SA20153983_GBAKOBEN_00763	100.000	307	0	0	1	307	1	307	0.0	619
SA20160190_KJBEGOPM_01931	SA20153983_GBAKOBEN_00752	63.636	11	4	0	116	126	238	248	3.3	18.9
SA20160190_KJBEGOPM_01931	SA20153983_GBAKOBEN_00746	47.368	19	10	0	53	71	81	99	5.0	18.1
SA20160190_KJBEGOPM_01931	SA20153983_GBAKOBEN_00755	33.333	24	16	0	256	279	199	222	7.4	17.7
SA20160190_KJBEGOPM_01931	SA20153983_GBAKOBEN_00758	33.333	21	14	0	243	263	107	127	8.3	17.3
SA20160190_KJBEGOPM_01932	SA20153983_GBAKOBEN_00754	30.357	56	35	1	189	244	141	192	0.53	22.3
SA20160190_KJBEGOPM_01932	SA20153983_GBAKOBEN_00760	33.333	45	26	1	44	88	324	364	5.1	19.2
SA20160190_KJBEGOPM_01932	SA20153983_GBAKOBEN_00743	70.000	10	3	0	16	25	286	295	7.4	18.5
SA20160190_KJBEGOPM_01933	SA20153983_GBAKOBEN_00757	27.976	336	197	13	29	354	53	353	4.56e-19	77.8
SA20160190_KJBEGOPM_01933	SA20153983_GBAKOBEN_00762	29.167	72	30	3	318	372	301	368	1.2	20.8
SA20160190_KJBEGOPM_01933	SA20153983_GBAKOBEN_00745	26.786	56	38	1	196	251	125	177	1.2	20.4
SA20160190_KJBEGOPM_01933	SA20153983_GBAKOBEN_00746	38.095	21	13	0	218	238	352	372	1.4	20.4
SA20160190_KJBEGOPM_01933	SA20153983_GBAKOBEN_00760	38.889	36	19	2	184	219	388	420	1.9	20.0
SA20160190_KJBEGOPM_01933	SA20153983_GBAKOBEN_00743	36.111	36	22	1	60	95	163	197	3.0	19.2
SA20160190_KJBEGOPM_01933	SA20153983_GBAKOBEN_00753	39.130	23	14	0	200	222	97	119	4.4	18.5
SA20160190_KJBEGOPM_01933	SA20153983_GBAKOBEN_00748	29.167	24	17	0	77	100	318	341	4.5	18.9
SA20160190_KJBEGOPM_01933	SA20153983_GBAKOBEN_00752	53.846	13	6	0	93	105	97	109	9.7	17.7
SA20160190_KJBEGOPM_01934	SA20153983_GBAKOBEN_00761	52.174	23	7	2	28	46	151	173	0.72	18.5
SA20160190_KJBEGOPM_01934	SA20153983_GBAKOBEN_00752	28.261	46	20	2	4	36	64	109	1.5	17.7
SA20153983_GBAKOBEN_00743	SA20153983_GBAKOBEN_00743	100.000	337	0	0	1	337	1	337	0.0	672
SA20153983_GBAKOBEN_00743	SA20153983_GBAKOBEN_00756	25.962	104	67	4	29	122	53	156	1.1	20.4
SA20153983_GBAKOBEN_00743	SA20153983_GBAKOBEN_00745	42.308	26	12	1	164	186	65	90	1.6	19.6
SA20153983_GBAKOBEN_00743	SA20153983_GBAKOBEN_00760	40.000	25	11	1	236	256	324	348	3.4	18.9
SA20153983_GBAKOBEN_00743	SA20153983_GBAKOBEN_00748	43.478	23	6	1	279	301	178	193	4.5	18.5
SA20153983_GBAKOBEN_00743	SA20153983_GBAKOBEN_00746	38.095	21	12	1	15	35	105	124	8.3	17.7
SA20153983_GBAKOBEN_00744	SA20153983_GBAKOBEN_00744	100.000	326	0	0	1	326	1	326	0.0	667
SA20153983_GBAKOBEN_00744	SA20153983_GBAKOBEN_00762	35.294	17	11	0	45	61	332	348	1.5	20.0
SA20153983_GBAKOBEN_00744	SA20153983_GBAKOBEN_00749	36.000	25	16	0	121	145	168	192	5.6	18.1
SA20153983_GBAKOBEN_00744	SA20153983_GBAKOBEN_00761	33.333	21	14	0	50	70	409	429	8.3	17.7
SA20153983_GBAKOBEN_00745	SA20153983_GBAKOBEN_00745	100.000	179	0	0	1	179	1	179	1.21e-139	377
SA20153983_GBAKOBEN_00745	SA20153983_GBAKOBEN_00743	42.308	26	12	1	65	90	164	186	0.78	20.0
SA20153983_GBAKOBEN_00745	SA20153983_GBAKOBEN_00758	23.611	72	45	3	57	121	133	201	0.89	19.6
SA20153983_GBAKOBEN_00745	SA20153983_GBAKOBEN_00759	43.750	16	9	0	135	150	24	39	1.0	19.2
SA20153983_GBAKOBEN_00745	SA20153983_GBAKOBEN_00760	25.000	40	27	2	95	134	202	238	2.5	18.5
SA20153983_GBAKOBEN_00745	SA20153983_GBAKOBEN_00761	23.529	17	13	0	92	108	140	156	6.2	16.9
SA20153983_GBAKOBEN_00746	SA20153983_GBAKOBEN_00746	100.000	372	0	0	1	372	1	372	0.0	764
SA20153983_GBAKOBEN_00746	SA20153983_GBAKOBEN_00756	75.000	12	3	0	183	194	110	121	0.52	21.6
SA20153983_GBAKOBEN_00746	SA20153983_GBAKOBEN_00763	47.368	19	10	0	81	99	53	71	6.1	18.1
SA20153983_GBAKOBEN_00747	SA20153983_GBAKOBEN_00747	100.000	93	0	0	1	93	1	93	9.80e-68	189
SA20153983_GBAKOBEN_00747	SA20153983_GBAKOBEN_00755	42.105	19	11	0	26	44	23	41	0.18	20.4
SA20153983_GBAKOBEN_00747	SA20153983_GBAKOBEN_00763	33.333	21	14	0	63	83	152	172	5.0	16.2
SA20153983_GBAKOBEN_00747	SA20153983_GBAKOBEN_00746	41.667	12	7	0	45	56	165	176	8.9	15.4
SA20153983_GBAKOBEN_00748	SA20153983_GBAKOBEN_00748	100.000	437	0	0	1	437	1	437	0.0	859
SA20153983_GBAKOBEN_00748	SA20153983_GBAKOBEN_00759	22.449	98	57	3	330	419	93	179	2.1	19.6
SA20153983_GBAKOBEN_00748	SA20153983_GBAKOBEN_00761	20.000	40	32	0	84	123	343	382	3.9	19.2
SA20153983_GBAKOBEN_00748	SA20153983_GBAKOBEN_00743	43.478	23	6	1	178	193	279	301	5.0	18.9
SA20153983_GBAKOBEN_00748	SA20153983_GBAKOBEN_00749	40.000	25	12	1	332	356	102	123	5.3	18.5
SA20153983_GBAKOBEN_00748	SA20153983_GBAKOBEN_00757	31.818	22	15	0	21	42	92	113	9.0	18.1
SA20153983_GBAKOBEN_00749	SA20153983_GBAKOBEN_00749	100.000	268	0	0	1	268	1	268	0.0	556
SA20153983_GBAKOBEN_00749	SA20153983_GBAKOBEN_00756	21.622	74	58	0	152	225	254	327	0.38	21.6
SA20153983_GBAKOBEN_00749	SA20153983_GBAKOBEN_00752	21.667	60	42	2	153	207	189	248	0.91	20.4
SA20153983_GBAKOBEN_00749	SA20153983_GBAKOBEN_00761	29.630	27	19	0	129	155	315	341	2.5	18.9
SA20153983_GBAKOBEN_00749	SA20153983_GBAKOBEN_00748	40.000	25	12	1	102	123	332	356	3.4	18.5
SA20153983_GBAKOBEN_00749	SA20153983_GBAKOBEN_00762	26.667	30	14	1	144	165	311	340	3.6	18.5
SA20153983_GBAKOBEN_00749	SA20153983_GBAKOBEN_00744	36.000	25	16	0	168	192	121	145	4.6	18.1
SA20153983_GBAKOBEN_00749	SA20153983_GBAKOBEN_00750	37.037	54	31	3	68	120	61	112	4.8	17.7
SA20153983_GBAKOBEN_00749	SA20153983_GBAKOBEN_00751	55.556	9	4	0	65	73	74	82	6.2	17.7
SA20153983_GBAKOBEN_00750	SA20153983_GBAKOBEN_00750	100.000	145	0	0	1	145	1	145	9.41e-109	296
SA20153983_GBAKOBEN_00750	SA20153983_GBAKOBEN_00761	50.000	20	10	0	7	26	436	455	0.55	20.0
SA20153983_GBAKOBEN_00750	SA20153983_GBAKOBEN_00749	37.037	54	31	3	61	112	68	120	2.6	17.7
SA20153983_GBAKOBEN_00750	SA20153983_GBAKOBEN_00759	38.462	13	8	0	48	60	162	174	6.7	16.5
SA20153983_GBAKOBEN_00750	SA20153983_GBAKOBEN_00744	34.615	26	13	2	87	112	196	217	9.0	16.2
SA20153983_GBAKOBEN_00751	SA20153983_GBAKOBEN_00751	100.000	210	0	0	1	210	1	210	2.25e-158	427
SA20153983_GBAKOBEN_00751	SA20153983_GBAKOBEN_00754	24.658	73	50	2	11	81	195	264	2.7	18.5
SA20153983_GBAKOBEN_00751	SA20153983_GBAKOBEN_00749	55.556	9	4	0	74	82	65	73	4.6	17.7
SA20153983_GBAKOBEN_00751	SA20153983_GBAKOBEN_00761	50.000	12	6	0	113	124	2	13	6.0	17.3
SA20153983_GBAKOBEN_00751	SA20153983_GBAKOBEN_00762	63.636	11	4	0	3	13	50	60	6.2	17.3
SA20153983_GBAKOBEN_00751	SA20153983_GBAKOBEN_00760	31.915	47	24	3	152	190	190	236	8.8	16.9
SA20153983_GBAKOBEN_00752	SA20153983_GBAKOBEN_00752	100.000	263	0	0	1	263	1	263	0.0	546
SA20153983_GBAKOBEN_00752	SA20153983_GBAKOBEN_00749	21.667	60	42	2	189	248	153	207	0.89	20.4
SA20153983_GBAKOBEN_00752	SA20153983_GBAKOBEN_00753	45.455	11	6	0	32	42	56	66	2.1	18.9
SA20153983_GBAKOBEN_00752	SA20153983_GBAKOBEN_00763	63.636	11	4	0	238	248	116	126	2.8	18.9
SA20153983_GBAKOBEN_00752	SA20153983_GBAKOBEN_00761	35.000	20	13	0	36	55	443	462	6.4	17.7
SA20153983_GBAKOBEN_00752	SA20153983_GBAKOBEN_00758	31.034	29	20	0	94	122	172	200	7.6	17.3
SA20153983_GBAKOBEN_00752	SA20153983_GBAKOBEN_00757	21.277	47	35	1	94	140	104	148	8.4	17.3
SA20153983_GBAKOBEN_00753	SA20153983_GBAKOBEN_00753	100.000	145	0	0	1	145	1	145	2.92e-112	305
SA20153983_GBAKOBEN_00753	SA20153983_GBAKOBEN_00752	45.455	11	6	0	56	66	32	42	1.2	18.9
SA20153983_GBAKOBEN_00753	SA20153983_GBAKOBEN_00748	29.577	71	38	5	42	104	149	215	1.2	18.9
SA20153983_GBAKOBEN_00754	SA20153983_GBAKOBEN_00754	100.000	417	0	0	1	417	1	417	0.0	865
SA20153983_GBAKOBEN_00754	SA20153983_GBAKOBEN_00755	44.444	18	10	0	339	356	85	102	1.6	20.0
SA20153983_GBAKOBEN_00754	SA20153983_GBAKOBEN_00762	29.787	47	23	2	364	410	217	253	2.3	20.0
SA20153983_GBAKOBEN_00754	SA20153983_GBAKOBEN_00751	24.658	73	50	2	195	264	11	81	6.0	18.5
SA20153983_GBAKOBEN_00754	SA20153983_GBAKOBEN_00758	38.889	18	11	0	86	103	215	232	6.7	18.1
SA20153983_GBAKOBEN_00755	SA20153983_GBAKOBEN_00755	100.000	255	0	0	1	255	1	255	0.0	519
SA20153983_GBAKOBEN_00755	SA20153983_GBAKOBEN_00747	42.105	19	11	0	23	41	26	44	0.50	20.4
SA20153983_GBAKOBEN_00755	SA20153983_GBAKOBEN_00754	44.444	18	10	0	85	102	339	356	0.98	20.0
SA20153983_GBAKOBEN_00755	SA20153983_GBAKOBEN_00757	19.231	78	54	1	178	255	141	209	1.4	19.6
SA20153983_GBAKOBEN_00755	SA20153983_GBAKOBEN_00760	26.190	42	29	1	46	87	57	96	2.1	19.2
SA20153983_GBAKOBEN_00755	SA20153983_GBAKOBEN_00763	33.333	24	16	0	199	222	256	279	6.1	17.7
SA20153983_GBAKOBEN_00756	SA20153983_GBAKOBEN_00756	100.000	453	0	0	1	453	1	453	0.0	917
SA20153983_GBAKOBEN_00756	SA20153983_GBAKOBEN_00746	75.000	12	3	0	110	121	183	194	0.63	21.6
SA20153983_GBAKOBEN_00756	SA20153983_GBAKOBEN_00749	21.622	74	58	0	254	327	152	225	0.65	21.6
SA20153983_GBAKOBEN_00756	SA20153983_GBAKOBEN_00761	23.077	65	37	3	188	239	381	445	2.3	20.0
SA20153983_GBAKOBEN_00756	SA20153983_GBAKOBEN_00743	26.126	111	72	4	46	156	22	122	2.5	19.6
SA20153983_GBAKOBEN_00756	SA20153983_GBAKOBEN_00748	31.818	22	15	0	56	77	178	199	9.8	18.1
SA20153983_GBAKOBEN_00757	SA20153983_GBAKOBEN_00757	100.000	370	0	0	1	370	1	370	0.0	766
SA20153983_GBAKOBEN_00757	SA20153983_GBAKOBEN_00761	32.692	52	28	2	279	325	437	486	0.79	21.2
SA20153983_GBAKOBEN_00757	SA20153983_GBAKOBEN_00755	19.231	78	54	1	141	209	178	255	2.0	19.6
SA20153983_GBAKOBEN_00757	SA20153983_GBAKOBEN_00762	30.000	30	21	0	35	64	191	220	3.8	18.9
SA20153983_GBAKOBEN_00758	SA20153983_GBAKOBEN_00758	100.000	239	0	0	1	239	1	239	0.0	494
SA20153983_GBAKOBEN_00758	SA20153983_GBAKOBEN_00745	23.611	72	45	3	133	201	57	121	1.2	19.6
SA20153983_GBAKOBEN_00758	SA20153983_GBAKOBEN_00760	45.455	11	6	0	27	37	428	438	3.8	18.1
SA20153983_GBAKOBEN_00758	SA20153983_GBAKOBEN_00754	38.889	18	11	0	215	232	86	103	3.9	18.1
SA20153983_GBAKOBEN_00758	SA20153983_GBAKOBEN_00763	33.333	21	14	0	107	127	243	263	6.5	17.3
SA20153983_GBAKOBEN_00758	SA20153983_GBAKOBEN_00752	31.034	29	20	0	172	200	94	122	6.9	17.3
SA20153983_GBAKOBEN_00759	SA20153983_GBAKOBEN_00759	100.000	188	0	0	1	188	1	188	2.58e-145	392
SA20153983_GBAKOBEN_00759	SA20153983_GBAKOBEN_00745	34.483	29	13	1	17	39	122	150	0.91	19.6
SA20153983_GBAKOBEN_00759	SA20153983_GBAKOBEN_00757	24.194	62	42	2	119	180	191	247	4.5	17.7
SA20153983_GBAKOBEN_00759	SA20153983_GBAKOBEN_00748	22.826	92	52	4	93	173	330	413	4.8	17.7
SA20153983_GBAKOBEN_00759	SA20153983_GBAKOBEN_00752	36.842	19	12	0	94	112	46	64	8.3	16.5
SA20153983_GBAKOBEN_00759	SA20153983_GBAKOBEN_00750	38.462	13	8	0	162	174	48	60	8.8	16.5
SA20153983_GBAKOBEN_00760	SA20153983_GBAKOBEN_00760	100.000	539	0	0	1	539	1	539	0.0	1125
SA20153983_GBAKOBEN_00760	SA20153983_GBAKOBEN_00755	26.190	42	29	1	57	96	46	87	4.4	19.2
SA20153983_GBAKOBEN_00760	SA20153983_GBAKOBEN_00758	45.455	11	6	0	428	438	27	37	8.5	18.1
SA20153983_GBAKOBEN_00761	SA20153983_GBAKOBEN_00761	100.000	502	0	0	1	502	1	502	0.0	1037
SA20153983_GBAKOBEN_00761	SA20153983_GBAKOBEN_00757	32.692	52	28	2	437	486	279	325	1.1	21.2
SA20153983_GBAKOBEN_00761	SA20153983_GBAKOBEN_00750	50.000	20	10	0	436	455	7	26	1.9	20.0
SA20153983_GBAKOBEN_00761	SA20153983_GBAKOBEN_00756	23.077	65	37	3	381	445	188	239	2.6	20.0
SA20153983_GBAKOBEN_00761	SA20153983_GBAKOBEN_00748	20.000	40	32	0	343	382	84	123	4.5	19.2
SA20153983_GBAKOBEN_00761	SA20153983_GBAKOBEN_00749	29.630	27	19	0	315	341	129	155	4.6	18.9
SA20153983_GBAKOBEN_00762	SA20153983_GBAKOBEN_00762	100.000	447	0	0	1	447	1	447	0.0	922
SA20153983_GBAKOBEN_00762	SA20153983_GBAKOBEN_00744	35.294	17	11	0	332	348	45	61	2.1	20.0
SA20153983_GBAKOBEN_00762	SA20153983_GBAKOBEN_00754	29.787	47	23	2	217	253	364	410	2.4	20.0
SA20153983_GBAKOBEN_00762	SA20153983_GBAKOBEN_00757	30.000	30	21	0	191	220	35	64	4.5	18.9
SA20153983_GBAKOBEN_00762	SA20153983_GBAKOBEN_00749	26.667	30	14	1	311	340	144	165	6.0	18.5
SA20153983_GBAKOBEN_00763	SA20153983_GBAKOBEN_00763	100.000	307	0	0	1	307	1	307	0.0	619
SA20153983_GBAKOBEN_00763	SA20153983_GBAKOBEN_00752	63.636	11	4	0	116	126	238	248	3.3	18.9
SA20153983_GBAKOBEN_00763	SA20153983_GBAKOBEN_00746	47.368	19	10	0	53	71	81	99	5.0	18.1
SA20153983_GBAKOBEN_00763	SA20153983_GBAKOBEN_00755	33.333	24	16	0	256	279	199	222	7.4	17.7
SA20153983_GBAKOBEN_00763	SA20153983_GBAKOBEN_00758	33.333	21	14	0	243	263	107	127	8.3	17.3
SA20160190_KJBEGOPM_01914	SA20160190_KJBEGOPM_01914	100.000	337	0	0	1	337	1	337	0.0	672
SA20160190_KJBEGOPM_01914	SA20160190_KJBEGOPM_01916	38.462	26	13	1	164	186	65	90	2.2	19.2
SA20160190_KJBEGOPM_01914	SA20160190_KJBEGOPM_01928	40.000	25	11	1	236	256	324	348	3.1	19.2
SA20160190_KJBEGOPM_01914	SA20160190_KJBEGOPM_01924	37.209	43	23	3	131	170	21	62	3.9	18.5
SA20160190_KJBEGOPM_01914	SA20160190_KJBEGOPM_01919	43.478	23	6	1	279	301	178	193	4.2	18.5
SA20160190_KJBEGOPM_01914	SA20160190_KJBEGOPM_01932	70.000	10	3	0	286	295	16	25	5.1	18.5
SA20160190_KJBEGOPM_01914	SA20160190_KJBEGOPM_01917	38.095	21	12	1	15	35	105	124	7.7	17.7
SA20160190_KJBEGOPM_01915	SA20160190_KJBEGOPM_01915	100.000	326	0	0	1	326	1	326	0.0	668
SA20160190_KJBEGOPM_01915	SA20160190_KJBEGOPM_01925	25.000	80	56	2	139	217	33	109	0.27	22.3
SA20160190_KJBEGOPM_01915	SA20160190_KJBEGOPM_01930	35.294	17	11	0	45	61	332	348	1.5	20.0
SA20160190_KJBEGOPM_01915	SA20160190_KJBEGOPM_01920	36.000	25	16	0	121	145	168	192	5.2	18.1
SA20160190_KJBEGOPM_01915	SA20160190_KJBEGOPM_01929	33.333	21	14	0	50	70	409	429	8.1	17.7
SA20160190_KJBEGOPM_01916	SA20160190_KJBEGOPM_01916	100.000	179	0	0	1	179	1	179	6.89e-140	378
SA20160190_KJBEGOPM_01916	SA20160190_KJBEGOPM_01933	20.455	132	97	3	51	177	123	251	0.59	20.0
SA20160190_KJBEGOPM_01916	SA20160190_KJBEGOPM_01927	34.483	29	13	1	122	150	17	39	0.79	19.6
SA20160190_KJBEGOPM_01916	SA20160190_KJBEGOPM_01914	38.462	26	13	1	65	90	164	186	1.1	19.2
SA20160190_KJBEGOPM_01916	SA20160190_KJBEGOPM_01928	25.000	40	27	2	95	134	202	238	3.3	17.7
SA20160190_KJBEGOPM_01917	SA20160190_KJBEGOPM_01917	100.000	372	0	0	1	372	1	372	0.0	764
SA20160190_KJBEGOPM_01917	SA20160190_KJBEGOPM_01933	38.095	21	13	0	352	372	218	238	1.4	20.4
SA20160190_KJBEGOPM_01917	SA20160190_KJBEGOPM_01931	47.368	19	10	0	81	99	53	71	5.8	18.1
SA20160190_KJBEGOPM_01918	SA20160190_KJBEGOPM_01918	100.000	93	0	0	1	93	1	93	9.32e-68	189
SA20160190_KJBEGOPM_01918	SA20160190_KJBEGOPM_01931	33.333	21	14	0	63	83	152	172	4.8	16.2
SA20160190_KJBEGOPM_01918	SA20160190_KJBEGOPM_01917	41.667	12	7	0	45	56	165	176	8.5	15.4
SA20160190_KJBEGOPM_01919	SA20160190_KJBEGOPM_01919	100.000	437	0	0	1	437	1	437	0.0	859
SA20160190_KJBEGOPM_01919	SA20160190_KJBEGOPM_01925	30.357	56	29	2	74	119	239	294	0.25	22.7
SA20160190_KJBEGOPM_01919	SA20160190_KJBEGOPM_01927	23.469	98	56	3	330	419	93	179	1.4	20.4
SA20160190_KJBEGOPM_01919	SA20160190_KJBEGOPM_01929	20.000	40	32	0	84	123	343	382	3.8	19.2
SA20160190_KJBEGOPM_01919	SA20160190_KJBEGOPM_01914	43.478	23	6	1	178	193	279	301	4.7	18.9
SA20160190_KJBEGOPM_01919	SA20160190_KJBEGOPM_01920	40.000	25	12	1	332	356	102	123	5.0	18.5
SA20160190_KJBEGOPM_01919	SA20160190_KJBEGOPM_01933	29.167	24	17	0	318	341	77	100	5.1	18.9
SA20160190_KJBEGOPM_01920	SA20160190_KJBEGOPM_01920	100.000	268	0	0	1	268	1	268	0.0	556
SA20160190_KJBEGOPM_01920	SA20160190_KJBEGOPM_01923	21.667	60	42	2	153	207	189	248	0.98	20.0
SA20160190_KJBEGOPM_01920	SA20160190_KJBEGOPM_01919	40.000	25	12	1	102	123	332	356	3.1	18.5
SA20160190_KJBEGOPM_01920	SA20160190_KJBEGOPM_01930	25.000	44	32	1	68	111	60	102	3.5	18.5
SA20160190_KJBEGOPM_01920	SA20160190_KJBEGOPM_01915	36.000	25	16	0	168	192	121	145	4.2	18.1
SA20160190_KJBEGOPM_01920	SA20160190_KJBEGOPM_01921	37.037	54	31	3	68	120	61	112	4.6	17.7
SA20160190_KJBEGOPM_01920	SA20160190_KJBEGOPM_01922	55.556	9	4	0	65	73	74	82	6.0	17.7
SA20160190_KJBEGOPM_01921	SA20160190_KJBEGOPM_01921	100.000	145	0	0	1	145	1	145	8.95e-109	296
SA20160190_KJBEGOPM_01921	SA20160190_KJBEGOPM_01929	50.000	20	10	0	7	26	436	455	0.52	20.0
SA20160190_KJBEGOPM_01921	SA20160190_KJBEGOPM_01920	37.037	54	31	3	61	112	68	120	2.5	17.7
SA20160190_KJBEGOPM_01921	SA20160190_KJBEGOPM_01927	38.462	13	8	0	48	60	162	174	8.1	16.2
SA20160190_KJBEGOPM_01921	SA20160190_KJBEGOPM_01915	34.615	26	13	2	87	112	196	217	8.3	16.2
SA20160190_KJBEGOPM_01922	SA20160190_KJBEGOPM_01922	100.000	210	0	0	1	210	1	210	4.42e-158	426
SA20160190_KJBEGOPM_01922	SA20160190_KJBEGOPM_01925	29.730	37	25	1	44	79	62	98	0.081	23.1
SA20160190_KJBEGOPM_01922	SA20160190_KJBEGOPM_01929	21.212	33	26	0	41	73	424	456	4.3	17.7
SA20160190_KJBEGOPM_01922	SA20160190_KJBEGOPM_01920	55.556	9	4	0	74	82	65	73	4.5	17.7
SA20160190_KJBEGOPM_01922	SA20160190_KJBEGOPM_01930	63.636	11	4	0	3	13	50	60	5.8	17.3
SA20160190_KJBEGOPM_01923	SA20160190_KJBEGOPM_01923	100.000	263	0	0	1	263	1	263	0.0	546
SA20160190_KJBEGOPM_01923	SA20160190_KJBEGOPM_01920	21.667	60	42	2	189	248	153	207	0.96	20.0
SA20160190_KJBEGOPM_01923	SA20160190_KJBEGOPM_01924	45.455	11	6	0	32	42	56	66	1.9	18.9
SA20160190_KJBEGOPM_01923	SA20160190_KJBEGOPM_01931	63.636	11	4	0	238	248	116	126	2.6	18.9
SA20160190_KJBEGOPM_01923	SA20160190_KJBEGOPM_01934	28.261	46	20	2	64	109	4	36	3.7	17.7
SA20160190_KJBEGOPM_01923	SA20160190_KJBEGOPM_01929	35.000	20	13	0	36	55	443	462	6.3	17.7
SA20160190_KJBEGOPM_01923	SA20160190_KJBEGOPM_01933	53.846	13	6	0	97	109	93	105	6.6	17.7
SA20160190_KJBEGOPM_01924	SA20160190_KJBEGOPM_01924	100.000	145	0	0	1	145	1	145	2.16e-112	306
SA20160190_KJBEGOPM_01924	SA20160190_KJBEGOPM_01919	30.986	71	37	5	42	104	149	215	0.26	20.8
SA20160190_KJBEGOPM_01924	SA20160190_KJBEGOPM_01923	45.455	11	6	0	56	66	32	42	1.1	18.9
SA20160190_KJBEGOPM_01924	SA20160190_KJBEGOPM_01933	39.130	23	14	0	97	119	200	222	1.1	18.9
SA20160190_KJBEGOPM_01924	SA20160190_KJBEGOPM_01914	37.209	43	23	3	21	62	131	170	1.9	18.1
SA20160190_KJBEGOPM_01924	SA20160190_KJBEGOPM_01915	36.364	11	7	0	57	67	172	182	9.7	16.2
SA20160190_KJBEGOPM_01925	SA20160190_KJBEGOPM_01925	100.000	318	0	0	1	318	1	318	0.0	644
SA20160190_KJBEGOPM_01925	SA20160190_KJBEGOPM_01919	30.357	56	29	2	239	294	74	119	0.16	23.1
SA20160190_KJBEGOPM_01925	SA20160190_KJBEGOPM_01922	29.730	37	25	1	62	98	44	79	0.17	22.7
SA20160190_KJBEGOPM_01925	SA20160190_KJBEGOPM_01915	25.000	80	56	2	33	109	139	217	0.27	22.3
SA20160190_KJBEGOPM_01925	SA20160190_KJBEGOPM_01927	27.536	69	49	1	216	284	111	178	0.62	20.8
SA20160190_KJBEGOPM_01925	SA20160190_KJBEGOPM_01930	30.435	46	27	3	59	99	297	342	2.3	19.2
SA20160190_KJBEGOPM_01926	SA20160190_KJBEGOPM_01926	100.000	92	0	0	1	92	1	92	1.69e-67	188
SA20160190_KJBEGOPM_01926	SA20160190_KJBEGOPM_01919	29.268	41	28	1	20	60	83	122	5.7	15.8
SA20160190_KJBEGOPM_01926	SA20160190_KJBEGOPM_01933	43.750	16	8	1	49	63	304	319	8.0	15.4
SA20160190_KJBEGOPM_01927	SA20160190_KJBEGOPM_01927	100.000	188	0	0	1	188	1	188	3.56e-145	392
SA20160190_KJBEGOPM_01927	SA20160190_KJBEGOPM_01925	27.536	69	49	1	111	178	216	284	0.37	20.8
SA20160190_KJBEGOPM_01927	SA20160190_KJBEGOPM_01916	34.483	29	13	1	17	39	122	150	0.82	19.6
SA20160190_KJBEGOPM_01927	SA20160190_KJBEGOPM_01919	23.913	92	51	4	93	173	330	413	3.1	18.1
SA20160190_KJBEGOPM_01927	SA20160190_KJBEGOPM_01920	23.750	80	41	2	14	83	38	107	7.9	16.5
SA20160190_KJBEGOPM_01928	SA20160190_KJBEGOPM_01928	100.000	539	0	0	1	539	1	539	0.0	1125
SA20160190_KJBEGOPM_01928	SA20160190_KJBEGOPM_01933	38.889	36	19	2	388	420	184	219	3.4	19.6
SA20160190_KJBEGOPM_01928	SA20160190_KJBEGOPM_01932	33.333	45	26	1	324	364	44	88	4.9	19.2
SA20160190_KJBEGOPM_01929	SA20160190_KJBEGOPM_01929	100.000	502	0	0	1	502	1	502	0.0	1037
SA20160190_KJBEGOPM_01929	SA20160190_KJBEGOPM_01921	50.000	20	10	0	436	455	7	26	1.8	20.0
SA20160190_KJBEGOPM_01929	SA20160190_KJBEGOPM_01919	20.000	40	32	0	343	382	84	123	4.2	19.2
SA20160190_KJBEGOPM_01929	SA20160190_KJBEGOPM_01922	21.212	33	26	0	424	456	41	73	9.6	18.1
SA20160190_KJBEGOPM_01930	SA20160190_KJBEGOPM_01930	100.000	447	0	0	1	447	1	447	0.0	922
SA20160190_KJBEGOPM_01930	SA20160190_KJBEGOPM_01933	29.167	72	30	3	301	368	318	372	1.4	20.4
SA20160190_KJBEGOPM_01930	SA20160190_KJBEGOPM_01915	35.294	17	11	0	332	348	45	61	2.0	20.0
SA20160190_KJBEGOPM_01930	SA20160190_KJBEGOPM_01925	30.435	46	27	3	297	342	59	99	3.2	19.2
SA20160190_KJBEGOPM_01930	SA20160190_KJBEGOPM_01920	25.000	44	32	1	60	102	68	111	5.8	18.5
SA20160190_KJBEGOPM_01931	SA20160190_KJBEGOPM_01931	100.000	307	0	0	1	307	1	307	0.0	619
SA20160190_KJBEGOPM_01931	SA20160190_KJBEGOPM_01923	63.636	11	4	0	116	126	238	248	3.0	18.9
SA20160190_KJBEGOPM_01931	SA20160190_KJBEGOPM_01917	47.368	19	10	0	53	71	81	99	4.8	18.1
SA20160190_KJBEGOPM_01932	SA20160190_KJBEGOPM_01932	100.000	541	0	0	1	541	1	541	0.0	1087
SA20160190_KJBEGOPM_01932	SA20160190_KJBEGOPM_01928	33.333	45	26	1	44	88	324	364	4.7	19.2
SA20160190_KJBEGOPM_01932	SA20160190_KJBEGOPM_01914	70.000	10	3	0	16	25	286	295	7.1	18.5
SA20160190_KJBEGOPM_01933	SA20160190_KJBEGOPM_01933	100.000	372	0	0	1	372	1	372	0.0	759
SA20160190_KJBEGOPM_01933	SA20160190_KJBEGOPM_01930	29.167	72	30	3	318	372	301	368	1.2	20.4
SA20160190_KJBEGOPM_01933	SA20160190_KJBEGOPM_01916	26.786	56	38	1	196	251	125	177	1.2	20.0
SA20160190_KJBEGOPM_01933	SA20160190_KJBEGOPM_01917	38.095	21	13	0	218	238	352	372	1.3	20.4
SA20160190_KJBEGOPM_01933	SA20160190_KJBEGOPM_01928	38.889	36	19	2	184	219	388	420	1.8	20.0
SA20160190_KJBEGOPM_01933	SA20160190_KJBEGOPM_01914	30.000	40	26	1	50	87	12	51	2.5	19.6
SA20160190_KJBEGOPM_01933	SA20160190_KJBEGOPM_01924	39.130	23	14	0	200	222	97	119	2.9	18.9
SA20160190_KJBEGOPM_01933	SA20160190_KJBEGOPM_01932	45.455	11	6	0	54	64	155	165	4.0	18.9
SA20160190_KJBEGOPM_01933	SA20160190_KJBEGOPM_01919	29.167	24	17	0	77	100	318	341	4.3	18.9
SA20160190_KJBEGOPM_01933	SA20160190_KJBEGOPM_01923	53.846	13	6	0	93	105	97	109	9.2	17.7
SA20160190_KJBEGOPM_01934	SA20160190_KJBEGOPM_01934	100.000	91	0	0	1	91	1	91	1.47e-65	183
SA20160190_KJBEGOPM_01934	SA20160190_KJBEGOPM_01929	52.174	23	7	2	28	46	151	173	0.69	18.5
SA20160190_KJBEGOPM_01934	SA20160190_KJBEGOPM_01923	28.261	46	20	2	4	36	64	109	1.3	17.7
