SA20160203_GIPDFLML_01044	SA20160201_IJJBCCFE_02744	100.000	143	0	0	1	143	1	143	1.87e-109	298
SA20160203_GIPDFLML_01044	SA20160201_IJJBCCFE_02752	31.111	45	27	2	78	121	37	78	0.76	19.6
SA20160203_GIPDFLML_01044	SA20160201_IJJBCCFE_02750	41.667	12	7	0	130	141	93	104	5.2	16.9
SA20160203_GIPDFLML_01044	SA20160201_IJJBCCFE_02754	33.333	21	14	0	110	130	319	339	6.8	16.5
SA20160203_GIPDFLML_01044	SA20160201_IJJBCCFE_02757	62.500	8	3	0	110	117	1	8	8.1	16.2
SA20160203_GIPDFLML_01045	SA20160201_IJJBCCFE_02745	100.000	81	0	0	1	81	1	81	8.16e-62	173
SA20160203_GIPDFLML_01045	SA20160201_IJJBCCFE_02767	40.000	20	9	1	18	34	434	453	3.7	16.5
SA20160203_GIPDFLML_01046	SA20160201_IJJBCCFE_02746	100.000	136	0	0	1	136	1	136	2.07e-103	282
SA20160203_GIPDFLML_01046	SA20160201_IJJBCCFE_02759	28.571	28	20	0	38	65	37	64	1.4	18.5
SA20160203_GIPDFLML_01046	SA20160201_IJJBCCFE_02750	28.571	28	20	0	79	106	13	40	1.6	18.5
SA20160203_GIPDFLML_01046	SA20160201_IJJBCCFE_02749	40.000	30	14	2	59	87	296	322	2.7	17.7
SA20160203_GIPDFLML_01046	SA20160201_IJJBCCFE_02747	28.000	25	18	0	19	43	307	331	4.7	16.9
SA20160203_GIPDFLML_01047	SA20160201_IJJBCCFE_02747	100.000	705	0	0	1	705	1	705	0.0	1472
SA20160203_GIPDFLML_01047	SA20160201_IJJBCCFE_02760	28.571	28	20	0	149	176	142	169	7.0	18.9
SA20160203_GIPDFLML_01047	SA20160201_IJJBCCFE_02748	41.176	17	10	0	2	18	215	231	7.8	18.9
SA20160203_GIPDFLML_01047	SA20160201_IJJBCCFE_02767	25.000	32	24	0	194	225	513	544	9.8	18.9
SA20160203_GIPDFLML_01048	SA20160201_IJJBCCFE_02748	100.000	319	0	0	1	319	1	319	0.0	658
SA20160203_GIPDFLML_01048	SA20160201_IJJBCCFE_02767	25.203	123	59	4	180	269	305	427	0.94	20.8
SA20160203_GIPDFLML_01048	SA20160201_IJJBCCFE_02751	35.714	14	9	0	4	17	79	92	3.3	18.9
SA20160203_GIPDFLML_01048	SA20160201_IJJBCCFE_02747	41.176	17	10	0	215	231	2	18	3.5	18.9
SA20160203_GIPDFLML_01048	SA20160201_IJJBCCFE_02754	20.000	15	12	0	223	237	272	286	9.0	17.7
SA20160203_GIPDFLML_01049	SA20160201_IJJBCCFE_02749	100.000	400	0	0	1	400	1	400	0.0	807
SA20160203_GIPDFLML_01049	SA20160201_IJJBCCFE_02769	23.881	67	35	3	332	398	132	182	2.7	19.6
SA20160203_GIPDFLML_01049	SA20160201_IJJBCCFE_02757	25.000	68	48	2	169	235	81	146	5.8	18.5
SA20160203_GIPDFLML_01049	SA20160201_IJJBCCFE_02754	57.143	14	6	0	325	338	128	141	7.6	18.1
SA20160203_GIPDFLML_01049	SA20160201_IJJBCCFE_02746	40.000	30	14	2	296	322	59	87	8.0	17.7
SA20160203_GIPDFLML_01050	SA20160201_IJJBCCFE_02750	100.000	354	0	0	1	354	1	354	0.0	690
SA20160203_GIPDFLML_01050	SA20160201_IJJBCCFE_02746	28.571	28	20	0	13	40	79	106	4.3	18.5
SA20160203_GIPDFLML_01050	SA20160201_IJJBCCFE_02753	60.000	10	4	0	267	276	52	61	5.4	18.1
SA20160203_GIPDFLML_01051	SA20160201_IJJBCCFE_02751	100.000	331	0	0	1	331	1	331	0.0	688
SA20160203_GIPDFLML_01051	SA20160201_IJJBCCFE_02769	38.462	26	14	1	266	289	309	334	2.8	19.2
SA20160203_GIPDFLML_01051	SA20160201_IJJBCCFE_02767	25.714	35	26	0	222	256	373	407	2.9	19.2
SA20160203_GIPDFLML_01051	SA20160201_IJJBCCFE_02758	63.636	11	4	0	265	275	10	20	3.0	19.2
SA20160203_GIPDFLML_01051	SA20160201_IJJBCCFE_02748	35.714	14	9	0	79	92	4	17	3.5	18.9
SA20160203_GIPDFLML_01051	SA20160201_IJJBCCFE_02753	19.149	47	38	0	48	94	91	137	4.9	18.5
SA20160203_GIPDFLML_01052	SA20160201_IJJBCCFE_02752	100.000	394	0	0	1	394	1	394	0.0	765
SA20160203_GIPDFLML_01052	SA20160201_IJJBCCFE_02755	22.674	172	125	3	3	169	5	173	0.008	27.7
SA20160203_GIPDFLML_01052	SA20160201_IJJBCCFE_02744	31.111	45	27	2	37	78	78	121	1.5	20.0
SA20160203_GIPDFLML_01052	SA20160201_IJJBCCFE_02748	25.490	51	33	2	275	320	149	199	7.8	18.1
SA20160203_GIPDFLML_01053	SA20160201_IJJBCCFE_02753	100.000	176	0	0	1	176	1	176	4.41e-133	360
SA20160203_GIPDFLML_01053	SA20160201_IJJBCCFE_02755	31.081	74	33	5	57	124	378	439	1.2	19.2
SA20160203_GIPDFLML_01053	SA20160201_IJJBCCFE_02751	19.149	47	38	0	91	137	48	94	2.6	18.5
SA20160203_GIPDFLML_01053	SA20160201_IJJBCCFE_02750	60.000	10	4	0	52	61	267	276	2.6	18.1
SA20160203_GIPDFLML_01054	SA20160201_IJJBCCFE_02754	100.000	390	0	0	1	390	1	390	0.0	787
SA20160203_GIPDFLML_01054	SA20160201_IJJBCCFE_02755	43.750	32	8	2	157	187	424	446	1.1	20.8
SA20160203_GIPDFLML_01054	SA20160201_IJJBCCFE_02756	42.105	19	11	0	292	310	144	162	5.2	18.9
SA20160203_GIPDFLML_01054	SA20160201_IJJBCCFE_02749	57.143	14	6	0	128	141	325	338	7.4	18.1
SA20160203_GIPDFLML_01054	SA20160201_IJJBCCFE_02752	38.462	26	16	0	5	30	124	149	9.9	17.7
SA20160203_GIPDFLML_01055	SA20160201_IJJBCCFE_02755	100.000	512	0	0	1	512	1	512	0.0	1033
SA20160203_GIPDFLML_01055	SA20160201_IJJBCCFE_02752	26.667	135	91	3	5	136	3	132	0.008	28.1
SA20160203_GIPDFLML_01055	SA20160201_IJJBCCFE_02756	31.034	29	20	0	284	312	305	333	0.74	21.9
SA20160203_GIPDFLML_01055	SA20160201_IJJBCCFE_02754	43.750	32	8	2	424	446	157	187	1.4	20.8
SA20160203_GIPDFLML_01055	SA20160201_IJJBCCFE_02758	32.558	43	25	2	19	61	26	64	1.8	20.8
SA20160203_GIPDFLML_01055	SA20160201_IJJBCCFE_02753	31.081	74	33	5	378	439	57	124	3.7	19.2
SA20160203_GIPDFLML_01056	SA20160201_IJJBCCFE_02756	100.000	456	0	0	1	456	1	456	0.0	947
SA20160203_GIPDFLML_01056	SA20160201_IJJBCCFE_02755	31.034	29	20	0	305	333	284	312	0.61	21.9
SA20160203_GIPDFLML_01056	SA20160201_IJJBCCFE_02760	23.810	105	64	5	93	196	5	94	4.7	18.9
SA20160203_GIPDFLML_01056	SA20160201_IJJBCCFE_02754	42.105	19	11	0	144	162	292	310	6.0	18.9
SA20160203_GIPDFLML_01057	SA20160201_IJJBCCFE_02757	100.000	171	0	0	1	171	1	171	3.08e-133	360
SA20160203_GIPDFLML_01057	SA20160201_IJJBCCFE_02758	26.087	69	39	2	20	76	415	483	0.83	20.0
SA20160203_GIPDFLML_01057	SA20160201_IJJBCCFE_02749	25.000	68	48	2	81	146	169	235	2.5	18.5
SA20160203_GIPDFLML_01057	SA20160201_IJJBCCFE_02767	75.000	8	2	0	159	166	121	128	4.6	17.7
SA20160203_GIPDFLML_01057	SA20160201_IJJBCCFE_02744	62.500	8	3	0	1	8	110	117	9.7	16.2
SA20160203_GIPDFLML_01058	SA20160201_IJJBCCFE_02758	100.000	518	0	0	1	518	1	518	0.0	1076
SA20160203_GIPDFLML_01058	SA20160201_IJJBCCFE_02755	31.818	44	26	2	25	64	18	61	1.6	20.8
SA20160203_GIPDFLML_01058	SA20160201_IJJBCCFE_02767	28.333	60	37	3	386	439	232	291	1.6	20.8
SA20160203_GIPDFLML_01058	SA20160201_IJJBCCFE_02757	26.087	69	39	2	415	483	20	76	2.5	20.0
SA20160203_GIPDFLML_01058	SA20160201_IJJBCCFE_02751	63.636	11	4	0	10	20	265	275	4.7	19.2
SA20160203_GIPDFLML_01059	SA20160201_IJJBCCFE_02759	100.000	141	0	0	1	141	1	141	5.36e-101	276
SA20160203_GIPDFLML_01059	SA20160201_IJJBCCFE_02746	26.531	49	30	1	16	64	23	65	0.55	19.6
SA20160203_GIPDFLML_01059	SA20160201_IJJBCCFE_02755	53.333	15	6	1	78	91	69	83	1.9	18.5
SA20160203_GIPDFLML_01059	SA20160201_IJJBCCFE_02747	37.931	29	18	0	61	89	654	682	2.2	18.1
SA20160203_GIPDFLML_01059	SA20160201_IJJBCCFE_02758	41.667	12	7	0	99	110	369	380	4.2	17.3
SA20160203_GIPDFLML_01060	SA20160201_IJJBCCFE_02760	100.000	188	0	0	1	188	1	188	3.46e-142	384
SA20160203_GIPDFLML_01060	SA20160201_IJJBCCFE_02769	28.125	32	23	0	83	114	275	306	1.2	19.2
SA20160203_GIPDFLML_01060	SA20160201_IJJBCCFE_02747	28.571	28	20	0	142	169	149	176	1.9	18.9
SA20160203_GIPDFLML_01060	SA20160201_IJJBCCFE_02756	23.810	105	64	5	5	94	93	196	1.9	18.9
SA20160203_GIPDFLML_01066	SA20160201_IJJBCCFE_02766	100.000	61	0	0	1	61	1	61	2.79e-42	122
SA20160203_GIPDFLML_01066	SA20160201_IJJBCCFE_02758	42.857	14	8	0	41	54	422	435	2.6	16.2
SA20160203_GIPDFLML_01066	SA20160201_IJJBCCFE_02757	35.714	14	9	0	34	47	153	166	4.1	15.8
SA20160203_GIPDFLML_01067	SA20160201_IJJBCCFE_02767	100.000	876	0	0	1	876	1	876	0.0	1803
SA20160203_GIPDFLML_01067	SA20160201_IJJBCCFE_02748	25.203	123	59	4	305	427	180	269	2.4	20.8
SA20160203_GIPDFLML_01067	SA20160201_IJJBCCFE_02758	28.333	60	37	3	232	291	386	439	2.5	21.2
SA20160203_GIPDFLML_01067	SA20160201_IJJBCCFE_02751	25.714	35	26	0	373	407	222	256	7.9	19.2
SA20160203_GIPDFLML_01068	SA20160201_IJJBCCFE_02768	100.000	179	0	0	1	179	1	179	3.91e-138	374
SA20160203_GIPDFLML_01068	SA20160201_IJJBCCFE_02747	24.324	37	26	1	134	170	252	286	9.4	16.5
SA20160203_GIPDFLML_01069	SA20160201_IJJBCCFE_02769	100.000	353	0	0	1	353	1	353	0.0	718
SA20160203_GIPDFLML_01069	SA20160201_IJJBCCFE_02760	28.125	32	23	0	275	306	83	114	2.3	19.2
SA20160203_GIPDFLML_01069	SA20160201_IJJBCCFE_02749	23.881	67	35	3	132	182	332	398	2.3	19.6
SA20160203_GIPDFLML_01069	SA20160201_IJJBCCFE_02751	38.462	26	14	1	309	334	266	289	2.9	19.2
SA20160203_GIPDFLML_01069	SA20160201_IJJBCCFE_02767	28.205	39	28	0	24	62	639	677	4.2	18.9
SA20160203_GIPDFLML_01069	SA20160201_IJJBCCFE_02758	23.750	80	53	4	180	257	231	304	7.3	18.1
SA20160201_IJJBCCFE_02744	SA20160201_IJJBCCFE_02744	100.000	143	0	0	1	143	1	143	1.87e-109	298
SA20160201_IJJBCCFE_02744	SA20160201_IJJBCCFE_02752	31.111	45	27	2	78	121	37	78	0.76	19.6
SA20160201_IJJBCCFE_02744	SA20160201_IJJBCCFE_02750	41.667	12	7	0	130	141	93	104	5.2	16.9
SA20160201_IJJBCCFE_02744	SA20160201_IJJBCCFE_02754	33.333	21	14	0	110	130	319	339	6.8	16.5
SA20160201_IJJBCCFE_02744	SA20160201_IJJBCCFE_02757	62.500	8	3	0	110	117	1	8	8.1	16.2
SA20160201_IJJBCCFE_02745	SA20160201_IJJBCCFE_02745	100.000	81	0	0	1	81	1	81	8.16e-62	173
SA20160201_IJJBCCFE_02745	SA20160201_IJJBCCFE_02767	40.000	20	9	1	18	34	434	453	3.7	16.5
SA20160201_IJJBCCFE_02746	SA20160201_IJJBCCFE_02746	100.000	136	0	0	1	136	1	136	2.07e-103	282
SA20160201_IJJBCCFE_02746	SA20160201_IJJBCCFE_02759	28.571	28	20	0	38	65	37	64	1.4	18.5
SA20160201_IJJBCCFE_02746	SA20160201_IJJBCCFE_02750	28.571	28	20	0	79	106	13	40	1.6	18.5
SA20160201_IJJBCCFE_02746	SA20160201_IJJBCCFE_02749	40.000	30	14	2	59	87	296	322	2.7	17.7
SA20160201_IJJBCCFE_02746	SA20160201_IJJBCCFE_02747	28.000	25	18	0	19	43	307	331	4.7	16.9
SA20160201_IJJBCCFE_02747	SA20160201_IJJBCCFE_02747	100.000	705	0	0	1	705	1	705	0.0	1472
SA20160201_IJJBCCFE_02747	SA20160201_IJJBCCFE_02760	28.571	28	20	0	149	176	142	169	7.0	18.9
SA20160201_IJJBCCFE_02747	SA20160201_IJJBCCFE_02748	41.176	17	10	0	2	18	215	231	7.8	18.9
SA20160201_IJJBCCFE_02747	SA20160201_IJJBCCFE_02767	25.000	32	24	0	194	225	513	544	9.8	18.9
SA20160201_IJJBCCFE_02748	SA20160201_IJJBCCFE_02748	100.000	319	0	0	1	319	1	319	0.0	658
SA20160201_IJJBCCFE_02748	SA20160201_IJJBCCFE_02767	25.203	123	59	4	180	269	305	427	0.94	20.8
SA20160201_IJJBCCFE_02748	SA20160201_IJJBCCFE_02751	35.714	14	9	0	4	17	79	92	3.3	18.9
SA20160201_IJJBCCFE_02748	SA20160201_IJJBCCFE_02747	41.176	17	10	0	215	231	2	18	3.5	18.9
SA20160201_IJJBCCFE_02748	SA20160201_IJJBCCFE_02754	20.000	15	12	0	223	237	272	286	9.0	17.7
SA20160201_IJJBCCFE_02749	SA20160201_IJJBCCFE_02749	100.000	400	0	0	1	400	1	400	0.0	807
SA20160201_IJJBCCFE_02749	SA20160201_IJJBCCFE_02769	23.881	67	35	3	332	398	132	182	2.7	19.6
SA20160201_IJJBCCFE_02749	SA20160201_IJJBCCFE_02754	57.143	14	6	0	325	338	128	141	7.6	18.1
SA20160201_IJJBCCFE_02749	SA20160201_IJJBCCFE_02746	40.000	30	14	2	296	322	59	87	8.0	17.7
SA20160201_IJJBCCFE_02750	SA20160201_IJJBCCFE_02750	100.000	354	0	0	1	354	1	354	0.0	690
SA20160201_IJJBCCFE_02750	SA20160201_IJJBCCFE_02746	28.571	28	20	0	13	40	79	106	4.3	18.5
SA20160201_IJJBCCFE_02750	SA20160201_IJJBCCFE_02753	60.000	10	4	0	267	276	52	61	5.4	18.1
SA20160201_IJJBCCFE_02751	SA20160201_IJJBCCFE_02751	100.000	331	0	0	1	331	1	331	0.0	688
SA20160201_IJJBCCFE_02751	SA20160201_IJJBCCFE_02769	38.462	26	14	1	266	289	309	334	2.8	19.2
SA20160201_IJJBCCFE_02751	SA20160201_IJJBCCFE_02767	25.714	35	26	0	222	256	373	407	2.9	19.2
SA20160201_IJJBCCFE_02751	SA20160201_IJJBCCFE_02758	63.636	11	4	0	265	275	10	20	3.0	19.2
SA20160201_IJJBCCFE_02751	SA20160201_IJJBCCFE_02748	35.714	14	9	0	79	92	4	17	3.5	18.9
SA20160201_IJJBCCFE_02751	SA20160201_IJJBCCFE_02753	19.149	47	38	0	48	94	91	137	4.9	18.5
SA20160201_IJJBCCFE_02752	SA20160201_IJJBCCFE_02752	100.000	394	0	0	1	394	1	394	0.0	765
SA20160201_IJJBCCFE_02752	SA20160201_IJJBCCFE_02755	22.674	172	125	3	3	169	5	173	0.008	27.7
SA20160201_IJJBCCFE_02752	SA20160201_IJJBCCFE_02744	31.111	45	27	2	37	78	78	121	1.5	20.0
SA20160201_IJJBCCFE_02753	SA20160201_IJJBCCFE_02753	100.000	176	0	0	1	176	1	176	4.41e-133	360
SA20160201_IJJBCCFE_02753	SA20160201_IJJBCCFE_02755	31.081	74	33	5	57	124	378	439	1.2	19.2
SA20160201_IJJBCCFE_02753	SA20160201_IJJBCCFE_02751	19.149	47	38	0	91	137	48	94	2.6	18.5
SA20160201_IJJBCCFE_02753	SA20160201_IJJBCCFE_02750	60.000	10	4	0	52	61	267	276	2.6	18.1
SA20160201_IJJBCCFE_02754	SA20160201_IJJBCCFE_02754	100.000	390	0	0	1	390	1	390	0.0	787
SA20160201_IJJBCCFE_02754	SA20160201_IJJBCCFE_02755	43.750	32	8	2	157	187	424	446	1.1	20.8
SA20160201_IJJBCCFE_02754	SA20160201_IJJBCCFE_02756	42.105	19	11	0	292	310	144	162	5.2	18.9
SA20160201_IJJBCCFE_02754	SA20160201_IJJBCCFE_02749	57.143	14	6	0	128	141	325	338	7.4	18.1
SA20160201_IJJBCCFE_02754	SA20160201_IJJBCCFE_02752	38.462	26	16	0	5	30	124	149	9.9	17.7
SA20160201_IJJBCCFE_02755	SA20160201_IJJBCCFE_02755	100.000	512	0	0	1	512	1	512	0.0	1033
SA20160201_IJJBCCFE_02755	SA20160201_IJJBCCFE_02752	26.667	135	91	3	5	136	3	132	0.008	28.1
SA20160201_IJJBCCFE_02755	SA20160201_IJJBCCFE_02756	31.034	29	20	0	284	312	305	333	0.74	21.9
SA20160201_IJJBCCFE_02755	SA20160201_IJJBCCFE_02754	43.750	32	8	2	424	446	157	187	1.4	20.8
SA20160201_IJJBCCFE_02755	SA20160201_IJJBCCFE_02753	31.081	74	33	5	378	439	57	124	3.7	19.2
SA20160201_IJJBCCFE_02756	SA20160201_IJJBCCFE_02756	100.000	456	0	0	1	456	1	456	0.0	947
SA20160201_IJJBCCFE_02756	SA20160201_IJJBCCFE_02755	31.034	29	20	0	305	333	284	312	0.61	21.9
SA20160201_IJJBCCFE_02756	SA20160201_IJJBCCFE_02760	23.810	105	64	5	93	196	5	94	4.7	18.9
SA20160201_IJJBCCFE_02756	SA20160201_IJJBCCFE_02754	42.105	19	11	0	144	162	292	310	6.0	18.9
SA20160201_IJJBCCFE_02757	SA20160201_IJJBCCFE_02757	100.000	171	0	0	1	171	1	171	3.08e-133	360
SA20160201_IJJBCCFE_02757	SA20160201_IJJBCCFE_02758	26.087	69	39	2	20	76	415	483	0.83	20.0
SA20160201_IJJBCCFE_02757	SA20160201_IJJBCCFE_02749	25.000	68	48	2	81	146	169	235	2.5	18.5
SA20160201_IJJBCCFE_02757	SA20160201_IJJBCCFE_02767	75.000	8	2	0	159	166	121	128	4.6	17.7
SA20160201_IJJBCCFE_02757	SA20160201_IJJBCCFE_02744	62.500	8	3	0	1	8	110	117	9.7	16.2
SA20160201_IJJBCCFE_02758	SA20160201_IJJBCCFE_02758	100.000	518	0	0	1	518	1	518	0.0	1076
SA20160201_IJJBCCFE_02758	SA20160201_IJJBCCFE_02767	28.333	60	37	3	386	439	232	291	1.6	20.8
SA20160201_IJJBCCFE_02758	SA20160201_IJJBCCFE_02757	26.087	69	39	2	415	483	20	76	2.5	20.0
SA20160201_IJJBCCFE_02758	SA20160201_IJJBCCFE_02751	63.636	11	4	0	10	20	265	275	4.7	19.2
SA20160201_IJJBCCFE_02759	SA20160201_IJJBCCFE_02759	100.000	141	0	0	1	141	1	141	5.36e-101	276
SA20160201_IJJBCCFE_02759	SA20160201_IJJBCCFE_02746	26.531	49	30	1	16	64	23	65	0.55	19.6
SA20160201_IJJBCCFE_02759	SA20160201_IJJBCCFE_02747	37.931	29	18	0	61	89	654	682	2.2	18.1
SA20160201_IJJBCCFE_02759	SA20160201_IJJBCCFE_02758	41.667	12	7	0	99	110	369	380	4.2	17.3
SA20160201_IJJBCCFE_02760	SA20160201_IJJBCCFE_02760	100.000	188	0	0	1	188	1	188	3.46e-142	384
SA20160201_IJJBCCFE_02760	SA20160201_IJJBCCFE_02769	28.125	32	23	0	83	114	275	306	1.2	19.2
SA20160201_IJJBCCFE_02760	SA20160201_IJJBCCFE_02747	28.571	28	20	0	142	169	149	176	1.9	18.9
SA20160201_IJJBCCFE_02760	SA20160201_IJJBCCFE_02756	23.810	105	64	5	5	94	93	196	1.9	18.9
SA20160201_IJJBCCFE_02766	SA20160201_IJJBCCFE_02766	100.000	61	0	0	1	61	1	61	2.79e-42	122
SA20160201_IJJBCCFE_02766	SA20160201_IJJBCCFE_02758	42.857	14	8	0	41	54	422	435	2.6	16.2
SA20160201_IJJBCCFE_02766	SA20160201_IJJBCCFE_02757	35.714	14	9	0	34	47	153	166	4.1	15.8
SA20160201_IJJBCCFE_02767	SA20160201_IJJBCCFE_02767	100.000	876	0	0	1	876	1	876	0.0	1803
SA20160201_IJJBCCFE_02767	SA20160201_IJJBCCFE_02748	25.203	123	59	4	305	427	180	269	2.4	20.8
SA20160201_IJJBCCFE_02767	SA20160201_IJJBCCFE_02758	28.333	60	37	3	232	291	386	439	2.5	21.2
SA20160201_IJJBCCFE_02767	SA20160201_IJJBCCFE_02751	25.714	35	26	0	373	407	222	256	7.9	19.2
SA20160201_IJJBCCFE_02768	SA20160201_IJJBCCFE_02768	100.000	179	0	0	1	179	1	179	3.91e-138	374
SA20160201_IJJBCCFE_02768	SA20160201_IJJBCCFE_02747	24.324	37	26	1	134	170	252	286	9.4	16.5
SA20160201_IJJBCCFE_02769	SA20160201_IJJBCCFE_02769	100.000	353	0	0	1	353	1	353	0.0	718
SA20160201_IJJBCCFE_02769	SA20160201_IJJBCCFE_02760	28.125	32	23	0	275	306	83	114	2.3	19.2
SA20160201_IJJBCCFE_02769	SA20160201_IJJBCCFE_02749	23.881	67	35	3	132	182	332	398	2.3	19.6
SA20160201_IJJBCCFE_02769	SA20160201_IJJBCCFE_02751	38.462	26	14	1	309	334	266	289	2.9	19.2
SA20160201_IJJBCCFE_02769	SA20160201_IJJBCCFE_02767	28.205	39	28	0	24	62	639	677	4.2	18.9
SA20160201_IJJBCCFE_02769	SA20160201_IJJBCCFE_02758	23.750	80	53	4	180	257	231	304	7.3	18.1
SA20160203_GIPDFLML_01044	SA20160203_GIPDFLML_01044	100.000	143	0	0	1	143	1	143	1.87e-109	298
SA20160203_GIPDFLML_01044	SA20160203_GIPDFLML_01052	31.111	45	27	2	78	121	37	78	0.76	19.6
SA20160203_GIPDFLML_01044	SA20160203_GIPDFLML_01050	41.667	12	7	0	130	141	93	104	5.2	16.9
SA20160203_GIPDFLML_01044	SA20160203_GIPDFLML_01054	33.333	21	14	0	110	130	319	339	6.8	16.5
SA20160203_GIPDFLML_01044	SA20160203_GIPDFLML_01057	62.500	8	3	0	110	117	1	8	8.1	16.2
SA20160203_GIPDFLML_01045	SA20160203_GIPDFLML_01045	100.000	81	0	0	1	81	1	81	8.16e-62	173
SA20160203_GIPDFLML_01045	SA20160203_GIPDFLML_01067	40.000	20	9	1	18	34	434	453	3.7	16.5
SA20160203_GIPDFLML_01046	SA20160203_GIPDFLML_01046	100.000	136	0	0	1	136	1	136	2.07e-103	282
SA20160203_GIPDFLML_01046	SA20160203_GIPDFLML_01059	28.571	28	20	0	38	65	37	64	1.4	18.5
SA20160203_GIPDFLML_01046	SA20160203_GIPDFLML_01050	28.571	28	20	0	79	106	13	40	1.6	18.5
SA20160203_GIPDFLML_01046	SA20160203_GIPDFLML_01049	40.000	30	14	2	59	87	296	322	2.7	17.7
SA20160203_GIPDFLML_01046	SA20160203_GIPDFLML_01047	28.000	25	18	0	19	43	307	331	4.7	16.9
SA20160203_GIPDFLML_01047	SA20160203_GIPDFLML_01047	100.000	705	0	0	1	705	1	705	0.0	1472
SA20160203_GIPDFLML_01047	SA20160203_GIPDFLML_01060	28.571	28	20	0	149	176	142	169	7.0	18.9
SA20160203_GIPDFLML_01047	SA20160203_GIPDFLML_01048	41.176	17	10	0	2	18	215	231	7.8	18.9
SA20160203_GIPDFLML_01047	SA20160203_GIPDFLML_01067	25.000	32	24	0	194	225	513	544	9.8	18.9
SA20160203_GIPDFLML_01048	SA20160203_GIPDFLML_01048	100.000	319	0	0	1	319	1	319	0.0	658
SA20160203_GIPDFLML_01048	SA20160203_GIPDFLML_01067	25.203	123	59	4	180	269	305	427	0.94	20.8
SA20160203_GIPDFLML_01048	SA20160203_GIPDFLML_01051	35.714	14	9	0	4	17	79	92	3.3	18.9
SA20160203_GIPDFLML_01048	SA20160203_GIPDFLML_01047	41.176	17	10	0	215	231	2	18	3.5	18.9
SA20160203_GIPDFLML_01048	SA20160203_GIPDFLML_01054	20.000	15	12	0	223	237	272	286	9.0	17.7
SA20160203_GIPDFLML_01049	SA20160203_GIPDFLML_01049	100.000	400	0	0	1	400	1	400	0.0	807
SA20160203_GIPDFLML_01049	SA20160203_GIPDFLML_01069	23.881	67	35	3	332	398	132	182	2.7	19.6
SA20160203_GIPDFLML_01049	SA20160203_GIPDFLML_01054	57.143	14	6	0	325	338	128	141	7.6	18.1
SA20160203_GIPDFLML_01049	SA20160203_GIPDFLML_01046	40.000	30	14	2	296	322	59	87	8.0	17.7
SA20160203_GIPDFLML_01050	SA20160203_GIPDFLML_01050	100.000	354	0	0	1	354	1	354	0.0	690
SA20160203_GIPDFLML_01050	SA20160203_GIPDFLML_01046	28.571	28	20	0	13	40	79	106	4.3	18.5
SA20160203_GIPDFLML_01050	SA20160203_GIPDFLML_01053	60.000	10	4	0	267	276	52	61	5.4	18.1
SA20160203_GIPDFLML_01051	SA20160203_GIPDFLML_01051	100.000	331	0	0	1	331	1	331	0.0	688
SA20160203_GIPDFLML_01051	SA20160203_GIPDFLML_01069	38.462	26	14	1	266	289	309	334	2.8	19.2
SA20160203_GIPDFLML_01051	SA20160203_GIPDFLML_01067	25.714	35	26	0	222	256	373	407	2.9	19.2
SA20160203_GIPDFLML_01051	SA20160203_GIPDFLML_01058	63.636	11	4	0	265	275	10	20	3.0	19.2
SA20160203_GIPDFLML_01051	SA20160203_GIPDFLML_01048	35.714	14	9	0	79	92	4	17	3.5	18.9
SA20160203_GIPDFLML_01051	SA20160203_GIPDFLML_01053	19.149	47	38	0	48	94	91	137	4.9	18.5
SA20160203_GIPDFLML_01052	SA20160203_GIPDFLML_01052	100.000	394	0	0	1	394	1	394	0.0	765
SA20160203_GIPDFLML_01052	SA20160203_GIPDFLML_01055	22.674	172	125	3	3	169	5	173	0.008	27.7
SA20160203_GIPDFLML_01052	SA20160203_GIPDFLML_01044	31.111	45	27	2	37	78	78	121	1.5	20.0
SA20160203_GIPDFLML_01053	SA20160203_GIPDFLML_01053	100.000	176	0	0	1	176	1	176	4.41e-133	360
SA20160203_GIPDFLML_01053	SA20160203_GIPDFLML_01055	31.081	74	33	5	57	124	378	439	1.2	19.2
SA20160203_GIPDFLML_01053	SA20160203_GIPDFLML_01051	19.149	47	38	0	91	137	48	94	2.6	18.5
SA20160203_GIPDFLML_01053	SA20160203_GIPDFLML_01050	60.000	10	4	0	52	61	267	276	2.6	18.1
SA20160203_GIPDFLML_01054	SA20160203_GIPDFLML_01054	100.000	390	0	0	1	390	1	390	0.0	787
SA20160203_GIPDFLML_01054	SA20160203_GIPDFLML_01055	43.750	32	8	2	157	187	424	446	1.1	20.8
SA20160203_GIPDFLML_01054	SA20160203_GIPDFLML_01056	42.105	19	11	0	292	310	144	162	5.2	18.9
SA20160203_GIPDFLML_01054	SA20160203_GIPDFLML_01049	57.143	14	6	0	128	141	325	338	7.4	18.1
SA20160203_GIPDFLML_01054	SA20160203_GIPDFLML_01052	38.462	26	16	0	5	30	124	149	9.9	17.7
SA20160203_GIPDFLML_01055	SA20160203_GIPDFLML_01055	100.000	512	0	0	1	512	1	512	0.0	1033
SA20160203_GIPDFLML_01055	SA20160203_GIPDFLML_01052	26.667	135	91	3	5	136	3	132	0.008	28.1
SA20160203_GIPDFLML_01055	SA20160203_GIPDFLML_01056	31.034	29	20	0	284	312	305	333	0.74	21.9
SA20160203_GIPDFLML_01055	SA20160203_GIPDFLML_01054	43.750	32	8	2	424	446	157	187	1.4	20.8
SA20160203_GIPDFLML_01055	SA20160203_GIPDFLML_01053	31.081	74	33	5	378	439	57	124	3.7	19.2
SA20160203_GIPDFLML_01056	SA20160203_GIPDFLML_01056	100.000	456	0	0	1	456	1	456	0.0	947
SA20160203_GIPDFLML_01056	SA20160203_GIPDFLML_01055	31.034	29	20	0	305	333	284	312	0.61	21.9
SA20160203_GIPDFLML_01056	SA20160203_GIPDFLML_01060	23.810	105	64	5	93	196	5	94	4.7	18.9
SA20160203_GIPDFLML_01056	SA20160203_GIPDFLML_01054	42.105	19	11	0	144	162	292	310	6.0	18.9
SA20160203_GIPDFLML_01057	SA20160203_GIPDFLML_01057	100.000	171	0	0	1	171	1	171	3.08e-133	360
SA20160203_GIPDFLML_01057	SA20160203_GIPDFLML_01058	26.087	69	39	2	20	76	415	483	0.83	20.0
SA20160203_GIPDFLML_01057	SA20160203_GIPDFLML_01049	25.000	68	48	2	81	146	169	235	2.5	18.5
SA20160203_GIPDFLML_01057	SA20160203_GIPDFLML_01067	75.000	8	2	0	159	166	121	128	4.6	17.7
SA20160203_GIPDFLML_01057	SA20160203_GIPDFLML_01044	62.500	8	3	0	1	8	110	117	9.7	16.2
SA20160203_GIPDFLML_01058	SA20160203_GIPDFLML_01058	100.000	518	0	0	1	518	1	518	0.0	1076
SA20160203_GIPDFLML_01058	SA20160203_GIPDFLML_01067	28.333	60	37	3	386	439	232	291	1.6	20.8
SA20160203_GIPDFLML_01058	SA20160203_GIPDFLML_01057	26.087	69	39	2	415	483	20	76	2.5	20.0
SA20160203_GIPDFLML_01058	SA20160203_GIPDFLML_01051	63.636	11	4	0	10	20	265	275	4.7	19.2
SA20160203_GIPDFLML_01059	SA20160203_GIPDFLML_01059	100.000	141	0	0	1	141	1	141	5.36e-101	276
SA20160203_GIPDFLML_01059	SA20160203_GIPDFLML_01046	26.531	49	30	1	16	64	23	65	0.55	19.6
SA20160203_GIPDFLML_01059	SA20160203_GIPDFLML_01047	37.931	29	18	0	61	89	654	682	2.2	18.1
SA20160203_GIPDFLML_01059	SA20160203_GIPDFLML_01058	41.667	12	7	0	99	110	369	380	4.2	17.3
SA20160203_GIPDFLML_01060	SA20160203_GIPDFLML_01060	100.000	188	0	0	1	188	1	188	3.46e-142	384
SA20160203_GIPDFLML_01060	SA20160203_GIPDFLML_01069	28.125	32	23	0	83	114	275	306	1.2	19.2
SA20160203_GIPDFLML_01060	SA20160203_GIPDFLML_01047	28.571	28	20	0	142	169	149	176	1.9	18.9
SA20160203_GIPDFLML_01060	SA20160203_GIPDFLML_01056	23.810	105	64	5	5	94	93	196	1.9	18.9
SA20160203_GIPDFLML_01066	SA20160203_GIPDFLML_01066	100.000	61	0	0	1	61	1	61	2.79e-42	122
SA20160203_GIPDFLML_01066	SA20160203_GIPDFLML_01058	42.857	14	8	0	41	54	422	435	2.6	16.2
SA20160203_GIPDFLML_01066	SA20160203_GIPDFLML_01057	35.714	14	9	0	34	47	153	166	4.1	15.8
SA20160203_GIPDFLML_01067	SA20160203_GIPDFLML_01067	100.000	876	0	0	1	876	1	876	0.0	1803
SA20160203_GIPDFLML_01067	SA20160203_GIPDFLML_01048	25.203	123	59	4	305	427	180	269	2.4	20.8
SA20160203_GIPDFLML_01067	SA20160203_GIPDFLML_01058	28.333	60	37	3	232	291	386	439	2.5	21.2
SA20160203_GIPDFLML_01067	SA20160203_GIPDFLML_01051	25.714	35	26	0	373	407	222	256	7.9	19.2
SA20160203_GIPDFLML_01068	SA20160203_GIPDFLML_01068	100.000	179	0	0	1	179	1	179	3.91e-138	374
SA20160203_GIPDFLML_01068	SA20160203_GIPDFLML_01047	24.324	37	26	1	134	170	252	286	9.4	16.5
SA20160203_GIPDFLML_01069	SA20160203_GIPDFLML_01069	100.000	353	0	0	1	353	1	353	0.0	718
SA20160203_GIPDFLML_01069	SA20160203_GIPDFLML_01060	28.125	32	23	0	275	306	83	114	2.3	19.2
SA20160203_GIPDFLML_01069	SA20160203_GIPDFLML_01049	23.881	67	35	3	132	182	332	398	2.3	19.6
SA20160203_GIPDFLML_01069	SA20160203_GIPDFLML_01051	38.462	26	14	1	309	334	266	289	2.9	19.2
SA20160203_GIPDFLML_01069	SA20160203_GIPDFLML_01067	28.205	39	28	0	24	62	639	677	4.2	18.9
SA20160203_GIPDFLML_01069	SA20160203_GIPDFLML_01058	23.750	80	53	4	180	257	231	304	7.3	18.1
