SA20153983_GBAKOBEN_00649	SA20160172_GPHLOGML_01273	28.125	32	23	0	148	179	461	492	0.95	20.0
SA20153983_GBAKOBEN_00649	SA20160172_GPHLOGML_01283	34.375	32	16	1	145	176	563	589	3.5	18.5
SA20153983_GBAKOBEN_00649	SA20160172_GPHLOGML_01277	69.231	13	4	0	84	96	142	154	8.5	16.9
SA20153983_GBAKOBEN_00650	SA20160172_GPHLOGML_01266	32.692	52	30	1	395	441	10	61	0.40	21.9
SA20153983_GBAKOBEN_00650	SA20160172_GPHLOGML_01283	38.889	18	11	0	505	522	194	211	7.6	18.9
SA20153983_GBAKOBEN_00650	SA20160172_GPHLOGML_01273	27.273	22	16	0	94	115	914	935	8.0	18.9
SA20153983_GBAKOBEN_00650	SA20160172_GPHLOGML_01278	22.581	31	24	0	436	466	110	140	8.5	18.5
SA20153983_GBAKOBEN_00651	SA20160172_GPHLOGML_01278	27.273	22	16	0	8	29	48	69	0.95	17.3
SA20153983_GBAKOBEN_00651	SA20160172_GPHLOGML_01273	38.462	26	14	1	21	46	618	641	3.4	15.8
SA20153983_GBAKOBEN_00651	SA20160172_GPHLOGML_01284	30.000	20	14	0	5	24	4	23	5.5	15.0
SA20153983_GBAKOBEN_00652	SA20160172_GPHLOGML_01281	37.500	16	10	0	46	61	33	48	1.1	18.9
SA20153983_GBAKOBEN_00652	SA20160172_GPHLOGML_01283	29.268	41	27	1	127	165	115	155	2.8	18.1
SA20153983_GBAKOBEN_00652	SA20160172_GPHLOGML_01278	23.881	67	36	3	60	121	71	127	3.4	17.7
SA20153983_GBAKOBEN_00652	SA20160172_GPHLOGML_01285	38.462	26	12	1	105	126	162	187	6.7	16.5
SA20153983_GBAKOBEN_00652	SA20160172_GPHLOGML_01273	83.333	6	1	0	54	59	722	727	8.5	16.5
SA20153983_GBAKOBEN_00653	SA20160172_GPHLOGML_01267	53.846	13	6	0	31	43	118	130	0.16	21.2
SA20153983_GBAKOBEN_00653	SA20160172_GPHLOGML_01273	24.615	65	33	3	32	92	40	92	0.71	19.2
SA20153983_GBAKOBEN_00653	SA20160172_GPHLOGML_01268	27.500	40	29	0	80	119	13	52	1.0	18.5
SA20153983_GBAKOBEN_00653	SA20160172_GPHLOGML_01280	55.556	9	4	0	77	85	31	39	1.5	18.1
SA20153983_GBAKOBEN_00653	SA20160172_GPHLOGML_01270	30.435	23	16	0	89	111	153	175	6.7	16.2
SA20153983_GBAKOBEN_00654	SA20160172_GPHLOGML_01280	55.556	9	4	0	22	30	87	95	0.19	17.7
SA20153983_GBAKOBEN_00654	SA20160172_GPHLOGML_01267	31.579	19	13	0	10	28	13	31	0.32	16.9
SA20153983_GBAKOBEN_00655	SA20160172_GPHLOGML_01274	66.667	12	4	0	346	357	66	77	2.1	19.6
SA20153983_GBAKOBEN_00655	SA20160172_GPHLOGML_01273	29.167	48	32	1	343	388	859	906	6.8	18.1
SA20153983_GBAKOBEN_00656	SA20160172_GPHLOGML_01275	30.986	71	46	1	194	264	132	199	0.16	22.7
SA20153983_GBAKOBEN_00656	SA20160172_GPHLOGML_01276	40.000	20	12	0	45	64	499	518	1.4	20.0
SA20153983_GBAKOBEN_00656	SA20160172_GPHLOGML_01273	37.500	32	18	2	240	271	892	921	4.0	18.5
SA20153983_GBAKOBEN_00658	SA20160172_GPHLOGML_01273	36.667	30	15	2	34	60	509	537	0.12	21.6
SA20153983_GBAKOBEN_00658	SA20160172_GPHLOGML_01283	28.205	39	22	1	24	62	527	559	0.47	20.0
SA20153983_GBAKOBEN_00658	SA20160172_GPHLOGML_01280	23.438	64	34	1	36	99	100	148	2.5	17.3
SA20153983_GBAKOBEN_00658	SA20160172_GPHLOGML_01282	29.630	27	19	0	8	34	25	51	6.2	16.2
SA20153983_GBAKOBEN_00658	SA20160172_GPHLOGML_01268	50.000	10	5	0	46	55	73	82	8.3	15.8
SA20153983_GBAKOBEN_00659	SA20160172_GPHLOGML_01275	53.333	15	7	0	1	15	52	66	0.61	19.6
SA20153983_GBAKOBEN_00659	SA20160172_GPHLOGML_01283	29.630	27	19	0	87	113	365	391	2.0	18.1
SA20153983_GBAKOBEN_00659	SA20160172_GPHLOGML_01273	34.783	23	13	1	9	29	760	782	2.1	18.1
SA20153983_GBAKOBEN_00659	SA20160172_GPHLOGML_01284	42.105	19	11	0	97	115	41	59	3.3	17.3
SA20153983_GBAKOBEN_00659	SA20160172_GPHLOGML_01272	30.769	26	18	0	34	59	5	30	3.5	16.9
SA20153983_GBAKOBEN_00660	SA20160172_GPHLOGML_01276	29.630	27	19	0	95	121	1062	1088	7.0	17.3
SA20153983_GBAKOBEN_00661	SA20160172_GPHLOGML_01283	38.889	18	11	0	175	192	347	364	7.7	18.1
SA20153983_GBAKOBEN_00661	SA20160172_GPHLOGML_01269	30.435	23	16	0	180	202	112	134	8.9	17.7
SA20153983_GBAKOBEN_00662	SA20160172_GPHLOGML_01277	36.364	22	14	0	146	167	81	102	0.38	21.2
SA20153983_GBAKOBEN_00663	SA20160172_GPHLOGML_01276	30.000	30	21	0	26	55	241	270	2.1	20.0
SA20153983_GBAKOBEN_00663	SA20160172_GPHLOGML_01273	35.714	42	24	1	258	296	618	659	2.2	20.0
SA20153983_GBAKOBEN_00663	SA20160172_GPHLOGML_01267	29.091	55	30	2	218	264	130	183	3.3	19.2
SA20153983_GBAKOBEN_00663	SA20160172_GPHLOGML_01283	44.444	18	10	0	185	202	253	270	5.5	18.9
SA20153983_GBAKOBEN_00663	SA20160172_GPHLOGML_01282	29.167	48	29	1	265	307	81	128	5.9	18.5
SA20153983_GBAKOBEN_00663	SA20160172_GPHLOGML_01270	71.429	7	2	0	77	83	124	130	8.1	18.1
SA20153983_GBAKOBEN_00664	SA20160172_GPHLOGML_01269	41.667	24	14	0	54	77	19	42	1.5	19.6
SA20153983_GBAKOBEN_00664	SA20160172_GPHLOGML_01273	30.556	36	24	1	78	112	780	815	1.6	20.0
SA20153983_GBAKOBEN_00664	SA20160172_GPHLOGML_01274	47.059	17	9	0	107	123	310	326	2.3	19.2
SA20153983_GBAKOBEN_00664	SA20160172_GPHLOGML_01267	50.000	10	5	0	182	191	200	209	7.5	17.7
SA20153983_GBAKOBEN_00666	SA20160172_GPHLOGML_01276	31.646	79	43	3	222	291	342	418	0.072	24.3
SA20153983_GBAKOBEN_00666	SA20160172_GPHLOGML_01267	37.500	16	10	0	60	75	211	226	1.2	20.0
SA20153983_GBAKOBEN_00666	SA20160172_GPHLOGML_01282	53.846	13	6	0	180	192	142	154	2.1	19.2
SA20153983_GBAKOBEN_00666	SA20160172_GPHLOGML_01279	43.750	16	9	0	276	291	21	36	3.9	17.3
SA20153983_GBAKOBEN_00666	SA20160172_GPHLOGML_01277	33.333	27	18	0	238	264	51	77	4.8	18.1
SA20153983_GBAKOBEN_00666	SA20160172_GPHLOGML_01283	27.907	43	27	2	196	237	443	482	5.1	18.1
SA20153983_GBAKOBEN_00667	SA20160172_GPHLOGML_01271	25.000	16	12	0	145	160	57	72	0.54	19.2
SA20153983_GBAKOBEN_00667	SA20160172_GPHLOGML_01276	30.000	30	21	0	13	42	262	291	2.2	18.5
SA20153983_GBAKOBEN_00667	SA20160172_GPHLOGML_01270	32.258	31	18	1	92	119	147	177	7.8	16.5
SA20153983_GBAKOBEN_00668	SA20160172_GPHLOGML_01277	23.288	73	38	2	24	78	32	104	1.1	20.4
SA20153983_GBAKOBEN_00668	SA20160172_GPHLOGML_01276	53.333	15	7	0	77	91	460	474	1.5	20.4
SA20153983_GBAKOBEN_00668	SA20160172_GPHLOGML_01267	44.000	25	13	1	123	146	342	366	3.7	18.9
SA20153983_GBAKOBEN_00668	SA20160172_GPHLOGML_01273	29.630	27	19	0	184	210	420	446	5.8	18.5
SA20160172_GPHLOGML_01265	SA20160172_GPHLOGML_01265	100.000	189	0	0	1	189	1	189	7.94e-136	369
SA20160172_GPHLOGML_01265	SA20160172_GPHLOGML_01276	25.758	66	35	1	56	121	976	1027	0.043	23.9
SA20160172_GPHLOGML_01265	SA20160172_GPHLOGML_01284	25.000	48	32	1	61	104	62	109	1.9	18.1
SA20160172_GPHLOGML_01265	SA20160172_GPHLOGML_01273	47.619	21	8	1	142	159	97	117	5.4	17.3
SA20160172_GPHLOGML_01266	SA20160172_GPHLOGML_01266	100.000	103	0	0	1	103	1	103	7.66e-75	207
SA20160172_GPHLOGML_01266	SA20160172_GPHLOGML_01276	26.667	60	42	1	29	88	336	393	0.37	19.6
SA20160172_GPHLOGML_01266	SA20160172_GPHLOGML_01270	30.000	50	32	2	35	82	2	50	1.0	18.1
SA20160172_GPHLOGML_01266	SA20160172_GPHLOGML_01283	27.778	18	13	0	9	26	311	328	6.8	15.8
SA20160172_GPHLOGML_01266	SA20160172_GPHLOGML_01278	26.923	26	17	1	51	76	123	146	7.9	15.4
SA20160172_GPHLOGML_01267	SA20160172_GPHLOGML_01267	100.000	516	0	0	1	516	1	516	0.0	1056
SA20160172_GPHLOGML_01267	SA20160172_GPHLOGML_01273	28.000	75	37	3	54	123	261	323	0.28	23.1
SA20160172_GPHLOGML_01267	SA20160172_GPHLOGML_01275	31.579	57	34	3	319	372	91	145	1.2	20.8
SA20160172_GPHLOGML_01267	SA20160172_GPHLOGML_01282	50.000	20	6	1	401	416	37	56	2.4	19.6
SA20160172_GPHLOGML_01267	SA20160172_GPHLOGML_01276	26.866	67	48	1	35	101	82	147	3.6	19.6
SA20160172_GPHLOGML_01267	SA20160172_GPHLOGML_01280	45.000	20	11	0	316	335	121	140	5.3	18.5
SA20160172_GPHLOGML_01268	SA20160172_GPHLOGML_01268	100.000	86	0	0	1	86	1	86	2.29e-63	177
SA20160172_GPHLOGML_01268	SA20160172_GPHLOGML_01273	25.806	31	23	0	1	31	313	343	1.5	17.7
SA20160172_GPHLOGML_01269	SA20160172_GPHLOGML_01269	100.000	156	0	0	1	156	1	156	2.87e-119	324
SA20160172_GPHLOGML_01269	SA20160172_GPHLOGML_01281	26.667	75	34	3	54	111	1	71	1.1	18.9
SA20160172_GPHLOGML_01269	SA20160172_GPHLOGML_01273	42.857	14	8	0	41	54	890	903	5.6	16.9
SA20160172_GPHLOGML_01269	SA20160172_GPHLOGML_01265	33.333	12	8	0	54	65	44	55	7.9	16.2
SA20160172_GPHLOGML_01270	SA20160172_GPHLOGML_01270	100.000	183	0	0	1	183	1	183	4.09e-140	379
SA20160172_GPHLOGML_01270	SA20160172_GPHLOGML_01274	45.000	20	11	0	138	157	343	362	0.79	19.6
SA20160172_GPHLOGML_01270	SA20160172_GPHLOGML_01276	58.333	12	5	0	128	139	944	955	1.7	18.9
SA20160172_GPHLOGML_01270	SA20160172_GPHLOGML_01266	30.000	50	32	2	2	50	35	82	1.8	18.1
SA20160172_GPHLOGML_01271	SA20160172_GPHLOGML_01271	100.000	72	0	0	1	72	1	72	9.47e-53	149
SA20160172_GPHLOGML_01271	SA20160172_GPHLOGML_01273	60.000	10	4	0	22	31	59	68	1.1	17.7
SA20160172_GPHLOGML_01271	SA20160172_GPHLOGML_01278	29.167	24	17	0	47	70	108	131	1.8	16.9
SA20160172_GPHLOGML_01272	SA20160172_GPHLOGML_01272	100.000	124	0	0	1	124	1	124	2.18e-95	261
SA20160172_GPHLOGML_01272	SA20160172_GPHLOGML_01276	22.667	75	41	1	29	103	396	453	0.65	19.2
SA20160172_GPHLOGML_01272	SA20160172_GPHLOGML_01267	38.889	18	11	0	41	58	52	69	5.1	16.5
SA20160172_GPHLOGML_01273	SA20160172_GPHLOGML_01273	100.000	1049	0	0	1	1049	1	1049	0.0	2133
SA20160172_GPHLOGML_01273	SA20160172_GPHLOGML_01267	28.000	75	37	3	261	323	54	123	0.65	23.1
SA20160172_GPHLOGML_01274	SA20160172_GPHLOGML_01274	100.000	397	0	0	1	397	1	397	0.0	793
SA20160172_GPHLOGML_01274	SA20160172_GPHLOGML_01270	45.000	20	11	0	343	362	138	157	1.8	19.6
SA20160172_GPHLOGML_01274	SA20160172_GPHLOGML_01283	33.333	33	20	1	210	242	520	550	2.4	19.6
SA20160172_GPHLOGML_01274	SA20160172_GPHLOGML_01267	36.364	22	14	0	163	184	278	299	2.6	19.6
SA20160172_GPHLOGML_01274	SA20160172_GPHLOGML_01276	24.000	50	36	1	25	74	141	188	2.9	19.2
SA20160172_GPHLOGML_01274	SA20160172_GPHLOGML_01273	58.333	12	5	0	368	379	637	648	7.4	18.1
SA20160172_GPHLOGML_01275	SA20160172_GPHLOGML_01275	100.000	217	0	0	1	217	1	217	9.89e-167	449
SA20160172_GPHLOGML_01275	SA20160172_GPHLOGML_01282	29.730	74	49	2	35	106	72	144	0.54	20.4
SA20160172_GPHLOGML_01275	SA20160172_GPHLOGML_01267	31.373	51	30	3	91	139	319	366	2.7	18.5
SA20160172_GPHLOGML_01276	SA20160172_GPHLOGML_01276	100.000	1120	0	0	1	1120	1	1120	0.0	2264
SA20160172_GPHLOGML_01276	SA20160172_GPHLOGML_01265	25.758	66	35	1	976	1027	56	121	0.27	23.9
SA20160172_GPHLOGML_01276	SA20160172_GPHLOGML_01283	38.710	31	18	1	520	549	595	625	1.0	22.3
SA20160172_GPHLOGML_01276	SA20160172_GPHLOGML_01266	26.667	60	42	1	336	393	29	88	5.1	19.2
SA20160172_GPHLOGML_01276	SA20160172_GPHLOGML_01272	22.667	75	41	1	396	453	29	103	5.7	19.6
SA20160172_GPHLOGML_01277	SA20160172_GPHLOGML_01277	100.000	167	0	0	1	167	1	167	3.01e-122	332
SA20160172_GPHLOGML_01277	SA20160172_GPHLOGML_01283	28.947	38	27	0	2	39	603	640	0.66	20.0
SA20160172_GPHLOGML_01277	SA20160172_GPHLOGML_01267	35.897	39	20	2	125	158	293	331	3.7	17.7
SA20160172_GPHLOGML_01278	SA20160172_GPHLOGML_01278	100.000	151	0	0	1	151	1	151	2.98e-115	313
SA20160172_GPHLOGML_01278	SA20160172_GPHLOGML_01283	35.294	17	10	1	37	53	74	89	2.7	17.7
SA20160172_GPHLOGML_01278	SA20160172_GPHLOGML_01271	29.167	24	17	0	108	131	47	70	3.7	16.9
SA20160172_GPHLOGML_01278	SA20160172_GPHLOGML_01267	34.483	29	18	1	25	53	423	450	7.8	16.5
SA20160172_GPHLOGML_01279	SA20160172_GPHLOGML_01279	100.000	55	0	0	1	55	1	55	1.10e-36	107
SA20160172_GPHLOGML_01279	SA20160172_GPHLOGML_01282	28.571	28	20	0	3	30	69	96	1.0	16.9
SA20160172_GPHLOGML_01279	SA20160172_GPHLOGML_01274	83.333	6	1	0	25	30	56	61	3.6	15.4
SA20160172_GPHLOGML_01280	SA20160172_GPHLOGML_01280	100.000	171	0	0	1	171	1	171	1.26e-122	333
SA20160172_GPHLOGML_01280	SA20160172_GPHLOGML_01267	45.000	20	11	0	121	140	316	335	1.8	18.5
SA20160172_GPHLOGML_01280	SA20160172_GPHLOGML_01276	36.000	25	16	0	136	160	227	251	6.7	16.9
SA20160172_GPHLOGML_01280	SA20160172_GPHLOGML_01283	30.357	56	34	2	30	85	131	181	8.4	16.5
SA20160172_GPHLOGML_01281	SA20160172_GPHLOGML_01281	100.000	125	0	0	1	125	1	125	6.00e-89	244
SA20160172_GPHLOGML_01281	SA20160172_GPHLOGML_01276	25.397	63	44	2	63	124	473	533	3.0	17.3
SA20160172_GPHLOGML_01281	SA20160172_GPHLOGML_01267	29.268	41	25	1	81	121	18	54	3.3	17.3
SA20160172_GPHLOGML_01281	SA20160172_GPHLOGML_01285	38.889	18	11	0	41	58	23	40	7.7	16.2
SA20160172_GPHLOGML_01282	SA20160172_GPHLOGML_01282	100.000	183	0	0	1	183	1	183	1.28e-135	367
SA20160172_GPHLOGML_01282	SA20160172_GPHLOGML_01267	56.250	16	6	1	166	181	206	220	0.36	20.8
SA20160172_GPHLOGML_01282	SA20160172_GPHLOGML_01275	29.730	74	49	2	72	144	35	106	0.45	20.4
SA20160172_GPHLOGML_01282	SA20160172_GPHLOGML_01276	40.625	32	17	2	107	138	1089	1118	3.2	18.1
SA20160172_GPHLOGML_01282	SA20160172_GPHLOGML_01279	28.571	28	20	0	69	96	3	30	3.4	16.9
SA20160172_GPHLOGML_01282	SA20160172_GPHLOGML_01285	29.231	65	37	3	103	164	122	180	4.6	17.3
SA20160172_GPHLOGML_01283	SA20160172_GPHLOGML_01283	100.000	642	0	0	1	642	1	642	0.0	1305
SA20160172_GPHLOGML_01283	SA20160172_GPHLOGML_01276	38.710	31	18	1	595	625	520	549	0.60	22.3
SA20160172_GPHLOGML_01283	SA20160172_GPHLOGML_01277	28.947	38	27	0	603	640	2	39	2.4	20.0
SA20160172_GPHLOGML_01283	SA20160172_GPHLOGML_01285	24.194	62	36	1	63	124	59	109	2.7	20.0
SA20160172_GPHLOGML_01283	SA20160172_GPHLOGML_01274	33.333	33	20	1	520	550	210	242	3.1	20.0
SA20160172_GPHLOGML_01284	SA20160172_GPHLOGML_01284	100.000	109	0	0	1	109	1	109	2.26e-80	222
SA20160172_GPHLOGML_01284	SA20160172_GPHLOGML_01265	25.000	48	32	1	62	109	61	104	1.0	18.5
SA20160172_GPHLOGML_01284	SA20160172_GPHLOGML_01276	46.154	13	7	0	19	31	79	91	1.1	18.5
SA20160172_GPHLOGML_01284	SA20160172_GPHLOGML_01273	30.435	23	16	0	14	36	580	602	4.5	16.5
SA20160172_GPHLOGML_01285	SA20160172_GPHLOGML_01285	100.000	201	0	0	1	201	1	201	6.04e-153	412
SA20160172_GPHLOGML_01285	SA20160172_GPHLOGML_01283	24.194	62	36	1	59	109	63	124	0.86	20.0
SA20160172_GPHLOGML_01285	SA20160172_GPHLOGML_01273	33.333	18	12	0	174	191	675	692	4.0	17.7
SA20160172_GPHLOGML_01285	SA20160172_GPHLOGML_01282	29.231	65	37	3	122	180	103	164	5.1	17.3
SA20160172_GPHLOGML_01285	SA20160172_GPHLOGML_01274	21.918	73	52	2	32	102	194	263	9.4	16.5
SA20153983_GBAKOBEN_00649	SA20153983_GBAKOBEN_00649	100.000	248	0	0	1	248	1	248	0.0	509
SA20153983_GBAKOBEN_00649	SA20153983_GBAKOBEN_00653	23.077	52	40	0	80	131	21	72	2.6	18.1
SA20153983_GBAKOBEN_00649	SA20153983_GBAKOBEN_00650	34.615	26	17	0	108	133	251	276	6.2	17.3
SA20153983_GBAKOBEN_00650	SA20153983_GBAKOBEN_00650	100.000	680	0	0	1	680	1	680	0.0	1410
SA20153983_GBAKOBEN_00650	SA20153983_GBAKOBEN_00663	28.125	64	46	0	141	204	332	395	0.16	23.9
SA20153983_GBAKOBEN_00650	SA20153983_GBAKOBEN_00664	20.690	58	45	1	227	284	31	87	1.1	21.2
SA20153983_GBAKOBEN_00650	SA20153983_GBAKOBEN_00658	30.769	26	18	0	304	329	102	127	1.5	20.4
SA20153983_GBAKOBEN_00651	SA20153983_GBAKOBEN_00651	100.000	60	0	0	1	60	1	60	3.33e-39	114
SA20153983_GBAKOBEN_00651	SA20153983_GBAKOBEN_00667	54.545	11	5	0	48	58	135	145	0.53	17.7
SA20153983_GBAKOBEN_00652	SA20153983_GBAKOBEN_00652	100.000	175	0	0	1	175	1	175	9.83e-134	362
SA20153983_GBAKOBEN_00652	SA20153983_GBAKOBEN_00664	27.027	37	27	0	40	76	35	71	1.3	18.9
SA20153983_GBAKOBEN_00652	SA20153983_GBAKOBEN_00662	66.667	9	3	0	30	38	52	60	2.4	18.1
SA20153983_GBAKOBEN_00652	SA20153983_GBAKOBEN_00650	55.556	9	4	0	124	132	453	461	6.5	16.5
SA20153983_GBAKOBEN_00653	SA20153983_GBAKOBEN_00653	100.000	130	0	0	1	130	1	130	2.71e-97	266
SA20153983_GBAKOBEN_00653	SA20153983_GBAKOBEN_00649	23.077	52	40	0	21	72	80	131	1.4	18.1
SA20153983_GBAKOBEN_00654	SA20153983_GBAKOBEN_00654	100.000	31	0	0	1	31	1	31	2.82e-19	62.0
SA20153983_GBAKOBEN_00654	SA20153983_GBAKOBEN_00655	46.154	13	7	0	16	28	112	124	0.55	16.2
SA20153983_GBAKOBEN_00655	SA20153983_GBAKOBEN_00655	100.000	395	0	0	1	395	1	395	0.0	778
SA20153983_GBAKOBEN_00655	SA20153983_GBAKOBEN_00663	43.750	16	9	0	150	165	126	141	1.3	20.4
SA20153983_GBAKOBEN_00655	SA20153983_GBAKOBEN_00656	28.571	28	20	0	123	150	6	33	1.8	19.6
SA20153983_GBAKOBEN_00655	SA20153983_GBAKOBEN_00666	27.778	54	29	2	224	267	130	183	1.9	19.6
SA20153983_GBAKOBEN_00655	SA20153983_GBAKOBEN_00669	30.769	26	16	1	69	94	22	45	5.0	18.1
SA20153983_GBAKOBEN_00655	SA20153983_GBAKOBEN_00654	46.154	13	7	0	112	124	16	28	6.9	16.2
SA20153983_GBAKOBEN_00655	SA20153983_GBAKOBEN_00658	22.581	31	24	0	261	291	56	86	7.1	17.7
SA20153983_GBAKOBEN_00656	SA20153983_GBAKOBEN_00656	100.000	300	0	0	1	300	1	300	0.0	584
SA20153983_GBAKOBEN_00656	SA20153983_GBAKOBEN_00655	31.034	29	20	0	6	34	123	151	0.45	21.2
SA20153983_GBAKOBEN_00656	SA20153983_GBAKOBEN_00663	34.091	44	26	2	11	54	130	170	0.76	20.4
SA20153983_GBAKOBEN_00656	SA20153983_GBAKOBEN_00666	29.167	24	17	0	26	49	242	265	3.8	18.1
SA20153983_GBAKOBEN_00657	SA20153983_GBAKOBEN_00657	100.000	69	0	0	1	69	1	69	5.76e-49	139
SA20153983_GBAKOBEN_00657	SA20153983_GBAKOBEN_00668	36.842	19	12	0	45	63	352	370	0.85	17.3
SA20153983_GBAKOBEN_00657	SA20153983_GBAKOBEN_00659	29.630	27	19	0	38	64	111	137	0.93	17.3
SA20153983_GBAKOBEN_00657	SA20153983_GBAKOBEN_00661	38.095	21	13	0	8	28	138	158	1.1	17.3
SA20153983_GBAKOBEN_00658	SA20153983_GBAKOBEN_00658	100.000	127	0	0	1	127	1	127	2.76e-97	266
SA20153983_GBAKOBEN_00658	SA20153983_GBAKOBEN_00663	31.034	58	33	4	22	77	31	83	0.012	24.3
SA20153983_GBAKOBEN_00658	SA20153983_GBAKOBEN_00650	30.769	26	18	0	102	127	304	329	0.27	20.4
SA20153983_GBAKOBEN_00658	SA20153983_GBAKOBEN_00655	22.581	31	24	0	56	86	261	291	2.3	17.7
SA20153983_GBAKOBEN_00659	SA20153983_GBAKOBEN_00659	100.000	144	0	0	1	144	1	144	8.71e-108	294
SA20153983_GBAKOBEN_00659	SA20153983_GBAKOBEN_00657	29.630	27	19	0	111	137	38	64	1.9	17.3
SA20153983_GBAKOBEN_00659	SA20153983_GBAKOBEN_00650	50.000	10	5	0	109	118	23	32	2.7	17.7
SA20153983_GBAKOBEN_00659	SA20153983_GBAKOBEN_00652	37.500	16	10	0	127	142	9	24	8.9	15.8
SA20153983_GBAKOBEN_00660	SA20153983_GBAKOBEN_00660	100.000	221	0	0	1	221	1	221	2.35e-164	443
SA20153983_GBAKOBEN_00660	SA20153983_GBAKOBEN_00666	55.556	9	4	0	48	56	228	236	9.2	16.5
SA20153983_GBAKOBEN_00661	SA20153983_GBAKOBEN_00661	100.000	396	0	0	1	396	1	396	0.0	776
SA20153983_GBAKOBEN_00661	SA20153983_GBAKOBEN_00664	22.727	44	34	0	152	195	41	84	4.4	18.5
SA20153983_GBAKOBEN_00661	SA20153983_GBAKOBEN_00656	27.273	44	28	1	260	303	104	143	4.8	18.5
SA20153983_GBAKOBEN_00661	SA20153983_GBAKOBEN_00666	60.000	10	4	0	108	117	126	135	6.5	18.1
SA20153983_GBAKOBEN_00661	SA20153983_GBAKOBEN_00657	38.095	21	13	0	138	158	8	28	7.1	16.9
SA20153983_GBAKOBEN_00662	SA20153983_GBAKOBEN_00662	100.000	290	0	0	1	290	1	290	0.0	598
SA20153983_GBAKOBEN_00662	SA20153983_GBAKOBEN_00652	66.667	9	3	0	52	60	30	38	4.1	18.1
SA20153983_GBAKOBEN_00662	SA20153983_GBAKOBEN_00666	46.154	13	7	0	188	200	81	93	4.7	17.7
SA20153983_GBAKOBEN_00662	SA20153983_GBAKOBEN_00663	45.455	22	11	1	69	89	321	342	5.6	17.7
SA20153983_GBAKOBEN_00662	SA20153983_GBAKOBEN_00650	28.571	42	30	0	51	92	128	169	9.1	16.9
SA20153983_GBAKOBEN_00662	SA20153983_GBAKOBEN_00661	46.154	13	7	0	49	61	121	133	9.3	16.9
SA20153983_GBAKOBEN_00663	SA20153983_GBAKOBEN_00663	100.000	462	0	0	1	462	1	462	0.0	945
SA20153983_GBAKOBEN_00663	SA20153983_GBAKOBEN_00658	31.034	58	33	4	31	83	22	77	0.045	24.3
SA20153983_GBAKOBEN_00663	SA20153983_GBAKOBEN_00650	28.125	64	46	0	332	395	141	204	0.12	23.9
SA20153983_GBAKOBEN_00663	SA20153983_GBAKOBEN_00655	43.750	16	9	0	126	141	150	165	1.5	20.4
SA20153983_GBAKOBEN_00663	SA20153983_GBAKOBEN_00656	37.037	27	17	0	17	43	265	291	4.5	18.9
SA20153983_GBAKOBEN_00663	SA20153983_GBAKOBEN_00669	50.000	10	5	0	449	458	21	30	4.7	18.1
SA20153983_GBAKOBEN_00663	SA20153983_GBAKOBEN_00664	54.545	11	5	0	256	266	239	249	7.4	18.1
SA20153983_GBAKOBEN_00663	SA20153983_GBAKOBEN_00668	34.783	23	15	0	375	397	191	213	7.9	18.1
SA20153983_GBAKOBEN_00663	SA20153983_GBAKOBEN_00662	45.455	22	11	1	321	342	69	89	8.9	17.7
SA20153983_GBAKOBEN_00664	SA20153983_GBAKOBEN_00664	100.000	308	0	0	1	308	1	308	0.0	639
SA20153983_GBAKOBEN_00664	SA20153983_GBAKOBEN_00650	20.690	58	45	1	31	87	227	284	0.50	21.2
SA20153983_GBAKOBEN_00664	SA20153983_GBAKOBEN_00667	77.778	9	2	0	257	265	166	174	2.1	18.9
SA20153983_GBAKOBEN_00664	SA20153983_GBAKOBEN_00652	22.892	83	50	2	35	117	40	108	2.7	18.5
SA20153983_GBAKOBEN_00664	SA20153983_GBAKOBEN_00661	22.727	44	34	0	41	84	152	195	3.0	18.5
SA20153983_GBAKOBEN_00664	SA20153983_GBAKOBEN_00663	54.545	11	5	0	239	249	256	266	4.7	18.1
SA20153983_GBAKOBEN_00664	SA20153983_GBAKOBEN_00668	26.087	69	42	4	37	97	29	96	5.4	17.7
SA20153983_GBAKOBEN_00665	SA20153983_GBAKOBEN_00665	100.000	119	0	0	1	119	1	119	1.08e-91	251
SA20153983_GBAKOBEN_00665	SA20153983_GBAKOBEN_00650	26.087	23	17	0	6	28	17	39	2.9	16.9
SA20153983_GBAKOBEN_00666	SA20153983_GBAKOBEN_00666	100.000	315	0	0	1	315	1	315	0.0	644
SA20153983_GBAKOBEN_00666	SA20153983_GBAKOBEN_00655	26.415	53	30	1	130	182	224	267	1.6	19.6
SA20153983_GBAKOBEN_00666	SA20153983_GBAKOBEN_00661	60.000	10	4	0	126	135	108	117	4.9	18.1
SA20153983_GBAKOBEN_00666	SA20153983_GBAKOBEN_00662	46.154	13	7	0	81	93	188	200	5.2	17.7
SA20153983_GBAKOBEN_00667	SA20153983_GBAKOBEN_00667	100.000	175	0	0	1	175	1	175	1.08e-134	364
SA20153983_GBAKOBEN_00667	SA20153983_GBAKOBEN_00664	77.778	9	2	0	166	174	257	265	1.2	18.9
SA20153983_GBAKOBEN_00667	SA20153983_GBAKOBEN_00651	54.545	11	5	0	135	145	48	58	1.4	17.7
SA20153983_GBAKOBEN_00667	SA20153983_GBAKOBEN_00661	27.273	33	23	1	142	174	318	349	5.7	16.9
SA20153983_GBAKOBEN_00668	SA20153983_GBAKOBEN_00668	100.000	372	0	0	1	372	1	372	0.0	752
SA20153983_GBAKOBEN_00668	SA20153983_GBAKOBEN_00657	36.842	19	12	0	352	370	45	63	4.4	17.7
SA20153983_GBAKOBEN_00668	SA20153983_GBAKOBEN_00664	26.087	69	42	4	29	96	37	97	5.1	18.1
SA20153983_GBAKOBEN_00668	SA20153983_GBAKOBEN_00663	36.364	22	14	0	191	212	375	396	6.3	18.1
SA20153983_GBAKOBEN_00669	SA20153983_GBAKOBEN_00669	100.000	113	0	0	1	113	1	113	1.07e-85	235
SA20153983_GBAKOBEN_00669	SA20153983_GBAKOBEN_00663	50.000	10	5	0	21	30	449	458	1.2	18.1
SA20153983_GBAKOBEN_00669	SA20153983_GBAKOBEN_00655	30.769	26	16	1	22	45	69	94	1.4	18.1
SA20153983_GBAKOBEN_00669	SA20153983_GBAKOBEN_00656	31.818	22	13	1	62	83	146	165	5.4	16.2
