SA20160201_IJJBCCFE_00275	SA20160209_CPEIOPNK_00736	32.609	46	26	1	10	55	395	435	0.063	21.9
SA20160201_IJJBCCFE_00275	SA20160209_CPEIOPNK_00722	38.462	13	8	0	9	21	83	95	6.5	15.8
SA20160201_IJJBCCFE_00276	SA20160209_CPEIOPNK_00733	53.846	13	6	0	118	130	31	43	0.50	21.6
SA20160201_IJJBCCFE_00276	SA20160209_CPEIOPNK_00720	37.500	16	10	0	211	226	60	75	1.7	20.0
SA20160201_IJJBCCFE_00276	SA20160209_CPEIOPNK_00732	31.579	19	13	0	13	31	10	28	4.7	16.9
SA20160201_IJJBCCFE_00276	SA20160209_CPEIOPNK_00718	44.000	25	13	1	342	366	123	146	4.9	18.9
SA20160201_IJJBCCFE_00276	SA20160209_CPEIOPNK_00723	33.333	36	16	1	148	183	237	264	6.3	18.5
SA20160201_IJJBCCFE_00277	SA20160209_CPEIOPNK_00733	27.500	40	29	0	13	52	80	119	0.56	18.5
SA20160201_IJJBCCFE_00277	SA20160209_CPEIOPNK_00731	55.556	9	4	0	39	47	24	32	2.7	16.5
SA20160201_IJJBCCFE_00277	SA20160209_CPEIOPNK_00728	50.000	10	5	0	73	82	46	55	4.8	15.8
SA20160201_IJJBCCFE_00277	SA20160209_CPEIOPNK_00736	26.316	19	14	0	43	61	357	375	6.5	15.4
SA20160201_IJJBCCFE_00278	SA20160209_CPEIOPNK_00722	41.667	24	14	0	19	42	54	77	0.68	19.6
SA20160201_IJJBCCFE_00278	SA20160209_CPEIOPNK_00725	30.435	23	16	0	112	134	180	202	2.4	17.7
SA20160201_IJJBCCFE_00279	SA20160209_CPEIOPNK_00723	71.429	7	2	0	124	130	77	83	2.8	17.7
SA20160201_IJJBCCFE_00279	SA20160209_CPEIOPNK_00719	32.258	31	18	1	147	177	92	119	6.1	16.5
SA20160201_IJJBCCFE_00279	SA20160209_CPEIOPNK_00720	25.000	48	31	2	42	89	194	236	6.4	16.5
SA20160201_IJJBCCFE_00279	SA20160209_CPEIOPNK_00733	30.435	23	16	0	153	175	89	111	8.1	16.2
SA20160201_IJJBCCFE_00280	SA20160209_CPEIOPNK_00719	25.000	16	12	0	57	72	145	160	0.21	19.2
SA20160201_IJJBCCFE_00280	SA20160209_CPEIOPNK_00736	62.500	8	3	0	12	19	264	271	1.4	16.9
SA20160201_IJJBCCFE_00280	SA20160209_CPEIOPNK_00718	62.500	8	3	0	31	38	140	147	4.1	15.8
SA20160201_IJJBCCFE_00281	SA20160209_CPEIOPNK_00727	30.769	26	18	0	5	30	34	59	2.6	16.9
SA20160201_IJJBCCFE_00281	SA20160209_CPEIOPNK_00720	41.667	12	7	0	25	36	86	97	5.2	16.5
SA20160201_IJJBCCFE_00281	SA20160209_CPEIOPNK_00737	29.167	24	17	0	36	59	218	241	9.2	15.4
SA20160201_IJJBCCFE_00282	SA20160209_CPEIOPNK_00728	36.667	30	15	2	509	537	34	60	0.84	21.6
SA20160201_IJJBCCFE_00282	SA20160209_CPEIOPNK_00737	28.125	32	23	0	461	492	148	179	3.5	20.0
SA20160201_IJJBCCFE_00282	SA20160209_CPEIOPNK_00722	30.556	36	24	1	780	815	78	112	3.8	20.0
SA20160201_IJJBCCFE_00282	SA20160209_CPEIOPNK_00723	35.714	42	24	1	618	659	258	296	4.2	20.0
SA20160201_IJJBCCFE_00282	SA20160209_CPEIOPNK_00733	24.615	65	33	3	40	92	32	92	5.4	19.2
SA20160201_IJJBCCFE_00282	SA20160209_CPEIOPNK_00730	37.500	32	18	2	892	921	239	270	9.0	18.9
SA20160201_IJJBCCFE_00282	SA20160209_CPEIOPNK_00736	24.138	29	22	0	907	935	87	115	9.5	18.9
SA20160201_IJJBCCFE_00283	SA20160209_CPEIOPNK_00722	47.059	17	9	0	310	326	107	123	2.3	19.2
SA20160201_IJJBCCFE_00283	SA20160209_CPEIOPNK_00731	58.333	12	5	0	66	77	346	357	8.0	17.7
SA20160201_IJJBCCFE_00284	SA20160209_CPEIOPNK_00727	53.333	15	7	0	52	66	1	15	0.79	19.6
SA20160201_IJJBCCFE_00284	SA20160209_CPEIOPNK_00730	28.358	67	45	1	136	199	197	263	1.8	18.9
SA20160201_IJJBCCFE_00284	SA20160209_CPEIOPNK_00725	27.586	58	27	2	113	162	24	74	5.9	17.3
SA20160201_IJJBCCFE_00285	SA20160209_CPEIOPNK_00720	31.646	79	43	3	342	418	222	291	0.23	24.3
SA20160201_IJJBCCFE_00285	SA20160209_CPEIOPNK_00718	53.333	15	7	0	460	474	77	91	3.8	20.4
SA20160201_IJJBCCFE_00285	SA20160209_CPEIOPNK_00723	30.000	30	21	0	241	270	26	55	4.7	20.0
SA20160201_IJJBCCFE_00286	SA20160209_CPEIOPNK_00724	36.364	22	14	0	81	102	146	167	0.19	21.2
SA20160201_IJJBCCFE_00286	SA20160209_CPEIOPNK_00718	23.288	73	38	2	32	104	24	78	0.44	20.0
SA20160201_IJJBCCFE_00286	SA20160209_CPEIOPNK_00720	33.333	27	18	0	51	77	238	264	2.2	18.1
SA20160201_IJJBCCFE_00286	SA20160209_CPEIOPNK_00737	69.231	13	4	0	142	154	84	96	4.9	16.9
SA20160201_IJJBCCFE_00287	SA20160209_CPEIOPNK_00736	22.581	31	24	0	110	140	436	466	1.9	18.1
SA20160201_IJJBCCFE_00287	SA20160209_CPEIOPNK_00735	27.273	22	16	0	48	69	8	29	2.1	16.9
SA20160201_IJJBCCFE_00287	SA20160209_CPEIOPNK_00734	23.881	67	36	3	71	127	60	121	2.3	17.7
SA20160201_IJJBCCFE_00287	SA20160209_CPEIOPNK_00723	30.000	40	27	1	72	110	342	381	4.9	16.9
SA20160201_IJJBCCFE_00288	SA20160209_CPEIOPNK_00720	43.750	16	9	0	21	36	276	291	0.59	17.3
SA20160201_IJJBCCFE_00289	SA20160209_CPEIOPNK_00732	55.556	9	4	0	87	95	22	30	0.90	17.7
SA20160201_IJJBCCFE_00289	SA20160209_CPEIOPNK_00733	55.556	9	4	0	31	39	77	85	1.7	18.1
SA20160201_IJJBCCFE_00289	SA20160209_CPEIOPNK_00728	23.438	64	34	1	100	148	36	99	2.8	17.3
SA20160201_IJJBCCFE_00290	SA20160209_CPEIOPNK_00734	35.000	20	13	0	29	48	42	61	0.61	18.9
SA20160201_IJJBCCFE_00290	SA20160209_CPEIOPNK_00723	28.571	28	20	0	74	101	125	152	2.2	17.7
SA20160201_IJJBCCFE_00290	SA20160209_CPEIOPNK_00736	24.074	54	35	1	49	96	507	560	3.7	16.9
SA20160201_IJJBCCFE_00290	SA20160209_CPEIOPNK_00731	42.857	21	10	1	9	27	341	361	4.1	16.5
SA20160201_IJJBCCFE_00290	SA20160209_CPEIOPNK_00722	28.000	25	18	0	63	87	86	110	4.4	16.5
SA20160201_IJJBCCFE_00290	SA20160209_CPEIOPNK_00725	36.364	22	14	0	96	117	12	33	8.3	15.8
SA20160201_IJJBCCFE_00290	SA20160209_CPEIOPNK_00720	41.667	12	7	0	38	49	86	97	9.8	15.4
SA20160201_IJJBCCFE_00291	SA20160209_CPEIOPNK_00720	53.846	13	6	0	142	154	180	192	1.1	19.2
SA20160201_IJJBCCFE_00291	SA20160209_CPEIOPNK_00723	29.167	48	29	1	81	128	265	307	2.4	18.1
SA20160201_IJJBCCFE_00291	SA20160209_CPEIOPNK_00722	27.273	22	16	0	125	146	234	255	7.2	16.5
SA20160201_IJJBCCFE_00291	SA20160209_CPEIOPNK_00728	29.630	27	19	0	25	51	8	34	7.6	16.2
SA20160201_IJJBCCFE_00291	SA20160209_CPEIOPNK_00718	50.000	12	6	0	70	81	207	218	7.8	16.5
SA20160201_IJJBCCFE_00291	SA20160209_CPEIOPNK_00726	38.889	18	11	0	80	97	119	136	9.7	16.2
SA20160201_IJJBCCFE_00292	SA20160209_CPEIOPNK_00728	28.205	39	22	1	527	559	24	62	2.0	20.0
SA20160201_IJJBCCFE_00292	SA20160209_CPEIOPNK_00723	44.444	18	10	0	253	270	185	202	6.3	18.9
SA20160201_IJJBCCFE_00292	SA20160209_CPEIOPNK_00737	34.375	32	16	1	563	589	145	176	7.5	18.5
SA20160201_IJJBCCFE_00292	SA20160209_CPEIOPNK_00727	29.630	27	19	0	365	391	87	113	7.7	18.1
SA20160201_IJJBCCFE_00293	SA20160209_CPEIOPNK_00727	42.105	19	11	0	41	59	97	115	2.1	17.3
SA20160201_IJJBCCFE_00293	SA20160209_CPEIOPNK_00736	22.727	66	30	1	36	101	63	107	3.2	16.9
SA20160201_IJJBCCFE_00293	SA20160209_CPEIOPNK_00735	30.000	20	14	0	4	23	5	24	7.8	15.0
SA20160201_IJJBCCFE_00294	SA20160209_CPEIOPNK_00723	55.556	9	4	0	76	84	260	268	4.1	17.7
SA20160201_IJJBCCFE_00294	SA20160209_CPEIOPNK_00734	38.462	26	12	1	162	187	105	126	7.6	16.5
SA20160209_CPEIOPNK_00717	SA20160209_CPEIOPNK_00717	100.000	113	0	0	1	113	1	113	1.07e-85	235
SA20160209_CPEIOPNK_00717	SA20160209_CPEIOPNK_00723	50.000	10	5	0	21	30	449	458	1.2	18.1
SA20160209_CPEIOPNK_00717	SA20160209_CPEIOPNK_00731	30.769	26	16	1	22	45	69	94	1.4	18.1
SA20160209_CPEIOPNK_00717	SA20160209_CPEIOPNK_00730	31.818	22	13	1	62	83	145	164	5.6	16.2
SA20160209_CPEIOPNK_00718	SA20160209_CPEIOPNK_00718	100.000	372	0	0	1	372	1	372	0.0	752
SA20160209_CPEIOPNK_00718	SA20160209_CPEIOPNK_00729	36.842	19	12	0	352	370	45	63	4.4	17.7
SA20160209_CPEIOPNK_00718	SA20160209_CPEIOPNK_00722	26.087	69	42	4	29	96	37	97	5.2	18.1
SA20160209_CPEIOPNK_00718	SA20160209_CPEIOPNK_00736	28.571	49	32	2	246	294	243	288	10.0	17.3
SA20160209_CPEIOPNK_00719	SA20160209_CPEIOPNK_00719	100.000	175	0	0	1	175	1	175	1.64e-134	363
SA20160209_CPEIOPNK_00719	SA20160209_CPEIOPNK_00722	77.778	9	2	0	166	174	257	265	1.2	18.9
SA20160209_CPEIOPNK_00719	SA20160209_CPEIOPNK_00735	54.545	11	5	0	135	145	48	58	2.0	17.3
SA20160209_CPEIOPNK_00719	SA20160209_CPEIOPNK_00725	27.273	33	23	1	142	174	318	349	5.9	16.9
SA20160209_CPEIOPNK_00719	SA20160209_CPEIOPNK_00737	40.000	20	10	1	83	102	139	156	8.7	16.2
SA20160209_CPEIOPNK_00720	SA20160209_CPEIOPNK_00720	100.000	315	0	0	1	315	1	315	0.0	644
SA20160209_CPEIOPNK_00720	SA20160209_CPEIOPNK_00731	26.415	53	30	1	130	182	224	267	1.6	19.6
SA20160209_CPEIOPNK_00720	SA20160209_CPEIOPNK_00725	60.000	10	4	0	126	135	108	117	5.0	18.1
SA20160209_CPEIOPNK_00720	SA20160209_CPEIOPNK_00724	46.154	13	7	0	81	93	188	200	5.2	17.7
SA20160209_CPEIOPNK_00721	SA20160209_CPEIOPNK_00721	100.000	119	0	0	1	119	1	119	1.18e-91	251
SA20160209_CPEIOPNK_00721	SA20160209_CPEIOPNK_00736	26.087	23	17	0	6	28	17	39	3.2	16.9
SA20160209_CPEIOPNK_00722	SA20160209_CPEIOPNK_00722	100.000	308	0	0	1	308	1	308	0.0	639
SA20160209_CPEIOPNK_00722	SA20160209_CPEIOPNK_00736	20.000	70	52	2	31	96	227	296	0.23	22.3
SA20160209_CPEIOPNK_00722	SA20160209_CPEIOPNK_00719	77.778	9	2	0	257	265	166	174	2.2	18.9
SA20160209_CPEIOPNK_00722	SA20160209_CPEIOPNK_00734	22.892	83	50	2	35	117	40	108	2.7	18.5
SA20160209_CPEIOPNK_00722	SA20160209_CPEIOPNK_00725	22.727	44	34	0	41	84	152	195	3.0	18.5
SA20160209_CPEIOPNK_00722	SA20160209_CPEIOPNK_00723	54.545	11	5	0	239	249	256	266	4.7	18.1
SA20160209_CPEIOPNK_00722	SA20160209_CPEIOPNK_00718	26.087	69	42	4	37	97	29	96	5.3	17.7
SA20160209_CPEIOPNK_00723	SA20160209_CPEIOPNK_00723	100.000	462	0	0	1	462	1	462	0.0	944
SA20160209_CPEIOPNK_00723	SA20160209_CPEIOPNK_00728	31.034	58	33	4	31	83	22	77	0.045	24.3
SA20160209_CPEIOPNK_00723	SA20160209_CPEIOPNK_00736	28.846	52	37	0	332	383	141	192	0.30	22.7
SA20160209_CPEIOPNK_00723	SA20160209_CPEIOPNK_00731	43.750	16	9	0	126	141	150	165	1.5	20.4
SA20160209_CPEIOPNK_00723	SA20160209_CPEIOPNK_00730	37.037	27	17	0	17	43	264	290	4.4	18.9
SA20160209_CPEIOPNK_00723	SA20160209_CPEIOPNK_00717	50.000	10	5	0	449	458	21	30	4.7	18.1
SA20160209_CPEIOPNK_00723	SA20160209_CPEIOPNK_00722	54.545	11	5	0	256	266	239	249	7.3	18.1
SA20160209_CPEIOPNK_00723	SA20160209_CPEIOPNK_00724	29.268	82	48	5	264	342	15	89	8.4	17.7
SA20160209_CPEIOPNK_00724	SA20160209_CPEIOPNK_00724	100.000	290	0	0	1	290	1	290	0.0	598
SA20160209_CPEIOPNK_00724	SA20160209_CPEIOPNK_00736	30.952	42	29	0	51	92	128	169	2.5	18.9
SA20160209_CPEIOPNK_00724	SA20160209_CPEIOPNK_00734	66.667	9	3	0	52	60	30	38	4.2	17.7
SA20160209_CPEIOPNK_00724	SA20160209_CPEIOPNK_00720	46.154	13	7	0	188	200	81	93	4.8	17.7
SA20160209_CPEIOPNK_00724	SA20160209_CPEIOPNK_00723	45.455	22	11	1	69	89	321	342	5.7	17.7
SA20160209_CPEIOPNK_00724	SA20160209_CPEIOPNK_00725	46.154	13	7	0	49	61	121	133	9.3	16.9
SA20160209_CPEIOPNK_00725	SA20160209_CPEIOPNK_00725	100.000	396	0	0	1	396	1	396	0.0	776
SA20160209_CPEIOPNK_00725	SA20160209_CPEIOPNK_00730	29.545	44	27	1	260	303	103	142	2.2	19.2
SA20160209_CPEIOPNK_00725	SA20160209_CPEIOPNK_00722	22.727	44	34	0	152	195	41	84	4.4	18.5
SA20160209_CPEIOPNK_00725	SA20160209_CPEIOPNK_00720	60.000	10	4	0	108	117	126	135	6.7	17.7
SA20160209_CPEIOPNK_00725	SA20160209_CPEIOPNK_00729	38.095	21	13	0	138	158	8	28	7.1	16.9
SA20160209_CPEIOPNK_00726	SA20160209_CPEIOPNK_00726	100.000	221	0	0	1	221	1	221	2.35e-164	443
SA20160209_CPEIOPNK_00726	SA20160209_CPEIOPNK_00720	55.556	9	4	0	48	56	228	236	8.9	16.5
SA20160209_CPEIOPNK_00727	SA20160209_CPEIOPNK_00727	100.000	144	0	0	1	144	1	144	8.71e-108	294
SA20160209_CPEIOPNK_00727	SA20160209_CPEIOPNK_00729	29.630	27	19	0	111	137	38	64	1.9	17.3
SA20160209_CPEIOPNK_00727	SA20160209_CPEIOPNK_00736	50.000	10	5	0	109	118	23	32	2.7	17.7
SA20160209_CPEIOPNK_00727	SA20160209_CPEIOPNK_00734	37.500	16	10	0	127	142	9	24	8.9	15.8
SA20160209_CPEIOPNK_00728	SA20160209_CPEIOPNK_00728	100.000	127	0	0	1	127	1	127	2.75e-97	266
SA20160209_CPEIOPNK_00728	SA20160209_CPEIOPNK_00723	31.034	58	33	4	22	77	31	83	0.012	24.3
SA20160209_CPEIOPNK_00728	SA20160209_CPEIOPNK_00736	30.769	26	18	0	102	127	304	329	0.27	20.4
SA20160209_CPEIOPNK_00728	SA20160209_CPEIOPNK_00731	22.581	31	24	0	56	86	261	291	2.3	17.7
SA20160209_CPEIOPNK_00729	SA20160209_CPEIOPNK_00729	100.000	69	0	0	1	69	1	69	5.76e-49	139
SA20160209_CPEIOPNK_00729	SA20160209_CPEIOPNK_00718	36.842	19	12	0	45	63	352	370	0.85	17.3
SA20160209_CPEIOPNK_00729	SA20160209_CPEIOPNK_00727	29.630	27	19	0	38	64	111	137	0.93	17.3
SA20160209_CPEIOPNK_00729	SA20160209_CPEIOPNK_00725	38.095	21	13	0	8	28	138	158	1.1	17.3
SA20160209_CPEIOPNK_00729	SA20160209_CPEIOPNK_00736	50.000	8	4	0	18	25	6	13	6.7	15.0
SA20160209_CPEIOPNK_00730	SA20160209_CPEIOPNK_00730	100.000	299	0	0	1	299	1	299	0.0	581
SA20160209_CPEIOPNK_00730	SA20160209_CPEIOPNK_00731	31.034	29	20	0	5	33	123	151	0.46	21.2
SA20160209_CPEIOPNK_00730	SA20160209_CPEIOPNK_00723	34.091	44	26	2	10	53	130	170	0.76	20.4
SA20160209_CPEIOPNK_00730	SA20160209_CPEIOPNK_00720	29.167	24	17	0	25	48	242	265	4.1	18.1
SA20160209_CPEIOPNK_00731	SA20160209_CPEIOPNK_00731	100.000	395	0	0	1	395	1	395	0.0	778
SA20160209_CPEIOPNK_00731	SA20160209_CPEIOPNK_00723	43.750	16	9	0	150	165	126	141	1.3	20.4
SA20160209_CPEIOPNK_00731	SA20160209_CPEIOPNK_00730	28.571	28	20	0	123	150	5	32	1.9	19.6
SA20160209_CPEIOPNK_00731	SA20160209_CPEIOPNK_00720	26.415	53	30	1	224	267	130	182	2.1	19.6
SA20160209_CPEIOPNK_00731	SA20160209_CPEIOPNK_00717	30.769	26	16	1	69	94	22	45	5.0	18.1
SA20160209_CPEIOPNK_00731	SA20160209_CPEIOPNK_00732	46.154	13	7	0	112	124	16	28	7.0	16.2
SA20160209_CPEIOPNK_00731	SA20160209_CPEIOPNK_00728	22.581	31	24	0	261	291	56	86	7.1	17.7
SA20160209_CPEIOPNK_00732	SA20160209_CPEIOPNK_00732	100.000	31	0	0	1	31	1	31	2.82e-19	62.0
SA20160209_CPEIOPNK_00732	SA20160209_CPEIOPNK_00731	46.154	13	7	0	16	28	112	124	0.58	16.2
SA20160209_CPEIOPNK_00733	SA20160209_CPEIOPNK_00733	100.000	130	0	0	1	130	1	130	4.25e-97	266
SA20160209_CPEIOPNK_00733	SA20160209_CPEIOPNK_00737	23.077	52	40	0	21	72	80	131	1.4	18.1
SA20160209_CPEIOPNK_00734	SA20160209_CPEIOPNK_00734	100.000	175	0	0	1	175	1	175	1.49e-133	361
SA20160209_CPEIOPNK_00734	SA20160209_CPEIOPNK_00722	27.027	37	27	0	40	76	35	71	1.2	18.9
SA20160209_CPEIOPNK_00734	SA20160209_CPEIOPNK_00724	66.667	9	3	0	30	38	52	60	2.5	18.1
SA20160209_CPEIOPNK_00735	SA20160209_CPEIOPNK_00735	100.000	60	0	0	1	60	1	60	4.10e-39	114
SA20160209_CPEIOPNK_00735	SA20160209_CPEIOPNK_00719	54.545	11	5	0	48	58	135	145	0.71	17.3
SA20160209_CPEIOPNK_00735	SA20160209_CPEIOPNK_00736	46.154	13	7	0	48	60	416	428	4.3	15.4
SA20160209_CPEIOPNK_00736	SA20160209_CPEIOPNK_00736	100.000	680	0	0	1	680	1	680	0.0	1410
SA20160209_CPEIOPNK_00736	SA20160209_CPEIOPNK_00723	28.846	52	37	0	141	192	332	383	0.42	22.7
SA20160209_CPEIOPNK_00736	SA20160209_CPEIOPNK_00722	20.690	58	45	1	227	284	31	87	0.55	22.3
SA20160209_CPEIOPNK_00736	SA20160209_CPEIOPNK_00728	30.769	26	18	0	304	329	102	127	1.5	20.4
SA20160209_CPEIOPNK_00736	SA20160209_CPEIOPNK_00724	30.952	42	29	0	128	169	51	92	5.7	18.9
SA20160209_CPEIOPNK_00737	SA20160209_CPEIOPNK_00737	100.000	248	0	0	1	248	1	248	0.0	509
SA20160209_CPEIOPNK_00737	SA20160209_CPEIOPNK_00733	23.077	52	40	0	80	131	21	72	2.6	18.1
SA20160209_CPEIOPNK_00737	SA20160209_CPEIOPNK_00736	34.615	26	17	0	108	133	251	276	6.5	17.3
SA20160201_IJJBCCFE_00274	SA20160201_IJJBCCFE_00274	100.000	189	0	0	1	189	1	189	7.94e-136	369
SA20160201_IJJBCCFE_00274	SA20160201_IJJBCCFE_00285	25.758	66	35	1	56	121	976	1027	0.043	23.9
SA20160201_IJJBCCFE_00274	SA20160201_IJJBCCFE_00293	25.000	48	32	1	61	104	62	109	1.9	18.1
SA20160201_IJJBCCFE_00274	SA20160201_IJJBCCFE_00282	47.619	21	8	1	142	159	97	117	5.4	17.3
SA20160201_IJJBCCFE_00275	SA20160201_IJJBCCFE_00275	100.000	103	0	0	1	103	1	103	7.66e-75	207
SA20160201_IJJBCCFE_00275	SA20160201_IJJBCCFE_00285	26.667	60	42	1	29	88	336	393	0.37	19.6
SA20160201_IJJBCCFE_00275	SA20160201_IJJBCCFE_00279	30.000	50	32	2	35	82	2	50	1.0	18.1
SA20160201_IJJBCCFE_00275	SA20160201_IJJBCCFE_00292	27.778	18	13	0	9	26	311	328	6.8	15.8
SA20160201_IJJBCCFE_00275	SA20160201_IJJBCCFE_00287	26.923	26	17	1	51	76	123	146	7.9	15.4
SA20160201_IJJBCCFE_00276	SA20160201_IJJBCCFE_00276	100.000	516	0	0	1	516	1	516	0.0	1056
SA20160201_IJJBCCFE_00276	SA20160201_IJJBCCFE_00282	28.000	75	37	3	54	123	261	323	0.28	23.1
SA20160201_IJJBCCFE_00276	SA20160201_IJJBCCFE_00284	31.579	57	34	3	319	372	91	145	1.2	20.8
SA20160201_IJJBCCFE_00276	SA20160201_IJJBCCFE_00291	50.000	20	6	1	401	416	37	56	2.4	19.6
SA20160201_IJJBCCFE_00276	SA20160201_IJJBCCFE_00285	26.866	67	48	1	35	101	82	147	3.6	19.6
SA20160201_IJJBCCFE_00276	SA20160201_IJJBCCFE_00289	45.000	20	11	0	316	335	121	140	5.3	18.5
SA20160201_IJJBCCFE_00277	SA20160201_IJJBCCFE_00277	100.000	86	0	0	1	86	1	86	2.29e-63	177
SA20160201_IJJBCCFE_00277	SA20160201_IJJBCCFE_00282	25.806	31	23	0	1	31	313	343	1.5	17.7
SA20160201_IJJBCCFE_00278	SA20160201_IJJBCCFE_00278	100.000	156	0	0	1	156	1	156	2.87e-119	324
SA20160201_IJJBCCFE_00278	SA20160201_IJJBCCFE_00290	26.667	75	34	3	54	111	1	71	1.1	18.9
SA20160201_IJJBCCFE_00278	SA20160201_IJJBCCFE_00282	42.857	14	8	0	41	54	890	903	5.6	16.9
SA20160201_IJJBCCFE_00278	SA20160201_IJJBCCFE_00274	33.333	12	8	0	54	65	44	55	7.9	16.2
SA20160201_IJJBCCFE_00279	SA20160201_IJJBCCFE_00279	100.000	183	0	0	1	183	1	183	4.09e-140	379
SA20160201_IJJBCCFE_00279	SA20160201_IJJBCCFE_00283	45.000	20	11	0	138	157	343	362	0.79	19.6
SA20160201_IJJBCCFE_00279	SA20160201_IJJBCCFE_00285	58.333	12	5	0	128	139	944	955	1.7	18.9
SA20160201_IJJBCCFE_00279	SA20160201_IJJBCCFE_00275	30.000	50	32	2	2	50	35	82	1.8	18.1
SA20160201_IJJBCCFE_00280	SA20160201_IJJBCCFE_00280	100.000	72	0	0	1	72	1	72	9.47e-53	149
SA20160201_IJJBCCFE_00280	SA20160201_IJJBCCFE_00282	60.000	10	4	0	22	31	59	68	1.1	17.7
SA20160201_IJJBCCFE_00280	SA20160201_IJJBCCFE_00287	29.167	24	17	0	47	70	108	131	1.8	16.9
SA20160201_IJJBCCFE_00281	SA20160201_IJJBCCFE_00281	100.000	124	0	0	1	124	1	124	2.18e-95	261
SA20160201_IJJBCCFE_00281	SA20160201_IJJBCCFE_00285	22.667	75	41	1	29	103	396	453	0.65	19.2
SA20160201_IJJBCCFE_00281	SA20160201_IJJBCCFE_00276	38.889	18	11	0	41	58	52	69	5.1	16.5
SA20160201_IJJBCCFE_00282	SA20160201_IJJBCCFE_00282	100.000	1049	0	0	1	1049	1	1049	0.0	2133
SA20160201_IJJBCCFE_00282	SA20160201_IJJBCCFE_00276	28.000	75	37	3	261	323	54	123	0.65	23.1
SA20160201_IJJBCCFE_00283	SA20160201_IJJBCCFE_00283	100.000	397	0	0	1	397	1	397	0.0	793
SA20160201_IJJBCCFE_00283	SA20160201_IJJBCCFE_00279	45.000	20	11	0	343	362	138	157	1.8	19.6
SA20160201_IJJBCCFE_00283	SA20160201_IJJBCCFE_00292	33.333	33	20	1	210	242	520	550	2.4	19.6
SA20160201_IJJBCCFE_00283	SA20160201_IJJBCCFE_00276	36.364	22	14	0	163	184	278	299	2.6	19.6
SA20160201_IJJBCCFE_00283	SA20160201_IJJBCCFE_00285	24.000	50	36	1	25	74	141	188	2.9	19.2
SA20160201_IJJBCCFE_00283	SA20160201_IJJBCCFE_00282	58.333	12	5	0	368	379	637	648	7.4	18.1
SA20160201_IJJBCCFE_00284	SA20160201_IJJBCCFE_00284	100.000	217	0	0	1	217	1	217	9.89e-167	449
SA20160201_IJJBCCFE_00284	SA20160201_IJJBCCFE_00291	29.730	74	49	2	35	106	72	144	0.54	20.4
SA20160201_IJJBCCFE_00284	SA20160201_IJJBCCFE_00276	31.373	51	30	3	91	139	319	366	2.7	18.5
SA20160201_IJJBCCFE_00285	SA20160201_IJJBCCFE_00285	100.000	1120	0	0	1	1120	1	1120	0.0	2264
SA20160201_IJJBCCFE_00285	SA20160201_IJJBCCFE_00274	25.758	66	35	1	976	1027	56	121	0.27	23.9
SA20160201_IJJBCCFE_00285	SA20160201_IJJBCCFE_00292	38.710	31	18	1	520	549	595	625	1.0	22.3
SA20160201_IJJBCCFE_00285	SA20160201_IJJBCCFE_00275	26.667	60	42	1	336	393	29	88	5.1	19.2
SA20160201_IJJBCCFE_00285	SA20160201_IJJBCCFE_00281	22.667	75	41	1	396	453	29	103	5.7	19.6
SA20160201_IJJBCCFE_00286	SA20160201_IJJBCCFE_00286	100.000	167	0	0	1	167	1	167	3.01e-122	332
SA20160201_IJJBCCFE_00286	SA20160201_IJJBCCFE_00292	28.947	38	27	0	2	39	603	640	0.66	20.0
SA20160201_IJJBCCFE_00286	SA20160201_IJJBCCFE_00276	35.897	39	20	2	125	158	293	331	3.7	17.7
SA20160201_IJJBCCFE_00287	SA20160201_IJJBCCFE_00287	100.000	151	0	0	1	151	1	151	2.98e-115	313
SA20160201_IJJBCCFE_00287	SA20160201_IJJBCCFE_00292	35.294	17	10	1	37	53	74	89	2.7	17.7
SA20160201_IJJBCCFE_00287	SA20160201_IJJBCCFE_00280	29.167	24	17	0	108	131	47	70	3.7	16.9
SA20160201_IJJBCCFE_00287	SA20160201_IJJBCCFE_00276	34.483	29	18	1	25	53	423	450	7.8	16.5
SA20160201_IJJBCCFE_00288	SA20160201_IJJBCCFE_00288	100.000	55	0	0	1	55	1	55	1.10e-36	107
SA20160201_IJJBCCFE_00288	SA20160201_IJJBCCFE_00291	28.571	28	20	0	3	30	69	96	1.0	16.9
SA20160201_IJJBCCFE_00288	SA20160201_IJJBCCFE_00283	83.333	6	1	0	25	30	56	61	3.6	15.4
SA20160201_IJJBCCFE_00289	SA20160201_IJJBCCFE_00289	100.000	171	0	0	1	171	1	171	1.26e-122	333
SA20160201_IJJBCCFE_00289	SA20160201_IJJBCCFE_00276	45.000	20	11	0	121	140	316	335	1.8	18.5
SA20160201_IJJBCCFE_00289	SA20160201_IJJBCCFE_00285	36.000	25	16	0	136	160	227	251	6.7	16.9
SA20160201_IJJBCCFE_00289	SA20160201_IJJBCCFE_00292	30.357	56	34	2	30	85	131	181	8.4	16.5
SA20160201_IJJBCCFE_00290	SA20160201_IJJBCCFE_00290	100.000	125	0	0	1	125	1	125	6.00e-89	244
SA20160201_IJJBCCFE_00290	SA20160201_IJJBCCFE_00285	25.397	63	44	2	63	124	473	533	3.0	17.3
SA20160201_IJJBCCFE_00290	SA20160201_IJJBCCFE_00276	29.268	41	25	1	81	121	18	54	3.3	17.3
SA20160201_IJJBCCFE_00290	SA20160201_IJJBCCFE_00294	38.889	18	11	0	41	58	23	40	7.7	16.2
SA20160201_IJJBCCFE_00291	SA20160201_IJJBCCFE_00291	100.000	183	0	0	1	183	1	183	1.28e-135	367
SA20160201_IJJBCCFE_00291	SA20160201_IJJBCCFE_00276	56.250	16	6	1	166	181	206	220	0.36	20.8
SA20160201_IJJBCCFE_00291	SA20160201_IJJBCCFE_00284	29.730	74	49	2	72	144	35	106	0.45	20.4
SA20160201_IJJBCCFE_00291	SA20160201_IJJBCCFE_00285	40.625	32	17	2	107	138	1089	1118	3.2	18.1
SA20160201_IJJBCCFE_00291	SA20160201_IJJBCCFE_00288	28.571	28	20	0	69	96	3	30	3.4	16.9
SA20160201_IJJBCCFE_00291	SA20160201_IJJBCCFE_00294	29.231	65	37	3	103	164	122	180	4.6	17.3
SA20160201_IJJBCCFE_00292	SA20160201_IJJBCCFE_00292	100.000	642	0	0	1	642	1	642	0.0	1305
SA20160201_IJJBCCFE_00292	SA20160201_IJJBCCFE_00285	38.710	31	18	1	595	625	520	549	0.60	22.3
SA20160201_IJJBCCFE_00292	SA20160201_IJJBCCFE_00286	28.947	38	27	0	603	640	2	39	2.4	20.0
SA20160201_IJJBCCFE_00292	SA20160201_IJJBCCFE_00294	24.194	62	36	1	63	124	59	109	2.7	20.0
SA20160201_IJJBCCFE_00292	SA20160201_IJJBCCFE_00283	33.333	33	20	1	520	550	210	242	3.1	20.0
SA20160201_IJJBCCFE_00293	SA20160201_IJJBCCFE_00293	100.000	109	0	0	1	109	1	109	2.26e-80	222
SA20160201_IJJBCCFE_00293	SA20160201_IJJBCCFE_00274	25.000	48	32	1	62	109	61	104	1.0	18.5
SA20160201_IJJBCCFE_00293	SA20160201_IJJBCCFE_00285	46.154	13	7	0	19	31	79	91	1.1	18.5
SA20160201_IJJBCCFE_00293	SA20160201_IJJBCCFE_00282	30.435	23	16	0	14	36	580	602	4.5	16.5
SA20160201_IJJBCCFE_00294	SA20160201_IJJBCCFE_00294	100.000	201	0	0	1	201	1	201	6.04e-153	412
SA20160201_IJJBCCFE_00294	SA20160201_IJJBCCFE_00292	24.194	62	36	1	59	109	63	124	0.86	20.0
SA20160201_IJJBCCFE_00294	SA20160201_IJJBCCFE_00282	33.333	18	12	0	174	191	675	692	4.0	17.7
SA20160201_IJJBCCFE_00294	SA20160201_IJJBCCFE_00291	29.231	65	37	3	122	180	103	164	5.1	17.3
SA20160201_IJJBCCFE_00294	SA20160201_IJJBCCFE_00283	21.918	73	52	2	32	102	194	263	9.4	16.5
