SA20153983_GBAKOBEN_00649	SA20160203_GIPDFLML_00740	100.000	248	0	0	1	248	1	248	0.0	509
SA20153983_GBAKOBEN_00649	SA20160203_GIPDFLML_00736	23.077	52	40	0	80	131	21	72	2.6	18.1
SA20153983_GBAKOBEN_00649	SA20160203_GIPDFLML_00739	34.615	26	17	0	108	133	251	276	6.5	17.3
SA20153983_GBAKOBEN_00650	SA20160203_GIPDFLML_00739	98.529	680	10	0	1	680	1	680	0.0	1392
SA20153983_GBAKOBEN_00650	SA20160203_GIPDFLML_00726	28.846	52	37	0	141	192	332	383	0.45	22.7
SA20153983_GBAKOBEN_00650	SA20160203_GIPDFLML_00725	20.690	58	45	1	227	284	31	87	1.2	21.2
SA20153983_GBAKOBEN_00650	SA20160203_GIPDFLML_00731	30.769	26	18	0	304	329	102	127	1.5	20.4
SA20153983_GBAKOBEN_00651	SA20160203_GIPDFLML_00738	98.333	60	1	0	1	60	1	60	1.66e-38	112
SA20153983_GBAKOBEN_00651	SA20160203_GIPDFLML_00722	54.545	11	5	0	48	58	135	145	0.53	17.7
SA20153983_GBAKOBEN_00652	SA20160203_GIPDFLML_00737	99.429	175	1	0	1	175	1	175	1.50e-132	359
SA20153983_GBAKOBEN_00652	SA20160203_GIPDFLML_00725	27.027	37	27	0	40	76	35	71	1.3	18.9
SA20153983_GBAKOBEN_00652	SA20160203_GIPDFLML_00727	66.667	9	3	0	30	38	52	60	2.4	18.1
SA20153983_GBAKOBEN_00653	SA20160203_GIPDFLML_00736	99.231	130	1	0	1	130	1	130	1.49e-96	264
SA20153983_GBAKOBEN_00653	SA20160203_GIPDFLML_00740	23.077	52	40	0	21	72	80	131	1.4	18.1
SA20153983_GBAKOBEN_00654	SA20160203_GIPDFLML_00735	100.000	31	0	0	1	31	1	31	2.82e-19	62.0
SA20153983_GBAKOBEN_00654	SA20160203_GIPDFLML_00734	46.154	13	7	0	16	28	112	124	0.58	16.2
SA20153983_GBAKOBEN_00655	SA20160203_GIPDFLML_00734	99.494	395	2	0	1	395	1	395	0.0	776
SA20153983_GBAKOBEN_00655	SA20160203_GIPDFLML_00726	43.750	16	9	0	150	165	126	141	1.3	20.4
SA20153983_GBAKOBEN_00655	SA20160203_GIPDFLML_00733	28.571	28	20	0	123	150	5	32	1.9	19.6
SA20153983_GBAKOBEN_00655	SA20160203_GIPDFLML_00723	27.778	54	29	2	224	267	130	183	2.0	19.6
SA20153983_GBAKOBEN_00655	SA20160203_GIPDFLML_00720	30.769	26	16	1	69	94	22	45	5.0	18.1
SA20153983_GBAKOBEN_00655	SA20160203_GIPDFLML_00735	46.154	13	7	0	112	124	16	28	6.9	16.2
SA20153983_GBAKOBEN_00655	SA20160203_GIPDFLML_00731	22.581	31	24	0	261	291	56	86	7.1	17.7
SA20153983_GBAKOBEN_00656	SA20160203_GIPDFLML_00733	99.666	299	1	0	2	300	1	299	0.0	580
SA20153983_GBAKOBEN_00656	SA20160203_GIPDFLML_00734	31.034	29	20	0	6	34	123	151	0.44	21.2
SA20153983_GBAKOBEN_00656	SA20160203_GIPDFLML_00726	34.091	44	26	2	11	54	130	170	0.78	20.4
SA20153983_GBAKOBEN_00656	SA20160203_GIPDFLML_00723	29.167	24	17	0	26	49	242	265	4.1	18.1
SA20153983_GBAKOBEN_00657	SA20160203_GIPDFLML_00732	100.000	69	0	0	1	69	1	69	5.76e-49	139
SA20153983_GBAKOBEN_00657	SA20160203_GIPDFLML_00721	36.842	19	12	0	45	63	352	370	0.85	17.3
SA20153983_GBAKOBEN_00657	SA20160203_GIPDFLML_00730	29.630	27	19	0	38	64	111	137	0.93	17.3
SA20153983_GBAKOBEN_00657	SA20160203_GIPDFLML_00728	38.095	21	13	0	8	28	138	158	1.1	17.3
SA20153983_GBAKOBEN_00657	SA20160203_GIPDFLML_00739	50.000	8	4	0	18	25	6	13	6.7	15.0
SA20153983_GBAKOBEN_00658	SA20160203_GIPDFLML_00731	100.000	127	0	0	1	127	1	127	2.75e-97	266
SA20153983_GBAKOBEN_00658	SA20160203_GIPDFLML_00726	31.034	58	33	4	22	77	31	83	0.012	24.3
SA20153983_GBAKOBEN_00658	SA20160203_GIPDFLML_00739	30.769	26	18	0	102	127	304	329	0.27	20.4
SA20153983_GBAKOBEN_00658	SA20160203_GIPDFLML_00734	22.581	31	24	0	56	86	261	291	2.3	17.7
SA20153983_GBAKOBEN_00659	SA20160203_GIPDFLML_00730	100.000	144	0	0	1	144	1	144	8.71e-108	294
SA20153983_GBAKOBEN_00659	SA20160203_GIPDFLML_00732	29.630	27	19	0	111	137	38	64	1.9	17.3
SA20153983_GBAKOBEN_00659	SA20160203_GIPDFLML_00739	50.000	10	5	0	109	118	23	32	2.7	17.7
SA20153983_GBAKOBEN_00659	SA20160203_GIPDFLML_00737	37.500	16	10	0	127	142	9	24	8.9	15.8
SA20153983_GBAKOBEN_00660	SA20160203_GIPDFLML_00729	100.000	221	0	0	1	221	1	221	2.35e-164	443
SA20153983_GBAKOBEN_00660	SA20160203_GIPDFLML_00723	55.556	9	4	0	48	56	228	236	8.9	16.5
SA20153983_GBAKOBEN_00661	SA20160203_GIPDFLML_00728	100.000	396	0	0	1	396	1	396	0.0	776
SA20153983_GBAKOBEN_00661	SA20160203_GIPDFLML_00733	29.545	44	27	1	260	303	103	142	2.2	19.2
SA20153983_GBAKOBEN_00661	SA20160203_GIPDFLML_00725	22.727	44	34	0	152	195	41	84	4.4	18.5
SA20153983_GBAKOBEN_00661	SA20160203_GIPDFLML_00723	60.000	10	4	0	108	117	126	135	6.7	17.7
SA20153983_GBAKOBEN_00661	SA20160203_GIPDFLML_00732	38.095	21	13	0	138	158	8	28	7.1	16.9
SA20153983_GBAKOBEN_00662	SA20160203_GIPDFLML_00727	100.000	290	0	0	1	290	1	290	0.0	598
SA20153983_GBAKOBEN_00662	SA20160203_GIPDFLML_00739	30.952	42	29	0	51	92	128	169	2.5	18.9
SA20153983_GBAKOBEN_00662	SA20160203_GIPDFLML_00737	66.667	9	3	0	52	60	30	38	4.2	17.7
SA20153983_GBAKOBEN_00662	SA20160203_GIPDFLML_00723	46.154	13	7	0	188	200	81	93	4.8	17.7
SA20153983_GBAKOBEN_00662	SA20160203_GIPDFLML_00726	45.455	22	11	1	69	89	321	342	5.7	17.7
SA20153983_GBAKOBEN_00662	SA20160203_GIPDFLML_00728	46.154	13	7	0	49	61	121	133	9.3	16.9
SA20153983_GBAKOBEN_00663	SA20160203_GIPDFLML_00726	99.784	462	1	0	1	462	1	462	0.0	942
SA20153983_GBAKOBEN_00663	SA20160203_GIPDFLML_00731	31.034	58	33	4	31	83	22	77	0.045	24.3
SA20153983_GBAKOBEN_00663	SA20160203_GIPDFLML_00739	28.125	64	46	0	332	395	141	204	0.12	23.9
SA20153983_GBAKOBEN_00663	SA20160203_GIPDFLML_00734	43.750	16	9	0	126	141	150	165	1.5	20.4
SA20153983_GBAKOBEN_00663	SA20160203_GIPDFLML_00733	37.037	27	17	0	17	43	264	290	4.5	18.9
SA20153983_GBAKOBEN_00663	SA20160203_GIPDFLML_00720	50.000	10	5	0	449	458	21	30	4.7	18.1
SA20153983_GBAKOBEN_00663	SA20160203_GIPDFLML_00725	54.545	11	5	0	256	266	239	249	7.5	18.1
SA20153983_GBAKOBEN_00663	SA20160203_GIPDFLML_00721	34.783	23	15	0	375	397	191	213	7.9	18.1
SA20153983_GBAKOBEN_00663	SA20160203_GIPDFLML_00727	45.455	22	11	1	321	342	69	89	8.9	17.7
SA20153983_GBAKOBEN_00664	SA20160203_GIPDFLML_00725	99.675	308	1	0	1	308	1	308	0.0	635
SA20153983_GBAKOBEN_00664	SA20160203_GIPDFLML_00739	20.690	58	45	1	31	87	227	284	0.23	22.3
SA20153983_GBAKOBEN_00664	SA20160203_GIPDFLML_00722	77.778	9	2	0	257	265	166	174	2.2	18.9
SA20153983_GBAKOBEN_00664	SA20160203_GIPDFLML_00737	22.892	83	50	2	35	117	40	108	2.6	18.5
SA20153983_GBAKOBEN_00664	SA20160203_GIPDFLML_00728	22.727	44	34	0	41	84	152	195	3.0	18.5
SA20153983_GBAKOBEN_00664	SA20160203_GIPDFLML_00726	54.545	11	5	0	239	249	256	266	4.7	18.1
SA20153983_GBAKOBEN_00664	SA20160203_GIPDFLML_00721	26.087	69	42	4	37	97	29	96	5.4	17.7
SA20153983_GBAKOBEN_00665	SA20160203_GIPDFLML_00724	99.160	119	1	0	1	119	1	119	4.33e-91	249
SA20153983_GBAKOBEN_00665	SA20160203_GIPDFLML_00739	26.087	23	17	0	6	28	17	39	3.1	16.9
SA20153983_GBAKOBEN_00666	SA20160203_GIPDFLML_00723	99.365	315	2	0	1	315	1	315	0.0	641
SA20153983_GBAKOBEN_00666	SA20160203_GIPDFLML_00734	26.415	53	30	1	130	182	224	267	1.6	19.6
SA20153983_GBAKOBEN_00666	SA20160203_GIPDFLML_00728	60.000	10	4	0	126	135	108	117	4.9	18.1
SA20153983_GBAKOBEN_00666	SA20160203_GIPDFLML_00727	46.154	13	7	0	81	93	188	200	5.2	17.7
SA20153983_GBAKOBEN_00667	SA20160203_GIPDFLML_00722	98.857	175	2	0	1	175	1	175	2.88e-133	360
SA20153983_GBAKOBEN_00667	SA20160203_GIPDFLML_00725	77.778	9	2	0	166	174	257	265	1.2	18.9
SA20153983_GBAKOBEN_00667	SA20160203_GIPDFLML_00738	54.545	11	5	0	135	145	48	58	2.0	17.3
SA20153983_GBAKOBEN_00667	SA20160203_GIPDFLML_00728	27.273	33	23	1	142	174	318	349	5.7	16.9
SA20153983_GBAKOBEN_00668	SA20160203_GIPDFLML_00721	100.000	372	0	0	1	372	1	372	0.0	752
SA20153983_GBAKOBEN_00668	SA20160203_GIPDFLML_00732	36.842	19	12	0	352	370	45	63	4.4	17.7
SA20153983_GBAKOBEN_00668	SA20160203_GIPDFLML_00725	26.087	69	42	4	29	96	37	97	5.2	18.1
SA20153983_GBAKOBEN_00668	SA20160203_GIPDFLML_00739	28.571	49	32	2	246	294	243	288	10.0	17.3
SA20153983_GBAKOBEN_00669	SA20160203_GIPDFLML_00720	100.000	113	0	0	1	113	1	113	1.07e-85	235
SA20153983_GBAKOBEN_00669	SA20160203_GIPDFLML_00726	50.000	10	5	0	21	30	449	458	1.2	18.1
SA20153983_GBAKOBEN_00669	SA20160203_GIPDFLML_00734	30.769	26	16	1	22	45	69	94	1.4	18.1
SA20153983_GBAKOBEN_00669	SA20160203_GIPDFLML_00733	31.818	22	13	1	62	83	145	164	5.6	16.2
SA20160203_GIPDFLML_00720	SA20160203_GIPDFLML_00720	100.000	113	0	0	1	113	1	113	1.07e-85	235
SA20160203_GIPDFLML_00720	SA20160203_GIPDFLML_00726	50.000	10	5	0	21	30	449	458	1.2	18.1
SA20160203_GIPDFLML_00720	SA20160203_GIPDFLML_00734	30.769	26	16	1	22	45	69	94	1.4	18.1
SA20160203_GIPDFLML_00720	SA20160203_GIPDFLML_00733	31.818	22	13	1	62	83	145	164	5.6	16.2
SA20160203_GIPDFLML_00721	SA20160203_GIPDFLML_00721	100.000	372	0	0	1	372	1	372	0.0	752
SA20160203_GIPDFLML_00721	SA20160203_GIPDFLML_00732	36.842	19	12	0	352	370	45	63	4.4	17.7
SA20160203_GIPDFLML_00721	SA20160203_GIPDFLML_00725	26.087	69	42	4	29	96	37	97	5.2	18.1
SA20160203_GIPDFLML_00721	SA20160203_GIPDFLML_00739	28.571	49	32	2	246	294	243	288	10.0	17.3
SA20160203_GIPDFLML_00722	SA20160203_GIPDFLML_00722	100.000	175	0	0	1	175	1	175	1.64e-134	363
SA20160203_GIPDFLML_00722	SA20160203_GIPDFLML_00725	77.778	9	2	0	166	174	257	265	1.2	18.9
SA20160203_GIPDFLML_00722	SA20160203_GIPDFLML_00738	54.545	11	5	0	135	145	48	58	2.0	17.3
SA20160203_GIPDFLML_00722	SA20160203_GIPDFLML_00728	27.273	33	23	1	142	174	318	349	5.9	16.9
SA20160203_GIPDFLML_00722	SA20160203_GIPDFLML_00740	40.000	20	10	1	83	102	139	156	8.7	16.2
SA20160203_GIPDFLML_00723	SA20160203_GIPDFLML_00723	100.000	315	0	0	1	315	1	315	0.0	644
SA20160203_GIPDFLML_00723	SA20160203_GIPDFLML_00734	26.415	53	30	1	130	182	224	267	1.6	19.6
SA20160203_GIPDFLML_00723	SA20160203_GIPDFLML_00728	60.000	10	4	0	126	135	108	117	5.0	18.1
SA20160203_GIPDFLML_00723	SA20160203_GIPDFLML_00727	46.154	13	7	0	81	93	188	200	5.2	17.7
SA20160203_GIPDFLML_00724	SA20160203_GIPDFLML_00724	100.000	119	0	0	1	119	1	119	1.18e-91	251
SA20160203_GIPDFLML_00724	SA20160203_GIPDFLML_00739	26.087	23	17	0	6	28	17	39	3.2	16.9
SA20160203_GIPDFLML_00725	SA20160203_GIPDFLML_00725	100.000	308	0	0	1	308	1	308	0.0	639
SA20160203_GIPDFLML_00725	SA20160203_GIPDFLML_00739	20.000	70	52	2	31	96	227	296	0.23	22.3
SA20160203_GIPDFLML_00725	SA20160203_GIPDFLML_00722	77.778	9	2	0	257	265	166	174	2.2	18.9
SA20160203_GIPDFLML_00725	SA20160203_GIPDFLML_00737	22.892	83	50	2	35	117	40	108	2.7	18.5
SA20160203_GIPDFLML_00725	SA20160203_GIPDFLML_00728	22.727	44	34	0	41	84	152	195	3.0	18.5
SA20160203_GIPDFLML_00725	SA20160203_GIPDFLML_00726	54.545	11	5	0	239	249	256	266	4.7	18.1
SA20160203_GIPDFLML_00725	SA20160203_GIPDFLML_00721	26.087	69	42	4	37	97	29	96	5.3	17.7
SA20160203_GIPDFLML_00726	SA20160203_GIPDFLML_00726	100.000	462	0	0	1	462	1	462	0.0	944
SA20160203_GIPDFLML_00726	SA20160203_GIPDFLML_00731	31.034	58	33	4	31	83	22	77	0.045	24.3
SA20160203_GIPDFLML_00726	SA20160203_GIPDFLML_00739	28.846	52	37	0	332	383	141	192	0.30	22.7
SA20160203_GIPDFLML_00726	SA20160203_GIPDFLML_00734	43.750	16	9	0	126	141	150	165	1.5	20.4
SA20160203_GIPDFLML_00726	SA20160203_GIPDFLML_00733	37.037	27	17	0	17	43	264	290	4.4	18.9
SA20160203_GIPDFLML_00726	SA20160203_GIPDFLML_00720	50.000	10	5	0	449	458	21	30	4.7	18.1
SA20160203_GIPDFLML_00726	SA20160203_GIPDFLML_00725	54.545	11	5	0	256	266	239	249	7.3	18.1
SA20160203_GIPDFLML_00726	SA20160203_GIPDFLML_00727	29.268	82	48	5	264	342	15	89	8.4	17.7
SA20160203_GIPDFLML_00727	SA20160203_GIPDFLML_00727	100.000	290	0	0	1	290	1	290	0.0	598
SA20160203_GIPDFLML_00727	SA20160203_GIPDFLML_00739	30.952	42	29	0	51	92	128	169	2.5	18.9
SA20160203_GIPDFLML_00727	SA20160203_GIPDFLML_00737	66.667	9	3	0	52	60	30	38	4.2	17.7
SA20160203_GIPDFLML_00727	SA20160203_GIPDFLML_00723	46.154	13	7	0	188	200	81	93	4.8	17.7
SA20160203_GIPDFLML_00727	SA20160203_GIPDFLML_00726	45.455	22	11	1	69	89	321	342	5.7	17.7
SA20160203_GIPDFLML_00727	SA20160203_GIPDFLML_00728	46.154	13	7	0	49	61	121	133	9.3	16.9
SA20160203_GIPDFLML_00728	SA20160203_GIPDFLML_00728	100.000	396	0	0	1	396	1	396	0.0	776
SA20160203_GIPDFLML_00728	SA20160203_GIPDFLML_00733	29.545	44	27	1	260	303	103	142	2.2	19.2
SA20160203_GIPDFLML_00728	SA20160203_GIPDFLML_00725	22.727	44	34	0	152	195	41	84	4.4	18.5
SA20160203_GIPDFLML_00728	SA20160203_GIPDFLML_00723	60.000	10	4	0	108	117	126	135	6.7	17.7
SA20160203_GIPDFLML_00728	SA20160203_GIPDFLML_00732	38.095	21	13	0	138	158	8	28	7.1	16.9
SA20160203_GIPDFLML_00729	SA20160203_GIPDFLML_00729	100.000	221	0	0	1	221	1	221	2.35e-164	443
SA20160203_GIPDFLML_00729	SA20160203_GIPDFLML_00723	55.556	9	4	0	48	56	228	236	8.9	16.5
SA20160203_GIPDFLML_00730	SA20160203_GIPDFLML_00730	100.000	144	0	0	1	144	1	144	8.71e-108	294
SA20160203_GIPDFLML_00730	SA20160203_GIPDFLML_00732	29.630	27	19	0	111	137	38	64	1.9	17.3
SA20160203_GIPDFLML_00730	SA20160203_GIPDFLML_00739	50.000	10	5	0	109	118	23	32	2.7	17.7
SA20160203_GIPDFLML_00730	SA20160203_GIPDFLML_00737	37.500	16	10	0	127	142	9	24	8.9	15.8
SA20160203_GIPDFLML_00731	SA20160203_GIPDFLML_00731	100.000	127	0	0	1	127	1	127	2.75e-97	266
SA20160203_GIPDFLML_00731	SA20160203_GIPDFLML_00726	31.034	58	33	4	22	77	31	83	0.012	24.3
SA20160203_GIPDFLML_00731	SA20160203_GIPDFLML_00739	30.769	26	18	0	102	127	304	329	0.27	20.4
SA20160203_GIPDFLML_00731	SA20160203_GIPDFLML_00734	22.581	31	24	0	56	86	261	291	2.3	17.7
SA20160203_GIPDFLML_00732	SA20160203_GIPDFLML_00732	100.000	69	0	0	1	69	1	69	5.76e-49	139
SA20160203_GIPDFLML_00732	SA20160203_GIPDFLML_00721	36.842	19	12	0	45	63	352	370	0.85	17.3
SA20160203_GIPDFLML_00732	SA20160203_GIPDFLML_00730	29.630	27	19	0	38	64	111	137	0.93	17.3
SA20160203_GIPDFLML_00732	SA20160203_GIPDFLML_00728	38.095	21	13	0	8	28	138	158	1.1	17.3
SA20160203_GIPDFLML_00732	SA20160203_GIPDFLML_00739	50.000	8	4	0	18	25	6	13	6.7	15.0
SA20160203_GIPDFLML_00733	SA20160203_GIPDFLML_00733	100.000	299	0	0	1	299	1	299	0.0	581
SA20160203_GIPDFLML_00733	SA20160203_GIPDFLML_00734	31.034	29	20	0	5	33	123	151	0.46	21.2
SA20160203_GIPDFLML_00733	SA20160203_GIPDFLML_00726	34.091	44	26	2	10	53	130	170	0.76	20.4
SA20160203_GIPDFLML_00733	SA20160203_GIPDFLML_00723	29.167	24	17	0	25	48	242	265	4.1	18.1
SA20160203_GIPDFLML_00734	SA20160203_GIPDFLML_00734	100.000	395	0	0	1	395	1	395	0.0	778
SA20160203_GIPDFLML_00734	SA20160203_GIPDFLML_00726	43.750	16	9	0	150	165	126	141	1.3	20.4
SA20160203_GIPDFLML_00734	SA20160203_GIPDFLML_00733	28.571	28	20	0	123	150	5	32	1.9	19.6
SA20160203_GIPDFLML_00734	SA20160203_GIPDFLML_00723	26.415	53	30	1	224	267	130	182	2.1	19.6
SA20160203_GIPDFLML_00734	SA20160203_GIPDFLML_00720	30.769	26	16	1	69	94	22	45	5.0	18.1
SA20160203_GIPDFLML_00734	SA20160203_GIPDFLML_00735	46.154	13	7	0	112	124	16	28	7.0	16.2
SA20160203_GIPDFLML_00734	SA20160203_GIPDFLML_00731	22.581	31	24	0	261	291	56	86	7.1	17.7
SA20160203_GIPDFLML_00735	SA20160203_GIPDFLML_00735	100.000	31	0	0	1	31	1	31	2.82e-19	62.0
SA20160203_GIPDFLML_00735	SA20160203_GIPDFLML_00734	46.154	13	7	0	16	28	112	124	0.58	16.2
SA20160203_GIPDFLML_00736	SA20160203_GIPDFLML_00736	100.000	130	0	0	1	130	1	130	4.25e-97	266
SA20160203_GIPDFLML_00736	SA20160203_GIPDFLML_00740	23.077	52	40	0	21	72	80	131	1.4	18.1
SA20160203_GIPDFLML_00737	SA20160203_GIPDFLML_00737	100.000	175	0	0	1	175	1	175	1.49e-133	361
SA20160203_GIPDFLML_00737	SA20160203_GIPDFLML_00725	27.027	37	27	0	40	76	35	71	1.2	18.9
SA20160203_GIPDFLML_00737	SA20160203_GIPDFLML_00727	66.667	9	3	0	30	38	52	60	2.5	18.1
SA20160203_GIPDFLML_00738	SA20160203_GIPDFLML_00738	100.000	60	0	0	1	60	1	60	4.10e-39	114
SA20160203_GIPDFLML_00738	SA20160203_GIPDFLML_00722	54.545	11	5	0	48	58	135	145	0.71	17.3
SA20160203_GIPDFLML_00738	SA20160203_GIPDFLML_00739	46.154	13	7	0	48	60	416	428	4.3	15.4
SA20160203_GIPDFLML_00739	SA20160203_GIPDFLML_00739	100.000	680	0	0	1	680	1	680	0.0	1410
SA20160203_GIPDFLML_00739	SA20160203_GIPDFLML_00726	28.846	52	37	0	141	192	332	383	0.42	22.7
SA20160203_GIPDFLML_00739	SA20160203_GIPDFLML_00725	20.690	58	45	1	227	284	31	87	0.55	22.3
SA20160203_GIPDFLML_00739	SA20160203_GIPDFLML_00731	30.769	26	18	0	304	329	102	127	1.5	20.4
SA20160203_GIPDFLML_00739	SA20160203_GIPDFLML_00727	30.952	42	29	0	128	169	51	92	5.7	18.9
SA20160203_GIPDFLML_00740	SA20160203_GIPDFLML_00740	100.000	248	0	0	1	248	1	248	0.0	509
SA20160203_GIPDFLML_00740	SA20160203_GIPDFLML_00736	23.077	52	40	0	80	131	21	72	2.6	18.1
SA20160203_GIPDFLML_00740	SA20160203_GIPDFLML_00739	34.615	26	17	0	108	133	251	276	6.5	17.3
SA20153983_GBAKOBEN_00649	SA20153983_GBAKOBEN_00649	100.000	248	0	0	1	248	1	248	0.0	509
SA20153983_GBAKOBEN_00649	SA20153983_GBAKOBEN_00653	23.077	52	40	0	80	131	21	72	2.6	18.1
SA20153983_GBAKOBEN_00649	SA20153983_GBAKOBEN_00650	34.615	26	17	0	108	133	251	276	6.2	17.3
SA20153983_GBAKOBEN_00650	SA20153983_GBAKOBEN_00650	100.000	680	0	0	1	680	1	680	0.0	1410
SA20153983_GBAKOBEN_00650	SA20153983_GBAKOBEN_00663	28.125	64	46	0	141	204	332	395	0.16	23.9
SA20153983_GBAKOBEN_00650	SA20153983_GBAKOBEN_00664	20.690	58	45	1	227	284	31	87	1.1	21.2
SA20153983_GBAKOBEN_00650	SA20153983_GBAKOBEN_00658	30.769	26	18	0	304	329	102	127	1.5	20.4
SA20153983_GBAKOBEN_00651	SA20153983_GBAKOBEN_00651	100.000	60	0	0	1	60	1	60	3.33e-39	114
SA20153983_GBAKOBEN_00651	SA20153983_GBAKOBEN_00667	54.545	11	5	0	48	58	135	145	0.53	17.7
SA20153983_GBAKOBEN_00652	SA20153983_GBAKOBEN_00652	100.000	175	0	0	1	175	1	175	9.83e-134	362
SA20153983_GBAKOBEN_00652	SA20153983_GBAKOBEN_00664	27.027	37	27	0	40	76	35	71	1.3	18.9
SA20153983_GBAKOBEN_00652	SA20153983_GBAKOBEN_00662	66.667	9	3	0	30	38	52	60	2.4	18.1
SA20153983_GBAKOBEN_00652	SA20153983_GBAKOBEN_00650	55.556	9	4	0	124	132	453	461	6.5	16.5
SA20153983_GBAKOBEN_00653	SA20153983_GBAKOBEN_00653	100.000	130	0	0	1	130	1	130	2.71e-97	266
SA20153983_GBAKOBEN_00653	SA20153983_GBAKOBEN_00649	23.077	52	40	0	21	72	80	131	1.4	18.1
SA20153983_GBAKOBEN_00654	SA20153983_GBAKOBEN_00654	100.000	31	0	0	1	31	1	31	2.82e-19	62.0
SA20153983_GBAKOBEN_00654	SA20153983_GBAKOBEN_00655	46.154	13	7	0	16	28	112	124	0.55	16.2
SA20153983_GBAKOBEN_00655	SA20153983_GBAKOBEN_00655	100.000	395	0	0	1	395	1	395	0.0	778
SA20153983_GBAKOBEN_00655	SA20153983_GBAKOBEN_00663	43.750	16	9	0	150	165	126	141	1.3	20.4
SA20153983_GBAKOBEN_00655	SA20153983_GBAKOBEN_00656	28.571	28	20	0	123	150	6	33	1.8	19.6
SA20153983_GBAKOBEN_00655	SA20153983_GBAKOBEN_00666	27.778	54	29	2	224	267	130	183	1.9	19.6
SA20153983_GBAKOBEN_00655	SA20153983_GBAKOBEN_00669	30.769	26	16	1	69	94	22	45	5.0	18.1
SA20153983_GBAKOBEN_00655	SA20153983_GBAKOBEN_00654	46.154	13	7	0	112	124	16	28	6.9	16.2
SA20153983_GBAKOBEN_00655	SA20153983_GBAKOBEN_00658	22.581	31	24	0	261	291	56	86	7.1	17.7
SA20153983_GBAKOBEN_00656	SA20153983_GBAKOBEN_00656	100.000	300	0	0	1	300	1	300	0.0	584
SA20153983_GBAKOBEN_00656	SA20153983_GBAKOBEN_00655	31.034	29	20	0	6	34	123	151	0.45	21.2
SA20153983_GBAKOBEN_00656	SA20153983_GBAKOBEN_00663	34.091	44	26	2	11	54	130	170	0.76	20.4
SA20153983_GBAKOBEN_00656	SA20153983_GBAKOBEN_00666	29.167	24	17	0	26	49	242	265	3.8	18.1
SA20153983_GBAKOBEN_00657	SA20153983_GBAKOBEN_00657	100.000	69	0	0	1	69	1	69	5.76e-49	139
SA20153983_GBAKOBEN_00657	SA20153983_GBAKOBEN_00668	36.842	19	12	0	45	63	352	370	0.85	17.3
SA20153983_GBAKOBEN_00657	SA20153983_GBAKOBEN_00659	29.630	27	19	0	38	64	111	137	0.93	17.3
SA20153983_GBAKOBEN_00657	SA20153983_GBAKOBEN_00661	38.095	21	13	0	8	28	138	158	1.1	17.3
SA20153983_GBAKOBEN_00658	SA20153983_GBAKOBEN_00658	100.000	127	0	0	1	127	1	127	2.76e-97	266
SA20153983_GBAKOBEN_00658	SA20153983_GBAKOBEN_00663	31.034	58	33	4	22	77	31	83	0.012	24.3
SA20153983_GBAKOBEN_00658	SA20153983_GBAKOBEN_00650	30.769	26	18	0	102	127	304	329	0.27	20.4
SA20153983_GBAKOBEN_00658	SA20153983_GBAKOBEN_00655	22.581	31	24	0	56	86	261	291	2.3	17.7
SA20153983_GBAKOBEN_00659	SA20153983_GBAKOBEN_00659	100.000	144	0	0	1	144	1	144	8.71e-108	294
SA20153983_GBAKOBEN_00659	SA20153983_GBAKOBEN_00657	29.630	27	19	0	111	137	38	64	1.9	17.3
SA20153983_GBAKOBEN_00659	SA20153983_GBAKOBEN_00650	50.000	10	5	0	109	118	23	32	2.7	17.7
SA20153983_GBAKOBEN_00659	SA20153983_GBAKOBEN_00652	37.500	16	10	0	127	142	9	24	8.9	15.8
SA20153983_GBAKOBEN_00660	SA20153983_GBAKOBEN_00660	100.000	221	0	0	1	221	1	221	2.35e-164	443
SA20153983_GBAKOBEN_00660	SA20153983_GBAKOBEN_00666	55.556	9	4	0	48	56	228	236	9.2	16.5
SA20153983_GBAKOBEN_00661	SA20153983_GBAKOBEN_00661	100.000	396	0	0	1	396	1	396	0.0	776
SA20153983_GBAKOBEN_00661	SA20153983_GBAKOBEN_00664	22.727	44	34	0	152	195	41	84	4.4	18.5
SA20153983_GBAKOBEN_00661	SA20153983_GBAKOBEN_00656	27.273	44	28	1	260	303	104	143	4.8	18.5
SA20153983_GBAKOBEN_00661	SA20153983_GBAKOBEN_00666	60.000	10	4	0	108	117	126	135	6.5	18.1
SA20153983_GBAKOBEN_00661	SA20153983_GBAKOBEN_00657	38.095	21	13	0	138	158	8	28	7.1	16.9
SA20153983_GBAKOBEN_00662	SA20153983_GBAKOBEN_00662	100.000	290	0	0	1	290	1	290	0.0	598
SA20153983_GBAKOBEN_00662	SA20153983_GBAKOBEN_00652	66.667	9	3	0	52	60	30	38	4.1	18.1
SA20153983_GBAKOBEN_00662	SA20153983_GBAKOBEN_00666	46.154	13	7	0	188	200	81	93	4.7	17.7
SA20153983_GBAKOBEN_00662	SA20153983_GBAKOBEN_00663	45.455	22	11	1	69	89	321	342	5.6	17.7
SA20153983_GBAKOBEN_00662	SA20153983_GBAKOBEN_00650	28.571	42	30	0	51	92	128	169	9.1	16.9
SA20153983_GBAKOBEN_00662	SA20153983_GBAKOBEN_00661	46.154	13	7	0	49	61	121	133	9.3	16.9
SA20153983_GBAKOBEN_00663	SA20153983_GBAKOBEN_00663	100.000	462	0	0	1	462	1	462	0.0	945
SA20153983_GBAKOBEN_00663	SA20153983_GBAKOBEN_00658	31.034	58	33	4	31	83	22	77	0.045	24.3
SA20153983_GBAKOBEN_00663	SA20153983_GBAKOBEN_00650	28.125	64	46	0	332	395	141	204	0.12	23.9
SA20153983_GBAKOBEN_00663	SA20153983_GBAKOBEN_00655	43.750	16	9	0	126	141	150	165	1.5	20.4
SA20153983_GBAKOBEN_00663	SA20153983_GBAKOBEN_00656	37.037	27	17	0	17	43	265	291	4.5	18.9
SA20153983_GBAKOBEN_00663	SA20153983_GBAKOBEN_00669	50.000	10	5	0	449	458	21	30	4.7	18.1
SA20153983_GBAKOBEN_00663	SA20153983_GBAKOBEN_00664	54.545	11	5	0	256	266	239	249	7.4	18.1
SA20153983_GBAKOBEN_00663	SA20153983_GBAKOBEN_00668	34.783	23	15	0	375	397	191	213	7.9	18.1
SA20153983_GBAKOBEN_00663	SA20153983_GBAKOBEN_00662	45.455	22	11	1	321	342	69	89	8.9	17.7
SA20153983_GBAKOBEN_00664	SA20153983_GBAKOBEN_00664	100.000	308	0	0	1	308	1	308	0.0	639
SA20153983_GBAKOBEN_00664	SA20153983_GBAKOBEN_00650	20.690	58	45	1	31	87	227	284	0.50	21.2
SA20153983_GBAKOBEN_00664	SA20153983_GBAKOBEN_00667	77.778	9	2	0	257	265	166	174	2.1	18.9
SA20153983_GBAKOBEN_00664	SA20153983_GBAKOBEN_00652	22.892	83	50	2	35	117	40	108	2.7	18.5
SA20153983_GBAKOBEN_00664	SA20153983_GBAKOBEN_00661	22.727	44	34	0	41	84	152	195	3.0	18.5
SA20153983_GBAKOBEN_00664	SA20153983_GBAKOBEN_00663	54.545	11	5	0	239	249	256	266	4.7	18.1
SA20153983_GBAKOBEN_00664	SA20153983_GBAKOBEN_00668	26.087	69	42	4	37	97	29	96	5.4	17.7
SA20153983_GBAKOBEN_00665	SA20153983_GBAKOBEN_00665	100.000	119	0	0	1	119	1	119	1.08e-91	251
SA20153983_GBAKOBEN_00665	SA20153983_GBAKOBEN_00650	26.087	23	17	0	6	28	17	39	2.9	16.9
SA20153983_GBAKOBEN_00666	SA20153983_GBAKOBEN_00666	100.000	315	0	0	1	315	1	315	0.0	644
SA20153983_GBAKOBEN_00666	SA20153983_GBAKOBEN_00655	26.415	53	30	1	130	182	224	267	1.6	19.6
SA20153983_GBAKOBEN_00666	SA20153983_GBAKOBEN_00661	60.000	10	4	0	126	135	108	117	4.9	18.1
SA20153983_GBAKOBEN_00666	SA20153983_GBAKOBEN_00662	46.154	13	7	0	81	93	188	200	5.2	17.7
SA20153983_GBAKOBEN_00667	SA20153983_GBAKOBEN_00667	100.000	175	0	0	1	175	1	175	1.08e-134	364
SA20153983_GBAKOBEN_00667	SA20153983_GBAKOBEN_00664	77.778	9	2	0	166	174	257	265	1.2	18.9
SA20153983_GBAKOBEN_00667	SA20153983_GBAKOBEN_00651	54.545	11	5	0	135	145	48	58	1.4	17.7
SA20153983_GBAKOBEN_00667	SA20153983_GBAKOBEN_00661	27.273	33	23	1	142	174	318	349	5.7	16.9
SA20153983_GBAKOBEN_00668	SA20153983_GBAKOBEN_00668	100.000	372	0	0	1	372	1	372	0.0	752
SA20153983_GBAKOBEN_00668	SA20153983_GBAKOBEN_00657	36.842	19	12	0	352	370	45	63	4.4	17.7
SA20153983_GBAKOBEN_00668	SA20153983_GBAKOBEN_00664	26.087	69	42	4	29	96	37	97	5.1	18.1
SA20153983_GBAKOBEN_00668	SA20153983_GBAKOBEN_00663	36.364	22	14	0	191	212	375	396	6.3	18.1
SA20153983_GBAKOBEN_00669	SA20153983_GBAKOBEN_00669	100.000	113	0	0	1	113	1	113	1.07e-85	235
SA20153983_GBAKOBEN_00669	SA20153983_GBAKOBEN_00663	50.000	10	5	0	21	30	449	458	1.2	18.1
SA20153983_GBAKOBEN_00669	SA20153983_GBAKOBEN_00655	30.769	26	16	1	22	45	69	94	1.4	18.1
SA20153983_GBAKOBEN_00669	SA20153983_GBAKOBEN_00656	31.818	22	13	1	62	83	146	165	5.4	16.2
