SA20160190_KJBEGOPM_00964	SA20153980_HPBJMGIL_01290	99.394	165	1	0	1	165	1	165	5.81e-122	332
SA20160190_KJBEGOPM_00964	SA20153980_HPBJMGIL_01306	44.444	9	5	0	27	35	305	313	6.6	16.9
SA20160190_KJBEGOPM_00964	SA20153980_HPBJMGIL_01304	24.658	73	44	2	59	131	46	107	7.7	16.9
SA20160190_KJBEGOPM_00965	SA20153980_HPBJMGIL_01291	99.717	353	1	0	1	353	1	353	0.0	717
SA20160190_KJBEGOPM_00965	SA20153980_HPBJMGIL_01311	23.881	67	35	3	132	182	332	398	2.3	19.6
SA20160190_KJBEGOPM_00965	SA20153980_HPBJMGIL_01300	28.125	32	23	0	275	306	83	114	2.4	19.2
SA20160190_KJBEGOPM_00965	SA20153980_HPBJMGIL_01293	28.205	39	28	0	24	62	639	677	4.2	18.9
SA20160190_KJBEGOPM_00965	SA20153980_HPBJMGIL_01309	60.000	10	4	0	309	318	266	275	4.7	18.5
SA20160190_KJBEGOPM_00965	SA20153980_HPBJMGIL_01302	23.750	80	53	4	180	257	231	304	7.5	18.1
SA20160190_KJBEGOPM_00966	SA20153980_HPBJMGIL_01292	98.883	179	2	0	1	179	1	179	5.65e-136	368
SA20160190_KJBEGOPM_00966	SA20153980_HPBJMGIL_01293	30.769	65	32	5	17	73	301	360	9.3	16.5
SA20160190_KJBEGOPM_00967	SA20153980_HPBJMGIL_01293	99.772	876	2	0	1	876	1	876	0.0	1800
SA20160190_KJBEGOPM_00967	SA20153980_HPBJMGIL_01312	25.203	123	59	4	305	427	180	269	2.4	20.8
SA20160190_KJBEGOPM_00967	SA20153980_HPBJMGIL_01302	28.333	60	37	3	232	291	386	439	2.5	21.2
SA20160190_KJBEGOPM_00967	SA20153980_HPBJMGIL_01309	25.714	35	26	0	373	407	222	256	8.0	19.2
SA20160190_KJBEGOPM_00967	SA20153980_HPBJMGIL_01291	26.667	45	33	0	633	677	18	62	9.6	18.9
SA20160190_KJBEGOPM_00968	SA20153980_HPBJMGIL_01294	100.000	61	0	0	1	61	1	61	2.80e-42	122
SA20160190_KJBEGOPM_00968	SA20153980_HPBJMGIL_01302	42.857	14	8	0	41	54	422	435	2.6	16.2
SA20160190_KJBEGOPM_00968	SA20153980_HPBJMGIL_01303	35.714	14	9	0	34	47	153	166	4.1	15.8
SA20160190_KJBEGOPM_00974	SA20153980_HPBJMGIL_01300	100.000	188	0	0	1	188	1	188	3.47e-142	384
SA20160190_KJBEGOPM_00974	SA20153980_HPBJMGIL_01291	28.125	32	23	0	83	114	275	306	1.2	19.2
SA20160190_KJBEGOPM_00974	SA20153980_HPBJMGIL_01313	28.571	28	20	0	142	169	149	176	1.9	18.9
SA20160190_KJBEGOPM_00974	SA20153980_HPBJMGIL_01304	23.810	105	64	5	5	94	93	196	1.9	18.9
SA20160190_KJBEGOPM_00975	SA20153980_HPBJMGIL_01301	100.000	141	0	0	1	141	1	141	5.37e-101	276
SA20160190_KJBEGOPM_00975	SA20153980_HPBJMGIL_01314	26.531	49	30	1	16	64	23	65	0.56	19.6
SA20160190_KJBEGOPM_00975	SA20153980_HPBJMGIL_01305	53.333	15	6	1	78	91	69	83	2.0	18.5
SA20160190_KJBEGOPM_00975	SA20153980_HPBJMGIL_01313	37.931	29	18	0	61	89	654	682	2.2	18.1
SA20160190_KJBEGOPM_00975	SA20153980_HPBJMGIL_01302	41.667	12	7	0	99	110	369	380	4.2	17.3
SA20160190_KJBEGOPM_00976	SA20153980_HPBJMGIL_01302	100.000	518	0	0	1	518	1	518	0.0	1076
SA20160190_KJBEGOPM_00976	SA20153980_HPBJMGIL_01305	31.818	44	26	2	25	64	18	61	1.6	20.8
SA20160190_KJBEGOPM_00976	SA20153980_HPBJMGIL_01293	28.333	60	37	3	386	439	232	291	1.6	20.8
SA20160190_KJBEGOPM_00976	SA20153980_HPBJMGIL_01303	26.087	69	39	2	415	483	20	76	2.5	20.0
SA20160190_KJBEGOPM_00976	SA20153980_HPBJMGIL_01309	63.636	11	4	0	10	20	265	275	4.7	19.2
SA20160190_KJBEGOPM_00977	SA20153980_HPBJMGIL_01303	100.000	171	0	0	1	171	1	171	3.09e-133	360
SA20160190_KJBEGOPM_00977	SA20153980_HPBJMGIL_01302	26.087	69	39	2	20	76	415	483	0.83	20.0
SA20160190_KJBEGOPM_00977	SA20153980_HPBJMGIL_01311	25.000	68	48	2	81	146	169	235	2.5	18.5
SA20160190_KJBEGOPM_00977	SA20153980_HPBJMGIL_01293	75.000	8	2	0	159	166	121	128	4.6	17.7
SA20160190_KJBEGOPM_00978	SA20153980_HPBJMGIL_01304	98.684	456	6	0	1	456	1	456	0.0	936
SA20160190_KJBEGOPM_00978	SA20153980_HPBJMGIL_01305	31.034	29	20	0	305	333	284	312	0.60	21.9
SA20160190_KJBEGOPM_00978	SA20153980_HPBJMGIL_01306	42.105	19	11	0	144	162	292	310	5.9	18.9
SA20160190_KJBEGOPM_00978	SA20153980_HPBJMGIL_01292	30.000	30	20	1	97	126	108	136	6.5	18.5
SA20160190_KJBEGOPM_00979	SA20153980_HPBJMGIL_01305	100.000	512	0	0	1	512	1	512	0.0	1033
SA20160190_KJBEGOPM_00979	SA20153980_HPBJMGIL_01308	26.667	135	91	3	5	136	3	132	0.008	28.1
SA20160190_KJBEGOPM_00979	SA20153980_HPBJMGIL_01304	31.034	29	20	0	284	312	305	333	0.74	21.9
SA20160190_KJBEGOPM_00979	SA20153980_HPBJMGIL_01306	43.750	32	8	2	424	446	157	187	1.4	20.8
SA20160190_KJBEGOPM_00979	SA20153980_HPBJMGIL_01302	32.558	43	25	2	19	61	26	64	1.8	20.8
SA20160190_KJBEGOPM_00979	SA20153980_HPBJMGIL_01307	31.081	74	33	5	378	439	57	124	3.7	19.2
SA20160190_KJBEGOPM_00980	SA20153980_HPBJMGIL_01306	99.487	390	2	0	1	390	1	390	0.0	784
SA20160190_KJBEGOPM_00980	SA20153980_HPBJMGIL_01305	36.842	57	20	4	157	212	424	465	0.32	22.7
SA20160190_KJBEGOPM_00980	SA20153980_HPBJMGIL_01304	42.105	19	11	0	292	310	144	162	5.2	18.9
SA20160190_KJBEGOPM_00980	SA20153980_HPBJMGIL_01311	57.143	14	6	0	128	141	325	338	7.6	18.1
SA20160190_KJBEGOPM_00981	SA20153980_HPBJMGIL_01307	100.000	176	0	0	1	176	1	176	4.43e-133	360
SA20160190_KJBEGOPM_00981	SA20153980_HPBJMGIL_01305	31.081	74	33	5	57	124	378	439	1.2	19.2
SA20160190_KJBEGOPM_00981	SA20153980_HPBJMGIL_01309	19.149	47	38	0	91	137	48	94	2.6	18.5
SA20160190_KJBEGOPM_00981	SA20153980_HPBJMGIL_01310	60.000	10	4	0	52	61	267	276	2.7	18.1
SA20160190_KJBEGOPM_00982	SA20153980_HPBJMGIL_01308	99.746	394	1	0	1	394	1	394	0.0	763
SA20160190_KJBEGOPM_00982	SA20153980_HPBJMGIL_01305	22.222	162	119	2	12	169	15	173	0.015	26.9
SA20160190_KJBEGOPM_00982	SA20153980_HPBJMGIL_01312	25.490	51	33	2	275	320	149	199	7.6	18.1
SA20160190_KJBEGOPM_00983	SA20153980_HPBJMGIL_01309	99.396	331	2	0	1	331	1	331	0.0	684
SA20160190_KJBEGOPM_00983	SA20153980_HPBJMGIL_01291	38.462	26	14	1	266	289	309	334	2.8	19.2
SA20160190_KJBEGOPM_00983	SA20153980_HPBJMGIL_01293	25.714	35	26	0	222	256	373	407	2.8	19.2
SA20160190_KJBEGOPM_00983	SA20153980_HPBJMGIL_01302	63.636	11	4	0	265	275	10	20	3.0	19.2
SA20160190_KJBEGOPM_00983	SA20153980_HPBJMGIL_01312	35.714	14	9	0	79	92	4	17	3.5	18.9
SA20160190_KJBEGOPM_00983	SA20153980_HPBJMGIL_01307	19.149	47	38	0	48	94	91	137	4.9	18.5
SA20160190_KJBEGOPM_00984	SA20153980_HPBJMGIL_01310	99.718	354	1	0	1	354	1	354	0.0	688
SA20160190_KJBEGOPM_00984	SA20153980_HPBJMGIL_01314	28.571	28	20	0	13	40	79	106	4.4	18.5
SA20160190_KJBEGOPM_00984	SA20153980_HPBJMGIL_01307	60.000	10	4	0	267	276	52	61	5.3	18.1
SA20160190_KJBEGOPM_00985	SA20153980_HPBJMGIL_01311	100.000	400	0	0	1	400	1	400	0.0	807
SA20160190_KJBEGOPM_00985	SA20153980_HPBJMGIL_01291	23.881	67	35	3	332	398	132	182	2.7	19.6
SA20160190_KJBEGOPM_00985	SA20153980_HPBJMGIL_01303	25.000	68	48	2	169	235	81	146	5.8	18.5
SA20160190_KJBEGOPM_00985	SA20153980_HPBJMGIL_01306	57.143	14	6	0	325	338	128	141	7.6	18.1
SA20160190_KJBEGOPM_00985	SA20153980_HPBJMGIL_01314	40.000	30	14	2	296	322	59	87	8.0	17.7
SA20160190_KJBEGOPM_00986	SA20153980_HPBJMGIL_01312	99.687	319	1	0	1	319	1	319	0.0	656
SA20160190_KJBEGOPM_00986	SA20153980_HPBJMGIL_01293	25.203	123	59	4	180	269	305	427	0.67	21.2
SA20160190_KJBEGOPM_00986	SA20153980_HPBJMGIL_01309	35.714	14	9	0	4	17	79	92	3.3	18.9
SA20160190_KJBEGOPM_00986	SA20153980_HPBJMGIL_01313	32.000	25	17	0	62	86	432	456	3.8	18.9
SA20160190_KJBEGOPM_00986	SA20153980_HPBJMGIL_01306	50.000	12	6	0	252	263	177	188	9.6	17.3
SA20160190_KJBEGOPM_00987	SA20153980_HPBJMGIL_01313	99.716	705	2	0	1	705	1	705	0.0	1470
SA20160190_KJBEGOPM_00987	SA20153980_HPBJMGIL_01300	28.571	28	20	0	149	176	142	169	7.0	18.9
SA20160190_KJBEGOPM_00987	SA20153980_HPBJMGIL_01312	41.176	17	10	0	2	18	215	231	7.6	18.9
SA20160190_KJBEGOPM_00988	SA20153980_HPBJMGIL_01314	98.529	136	2	0	1	136	1	136	9.06e-102	278
SA20160190_KJBEGOPM_00988	SA20153980_HPBJMGIL_01301	28.571	28	20	0	38	65	37	64	1.3	18.5
SA20160190_KJBEGOPM_00988	SA20153980_HPBJMGIL_01310	28.571	28	20	0	79	106	13	40	1.5	18.5
SA20160190_KJBEGOPM_00988	SA20153980_HPBJMGIL_01311	40.000	30	14	2	59	87	296	322	2.9	17.7
SA20160190_KJBEGOPM_00988	SA20153980_HPBJMGIL_01313	28.000	25	18	0	19	43	307	331	5.1	16.9
SA20160190_KJBEGOPM_00989	SA20153980_HPBJMGIL_01315	98.765	81	1	0	1	81	1	81	3.85e-61	171
SA20160190_KJBEGOPM_00989	SA20153980_HPBJMGIL_01293	40.000	20	9	1	18	34	434	453	3.5	16.5
SA20153980_HPBJMGIL_01290	SA20153980_HPBJMGIL_01290	100.000	165	0	0	1	165	1	165	1.41e-122	333
SA20153980_HPBJMGIL_01290	SA20153980_HPBJMGIL_01306	44.444	9	5	0	27	35	305	313	6.5	16.9
SA20153980_HPBJMGIL_01291	SA20153980_HPBJMGIL_01291	100.000	353	0	0	1	353	1	353	0.0	718
SA20153980_HPBJMGIL_01291	SA20153980_HPBJMGIL_01300	28.125	32	23	0	275	306	83	114	2.3	19.2
SA20153980_HPBJMGIL_01291	SA20153980_HPBJMGIL_01311	23.881	67	35	3	132	182	332	398	2.3	19.6
SA20153980_HPBJMGIL_01291	SA20153980_HPBJMGIL_01309	38.462	26	14	1	309	334	266	289	2.9	19.2
SA20153980_HPBJMGIL_01291	SA20153980_HPBJMGIL_01293	28.205	39	28	0	24	62	639	677	4.2	18.9
SA20153980_HPBJMGIL_01291	SA20153980_HPBJMGIL_01302	23.750	80	53	4	180	257	231	304	7.4	18.1
SA20153980_HPBJMGIL_01292	SA20153980_HPBJMGIL_01292	100.000	179	0	0	1	179	1	179	3.92e-138	374
SA20153980_HPBJMGIL_01292	SA20153980_HPBJMGIL_01313	24.324	37	26	1	134	170	252	286	9.4	16.5
SA20153980_HPBJMGIL_01293	SA20153980_HPBJMGIL_01293	100.000	876	0	0	1	876	1	876	0.0	1803
SA20153980_HPBJMGIL_01293	SA20153980_HPBJMGIL_01312	25.203	123	59	4	305	427	180	269	2.4	20.8
SA20153980_HPBJMGIL_01293	SA20153980_HPBJMGIL_01302	28.333	60	37	3	232	291	386	439	2.5	21.2
SA20153980_HPBJMGIL_01293	SA20153980_HPBJMGIL_01309	25.714	35	26	0	373	407	222	256	7.9	19.2
SA20153980_HPBJMGIL_01294	SA20153980_HPBJMGIL_01294	100.000	61	0	0	1	61	1	61	2.80e-42	122
SA20153980_HPBJMGIL_01294	SA20153980_HPBJMGIL_01302	42.857	14	8	0	41	54	422	435	2.6	16.2
SA20153980_HPBJMGIL_01294	SA20153980_HPBJMGIL_01303	35.714	14	9	0	34	47	153	166	4.1	15.8
SA20153980_HPBJMGIL_01300	SA20153980_HPBJMGIL_01300	100.000	188	0	0	1	188	1	188	3.47e-142	384
SA20153980_HPBJMGIL_01300	SA20153980_HPBJMGIL_01291	28.125	32	23	0	83	114	275	306	1.2	19.2
SA20153980_HPBJMGIL_01300	SA20153980_HPBJMGIL_01313	28.571	28	20	0	142	169	149	176	1.9	18.9
SA20153980_HPBJMGIL_01300	SA20153980_HPBJMGIL_01304	23.810	105	64	5	5	94	93	196	1.9	18.9
SA20153980_HPBJMGIL_01301	SA20153980_HPBJMGIL_01301	100.000	141	0	0	1	141	1	141	5.37e-101	276
SA20153980_HPBJMGIL_01301	SA20153980_HPBJMGIL_01314	26.531	49	30	1	16	64	23	65	0.56	19.6
SA20153980_HPBJMGIL_01301	SA20153980_HPBJMGIL_01313	37.931	29	18	0	61	89	654	682	2.2	18.1
SA20153980_HPBJMGIL_01301	SA20153980_HPBJMGIL_01302	41.667	12	7	0	99	110	369	380	4.2	17.3
SA20153980_HPBJMGIL_01302	SA20153980_HPBJMGIL_01302	100.000	518	0	0	1	518	1	518	0.0	1076
SA20153980_HPBJMGIL_01302	SA20153980_HPBJMGIL_01293	28.333	60	37	3	386	439	232	291	1.6	20.8
SA20153980_HPBJMGIL_01302	SA20153980_HPBJMGIL_01303	26.087	69	39	2	415	483	20	76	2.5	20.0
SA20153980_HPBJMGIL_01302	SA20153980_HPBJMGIL_01309	63.636	11	4	0	10	20	265	275	4.7	19.2
SA20153980_HPBJMGIL_01303	SA20153980_HPBJMGIL_01303	100.000	171	0	0	1	171	1	171	3.09e-133	360
SA20153980_HPBJMGIL_01303	SA20153980_HPBJMGIL_01302	26.087	69	39	2	20	76	415	483	0.83	20.0
SA20153980_HPBJMGIL_01303	SA20153980_HPBJMGIL_01311	25.000	68	48	2	81	146	169	235	2.5	18.5
SA20153980_HPBJMGIL_01303	SA20153980_HPBJMGIL_01293	75.000	8	2	0	159	166	121	128	4.6	17.7
SA20153980_HPBJMGIL_01304	SA20153980_HPBJMGIL_01304	100.000	456	0	0	1	456	1	456	0.0	947
SA20153980_HPBJMGIL_01304	SA20153980_HPBJMGIL_01305	31.034	29	20	0	305	333	284	312	0.62	21.9
SA20153980_HPBJMGIL_01304	SA20153980_HPBJMGIL_01300	23.810	105	64	5	93	196	5	94	4.7	18.9
SA20153980_HPBJMGIL_01304	SA20153980_HPBJMGIL_01306	42.105	19	11	0	144	162	292	310	6.0	18.9
SA20153980_HPBJMGIL_01305	SA20153980_HPBJMGIL_01305	100.000	512	0	0	1	512	1	512	0.0	1033
SA20153980_HPBJMGIL_01305	SA20153980_HPBJMGIL_01308	26.667	135	91	3	5	136	3	132	0.008	28.1
SA20153980_HPBJMGIL_01305	SA20153980_HPBJMGIL_01304	31.034	29	20	0	284	312	305	333	0.74	21.9
SA20153980_HPBJMGIL_01305	SA20153980_HPBJMGIL_01306	43.750	32	8	2	424	446	157	187	1.4	20.8
SA20153980_HPBJMGIL_01305	SA20153980_HPBJMGIL_01307	31.081	74	33	5	378	439	57	124	3.7	19.2
SA20153980_HPBJMGIL_01306	SA20153980_HPBJMGIL_01306	100.000	390	0	0	1	390	1	390	0.0	787
SA20153980_HPBJMGIL_01306	SA20153980_HPBJMGIL_01305	43.750	32	8	2	157	187	424	446	1.1	20.8
SA20153980_HPBJMGIL_01306	SA20153980_HPBJMGIL_01304	42.105	19	11	0	292	310	144	162	5.2	18.9
SA20153980_HPBJMGIL_01306	SA20153980_HPBJMGIL_01311	57.143	14	6	0	128	141	325	338	7.4	18.1
SA20153980_HPBJMGIL_01306	SA20153980_HPBJMGIL_01308	38.462	26	16	0	5	30	124	149	10.0	17.7
SA20153980_HPBJMGIL_01307	SA20153980_HPBJMGIL_01307	100.000	176	0	0	1	176	1	176	4.43e-133	360
SA20153980_HPBJMGIL_01307	SA20153980_HPBJMGIL_01305	31.081	74	33	5	57	124	378	439	1.2	19.2
SA20153980_HPBJMGIL_01307	SA20153980_HPBJMGIL_01309	19.149	47	38	0	91	137	48	94	2.6	18.5
SA20153980_HPBJMGIL_01307	SA20153980_HPBJMGIL_01310	60.000	10	4	0	52	61	267	276	2.7	18.1
SA20153980_HPBJMGIL_01308	SA20153980_HPBJMGIL_01308	100.000	394	0	0	1	394	1	394	0.0	765
SA20153980_HPBJMGIL_01308	SA20153980_HPBJMGIL_01305	22.674	172	125	3	3	169	5	173	0.008	27.7
SA20153980_HPBJMGIL_01309	SA20153980_HPBJMGIL_01309	100.000	331	0	0	1	331	1	331	0.0	688
SA20153980_HPBJMGIL_01309	SA20153980_HPBJMGIL_01291	38.462	26	14	1	266	289	309	334	2.8	19.2
SA20153980_HPBJMGIL_01309	SA20153980_HPBJMGIL_01293	25.714	35	26	0	222	256	373	407	2.9	19.2
SA20153980_HPBJMGIL_01309	SA20153980_HPBJMGIL_01302	63.636	11	4	0	265	275	10	20	3.0	19.2
SA20153980_HPBJMGIL_01309	SA20153980_HPBJMGIL_01312	35.714	14	9	0	79	92	4	17	3.5	18.9
SA20153980_HPBJMGIL_01309	SA20153980_HPBJMGIL_01307	19.149	47	38	0	48	94	91	137	4.9	18.5
SA20153980_HPBJMGIL_01310	SA20153980_HPBJMGIL_01310	100.000	354	0	0	1	354	1	354	0.0	690
SA20153980_HPBJMGIL_01310	SA20153980_HPBJMGIL_01314	28.571	28	20	0	13	40	79	106	4.3	18.5
SA20153980_HPBJMGIL_01310	SA20153980_HPBJMGIL_01307	60.000	10	4	0	267	276	52	61	5.4	18.1
SA20153980_HPBJMGIL_01311	SA20153980_HPBJMGIL_01311	100.000	400	0	0	1	400	1	400	0.0	807
SA20153980_HPBJMGIL_01311	SA20153980_HPBJMGIL_01291	23.881	67	35	3	332	398	132	182	2.7	19.6
SA20153980_HPBJMGIL_01311	SA20153980_HPBJMGIL_01306	57.143	14	6	0	325	338	128	141	7.6	18.1
SA20153980_HPBJMGIL_01311	SA20153980_HPBJMGIL_01314	40.000	30	14	2	296	322	59	87	8.0	17.7
SA20153980_HPBJMGIL_01312	SA20153980_HPBJMGIL_01312	100.000	319	0	0	1	319	1	319	0.0	658
SA20153980_HPBJMGIL_01312	SA20153980_HPBJMGIL_01293	25.203	123	59	4	180	269	305	427	0.94	20.8
SA20153980_HPBJMGIL_01312	SA20153980_HPBJMGIL_01309	35.714	14	9	0	4	17	79	92	3.3	18.9
SA20153980_HPBJMGIL_01312	SA20153980_HPBJMGIL_01313	41.176	17	10	0	215	231	2	18	3.5	18.9
SA20153980_HPBJMGIL_01312	SA20153980_HPBJMGIL_01306	20.000	15	12	0	223	237	272	286	9.1	17.7
SA20153980_HPBJMGIL_01313	SA20153980_HPBJMGIL_01313	100.000	705	0	0	1	705	1	705	0.0	1472
SA20153980_HPBJMGIL_01313	SA20153980_HPBJMGIL_01300	28.571	28	20	0	149	176	142	169	7.0	18.9
SA20153980_HPBJMGIL_01313	SA20153980_HPBJMGIL_01312	41.176	17	10	0	2	18	215	231	7.8	18.9
SA20153980_HPBJMGIL_01313	SA20153980_HPBJMGIL_01293	25.000	32	24	0	194	225	513	544	9.9	18.9
SA20153980_HPBJMGIL_01314	SA20153980_HPBJMGIL_01314	100.000	136	0	0	1	136	1	136	2.07e-103	282
SA20153980_HPBJMGIL_01314	SA20153980_HPBJMGIL_01301	28.571	28	20	0	38	65	37	64	1.4	18.5
SA20153980_HPBJMGIL_01314	SA20153980_HPBJMGIL_01310	28.571	28	20	0	79	106	13	40	1.6	18.5
SA20153980_HPBJMGIL_01314	SA20153980_HPBJMGIL_01311	40.000	30	14	2	59	87	296	322	2.7	17.7
SA20153980_HPBJMGIL_01314	SA20153980_HPBJMGIL_01313	28.000	25	18	0	19	43	307	331	4.7	16.9
SA20153980_HPBJMGIL_01315	SA20153980_HPBJMGIL_01315	100.000	81	0	0	1	81	1	81	8.18e-62	173
SA20153980_HPBJMGIL_01315	SA20153980_HPBJMGIL_01293	40.000	20	9	1	18	34	434	453	3.7	16.5
SA20160190_KJBEGOPM_00964	SA20160190_KJBEGOPM_00964	100.000	165	0	0	1	165	1	165	1.06e-122	333
SA20160190_KJBEGOPM_00964	SA20160190_KJBEGOPM_00980	44.444	9	5	0	27	35	305	313	6.6	16.9
SA20160190_KJBEGOPM_00965	SA20160190_KJBEGOPM_00965	100.000	353	0	0	1	353	1	353	0.0	719
SA20160190_KJBEGOPM_00965	SA20160190_KJBEGOPM_00985	23.881	67	35	3	132	182	332	398	2.3	19.6
SA20160190_KJBEGOPM_00965	SA20160190_KJBEGOPM_00974	28.125	32	23	0	275	306	83	114	2.4	19.2
SA20160190_KJBEGOPM_00965	SA20160190_KJBEGOPM_00967	26.667	45	33	0	18	62	633	677	3.8	18.9
SA20160190_KJBEGOPM_00965	SA20160190_KJBEGOPM_00983	60.000	10	4	0	309	318	266	275	4.6	18.5
SA20160190_KJBEGOPM_00965	SA20160190_KJBEGOPM_00976	23.750	80	53	4	180	257	231	304	7.5	18.1
SA20160190_KJBEGOPM_00966	SA20160190_KJBEGOPM_00966	100.000	179	0	0	1	179	1	179	1.09e-137	372
SA20160190_KJBEGOPM_00966	SA20160190_KJBEGOPM_00978	30.000	30	20	1	108	136	97	126	2.6	18.5
SA20160190_KJBEGOPM_00966	SA20160190_KJBEGOPM_00967	30.769	65	32	5	17	73	301	360	9.3	16.5
SA20160190_KJBEGOPM_00967	SA20160190_KJBEGOPM_00967	100.000	876	0	0	1	876	1	876	0.0	1803
SA20160190_KJBEGOPM_00967	SA20160190_KJBEGOPM_00986	25.203	123	59	4	305	427	180	269	1.8	21.2
SA20160190_KJBEGOPM_00967	SA20160190_KJBEGOPM_00976	28.333	60	37	3	232	291	386	439	2.5	21.2
SA20160190_KJBEGOPM_00967	SA20160190_KJBEGOPM_00983	25.714	35	26	0	373	407	222	256	7.6	19.2
SA20160190_KJBEGOPM_00967	SA20160190_KJBEGOPM_00965	26.667	45	33	0	633	677	18	62	9.4	18.9
SA20160190_KJBEGOPM_00968	SA20160190_KJBEGOPM_00968	100.000	61	0	0	1	61	1	61	2.80e-42	122
SA20160190_KJBEGOPM_00968	SA20160190_KJBEGOPM_00976	42.857	14	8	0	41	54	422	435	2.6	16.2
SA20160190_KJBEGOPM_00968	SA20160190_KJBEGOPM_00977	35.714	14	9	0	34	47	153	166	4.1	15.8
SA20160190_KJBEGOPM_00974	SA20160190_KJBEGOPM_00974	100.000	188	0	0	1	188	1	188	3.47e-142	384
SA20160190_KJBEGOPM_00974	SA20160190_KJBEGOPM_00965	28.125	32	23	0	83	114	275	306	1.3	19.2
SA20160190_KJBEGOPM_00974	SA20160190_KJBEGOPM_00987	28.571	28	20	0	142	169	149	176	1.9	18.9
SA20160190_KJBEGOPM_00975	SA20160190_KJBEGOPM_00975	100.000	141	0	0	1	141	1	141	5.37e-101	276
SA20160190_KJBEGOPM_00975	SA20160190_KJBEGOPM_00988	26.531	49	30	1	16	64	23	65	0.52	19.6
SA20160190_KJBEGOPM_00975	SA20160190_KJBEGOPM_00987	37.931	29	18	0	61	89	654	682	2.2	18.1
SA20160190_KJBEGOPM_00975	SA20160190_KJBEGOPM_00976	41.667	12	7	0	99	110	369	380	4.2	17.3
SA20160190_KJBEGOPM_00976	SA20160190_KJBEGOPM_00976	100.000	518	0	0	1	518	1	518	0.0	1076
SA20160190_KJBEGOPM_00976	SA20160190_KJBEGOPM_00967	28.333	60	37	3	386	439	232	291	1.6	20.8
SA20160190_KJBEGOPM_00976	SA20160190_KJBEGOPM_00977	26.087	69	39	2	415	483	20	76	2.5	20.0
SA20160190_KJBEGOPM_00976	SA20160190_KJBEGOPM_00983	63.636	11	4	0	10	20	265	275	4.6	19.2
SA20160190_KJBEGOPM_00977	SA20160190_KJBEGOPM_00977	100.000	171	0	0	1	171	1	171	3.09e-133	360
SA20160190_KJBEGOPM_00977	SA20160190_KJBEGOPM_00976	26.087	69	39	2	20	76	415	483	0.83	20.0
SA20160190_KJBEGOPM_00977	SA20160190_KJBEGOPM_00985	25.000	68	48	2	81	146	169	235	2.5	18.5
SA20160190_KJBEGOPM_00977	SA20160190_KJBEGOPM_00967	75.000	8	2	0	159	166	121	128	4.6	17.7
SA20160190_KJBEGOPM_00978	SA20160190_KJBEGOPM_00978	100.000	456	0	0	1	456	1	456	0.0	947
SA20160190_KJBEGOPM_00978	SA20160190_KJBEGOPM_00979	31.034	29	20	0	305	333	284	312	0.60	21.9
SA20160190_KJBEGOPM_00978	SA20160190_KJBEGOPM_00980	42.105	19	11	0	144	162	292	310	5.8	18.9
SA20160190_KJBEGOPM_00979	SA20160190_KJBEGOPM_00979	100.000	512	0	0	1	512	1	512	0.0	1033
SA20160190_KJBEGOPM_00979	SA20160190_KJBEGOPM_00982	26.400	125	85	2	15	136	12	132	0.016	26.9
SA20160190_KJBEGOPM_00979	SA20160190_KJBEGOPM_00980	36.842	57	20	4	424	465	157	212	0.38	22.7
SA20160190_KJBEGOPM_00979	SA20160190_KJBEGOPM_00978	31.034	29	20	0	284	312	305	333	0.73	21.9
SA20160190_KJBEGOPM_00979	SA20160190_KJBEGOPM_00981	31.081	74	33	5	378	439	57	124	3.7	19.2
SA20160190_KJBEGOPM_00980	SA20160190_KJBEGOPM_00980	100.000	390	0	0	1	390	1	390	0.0	788
SA20160190_KJBEGOPM_00980	SA20160190_KJBEGOPM_00979	36.842	57	20	4	157	212	424	465	0.32	22.7
SA20160190_KJBEGOPM_00980	SA20160190_KJBEGOPM_00978	42.105	19	11	0	292	310	144	162	5.3	18.5
SA20160190_KJBEGOPM_00980	SA20160190_KJBEGOPM_00985	57.143	14	6	0	128	141	325	338	7.6	18.1
SA20160190_KJBEGOPM_00981	SA20160190_KJBEGOPM_00981	100.000	176	0	0	1	176	1	176	4.43e-133	360
SA20160190_KJBEGOPM_00981	SA20160190_KJBEGOPM_00979	31.081	74	33	5	57	124	378	439	1.2	19.2
SA20160190_KJBEGOPM_00981	SA20160190_KJBEGOPM_00983	19.149	47	38	0	91	137	48	94	2.6	18.5
SA20160190_KJBEGOPM_00981	SA20160190_KJBEGOPM_00984	60.000	10	4	0	52	61	267	276	2.7	18.1
SA20160190_KJBEGOPM_00982	SA20160190_KJBEGOPM_00982	100.000	394	0	0	1	394	1	394	0.0	766
SA20160190_KJBEGOPM_00982	SA20160190_KJBEGOPM_00979	22.222	162	119	2	12	169	15	173	0.015	26.9
SA20160190_KJBEGOPM_00983	SA20160190_KJBEGOPM_00983	100.000	331	0	0	1	331	1	331	0.0	687
SA20160190_KJBEGOPM_00983	SA20160190_KJBEGOPM_00967	25.714	35	26	0	222	256	373	407	2.9	19.2
SA20160190_KJBEGOPM_00983	SA20160190_KJBEGOPM_00976	63.636	11	4	0	265	275	10	20	3.0	19.2
SA20160190_KJBEGOPM_00983	SA20160190_KJBEGOPM_00986	35.714	14	9	0	79	92	4	17	3.6	18.9
SA20160190_KJBEGOPM_00983	SA20160190_KJBEGOPM_00965	60.000	10	4	0	266	275	309	318	4.3	18.5
SA20160190_KJBEGOPM_00983	SA20160190_KJBEGOPM_00981	19.149	47	38	0	48	94	91	137	4.9	18.5
SA20160190_KJBEGOPM_00984	SA20160190_KJBEGOPM_00984	100.000	354	0	0	1	354	1	354	0.0	690
SA20160190_KJBEGOPM_00984	SA20160190_KJBEGOPM_00988	28.571	28	20	0	13	40	79	106	4.0	18.5
SA20160190_KJBEGOPM_00984	SA20160190_KJBEGOPM_00981	60.000	10	4	0	267	276	52	61	5.3	18.1
SA20160190_KJBEGOPM_00985	SA20160190_KJBEGOPM_00985	100.000	400	0	0	1	400	1	400	0.0	807
SA20160190_KJBEGOPM_00985	SA20160190_KJBEGOPM_00965	23.881	67	35	3	332	398	132	182	2.6	19.6
SA20160190_KJBEGOPM_00985	SA20160190_KJBEGOPM_00980	57.143	14	6	0	325	338	128	141	7.8	18.1
SA20160190_KJBEGOPM_00985	SA20160190_KJBEGOPM_00988	40.000	30	14	2	296	322	59	87	8.5	17.7
SA20160190_KJBEGOPM_00986	SA20160190_KJBEGOPM_00986	100.000	319	0	0	1	319	1	319	0.0	658
SA20160190_KJBEGOPM_00986	SA20160190_KJBEGOPM_00967	25.203	123	59	4	180	269	305	427	0.68	21.2
SA20160190_KJBEGOPM_00986	SA20160190_KJBEGOPM_00983	35.714	14	9	0	4	17	79	92	3.5	18.9
SA20160190_KJBEGOPM_00986	SA20160190_KJBEGOPM_00987	32.000	25	17	0	62	86	432	456	3.8	18.9
SA20160190_KJBEGOPM_00986	SA20160190_KJBEGOPM_00980	50.000	12	6	0	252	263	177	188	9.6	17.3
SA20160190_KJBEGOPM_00987	SA20160190_KJBEGOPM_00987	100.000	705	0	0	1	705	1	705	0.0	1473
SA20160190_KJBEGOPM_00987	SA20160190_KJBEGOPM_00974	28.571	28	20	0	149	176	142	169	7.0	18.9
SA20160190_KJBEGOPM_00987	SA20160190_KJBEGOPM_00986	32.000	25	17	0	432	456	62	86	8.3	18.9
SA20160190_KJBEGOPM_00988	SA20160190_KJBEGOPM_00988	100.000	136	0	0	1	136	1	136	4.33e-103	281
SA20160190_KJBEGOPM_00988	SA20160190_KJBEGOPM_00975	28.571	28	20	0	38	65	37	64	1.3	18.5
SA20160190_KJBEGOPM_00988	SA20160190_KJBEGOPM_00984	28.571	28	20	0	79	106	13	40	1.5	18.5
SA20160190_KJBEGOPM_00988	SA20160190_KJBEGOPM_00985	40.000	30	14	2	59	87	296	322	2.9	17.7
SA20160190_KJBEGOPM_00988	SA20160190_KJBEGOPM_00987	28.000	25	18	0	19	43	307	331	5.0	16.9
SA20160190_KJBEGOPM_00989	SA20160190_KJBEGOPM_00989	100.000	81	0	0	1	81	1	81	6.02e-62	173
SA20160190_KJBEGOPM_00989	SA20160190_KJBEGOPM_00967	40.000	20	9	1	18	34	434	453	3.5	16.5
