SA20160190_KJBEGOPM_03085	SA20160323_HIEPLBCK_00527	100.000	754	0	0	1	754	1	754	0.0	1517
SA20160190_KJBEGOPM_03085	SA20160323_HIEPLBCK_00520	28.571	28	20	0	429	456	222	249	2.4	20.4
SA20160190_KJBEGOPM_03085	SA20160323_HIEPLBCK_00524	46.667	15	8	0	527	541	239	253	8.3	18.5
SA20160190_KJBEGOPM_03085	SA20160323_HIEPLBCK_00525	38.889	18	11	0	622	639	142	159	8.9	18.5
SA20160190_KJBEGOPM_03086	SA20160323_HIEPLBCK_00526	100.000	582	0	0	1	582	1	582	0.0	1191
SA20160190_KJBEGOPM_03086	SA20160323_HIEPLBCK_00516	50.000	18	8	1	374	390	32	49	5.2	18.9
SA20160190_KJBEGOPM_03086	SA20160323_HIEPLBCK_00525	25.424	59	43	1	498	555	108	166	6.7	18.5
SA20160190_KJBEGOPM_03087	SA20160323_HIEPLBCK_00525	100.000	325	0	0	1	325	1	325	0.0	654
SA20160190_KJBEGOPM_03087	SA20160323_HIEPLBCK_00517	21.739	46	31	1	163	208	159	199	0.80	20.4
SA20160190_KJBEGOPM_03087	SA20160323_HIEPLBCK_00526	33.333	21	14	0	108	128	498	518	3.3	18.9
SA20160190_KJBEGOPM_03087	SA20160323_HIEPLBCK_00527	38.889	18	11	0	142	159	622	639	3.9	18.5
SA20160190_KJBEGOPM_03088	SA20160323_HIEPLBCK_00524	100.000	410	0	0	1	410	1	410	0.0	841
SA20160190_KJBEGOPM_03088	SA20160323_HIEPLBCK_00517	26.866	67	43	1	41	101	1	67	4.3	18.5
SA20160190_KJBEGOPM_03088	SA20160323_HIEPLBCK_00520	85.714	7	1	0	257	263	240	246	4.3	18.5
SA20160190_KJBEGOPM_03088	SA20160323_HIEPLBCK_00527	46.667	15	8	0	239	253	527	541	5.0	18.5
SA20160190_KJBEGOPM_03088	SA20160323_HIEPLBCK_00516	34.615	26	17	0	186	211	434	459	6.7	18.1
SA20160190_KJBEGOPM_03088	SA20160323_HIEPLBCK_00521	27.027	37	23	1	118	154	263	295	8.0	17.7
SA20160190_KJBEGOPM_03089	SA20160323_HIEPLBCK_00523	100.000	60	0	0	1	60	1	60	1.29e-43	125
SA20160190_KJBEGOPM_03089	SA20160323_HIEPLBCK_00517	54.545	11	5	0	38	48	205	215	5.3	15.0
SA20160190_KJBEGOPM_03089	SA20160323_HIEPLBCK_00527	50.000	10	5	0	5	14	261	270	9.3	14.2
SA20160190_KJBEGOPM_03090	SA20160323_HIEPLBCK_00522	100.000	248	0	0	1	248	1	248	0.0	508
SA20160190_KJBEGOPM_03090	SA20160323_HIEPLBCK_00519	43.750	16	9	0	184	199	17	32	1.1	19.6
SA20160190_KJBEGOPM_03090	SA20160323_HIEPLBCK_00516	31.034	29	20	0	51	79	309	337	3.4	18.1
SA20160190_KJBEGOPM_03090	SA20160323_HIEPLBCK_00521	28.571	35	21	1	3	37	222	252	3.6	18.1
SA20160190_KJBEGOPM_03090	SA20160323_HIEPLBCK_00520	44.444	18	9	1	193	209	68	85	4.0	17.7
SA20160190_KJBEGOPM_03091	SA20160323_HIEPLBCK_00521	100.000	297	0	0	1	297	1	297	0.0	609
SA20160190_KJBEGOPM_03091	SA20160323_HIEPLBCK_00518	21.088	147	80	6	122	258	275	395	0.37	21.6
SA20160190_KJBEGOPM_03091	SA20160323_HIEPLBCK_00516	38.462	26	11	1	107	132	933	953	3.3	18.5
SA20160190_KJBEGOPM_03091	SA20160323_HIEPLBCK_00522	28.571	35	21	1	222	252	3	37	4.3	18.1
SA20160190_KJBEGOPM_03091	SA20160323_HIEPLBCK_00527	25.000	44	24	2	115	149	536	579	4.4	18.1
SA20160190_KJBEGOPM_03091	SA20160323_HIEPLBCK_00524	27.027	37	23	1	263	295	118	154	5.8	17.7
SA20160190_KJBEGOPM_03092	SA20160323_HIEPLBCK_00520	100.000	258	0	0	1	258	1	258	0.0	515
SA20160190_KJBEGOPM_03092	SA20160323_HIEPLBCK_00527	28.571	28	20	0	222	249	429	456	1.0	20.0
SA20160190_KJBEGOPM_03092	SA20160323_HIEPLBCK_00522	29.032	62	33	3	30	85	153	209	1.3	19.2
SA20160190_KJBEGOPM_03092	SA20160323_HIEPLBCK_00516	20.270	74	59	0	100	173	91	164	2.2	18.9
SA20160190_KJBEGOPM_03092	SA20160323_HIEPLBCK_00524	85.714	7	1	0	240	246	257	263	2.7	18.5
SA20160190_KJBEGOPM_03093	SA20160323_HIEPLBCK_00519	100.000	267	0	0	1	267	1	267	0.0	558
SA20160190_KJBEGOPM_03093	SA20160323_HIEPLBCK_00516	32.143	56	25	2	26	74	640	689	0.39	21.6
SA20160190_KJBEGOPM_03093	SA20160323_HIEPLBCK_00522	43.750	16	9	0	17	32	184	199	1.2	19.6
SA20160190_KJBEGOPM_03094	SA20160323_HIEPLBCK_00518	100.000	440	0	0	1	440	1	440	0.0	899
SA20160190_KJBEGOPM_03094	SA20160323_HIEPLBCK_00516	50.000	16	8	0	70	85	1045	1060	1.2	20.8
SA20160190_KJBEGOPM_03095	SA20160323_HIEPLBCK_00517	100.000	234	0	0	1	234	1	234	2.05e-177	477
SA20160190_KJBEGOPM_03095	SA20160323_HIEPLBCK_00516	31.148	61	28	3	22	82	1319	1365	0.19	22.3
SA20160190_KJBEGOPM_03095	SA20160323_HIEPLBCK_00525	21.739	46	31	1	159	199	163	208	0.61	20.4
SA20160190_KJBEGOPM_03095	SA20160323_HIEPLBCK_00524	26.866	67	43	1	1	67	41	101	2.5	18.5
SA20160190_KJBEGOPM_03095	SA20160323_HIEPLBCK_00527	35.714	14	9	0	13	26	97	110	7.2	16.9
SA20160190_KJBEGOPM_03095	SA20160323_HIEPLBCK_00526	26.154	65	43	1	175	234	380	444	7.3	16.9
SA20160190_KJBEGOPM_03096	SA20160323_HIEPLBCK_00516	100.000	1488	0	0	1	1488	1	1488	0.0	3018
SA20160190_KJBEGOPM_03096	SA20160323_HIEPLBCK_00517	27.083	48	33	1	563	610	130	175	0.82	22.7
SA20160190_KJBEGOPM_03096	SA20160323_HIEPLBCK_00519	32.143	56	25	2	640	689	26	74	2.1	21.6
SA20160190_KJBEGOPM_03096	SA20160323_HIEPLBCK_00518	50.000	16	8	0	1045	1060	70	85	3.7	20.8
SA20160323_HIEPLBCK_00516	SA20160323_HIEPLBCK_00516	100.000	1488	0	0	1	1488	1	1488	0.0	3018
SA20160323_HIEPLBCK_00516	SA20160323_HIEPLBCK_00517	27.083	48	33	1	563	610	130	175	0.82	22.7
SA20160323_HIEPLBCK_00516	SA20160323_HIEPLBCK_00519	32.143	56	25	2	640	689	26	74	2.1	21.6
SA20160323_HIEPLBCK_00516	SA20160323_HIEPLBCK_00518	50.000	16	8	0	1045	1060	70	85	3.7	20.8
SA20160323_HIEPLBCK_00517	SA20160323_HIEPLBCK_00517	100.000	234	0	0	1	234	1	234	2.05e-177	477
SA20160323_HIEPLBCK_00517	SA20160323_HIEPLBCK_00516	31.148	61	28	3	22	82	1319	1365	0.19	22.3
SA20160323_HIEPLBCK_00517	SA20160323_HIEPLBCK_00525	21.739	46	31	1	159	199	163	208	0.61	20.4
SA20160323_HIEPLBCK_00517	SA20160323_HIEPLBCK_00524	26.866	67	43	1	1	67	41	101	2.5	18.5
SA20160323_HIEPLBCK_00517	SA20160323_HIEPLBCK_00527	35.714	14	9	0	13	26	97	110	7.2	16.9
SA20160323_HIEPLBCK_00517	SA20160323_HIEPLBCK_00526	26.154	65	43	1	175	234	380	444	7.3	16.9
SA20160323_HIEPLBCK_00518	SA20160323_HIEPLBCK_00518	100.000	440	0	0	1	440	1	440	0.0	899
SA20160323_HIEPLBCK_00518	SA20160323_HIEPLBCK_00516	50.000	16	8	0	70	85	1045	1060	1.2	20.8
SA20160323_HIEPLBCK_00519	SA20160323_HIEPLBCK_00519	100.000	267	0	0	1	267	1	267	0.0	558
SA20160323_HIEPLBCK_00519	SA20160323_HIEPLBCK_00516	32.143	56	25	2	26	74	640	689	0.39	21.6
SA20160323_HIEPLBCK_00519	SA20160323_HIEPLBCK_00522	43.750	16	9	0	17	32	184	199	1.2	19.6
SA20160323_HIEPLBCK_00520	SA20160323_HIEPLBCK_00520	100.000	258	0	0	1	258	1	258	0.0	515
SA20160323_HIEPLBCK_00520	SA20160323_HIEPLBCK_00527	28.571	28	20	0	222	249	429	456	1.0	20.0
SA20160323_HIEPLBCK_00520	SA20160323_HIEPLBCK_00522	29.032	62	33	3	30	85	153	209	1.3	19.2
SA20160323_HIEPLBCK_00520	SA20160323_HIEPLBCK_00516	20.270	74	59	0	100	173	91	164	2.2	18.9
SA20160323_HIEPLBCK_00520	SA20160323_HIEPLBCK_00524	85.714	7	1	0	240	246	257	263	2.7	18.5
SA20160323_HIEPLBCK_00521	SA20160323_HIEPLBCK_00521	100.000	297	0	0	1	297	1	297	0.0	609
SA20160323_HIEPLBCK_00521	SA20160323_HIEPLBCK_00516	38.462	26	11	1	107	132	933	953	3.3	18.5
SA20160323_HIEPLBCK_00521	SA20160323_HIEPLBCK_00527	25.000	44	24	2	115	149	536	579	4.4	18.1
SA20160323_HIEPLBCK_00521	SA20160323_HIEPLBCK_00524	27.027	37	23	1	263	295	118	154	5.8	17.7
SA20160323_HIEPLBCK_00522	SA20160323_HIEPLBCK_00522	100.000	248	0	0	1	248	1	248	0.0	508
SA20160323_HIEPLBCK_00522	SA20160323_HIEPLBCK_00519	43.750	16	9	0	184	199	17	32	1.1	19.6
SA20160323_HIEPLBCK_00522	SA20160323_HIEPLBCK_00516	31.034	29	20	0	51	79	309	337	3.4	18.1
SA20160323_HIEPLBCK_00522	SA20160323_HIEPLBCK_00520	44.444	18	9	1	193	209	68	85	4.0	17.7
SA20160323_HIEPLBCK_00523	SA20160323_HIEPLBCK_00523	100.000	60	0	0	1	60	1	60	1.29e-43	125
SA20160323_HIEPLBCK_00523	SA20160323_HIEPLBCK_00517	54.545	11	5	0	38	48	205	215	5.3	15.0
SA20160323_HIEPLBCK_00523	SA20160323_HIEPLBCK_00527	50.000	10	5	0	5	14	261	270	9.3	14.2
SA20160323_HIEPLBCK_00524	SA20160323_HIEPLBCK_00524	100.000	410	0	0	1	410	1	410	0.0	841
SA20160323_HIEPLBCK_00524	SA20160323_HIEPLBCK_00517	26.866	67	43	1	41	101	1	67	4.3	18.5
SA20160323_HIEPLBCK_00524	SA20160323_HIEPLBCK_00520	85.714	7	1	0	257	263	240	246	4.3	18.5
SA20160323_HIEPLBCK_00524	SA20160323_HIEPLBCK_00527	46.667	15	8	0	239	253	527	541	5.0	18.5
SA20160323_HIEPLBCK_00524	SA20160323_HIEPLBCK_00516	34.615	26	17	0	186	211	434	459	6.7	18.1
SA20160323_HIEPLBCK_00524	SA20160323_HIEPLBCK_00521	27.027	37	23	1	118	154	263	295	8.0	17.7
SA20160323_HIEPLBCK_00525	SA20160323_HIEPLBCK_00525	100.000	325	0	0	1	325	1	325	0.0	654
SA20160323_HIEPLBCK_00525	SA20160323_HIEPLBCK_00517	21.739	46	31	1	163	208	159	199	0.80	20.4
SA20160323_HIEPLBCK_00525	SA20160323_HIEPLBCK_00526	33.333	21	14	0	108	128	498	518	3.3	18.9
SA20160323_HIEPLBCK_00525	SA20160323_HIEPLBCK_00527	38.889	18	11	0	142	159	622	639	3.9	18.5
SA20160323_HIEPLBCK_00526	SA20160323_HIEPLBCK_00526	100.000	582	0	0	1	582	1	582	0.0	1191
SA20160323_HIEPLBCK_00526	SA20160323_HIEPLBCK_00516	50.000	18	8	1	374	390	32	49	5.2	18.9
SA20160323_HIEPLBCK_00526	SA20160323_HIEPLBCK_00525	25.424	59	43	1	498	555	108	166	6.7	18.5
SA20160323_HIEPLBCK_00527	SA20160323_HIEPLBCK_00527	100.000	754	0	0	1	754	1	754	0.0	1517
SA20160323_HIEPLBCK_00527	SA20160323_HIEPLBCK_00520	28.571	28	20	0	429	456	222	249	2.4	20.4
SA20160323_HIEPLBCK_00527	SA20160323_HIEPLBCK_00524	46.667	15	8	0	527	541	239	253	8.3	18.5
SA20160323_HIEPLBCK_00527	SA20160323_HIEPLBCK_00525	38.889	18	11	0	622	639	142	159	8.9	18.5
SA20160190_KJBEGOPM_03085	SA20160190_KJBEGOPM_03085	100.000	754	0	0	1	754	1	754	0.0	1517
SA20160190_KJBEGOPM_03085	SA20160190_KJBEGOPM_03092	28.571	28	20	0	429	456	222	249	2.4	20.4
SA20160190_KJBEGOPM_03085	SA20160190_KJBEGOPM_03088	46.667	15	8	0	527	541	239	253	8.3	18.5
SA20160190_KJBEGOPM_03085	SA20160190_KJBEGOPM_03087	38.889	18	11	0	622	639	142	159	8.9	18.5
SA20160190_KJBEGOPM_03086	SA20160190_KJBEGOPM_03086	100.000	582	0	0	1	582	1	582	0.0	1191
SA20160190_KJBEGOPM_03086	SA20160190_KJBEGOPM_03096	50.000	18	8	1	374	390	32	49	5.2	18.9
SA20160190_KJBEGOPM_03086	SA20160190_KJBEGOPM_03087	25.424	59	43	1	498	555	108	166	6.7	18.5
SA20160190_KJBEGOPM_03087	SA20160190_KJBEGOPM_03087	100.000	325	0	0	1	325	1	325	0.0	654
SA20160190_KJBEGOPM_03087	SA20160190_KJBEGOPM_03095	21.739	46	31	1	163	208	159	199	0.80	20.4
SA20160190_KJBEGOPM_03087	SA20160190_KJBEGOPM_03086	33.333	21	14	0	108	128	498	518	3.3	18.9
SA20160190_KJBEGOPM_03087	SA20160190_KJBEGOPM_03085	38.889	18	11	0	142	159	622	639	3.9	18.5
SA20160190_KJBEGOPM_03088	SA20160190_KJBEGOPM_03088	100.000	410	0	0	1	410	1	410	0.0	841
SA20160190_KJBEGOPM_03088	SA20160190_KJBEGOPM_03095	26.866	67	43	1	41	101	1	67	4.3	18.5
SA20160190_KJBEGOPM_03088	SA20160190_KJBEGOPM_03092	85.714	7	1	0	257	263	240	246	4.3	18.5
SA20160190_KJBEGOPM_03088	SA20160190_KJBEGOPM_03085	46.667	15	8	0	239	253	527	541	5.0	18.5
SA20160190_KJBEGOPM_03088	SA20160190_KJBEGOPM_03096	34.615	26	17	0	186	211	434	459	6.7	18.1
SA20160190_KJBEGOPM_03088	SA20160190_KJBEGOPM_03091	27.027	37	23	1	118	154	263	295	8.0	17.7
SA20160190_KJBEGOPM_03089	SA20160190_KJBEGOPM_03089	100.000	60	0	0	1	60	1	60	1.29e-43	125
SA20160190_KJBEGOPM_03089	SA20160190_KJBEGOPM_03095	54.545	11	5	0	38	48	205	215	5.3	15.0
SA20160190_KJBEGOPM_03089	SA20160190_KJBEGOPM_03085	50.000	10	5	0	5	14	261	270	9.3	14.2
SA20160190_KJBEGOPM_03090	SA20160190_KJBEGOPM_03090	100.000	248	0	0	1	248	1	248	0.0	508
SA20160190_KJBEGOPM_03090	SA20160190_KJBEGOPM_03093	43.750	16	9	0	184	199	17	32	1.1	19.6
SA20160190_KJBEGOPM_03090	SA20160190_KJBEGOPM_03096	31.034	29	20	0	51	79	309	337	3.4	18.1
SA20160190_KJBEGOPM_03090	SA20160190_KJBEGOPM_03092	44.444	18	9	1	193	209	68	85	4.0	17.7
SA20160190_KJBEGOPM_03091	SA20160190_KJBEGOPM_03091	100.000	297	0	0	1	297	1	297	0.0	609
SA20160190_KJBEGOPM_03091	SA20160190_KJBEGOPM_03096	38.462	26	11	1	107	132	933	953	3.3	18.5
SA20160190_KJBEGOPM_03091	SA20160190_KJBEGOPM_03085	25.000	44	24	2	115	149	536	579	4.4	18.1
SA20160190_KJBEGOPM_03091	SA20160190_KJBEGOPM_03088	27.027	37	23	1	263	295	118	154	5.8	17.7
SA20160190_KJBEGOPM_03092	SA20160190_KJBEGOPM_03092	100.000	258	0	0	1	258	1	258	0.0	515
SA20160190_KJBEGOPM_03092	SA20160190_KJBEGOPM_03085	28.571	28	20	0	222	249	429	456	1.0	20.0
SA20160190_KJBEGOPM_03092	SA20160190_KJBEGOPM_03090	29.032	62	33	3	30	85	153	209	1.3	19.2
SA20160190_KJBEGOPM_03092	SA20160190_KJBEGOPM_03096	20.270	74	59	0	100	173	91	164	2.2	18.9
SA20160190_KJBEGOPM_03092	SA20160190_KJBEGOPM_03088	85.714	7	1	0	240	246	257	263	2.7	18.5
SA20160190_KJBEGOPM_03093	SA20160190_KJBEGOPM_03093	100.000	267	0	0	1	267	1	267	0.0	558
SA20160190_KJBEGOPM_03093	SA20160190_KJBEGOPM_03096	32.143	56	25	2	26	74	640	689	0.39	21.6
SA20160190_KJBEGOPM_03093	SA20160190_KJBEGOPM_03090	43.750	16	9	0	17	32	184	199	1.2	19.6
SA20160190_KJBEGOPM_03094	SA20160190_KJBEGOPM_03094	100.000	440	0	0	1	440	1	440	0.0	899
SA20160190_KJBEGOPM_03094	SA20160190_KJBEGOPM_03096	50.000	16	8	0	70	85	1045	1060	1.2	20.8
SA20160190_KJBEGOPM_03095	SA20160190_KJBEGOPM_03095	100.000	234	0	0	1	234	1	234	2.05e-177	477
SA20160190_KJBEGOPM_03095	SA20160190_KJBEGOPM_03096	31.148	61	28	3	22	82	1319	1365	0.19	22.3
SA20160190_KJBEGOPM_03095	SA20160190_KJBEGOPM_03087	21.739	46	31	1	159	199	163	208	0.61	20.4
SA20160190_KJBEGOPM_03095	SA20160190_KJBEGOPM_03088	26.866	67	43	1	1	67	41	101	2.5	18.5
SA20160190_KJBEGOPM_03095	SA20160190_KJBEGOPM_03085	35.714	14	9	0	13	26	97	110	7.2	16.9
SA20160190_KJBEGOPM_03095	SA20160190_KJBEGOPM_03086	26.154	65	43	1	175	234	380	444	7.3	16.9
SA20160190_KJBEGOPM_03096	SA20160190_KJBEGOPM_03096	100.000	1488	0	0	1	1488	1	1488	0.0	3018
SA20160190_KJBEGOPM_03096	SA20160190_KJBEGOPM_03095	27.083	48	33	1	563	610	130	175	0.82	22.7
SA20160190_KJBEGOPM_03096	SA20160190_KJBEGOPM_03093	32.143	56	25	2	640	689	26	74	2.1	21.6
SA20160190_KJBEGOPM_03096	SA20160190_KJBEGOPM_03094	50.000	16	8	0	1045	1060	70	85	3.7	20.8
