SA20160228_MPFEEIDI_02539	SA20160190_KJBEGOPM_03096	99.798	1488	3	0	1	1488	1	1488	0.0	3013
SA20160228_MPFEEIDI_02539	SA20160190_KJBEGOPM_03095	27.083	48	33	1	563	610	130	175	0.85	22.7
SA20160228_MPFEEIDI_02539	SA20160190_KJBEGOPM_03093	32.143	56	25	2	640	689	26	74	2.1	21.6
SA20160228_MPFEEIDI_02539	SA20160190_KJBEGOPM_03094	50.000	16	8	0	1045	1060	70	85	3.7	20.8
SA20160228_MPFEEIDI_02540	SA20160190_KJBEGOPM_03095	99.145	234	2	0	1	234	1	234	1.78e-176	475
SA20160228_MPFEEIDI_02540	SA20160190_KJBEGOPM_03096	31.148	61	28	3	22	82	1319	1365	0.20	21.9
SA20160228_MPFEEIDI_02540	SA20160190_KJBEGOPM_03087	23.913	46	30	1	159	199	163	208	0.22	21.9
SA20160228_MPFEEIDI_02540	SA20160190_KJBEGOPM_03088	26.866	67	43	1	1	67	41	101	2.3	18.5
SA20160228_MPFEEIDI_02540	SA20160190_KJBEGOPM_03085	35.714	14	9	0	13	26	97	110	7.2	16.9
SA20160228_MPFEEIDI_02540	SA20160190_KJBEGOPM_03086	26.154	65	43	1	175	234	380	444	9.2	16.9
SA20160228_MPFEEIDI_02541	SA20160190_KJBEGOPM_03094	100.000	440	0	0	1	440	1	440	0.0	899
SA20160228_MPFEEIDI_02541	SA20160190_KJBEGOPM_03096	50.000	16	8	0	70	85	1045	1060	1.2	20.8
SA20160228_MPFEEIDI_02542	SA20160190_KJBEGOPM_03093	100.000	267	0	0	1	267	1	267	0.0	558
SA20160228_MPFEEIDI_02542	SA20160190_KJBEGOPM_03096	32.143	56	25	2	26	74	640	689	0.39	21.6
SA20160228_MPFEEIDI_02542	SA20160190_KJBEGOPM_03090	43.750	16	9	0	17	32	184	199	1.2	19.6
SA20160228_MPFEEIDI_02543	SA20160190_KJBEGOPM_03092	100.000	258	0	0	1	258	1	258	0.0	515
SA20160228_MPFEEIDI_02543	SA20160190_KJBEGOPM_03085	28.571	28	20	0	222	249	429	456	1.0	20.0
SA20160228_MPFEEIDI_02543	SA20160190_KJBEGOPM_03090	29.032	62	33	3	30	85	153	209	1.3	19.2
SA20160228_MPFEEIDI_02543	SA20160190_KJBEGOPM_03096	20.270	74	59	0	100	173	91	164	2.2	18.9
SA20160228_MPFEEIDI_02543	SA20160190_KJBEGOPM_03088	85.714	7	1	0	240	246	257	263	2.7	18.5
SA20160228_MPFEEIDI_02544	SA20160190_KJBEGOPM_03091	99.327	297	2	0	1	297	1	297	0.0	605
SA20160228_MPFEEIDI_02544	SA20160190_KJBEGOPM_03094	21.088	147	80	6	122	258	275	395	0.61	20.8
SA20160228_MPFEEIDI_02544	SA20160190_KJBEGOPM_03096	38.462	26	11	1	107	132	933	953	3.2	18.5
SA20160228_MPFEEIDI_02544	SA20160190_KJBEGOPM_03085	25.000	44	24	2	115	149	536	579	4.4	18.1
SA20160228_MPFEEIDI_02544	SA20160190_KJBEGOPM_03090	28.571	35	21	1	222	252	3	37	4.7	18.1
SA20160228_MPFEEIDI_02544	SA20160190_KJBEGOPM_03088	27.027	37	23	1	263	295	118	154	5.5	17.7
SA20160228_MPFEEIDI_02545	SA20160190_KJBEGOPM_03090	100.000	248	0	0	1	248	1	248	0.0	508
SA20160228_MPFEEIDI_02545	SA20160190_KJBEGOPM_03093	43.750	16	9	0	184	199	17	32	1.1	19.6
SA20160228_MPFEEIDI_02545	SA20160190_KJBEGOPM_03096	31.034	29	20	0	51	79	309	337	3.4	18.1
SA20160228_MPFEEIDI_02545	SA20160190_KJBEGOPM_03091	28.571	35	21	1	3	37	222	252	3.6	18.1
SA20160228_MPFEEIDI_02545	SA20160190_KJBEGOPM_03092	44.444	18	9	1	193	209	68	85	4.0	17.7
SA20160228_MPFEEIDI_02546	SA20160190_KJBEGOPM_03089	100.000	60	0	0	1	60	1	60	1.29e-43	125
SA20160228_MPFEEIDI_02546	SA20160190_KJBEGOPM_03095	54.545	11	5	0	38	48	205	215	5.3	15.0
SA20160228_MPFEEIDI_02546	SA20160190_KJBEGOPM_03085	50.000	10	5	0	5	14	261	270	9.3	14.2
SA20160228_MPFEEIDI_02547	SA20160190_KJBEGOPM_03088	97.561	410	10	0	1	410	1	410	0.0	820
SA20160228_MPFEEIDI_02547	SA20160190_KJBEGOPM_03095	26.866	67	43	1	41	101	1	67	4.1	18.5
SA20160228_MPFEEIDI_02547	SA20160190_KJBEGOPM_03092	85.714	7	1	0	257	263	240	246	4.2	18.5
SA20160228_MPFEEIDI_02547	SA20160190_KJBEGOPM_03085	46.667	15	8	0	239	253	527	541	4.6	18.5
SA20160228_MPFEEIDI_02547	SA20160190_KJBEGOPM_03091	27.027	37	23	1	118	154	263	295	7.2	17.7
SA20160228_MPFEEIDI_02547	SA20160190_KJBEGOPM_03096	60.000	10	4	0	144	153	866	875	8.8	17.7
SA20160228_MPFEEIDI_02548	SA20160190_KJBEGOPM_03087	99.077	325	3	0	1	325	1	325	0.0	649
SA20160228_MPFEEIDI_02548	SA20160190_KJBEGOPM_03095	21.739	46	31	1	163	208	159	199	0.82	20.4
SA20160228_MPFEEIDI_02548	SA20160190_KJBEGOPM_03086	33.333	21	14	0	108	128	498	518	3.4	18.9
SA20160228_MPFEEIDI_02548	SA20160190_KJBEGOPM_03085	38.889	18	11	0	142	159	622	639	3.9	18.5
SA20160228_MPFEEIDI_02549	SA20160190_KJBEGOPM_03086	100.000	582	0	0	1	582	1	582	0.0	1191
SA20160228_MPFEEIDI_02549	SA20160190_KJBEGOPM_03096	50.000	18	8	1	374	390	32	49	5.2	18.9
SA20160228_MPFEEIDI_02549	SA20160190_KJBEGOPM_03087	25.424	59	43	1	498	555	108	166	6.7	18.5
SA20160228_MPFEEIDI_02550	SA20160190_KJBEGOPM_03085	99.469	754	4	0	1	754	1	754	0.0	1511
SA20160228_MPFEEIDI_02550	SA20160190_KJBEGOPM_03092	28.571	28	20	0	429	456	222	249	2.4	20.4
SA20160228_MPFEEIDI_02550	SA20160190_KJBEGOPM_03088	46.667	15	8	0	527	541	239	253	8.2	18.9
SA20160228_MPFEEIDI_02550	SA20160190_KJBEGOPM_03087	38.889	18	11	0	622	639	142	159	9.1	18.5
SA20160228_MPFEEIDI_02550	SA20160190_KJBEGOPM_03091	25.000	44	24	2	536	579	115	149	9.9	18.5
SA20160228_MPFEEIDI_02551	SA20160190_KJBEGOPM_03086	40.741	27	13	1	66	92	339	362	3.0	16.5
SA20160228_MPFEEIDI_02551	SA20160190_KJBEGOPM_03090	32.609	46	26	2	8	48	43	88	6.3	15.8
SA20160228_MPFEEIDI_02551	SA20160190_KJBEGOPM_03096	57.143	14	6	0	1	14	520	533	6.7	15.8
SA20160228_MPFEEIDI_02551	SA20160190_KJBEGOPM_03091	38.889	18	11	0	6	23	91	108	7.4	15.4
SA20160228_MPFEEIDI_02552	SA20160190_KJBEGOPM_03094	30.000	50	33	1	447	494	193	242	0.29	23.1
SA20160228_MPFEEIDI_02552	SA20160190_KJBEGOPM_03086	29.412	34	24	0	476	509	438	471	1.9	20.4
SA20160228_MPFEEIDI_02552	SA20160190_KJBEGOPM_03096	25.000	52	32	2	248	297	1301	1347	3.8	19.2
SA20160228_MPFEEIDI_02552	SA20160190_KJBEGOPM_03088	33.333	27	18	0	171	197	115	141	3.9	19.2
SA20160228_MPFEEIDI_02553	SA20160190_KJBEGOPM_03086	32.000	50	31	1	12	58	376	425	0.015	25.4
SA20160228_MPFEEIDI_02553	SA20160190_KJBEGOPM_03096	47.826	23	12	0	7	29	29	51	0.029	24.6
SA20160228_MPFEEIDI_02553	SA20160190_KJBEGOPM_03094	33.333	33	21	1	82	113	38	70	0.95	19.6
SA20160228_MPFEEIDI_02553	SA20160190_KJBEGOPM_03091	40.000	15	9	0	25	39	240	254	3.7	17.7
SA20160228_MPFEEIDI_02553	SA20160190_KJBEGOPM_03088	36.667	30	18	1	195	223	205	234	4.5	17.7
SA20160228_MPFEEIDI_02553	SA20160190_KJBEGOPM_03087	50.000	12	6	0	22	33	291	302	5.1	17.3
SA20160228_MPFEEIDI_02554	SA20160190_KJBEGOPM_03096	60.000	10	4	0	242	251	1192	1201	1.5	19.6
SA20160228_MPFEEIDI_02554	SA20160190_KJBEGOPM_03086	53.333	15	7	0	161	175	567	581	3.9	18.1
SA20160228_MPFEEIDI_02554	SA20160190_KJBEGOPM_03093	43.478	23	12	1	22	43	159	181	7.5	16.9
SA20160228_MPFEEIDI_02555	SA20160190_KJBEGOPM_03093	36.957	46	24	2	82	126	139	180	0.18	23.1
SA20160228_MPFEEIDI_02555	SA20160190_KJBEGOPM_03086	27.143	70	40	3	169	233	164	227	0.40	21.9
SA20160228_MPFEEIDI_02555	SA20160190_KJBEGOPM_03094	32.692	52	22	3	273	311	245	296	0.40	21.9
SA20160228_MPFEEIDI_02555	SA20160190_KJBEGOPM_03095	32.075	53	34	1	338	388	148	200	1.0	20.4
SA20160228_MPFEEIDI_02555	SA20160190_KJBEGOPM_03096	66.667	9	3	0	237	245	735	743	8.0	18.1
SA20160228_MPFEEIDI_02555	SA20160190_KJBEGOPM_03090	26.667	90	48	4	195	284	16	87	9.1	17.7
SA20160228_MPFEEIDI_02556	SA20160190_KJBEGOPM_03085	28.000	25	16	1	22	44	642	666	7.2	17.7
SA20160228_MPFEEIDI_02557	SA20160190_KJBEGOPM_03086	34.783	23	13	1	94	116	534	554	1.8	18.9
SA20160228_MPFEEIDI_02557	SA20160190_KJBEGOPM_03088	38.462	13	8	0	93	105	118	130	3.2	18.1
SA20160228_MPFEEIDI_02557	SA20160190_KJBEGOPM_03087	38.235	34	19	2	14	46	46	78	6.3	17.3
SA20160228_MPFEEIDI_02557	SA20160190_KJBEGOPM_03090	40.000	10	6	0	71	80	100	109	7.1	16.9
SA20160228_MPFEEIDI_02557	SA20160190_KJBEGOPM_03095	47.059	17	8	1	83	98	158	174	7.2	16.9
SA20160228_MPFEEIDI_02557	SA20160190_KJBEGOPM_03096	40.000	25	15	0	98	122	629	653	7.5	16.9
SA20160228_MPFEEIDI_02557	SA20160190_KJBEGOPM_03094	41.379	29	10	2	130	155	347	371	8.2	16.9
SA20160228_MPFEEIDI_02557	SA20160190_KJBEGOPM_03093	55.556	9	4	0	38	46	201	209	8.4	16.9
SA20160228_MPFEEIDI_02558	SA20160190_KJBEGOPM_03086	31.111	45	31	0	215	259	235	279	0.24	23.5
SA20160228_MPFEEIDI_02558	SA20160190_KJBEGOPM_03096	26.214	103	57	3	433	529	1015	1104	0.74	21.9
SA20160228_MPFEEIDI_02558	SA20160190_KJBEGOPM_03087	47.826	23	12	0	381	403	244	266	1.5	20.8
SA20160228_MPFEEIDI_02558	SA20160190_KJBEGOPM_03085	20.000	100	73	2	368	466	56	149	2.5	20.0
SA20160228_MPFEEIDI_02558	SA20160190_KJBEGOPM_03091	29.412	34	24	0	244	277	98	131	6.0	18.9
SA20160228_MPFEEIDI_02558	SA20160190_KJBEGOPM_03088	21.569	51	40	0	290	340	253	303	9.4	18.1
SA20160228_MPFEEIDI_02559	SA20160190_KJBEGOPM_03091	27.660	47	31	2	23	66	32	78	1.0	20.0
SA20160228_MPFEEIDI_02559	SA20160190_KJBEGOPM_03085	69.231	13	4	0	77	89	262	274	2.7	18.9
SA20160190_KJBEGOPM_03085	SA20160190_KJBEGOPM_03085	100.000	754	0	0	1	754	1	754	0.0	1517
SA20160190_KJBEGOPM_03085	SA20160190_KJBEGOPM_03092	28.571	28	20	0	429	456	222	249	2.4	20.4
SA20160190_KJBEGOPM_03085	SA20160190_KJBEGOPM_03088	46.667	15	8	0	527	541	239	253	8.3	18.5
SA20160190_KJBEGOPM_03085	SA20160190_KJBEGOPM_03087	38.889	18	11	0	622	639	142	159	8.9	18.5
SA20160190_KJBEGOPM_03086	SA20160190_KJBEGOPM_03086	100.000	582	0	0	1	582	1	582	0.0	1191
SA20160190_KJBEGOPM_03086	SA20160190_KJBEGOPM_03096	50.000	18	8	1	374	390	32	49	5.2	18.9
SA20160190_KJBEGOPM_03086	SA20160190_KJBEGOPM_03087	25.424	59	43	1	498	555	108	166	6.7	18.5
SA20160190_KJBEGOPM_03087	SA20160190_KJBEGOPM_03087	100.000	325	0	0	1	325	1	325	0.0	654
SA20160190_KJBEGOPM_03087	SA20160190_KJBEGOPM_03095	21.739	46	31	1	163	208	159	199	0.80	20.4
SA20160190_KJBEGOPM_03087	SA20160190_KJBEGOPM_03086	33.333	21	14	0	108	128	498	518	3.3	18.9
SA20160190_KJBEGOPM_03087	SA20160190_KJBEGOPM_03085	38.889	18	11	0	142	159	622	639	3.9	18.5
SA20160190_KJBEGOPM_03088	SA20160190_KJBEGOPM_03088	100.000	410	0	0	1	410	1	410	0.0	841
SA20160190_KJBEGOPM_03088	SA20160190_KJBEGOPM_03095	26.866	67	43	1	41	101	1	67	4.3	18.5
SA20160190_KJBEGOPM_03088	SA20160190_KJBEGOPM_03092	85.714	7	1	0	257	263	240	246	4.3	18.5
SA20160190_KJBEGOPM_03088	SA20160190_KJBEGOPM_03085	46.667	15	8	0	239	253	527	541	5.0	18.5
SA20160190_KJBEGOPM_03088	SA20160190_KJBEGOPM_03096	34.615	26	17	0	186	211	434	459	6.7	18.1
SA20160190_KJBEGOPM_03088	SA20160190_KJBEGOPM_03091	27.027	37	23	1	118	154	263	295	8.0	17.7
SA20160190_KJBEGOPM_03089	SA20160190_KJBEGOPM_03089	100.000	60	0	0	1	60	1	60	1.29e-43	125
SA20160190_KJBEGOPM_03089	SA20160190_KJBEGOPM_03095	54.545	11	5	0	38	48	205	215	5.3	15.0
SA20160190_KJBEGOPM_03089	SA20160190_KJBEGOPM_03085	50.000	10	5	0	5	14	261	270	9.3	14.2
SA20160190_KJBEGOPM_03090	SA20160190_KJBEGOPM_03090	100.000	248	0	0	1	248	1	248	0.0	508
SA20160190_KJBEGOPM_03090	SA20160190_KJBEGOPM_03093	43.750	16	9	0	184	199	17	32	1.1	19.6
SA20160190_KJBEGOPM_03090	SA20160190_KJBEGOPM_03096	31.034	29	20	0	51	79	309	337	3.4	18.1
SA20160190_KJBEGOPM_03090	SA20160190_KJBEGOPM_03092	44.444	18	9	1	193	209	68	85	4.0	17.7
SA20160190_KJBEGOPM_03091	SA20160190_KJBEGOPM_03091	100.000	297	0	0	1	297	1	297	0.0	609
SA20160190_KJBEGOPM_03091	SA20160190_KJBEGOPM_03096	38.462	26	11	1	107	132	933	953	3.3	18.5
SA20160190_KJBEGOPM_03091	SA20160190_KJBEGOPM_03085	25.000	44	24	2	115	149	536	579	4.4	18.1
SA20160190_KJBEGOPM_03091	SA20160190_KJBEGOPM_03088	27.027	37	23	1	263	295	118	154	5.8	17.7
SA20160190_KJBEGOPM_03092	SA20160190_KJBEGOPM_03092	100.000	258	0	0	1	258	1	258	0.0	515
SA20160190_KJBEGOPM_03092	SA20160190_KJBEGOPM_03085	28.571	28	20	0	222	249	429	456	1.0	20.0
SA20160190_KJBEGOPM_03092	SA20160190_KJBEGOPM_03090	29.032	62	33	3	30	85	153	209	1.3	19.2
SA20160190_KJBEGOPM_03092	SA20160190_KJBEGOPM_03096	20.270	74	59	0	100	173	91	164	2.2	18.9
SA20160190_KJBEGOPM_03092	SA20160190_KJBEGOPM_03088	85.714	7	1	0	240	246	257	263	2.7	18.5
SA20160190_KJBEGOPM_03093	SA20160190_KJBEGOPM_03093	100.000	267	0	0	1	267	1	267	0.0	558
SA20160190_KJBEGOPM_03093	SA20160190_KJBEGOPM_03096	32.143	56	25	2	26	74	640	689	0.39	21.6
SA20160190_KJBEGOPM_03093	SA20160190_KJBEGOPM_03090	43.750	16	9	0	17	32	184	199	1.2	19.6
SA20160190_KJBEGOPM_03094	SA20160190_KJBEGOPM_03094	100.000	440	0	0	1	440	1	440	0.0	899
SA20160190_KJBEGOPM_03094	SA20160190_KJBEGOPM_03096	50.000	16	8	0	70	85	1045	1060	1.2	20.8
SA20160190_KJBEGOPM_03095	SA20160190_KJBEGOPM_03095	100.000	234	0	0	1	234	1	234	2.05e-177	477
SA20160190_KJBEGOPM_03095	SA20160190_KJBEGOPM_03096	31.148	61	28	3	22	82	1319	1365	0.19	22.3
SA20160190_KJBEGOPM_03095	SA20160190_KJBEGOPM_03087	21.739	46	31	1	159	199	163	208	0.61	20.4
SA20160190_KJBEGOPM_03095	SA20160190_KJBEGOPM_03088	26.866	67	43	1	1	67	41	101	2.5	18.5
SA20160190_KJBEGOPM_03095	SA20160190_KJBEGOPM_03085	35.714	14	9	0	13	26	97	110	7.2	16.9
SA20160190_KJBEGOPM_03095	SA20160190_KJBEGOPM_03086	26.154	65	43	1	175	234	380	444	7.3	16.9
SA20160190_KJBEGOPM_03096	SA20160190_KJBEGOPM_03096	100.000	1488	0	0	1	1488	1	1488	0.0	3018
SA20160190_KJBEGOPM_03096	SA20160190_KJBEGOPM_03095	27.083	48	33	1	563	610	130	175	0.82	22.7
SA20160190_KJBEGOPM_03096	SA20160190_KJBEGOPM_03093	32.143	56	25	2	640	689	26	74	2.1	21.6
SA20160190_KJBEGOPM_03096	SA20160190_KJBEGOPM_03094	50.000	16	8	0	1045	1060	70	85	3.7	20.8
SA20160228_MPFEEIDI_02539	SA20160228_MPFEEIDI_02539	100.000	1488	0	0	1	1488	1	1488	0.0	3018
SA20160228_MPFEEIDI_02539	SA20160228_MPFEEIDI_02553	47.826	23	12	0	29	51	7	29	0.29	24.6
SA20160228_MPFEEIDI_02539	SA20160228_MPFEEIDI_02556	41.379	29	17	0	883	911	85	113	0.94	23.5
SA20160228_MPFEEIDI_02539	SA20160228_MPFEEIDI_02540	27.083	48	33	1	563	610	130	175	1.4	22.7
SA20160228_MPFEEIDI_02539	SA20160228_MPFEEIDI_02542	32.143	56	25	2	640	689	26	74	3.4	21.6
SA20160228_MPFEEIDI_02539	SA20160228_MPFEEIDI_02541	50.000	16	8	0	1045	1060	70	85	5.8	20.8
SA20160228_MPFEEIDI_02540	SA20160228_MPFEEIDI_02540	100.000	234	0	0	1	234	1	234	2.70e-177	477
SA20160228_MPFEEIDI_02540	SA20160228_MPFEEIDI_02539	31.148	61	28	3	22	82	1319	1365	0.31	21.9
SA20160228_MPFEEIDI_02540	SA20160228_MPFEEIDI_02548	23.913	46	30	1	159	199	163	208	0.35	21.9
SA20160228_MPFEEIDI_02540	SA20160228_MPFEEIDI_02547	26.866	67	43	1	1	67	41	101	3.6	18.5
SA20160228_MPFEEIDI_02540	SA20160228_MPFEEIDI_02555	30.189	53	35	1	148	200	338	388	3.9	18.5
SA20160228_MPFEEIDI_02541	SA20160228_MPFEEIDI_02541	100.000	440	0	0	1	440	1	440	0.0	899
SA20160228_MPFEEIDI_02541	SA20160228_MPFEEIDI_02552	30.000	50	33	1	193	242	447	494	0.45	22.7
SA20160228_MPFEEIDI_02541	SA20160228_MPFEEIDI_02555	32.692	52	22	3	245	296	273	311	0.70	21.9
SA20160228_MPFEEIDI_02541	SA20160228_MPFEEIDI_02539	50.000	16	8	0	70	85	1045	1060	1.9	20.8
SA20160228_MPFEEIDI_02541	SA20160228_MPFEEIDI_02553	33.333	33	21	1	38	70	82	113	3.1	19.6
SA20160228_MPFEEIDI_02542	SA20160228_MPFEEIDI_02542	100.000	267	0	0	1	267	1	267	0.0	558
SA20160228_MPFEEIDI_02542	SA20160228_MPFEEIDI_02555	36.957	46	24	2	139	180	82	126	0.16	23.1
SA20160228_MPFEEIDI_02542	SA20160228_MPFEEIDI_02539	32.143	56	25	2	26	74	640	689	0.61	21.6
SA20160228_MPFEEIDI_02542	SA20160228_MPFEEIDI_02545	43.750	16	9	0	17	32	184	199	1.8	19.6
SA20160228_MPFEEIDI_02542	SA20160228_MPFEEIDI_02558	45.455	11	6	0	23	33	501	511	8.6	17.7
SA20160228_MPFEEIDI_02543	SA20160228_MPFEEIDI_02543	100.000	258	0	0	1	258	1	258	0.0	515
SA20160228_MPFEEIDI_02543	SA20160228_MPFEEIDI_02550	28.571	28	20	0	222	249	429	456	1.6	20.0
SA20160228_MPFEEIDI_02543	SA20160228_MPFEEIDI_02545	29.032	62	33	3	30	85	153	209	2.1	19.2
SA20160228_MPFEEIDI_02543	SA20160228_MPFEEIDI_02539	20.270	74	59	0	100	173	91	164	3.5	18.9
SA20160228_MPFEEIDI_02543	SA20160228_MPFEEIDI_02547	85.714	7	1	0	240	246	257	263	4.0	18.5
SA20160228_MPFEEIDI_02544	SA20160228_MPFEEIDI_02544	100.000	297	0	0	1	297	1	297	0.0	609
SA20160228_MPFEEIDI_02544	SA20160228_MPFEEIDI_02559	53.846	13	6	0	39	51	217	229	1.2	20.4
SA20160228_MPFEEIDI_02544	SA20160228_MPFEEIDI_02558	29.412	34	24	0	98	131	244	277	4.9	18.5
SA20160228_MPFEEIDI_02544	SA20160228_MPFEEIDI_02539	38.462	26	11	1	107	132	933	953	5.1	18.5
SA20160228_MPFEEIDI_02544	SA20160228_MPFEEIDI_02550	25.000	44	24	2	115	149	536	579	7.4	18.1
SA20160228_MPFEEIDI_02544	SA20160228_MPFEEIDI_02553	40.000	15	9	0	240	254	25	39	7.7	17.7
SA20160228_MPFEEIDI_02544	SA20160228_MPFEEIDI_02547	27.027	37	23	1	263	295	118	154	8.1	18.1
SA20160228_MPFEEIDI_02545	SA20160228_MPFEEIDI_02545	100.000	248	0	0	1	248	1	248	0.0	508
SA20160228_MPFEEIDI_02545	SA20160228_MPFEEIDI_02542	43.750	16	9	0	184	199	17	32	1.7	19.6
SA20160228_MPFEEIDI_02545	SA20160228_MPFEEIDI_02539	31.034	29	20	0	51	79	309	337	5.3	18.5
SA20160228_MPFEEIDI_02545	SA20160228_MPFEEIDI_02543	44.444	18	9	1	193	209	68	85	6.2	17.7
SA20160228_MPFEEIDI_02545	SA20160228_MPFEEIDI_02555	26.667	90	48	4	16	87	195	284	8.2	17.7
SA20160228_MPFEEIDI_02545	SA20160228_MPFEEIDI_02552	36.111	36	22	1	35	69	51	86	9.8	17.3
SA20160228_MPFEEIDI_02546	SA20160228_MPFEEIDI_02546	100.000	60	0	0	1	60	1	60	2.02e-43	125
SA20160228_MPFEEIDI_02546	SA20160228_MPFEEIDI_02559	35.714	14	9	0	6	19	77	90	3.9	15.8
SA20160228_MPFEEIDI_02547	SA20160228_MPFEEIDI_02547	100.000	410	0	0	1	410	1	410	0.0	840
SA20160228_MPFEEIDI_02547	SA20160228_MPFEEIDI_02552	33.333	27	18	0	115	141	171	197	4.4	19.2
SA20160228_MPFEEIDI_02547	SA20160228_MPFEEIDI_02540	26.866	67	43	1	41	101	1	67	6.3	18.5
SA20160228_MPFEEIDI_02547	SA20160228_MPFEEIDI_02543	85.714	7	1	0	257	263	240	246	6.5	18.5
SA20160228_MPFEEIDI_02547	SA20160228_MPFEEIDI_02557	41.176	17	8	1	353	367	159	175	6.8	18.5
SA20160228_MPFEEIDI_02547	SA20160228_MPFEEIDI_02550	46.667	15	8	0	239	253	527	541	7.5	18.5
SA20160228_MPFEEIDI_02547	SA20160228_MPFEEIDI_02558	21.569	51	40	0	253	303	290	340	9.4	18.1
SA20160228_MPFEEIDI_02548	SA20160228_MPFEEIDI_02548	100.000	325	0	0	1	325	1	325	0.0	653
SA20160228_MPFEEIDI_02548	SA20160228_MPFEEIDI_02540	23.913	46	30	1	163	208	159	199	0.47	21.9
SA20160228_MPFEEIDI_02548	SA20160228_MPFEEIDI_02558	47.826	23	12	0	244	266	381	403	1.2	20.8
SA20160228_MPFEEIDI_02548	SA20160228_MPFEEIDI_02554	80.000	10	2	0	265	274	41	50	3.7	18.9
SA20160228_MPFEEIDI_02548	SA20160228_MPFEEIDI_02549	33.333	21	14	0	108	128	498	518	5.3	18.9
SA20160228_MPFEEIDI_02548	SA20160228_MPFEEIDI_02550	38.889	18	11	0	142	159	622	639	6.0	18.5
SA20160228_MPFEEIDI_02549	SA20160228_MPFEEIDI_02549	100.000	582	0	0	1	582	1	582	0.0	1191
SA20160228_MPFEEIDI_02549	SA20160228_MPFEEIDI_02553	32.000	50	31	1	376	425	12	58	0.062	25.4
SA20160228_MPFEEIDI_02549	SA20160228_MPFEEIDI_02558	31.111	45	31	0	235	279	215	259	0.34	23.5
SA20160228_MPFEEIDI_02549	SA20160228_MPFEEIDI_02555	27.143	70	40	3	164	227	169	233	0.89	21.9
SA20160228_MPFEEIDI_02549	SA20160228_MPFEEIDI_02552	29.412	34	24	0	438	471	476	509	3.4	20.0
SA20160228_MPFEEIDI_02549	SA20160228_MPFEEIDI_02557	34.783	23	13	1	534	554	94	116	7.2	18.9
SA20160228_MPFEEIDI_02549	SA20160228_MPFEEIDI_02539	50.000	18	8	1	374	390	32	49	8.3	18.9
SA20160228_MPFEEIDI_02550	SA20160228_MPFEEIDI_02550	100.000	754	0	0	1	754	1	754	0.0	1516
SA20160228_MPFEEIDI_02550	SA20160228_MPFEEIDI_02543	28.571	28	20	0	429	456	222	249	3.8	20.4
SA20160228_MPFEEIDI_02550	SA20160228_MPFEEIDI_02558	20.000	100	73	2	56	149	368	466	4.4	20.4
SA20160228_MPFEEIDI_02551	SA20160228_MPFEEIDI_02551	100.000	94	0	0	1	94	1	94	4.73e-70	195
SA20160228_MPFEEIDI_02551	SA20160228_MPFEEIDI_02549	40.741	27	13	1	66	92	339	362	4.7	16.5
SA20160228_MPFEEIDI_02551	SA20160228_MPFEEIDI_02545	32.609	46	26	2	8	48	43	88	9.8	15.8
SA20160228_MPFEEIDI_02552	SA20160228_MPFEEIDI_02552	100.000	557	0	0	1	557	1	557	0.0	1112
SA20160228_MPFEEIDI_02552	SA20160228_MPFEEIDI_02541	30.000	50	33	1	447	494	193	242	0.45	23.1
SA20160228_MPFEEIDI_02552	SA20160228_MPFEEIDI_02558	37.931	29	17	1	171	199	152	179	0.83	21.9
SA20160228_MPFEEIDI_02552	SA20160228_MPFEEIDI_02549	29.412	34	24	0	476	509	438	471	3.0	20.4
SA20160228_MPFEEIDI_02552	SA20160228_MPFEEIDI_02554	37.209	43	25	2	447	489	202	242	4.2	19.6
SA20160228_MPFEEIDI_02552	SA20160228_MPFEEIDI_02547	33.333	27	18	0	171	197	115	141	6.0	19.2
SA20160228_MPFEEIDI_02553	SA20160228_MPFEEIDI_02553	100.000	227	0	0	1	227	1	227	8.73e-168	452
SA20160228_MPFEEIDI_02553	SA20160228_MPFEEIDI_02549	32.000	50	31	1	12	58	376	425	0.024	25.4
SA20160228_MPFEEIDI_02553	SA20160228_MPFEEIDI_02539	47.826	23	12	0	7	29	29	51	0.044	24.6
SA20160228_MPFEEIDI_02553	SA20160228_MPFEEIDI_02541	33.333	33	21	1	82	113	38	70	1.5	19.6
SA20160228_MPFEEIDI_02553	SA20160228_MPFEEIDI_02544	40.000	15	9	0	25	39	240	254	5.9	17.7
SA20160228_MPFEEIDI_02553	SA20160228_MPFEEIDI_02548	50.000	12	6	0	22	33	291	302	7.4	17.7
SA20160228_MPFEEIDI_02553	SA20160228_MPFEEIDI_02558	29.412	17	12	0	6	22	268	284	8.2	17.3
SA20160228_MPFEEIDI_02554	SA20160228_MPFEEIDI_02554	100.000	253	0	0	1	253	1	253	0.0	514
SA20160228_MPFEEIDI_02554	SA20160228_MPFEEIDI_02558	46.429	28	13	1	24	51	198	223	0.46	21.6
SA20160228_MPFEEIDI_02554	SA20160228_MPFEEIDI_02552	37.209	43	25	2	202	242	447	489	2.0	19.6
SA20160228_MPFEEIDI_02554	SA20160228_MPFEEIDI_02539	60.000	10	4	0	242	251	1192	1201	2.4	19.6
SA20160228_MPFEEIDI_02554	SA20160228_MPFEEIDI_02548	80.000	10	2	0	41	50	265	274	2.8	19.2
SA20160228_MPFEEIDI_02554	SA20160228_MPFEEIDI_02549	53.333	15	7	0	161	175	567	581	6.1	18.1
SA20160228_MPFEEIDI_02555	SA20160228_MPFEEIDI_02555	100.000	427	0	0	1	427	1	427	0.0	883
SA20160228_MPFEEIDI_02555	SA20160228_MPFEEIDI_02542	36.957	46	24	2	82	126	139	180	0.28	23.1
SA20160228_MPFEEIDI_02555	SA20160228_MPFEEIDI_02549	27.143	70	40	3	169	233	164	227	0.62	21.9
SA20160228_MPFEEIDI_02555	SA20160228_MPFEEIDI_02541	32.692	52	22	3	273	311	245	296	0.63	21.9
SA20160228_MPFEEIDI_02555	SA20160228_MPFEEIDI_02540	30.189	53	35	1	338	388	148	200	7.1	18.5
SA20160228_MPFEEIDI_02556	SA20160228_MPFEEIDI_02556	100.000	362	0	0	1	362	1	362	0.0	754
SA20160228_MPFEEIDI_02557	SA20160228_MPFEEIDI_02557	100.000	230	0	0	1	230	1	230	1.36e-174	470
SA20160228_MPFEEIDI_02557	SA20160228_MPFEEIDI_02549	34.783	23	13	1	94	116	534	554	2.8	18.9
SA20160228_MPFEEIDI_02557	SA20160228_MPFEEIDI_02547	41.176	17	8	1	159	175	353	367	3.8	18.5
SA20160228_MPFEEIDI_02557	SA20160228_MPFEEIDI_02559	70.000	10	3	0	85	94	125	134	4.0	18.5
SA20160228_MPFEEIDI_02557	SA20160228_MPFEEIDI_02539	40.000	25	15	0	98	122	629	653	6.3	18.1
SA20160228_MPFEEIDI_02557	SA20160228_MPFEEIDI_02552	40.000	20	11	1	126	145	285	303	8.4	17.3
SA20160228_MPFEEIDI_02558	SA20160228_MPFEEIDI_02558	100.000	611	0	0	1	611	1	611	0.0	1264
SA20160228_MPFEEIDI_02558	SA20160228_MPFEEIDI_02549	31.111	45	31	0	215	259	235	279	0.37	23.5
SA20160228_MPFEEIDI_02558	SA20160228_MPFEEIDI_02552	37.931	29	17	1	152	179	171	199	0.93	21.9
SA20160228_MPFEEIDI_02558	SA20160228_MPFEEIDI_02539	26.214	103	57	3	433	529	1015	1104	1.1	21.9
SA20160228_MPFEEIDI_02558	SA20160228_MPFEEIDI_02554	46.429	28	13	1	198	223	24	51	1.2	21.6
SA20160228_MPFEEIDI_02558	SA20160228_MPFEEIDI_02548	47.826	23	12	0	381	403	244	266	2.1	20.8
SA20160228_MPFEEIDI_02558	SA20160228_MPFEEIDI_02550	20.000	100	73	2	368	466	56	149	3.9	20.0
SA20160228_MPFEEIDI_02559	SA20160228_MPFEEIDI_02559	100.000	285	0	0	1	285	1	285	0.0	578
SA20160228_MPFEEIDI_02559	SA20160228_MPFEEIDI_02544	53.846	13	6	0	217	229	39	51	1.2	20.4
SA20160228_MPFEEIDI_02559	SA20160228_MPFEEIDI_02550	69.231	13	4	0	77	89	262	274	4.1	18.9
SA20160228_MPFEEIDI_02559	SA20160228_MPFEEIDI_02557	70.000	10	3	0	125	134	85	94	5.0	18.5
