SA20160203_GIPDFLML_02642	SA20160323_HIEPLBCK_00521	27.660	47	31	2	23	66	32	78	1.0	20.0
SA20160203_GIPDFLML_02642	SA20160323_HIEPLBCK_00527	69.231	13	4	0	77	89	262	274	2.7	18.9
SA20160203_GIPDFLML_02643	SA20160323_HIEPLBCK_00526	31.111	45	31	0	190	234	235	279	0.24	23.5
SA20160203_GIPDFLML_02643	SA20160323_HIEPLBCK_00516	26.214	103	57	3	408	504	1015	1104	0.58	22.3
SA20160203_GIPDFLML_02643	SA20160323_HIEPLBCK_00525	47.826	23	12	0	356	378	244	266	1.4	20.8
SA20160203_GIPDFLML_02643	SA20160323_HIEPLBCK_00527	20.000	100	73	2	343	441	56	149	2.2	20.0
SA20160203_GIPDFLML_02643	SA20160323_HIEPLBCK_00521	29.412	34	24	0	219	252	98	131	5.9	18.9
SA20160203_GIPDFLML_02643	SA20160323_HIEPLBCK_00524	21.569	51	40	0	265	315	253	303	9.3	18.1
SA20160203_GIPDFLML_02644	SA20160323_HIEPLBCK_00526	34.783	23	13	1	94	116	534	554	1.8	18.9
SA20160203_GIPDFLML_02644	SA20160323_HIEPLBCK_00524	38.462	13	8	0	93	105	118	130	3.2	18.1
SA20160203_GIPDFLML_02644	SA20160323_HIEPLBCK_00525	38.235	34	19	2	14	46	46	78	6.3	17.3
SA20160203_GIPDFLML_02644	SA20160323_HIEPLBCK_00522	40.000	10	6	0	71	80	100	109	7.1	16.9
SA20160203_GIPDFLML_02644	SA20160323_HIEPLBCK_00517	47.059	17	8	1	83	98	158	174	7.2	16.9
SA20160203_GIPDFLML_02644	SA20160323_HIEPLBCK_00516	40.000	25	15	0	98	122	629	653	7.5	16.9
SA20160203_GIPDFLML_02644	SA20160323_HIEPLBCK_00518	41.379	29	10	2	130	155	347	371	8.2	16.9
SA20160203_GIPDFLML_02644	SA20160323_HIEPLBCK_00519	55.556	9	4	0	38	46	201	209	8.4	16.9
SA20160203_GIPDFLML_02645	SA20160323_HIEPLBCK_00527	28.000	25	16	1	22	44	642	666	7.2	17.7
SA20160203_GIPDFLML_02646	SA20160323_HIEPLBCK_00519	36.957	46	24	2	82	126	139	180	0.18	23.1
SA20160203_GIPDFLML_02646	SA20160323_HIEPLBCK_00526	27.143	70	40	3	169	233	164	227	0.40	21.9
SA20160203_GIPDFLML_02646	SA20160323_HIEPLBCK_00518	32.692	52	22	3	273	311	245	296	0.40	21.9
SA20160203_GIPDFLML_02646	SA20160323_HIEPLBCK_00517	32.075	53	34	1	338	388	148	200	1.0	20.4
SA20160203_GIPDFLML_02646	SA20160323_HIEPLBCK_00516	66.667	9	3	0	237	245	735	743	8.0	18.1
SA20160203_GIPDFLML_02646	SA20160323_HIEPLBCK_00522	26.667	90	48	4	195	284	16	87	9.1	17.7
SA20160203_GIPDFLML_02647	SA20160323_HIEPLBCK_00516	60.000	10	4	0	242	251	1192	1201	1.5	19.6
SA20160203_GIPDFLML_02647	SA20160323_HIEPLBCK_00526	53.333	15	7	0	161	175	567	581	3.9	18.1
SA20160203_GIPDFLML_02647	SA20160323_HIEPLBCK_00519	43.478	23	12	1	22	43	159	181	7.5	16.9
SA20160203_GIPDFLML_02648	SA20160323_HIEPLBCK_00526	32.000	50	31	1	12	58	376	425	0.015	25.4
SA20160203_GIPDFLML_02648	SA20160323_HIEPLBCK_00516	47.826	23	12	0	7	29	29	51	0.029	24.6
SA20160203_GIPDFLML_02648	SA20160323_HIEPLBCK_00518	33.333	33	21	1	82	113	38	70	0.95	19.6
SA20160203_GIPDFLML_02648	SA20160323_HIEPLBCK_00521	40.000	15	9	0	25	39	240	254	3.7	17.7
SA20160203_GIPDFLML_02648	SA20160323_HIEPLBCK_00524	36.667	30	18	1	195	223	205	234	4.5	17.7
SA20160203_GIPDFLML_02648	SA20160323_HIEPLBCK_00525	50.000	12	6	0	22	33	291	302	5.1	17.3
SA20160203_GIPDFLML_02649	SA20160323_HIEPLBCK_00518	30.000	50	33	1	447	494	193	242	0.29	23.1
SA20160203_GIPDFLML_02649	SA20160323_HIEPLBCK_00526	29.412	34	24	0	476	509	438	471	1.9	20.4
SA20160203_GIPDFLML_02649	SA20160323_HIEPLBCK_00516	25.000	52	32	2	248	297	1301	1347	3.8	19.2
SA20160203_GIPDFLML_02649	SA20160323_HIEPLBCK_00524	33.333	27	18	0	171	197	115	141	3.9	19.2
SA20160203_GIPDFLML_02650	SA20160323_HIEPLBCK_00526	40.741	27	13	1	66	92	339	362	3.0	16.5
SA20160203_GIPDFLML_02650	SA20160323_HIEPLBCK_00522	32.609	46	26	2	8	48	43	88	6.3	15.8
SA20160203_GIPDFLML_02650	SA20160323_HIEPLBCK_00516	57.143	14	6	0	1	14	520	533	6.7	15.8
SA20160203_GIPDFLML_02650	SA20160323_HIEPLBCK_00521	38.889	18	11	0	6	23	91	108	7.4	15.4
SA20160203_GIPDFLML_02651	SA20160323_HIEPLBCK_00527	99.469	754	4	0	1	754	1	754	0.0	1511
SA20160203_GIPDFLML_02651	SA20160323_HIEPLBCK_00520	28.571	28	20	0	429	456	222	249	2.4	20.4
SA20160203_GIPDFLML_02651	SA20160323_HIEPLBCK_00524	46.667	15	8	0	527	541	239	253	8.2	18.9
SA20160203_GIPDFLML_02651	SA20160323_HIEPLBCK_00525	38.889	18	11	0	622	639	142	159	9.1	18.5
SA20160203_GIPDFLML_02651	SA20160323_HIEPLBCK_00521	25.000	44	24	2	536	579	115	149	9.9	18.5
SA20160203_GIPDFLML_02652	SA20160323_HIEPLBCK_00526	100.000	582	0	0	1	582	1	582	0.0	1191
SA20160203_GIPDFLML_02652	SA20160323_HIEPLBCK_00516	50.000	18	8	1	374	390	32	49	5.2	18.9
SA20160203_GIPDFLML_02652	SA20160323_HIEPLBCK_00525	25.424	59	43	1	498	555	108	166	6.7	18.5
SA20160203_GIPDFLML_02653	SA20160323_HIEPLBCK_00525	99.077	325	3	0	1	325	1	325	0.0	649
SA20160203_GIPDFLML_02653	SA20160323_HIEPLBCK_00517	21.739	46	31	1	163	208	159	199	0.82	20.4
SA20160203_GIPDFLML_02653	SA20160323_HIEPLBCK_00526	33.333	21	14	0	108	128	498	518	3.4	18.9
SA20160203_GIPDFLML_02653	SA20160323_HIEPLBCK_00527	38.889	18	11	0	142	159	622	639	3.9	18.5
SA20160203_GIPDFLML_02654	SA20160323_HIEPLBCK_00524	97.561	410	10	0	1	410	1	410	0.0	820
SA20160203_GIPDFLML_02654	SA20160323_HIEPLBCK_00517	26.866	67	43	1	41	101	1	67	4.1	18.5
SA20160203_GIPDFLML_02654	SA20160323_HIEPLBCK_00520	85.714	7	1	0	257	263	240	246	4.2	18.5
SA20160203_GIPDFLML_02654	SA20160323_HIEPLBCK_00527	46.667	15	8	0	239	253	527	541	4.6	18.5
SA20160203_GIPDFLML_02654	SA20160323_HIEPLBCK_00521	27.027	37	23	1	118	154	263	295	7.2	17.7
SA20160203_GIPDFLML_02654	SA20160323_HIEPLBCK_00516	60.000	10	4	0	144	153	866	875	8.8	17.7
SA20160203_GIPDFLML_02655	SA20160323_HIEPLBCK_00523	100.000	60	0	0	1	60	1	60	1.29e-43	125
SA20160203_GIPDFLML_02655	SA20160323_HIEPLBCK_00517	54.545	11	5	0	38	48	205	215	5.3	15.0
SA20160203_GIPDFLML_02655	SA20160323_HIEPLBCK_00527	50.000	10	5	0	5	14	261	270	9.3	14.2
SA20160203_GIPDFLML_02656	SA20160323_HIEPLBCK_00522	100.000	248	0	0	1	248	1	248	0.0	508
SA20160203_GIPDFLML_02656	SA20160323_HIEPLBCK_00519	43.750	16	9	0	184	199	17	32	1.1	19.6
SA20160203_GIPDFLML_02656	SA20160323_HIEPLBCK_00516	31.034	29	20	0	51	79	309	337	3.4	18.1
SA20160203_GIPDFLML_02656	SA20160323_HIEPLBCK_00521	28.571	35	21	1	3	37	222	252	3.6	18.1
SA20160203_GIPDFLML_02656	SA20160323_HIEPLBCK_00520	44.444	18	9	1	193	209	68	85	4.0	17.7
SA20160203_GIPDFLML_02657	SA20160323_HIEPLBCK_00521	99.327	297	2	0	1	297	1	297	0.0	605
SA20160203_GIPDFLML_02657	SA20160323_HIEPLBCK_00518	21.088	147	80	6	122	258	275	395	0.61	20.8
SA20160203_GIPDFLML_02657	SA20160323_HIEPLBCK_00516	38.462	26	11	1	107	132	933	953	3.2	18.5
SA20160203_GIPDFLML_02657	SA20160323_HIEPLBCK_00527	25.000	44	24	2	115	149	536	579	4.4	18.1
SA20160203_GIPDFLML_02657	SA20160323_HIEPLBCK_00522	28.571	35	21	1	222	252	3	37	4.7	18.1
SA20160203_GIPDFLML_02657	SA20160323_HIEPLBCK_00524	27.027	37	23	1	263	295	118	154	5.5	17.7
SA20160203_GIPDFLML_02658	SA20160323_HIEPLBCK_00520	100.000	258	0	0	1	258	1	258	0.0	515
SA20160203_GIPDFLML_02658	SA20160323_HIEPLBCK_00527	28.571	28	20	0	222	249	429	456	1.0	20.0
SA20160203_GIPDFLML_02658	SA20160323_HIEPLBCK_00522	29.032	62	33	3	30	85	153	209	1.3	19.2
SA20160203_GIPDFLML_02658	SA20160323_HIEPLBCK_00516	20.270	74	59	0	100	173	91	164	2.2	18.9
SA20160203_GIPDFLML_02658	SA20160323_HIEPLBCK_00524	85.714	7	1	0	240	246	257	263	2.7	18.5
SA20160203_GIPDFLML_02659	SA20160323_HIEPLBCK_00519	100.000	267	0	0	1	267	1	267	0.0	558
SA20160203_GIPDFLML_02659	SA20160323_HIEPLBCK_00516	32.143	56	25	2	26	74	640	689	0.39	21.6
SA20160203_GIPDFLML_02659	SA20160323_HIEPLBCK_00522	43.750	16	9	0	17	32	184	199	1.2	19.6
SA20160203_GIPDFLML_02660	SA20160323_HIEPLBCK_00518	100.000	440	0	0	1	440	1	440	0.0	899
SA20160203_GIPDFLML_02660	SA20160323_HIEPLBCK_00516	50.000	16	8	0	70	85	1045	1060	1.2	20.8
SA20160203_GIPDFLML_02661	SA20160323_HIEPLBCK_00517	99.145	234	2	0	1	234	1	234	1.78e-176	475
SA20160203_GIPDFLML_02661	SA20160323_HIEPLBCK_00516	31.148	61	28	3	22	82	1319	1365	0.20	21.9
SA20160203_GIPDFLML_02661	SA20160323_HIEPLBCK_00525	23.913	46	30	1	159	199	163	208	0.22	21.9
SA20160203_GIPDFLML_02661	SA20160323_HIEPLBCK_00524	26.866	67	43	1	1	67	41	101	2.3	18.5
SA20160203_GIPDFLML_02661	SA20160323_HIEPLBCK_00527	35.714	14	9	0	13	26	97	110	7.2	16.9
SA20160203_GIPDFLML_02661	SA20160323_HIEPLBCK_00526	26.154	65	43	1	175	234	380	444	9.2	16.9
SA20160203_GIPDFLML_02662	SA20160323_HIEPLBCK_00516	99.798	1488	3	0	1	1488	1	1488	0.0	3013
SA20160203_GIPDFLML_02662	SA20160323_HIEPLBCK_00517	27.083	48	33	1	563	610	130	175	0.85	22.7
SA20160203_GIPDFLML_02662	SA20160323_HIEPLBCK_00519	32.143	56	25	2	640	689	26	74	2.1	21.6
SA20160203_GIPDFLML_02662	SA20160323_HIEPLBCK_00518	50.000	16	8	0	1045	1060	70	85	3.7	20.8
SA20160323_HIEPLBCK_00516	SA20160323_HIEPLBCK_00516	100.000	1488	0	0	1	1488	1	1488	0.0	3018
SA20160323_HIEPLBCK_00516	SA20160323_HIEPLBCK_00517	27.083	48	33	1	563	610	130	175	0.82	22.7
SA20160323_HIEPLBCK_00516	SA20160323_HIEPLBCK_00519	32.143	56	25	2	640	689	26	74	2.1	21.6
SA20160323_HIEPLBCK_00516	SA20160323_HIEPLBCK_00518	50.000	16	8	0	1045	1060	70	85	3.7	20.8
SA20160323_HIEPLBCK_00517	SA20160323_HIEPLBCK_00517	100.000	234	0	0	1	234	1	234	2.05e-177	477
SA20160323_HIEPLBCK_00517	SA20160323_HIEPLBCK_00516	31.148	61	28	3	22	82	1319	1365	0.19	22.3
SA20160323_HIEPLBCK_00517	SA20160323_HIEPLBCK_00525	21.739	46	31	1	159	199	163	208	0.61	20.4
SA20160323_HIEPLBCK_00517	SA20160323_HIEPLBCK_00524	26.866	67	43	1	1	67	41	101	2.5	18.5
SA20160323_HIEPLBCK_00517	SA20160323_HIEPLBCK_00527	35.714	14	9	0	13	26	97	110	7.2	16.9
SA20160323_HIEPLBCK_00517	SA20160323_HIEPLBCK_00526	26.154	65	43	1	175	234	380	444	7.3	16.9
SA20160323_HIEPLBCK_00518	SA20160323_HIEPLBCK_00518	100.000	440	0	0	1	440	1	440	0.0	899
SA20160323_HIEPLBCK_00518	SA20160323_HIEPLBCK_00516	50.000	16	8	0	70	85	1045	1060	1.2	20.8
SA20160323_HIEPLBCK_00519	SA20160323_HIEPLBCK_00519	100.000	267	0	0	1	267	1	267	0.0	558
SA20160323_HIEPLBCK_00519	SA20160323_HIEPLBCK_00516	32.143	56	25	2	26	74	640	689	0.39	21.6
SA20160323_HIEPLBCK_00519	SA20160323_HIEPLBCK_00522	43.750	16	9	0	17	32	184	199	1.2	19.6
SA20160323_HIEPLBCK_00520	SA20160323_HIEPLBCK_00520	100.000	258	0	0	1	258	1	258	0.0	515
SA20160323_HIEPLBCK_00520	SA20160323_HIEPLBCK_00527	28.571	28	20	0	222	249	429	456	1.0	20.0
SA20160323_HIEPLBCK_00520	SA20160323_HIEPLBCK_00522	29.032	62	33	3	30	85	153	209	1.3	19.2
SA20160323_HIEPLBCK_00520	SA20160323_HIEPLBCK_00516	20.270	74	59	0	100	173	91	164	2.2	18.9
SA20160323_HIEPLBCK_00520	SA20160323_HIEPLBCK_00524	85.714	7	1	0	240	246	257	263	2.7	18.5
SA20160323_HIEPLBCK_00521	SA20160323_HIEPLBCK_00521	100.000	297	0	0	1	297	1	297	0.0	609
SA20160323_HIEPLBCK_00521	SA20160323_HIEPLBCK_00516	38.462	26	11	1	107	132	933	953	3.3	18.5
SA20160323_HIEPLBCK_00521	SA20160323_HIEPLBCK_00527	25.000	44	24	2	115	149	536	579	4.4	18.1
SA20160323_HIEPLBCK_00521	SA20160323_HIEPLBCK_00524	27.027	37	23	1	263	295	118	154	5.8	17.7
SA20160323_HIEPLBCK_00522	SA20160323_HIEPLBCK_00522	100.000	248	0	0	1	248	1	248	0.0	508
SA20160323_HIEPLBCK_00522	SA20160323_HIEPLBCK_00519	43.750	16	9	0	184	199	17	32	1.1	19.6
SA20160323_HIEPLBCK_00522	SA20160323_HIEPLBCK_00516	31.034	29	20	0	51	79	309	337	3.4	18.1
SA20160323_HIEPLBCK_00522	SA20160323_HIEPLBCK_00520	44.444	18	9	1	193	209	68	85	4.0	17.7
SA20160323_HIEPLBCK_00523	SA20160323_HIEPLBCK_00523	100.000	60	0	0	1	60	1	60	1.29e-43	125
SA20160323_HIEPLBCK_00523	SA20160323_HIEPLBCK_00517	54.545	11	5	0	38	48	205	215	5.3	15.0
SA20160323_HIEPLBCK_00523	SA20160323_HIEPLBCK_00527	50.000	10	5	0	5	14	261	270	9.3	14.2
SA20160323_HIEPLBCK_00524	SA20160323_HIEPLBCK_00524	100.000	410	0	0	1	410	1	410	0.0	841
SA20160323_HIEPLBCK_00524	SA20160323_HIEPLBCK_00517	26.866	67	43	1	41	101	1	67	4.3	18.5
SA20160323_HIEPLBCK_00524	SA20160323_HIEPLBCK_00520	85.714	7	1	0	257	263	240	246	4.3	18.5
SA20160323_HIEPLBCK_00524	SA20160323_HIEPLBCK_00527	46.667	15	8	0	239	253	527	541	5.0	18.5
SA20160323_HIEPLBCK_00524	SA20160323_HIEPLBCK_00516	34.615	26	17	0	186	211	434	459	6.7	18.1
SA20160323_HIEPLBCK_00524	SA20160323_HIEPLBCK_00521	27.027	37	23	1	118	154	263	295	8.0	17.7
SA20160323_HIEPLBCK_00525	SA20160323_HIEPLBCK_00525	100.000	325	0	0	1	325	1	325	0.0	654
SA20160323_HIEPLBCK_00525	SA20160323_HIEPLBCK_00517	21.739	46	31	1	163	208	159	199	0.80	20.4
SA20160323_HIEPLBCK_00525	SA20160323_HIEPLBCK_00526	33.333	21	14	0	108	128	498	518	3.3	18.9
SA20160323_HIEPLBCK_00525	SA20160323_HIEPLBCK_00527	38.889	18	11	0	142	159	622	639	3.9	18.5
SA20160323_HIEPLBCK_00526	SA20160323_HIEPLBCK_00526	100.000	582	0	0	1	582	1	582	0.0	1191
SA20160323_HIEPLBCK_00526	SA20160323_HIEPLBCK_00516	50.000	18	8	1	374	390	32	49	5.2	18.9
SA20160323_HIEPLBCK_00526	SA20160323_HIEPLBCK_00525	25.424	59	43	1	498	555	108	166	6.7	18.5
SA20160323_HIEPLBCK_00527	SA20160323_HIEPLBCK_00527	100.000	754	0	0	1	754	1	754	0.0	1517
SA20160323_HIEPLBCK_00527	SA20160323_HIEPLBCK_00520	28.571	28	20	0	429	456	222	249	2.4	20.4
SA20160323_HIEPLBCK_00527	SA20160323_HIEPLBCK_00524	46.667	15	8	0	527	541	239	253	8.3	18.5
SA20160323_HIEPLBCK_00527	SA20160323_HIEPLBCK_00525	38.889	18	11	0	622	639	142	159	8.9	18.5
SA20160203_GIPDFLML_02642	SA20160203_GIPDFLML_02642	100.000	285	0	0	1	285	1	285	0.0	578
SA20160203_GIPDFLML_02642	SA20160203_GIPDFLML_02657	53.846	13	6	0	217	229	39	51	1.2	20.4
SA20160203_GIPDFLML_02642	SA20160203_GIPDFLML_02651	69.231	13	4	0	77	89	262	274	4.1	18.9
SA20160203_GIPDFLML_02642	SA20160203_GIPDFLML_02644	70.000	10	3	0	125	134	85	94	5.0	18.5
SA20160203_GIPDFLML_02643	SA20160203_GIPDFLML_02643	100.000	586	0	0	1	586	1	586	0.0	1211
SA20160203_GIPDFLML_02643	SA20160203_GIPDFLML_02652	31.111	45	31	0	190	234	235	279	0.38	23.5
SA20160203_GIPDFLML_02643	SA20160203_GIPDFLML_02649	37.931	29	17	1	127	154	171	199	0.89	21.9
SA20160203_GIPDFLML_02643	SA20160203_GIPDFLML_02662	26.214	103	57	3	408	504	1015	1104	0.93	21.9
SA20160203_GIPDFLML_02643	SA20160203_GIPDFLML_02647	46.429	28	13	1	173	198	24	51	1.2	21.6
SA20160203_GIPDFLML_02643	SA20160203_GIPDFLML_02653	47.826	23	12	0	356	378	244	266	2.1	20.8
SA20160203_GIPDFLML_02643	SA20160203_GIPDFLML_02651	20.000	100	73	2	343	441	56	149	3.4	20.4
SA20160203_GIPDFLML_02643	SA20160203_GIPDFLML_02657	29.412	34	24	0	219	252	98	131	9.5	18.5
SA20160203_GIPDFLML_02644	SA20160203_GIPDFLML_02644	100.000	230	0	0	1	230	1	230	1.35e-174	470
SA20160203_GIPDFLML_02644	SA20160203_GIPDFLML_02652	34.783	23	13	1	94	116	534	554	2.8	18.9
SA20160203_GIPDFLML_02644	SA20160203_GIPDFLML_02654	41.176	17	8	1	159	175	353	367	3.8	18.5
SA20160203_GIPDFLML_02644	SA20160203_GIPDFLML_02642	70.000	10	3	0	85	94	125	134	4.0	18.5
SA20160203_GIPDFLML_02644	SA20160203_GIPDFLML_02662	40.000	25	15	0	98	122	629	653	6.2	18.1
SA20160203_GIPDFLML_02644	SA20160203_GIPDFLML_02649	40.000	20	11	1	126	145	285	303	8.3	17.3
SA20160203_GIPDFLML_02645	SA20160203_GIPDFLML_02645	100.000	362	0	0	1	362	1	362	0.0	754
SA20160203_GIPDFLML_02646	SA20160203_GIPDFLML_02646	100.000	427	0	0	1	427	1	427	0.0	883
SA20160203_GIPDFLML_02646	SA20160203_GIPDFLML_02659	36.957	46	24	2	82	126	139	180	0.27	23.1
SA20160203_GIPDFLML_02646	SA20160203_GIPDFLML_02652	27.143	70	40	3	169	233	164	227	0.62	21.9
SA20160203_GIPDFLML_02646	SA20160203_GIPDFLML_02660	32.692	52	22	3	273	311	245	296	0.62	21.9
SA20160203_GIPDFLML_02646	SA20160203_GIPDFLML_02661	30.189	53	35	1	338	388	148	200	7.1	18.5
SA20160203_GIPDFLML_02647	SA20160203_GIPDFLML_02647	100.000	253	0	0	1	253	1	253	0.0	514
SA20160203_GIPDFLML_02647	SA20160203_GIPDFLML_02643	46.429	28	13	1	24	51	173	198	0.46	21.6
SA20160203_GIPDFLML_02647	SA20160203_GIPDFLML_02649	37.209	43	25	2	202	242	447	489	2.0	19.6
SA20160203_GIPDFLML_02647	SA20160203_GIPDFLML_02662	60.000	10	4	0	242	251	1192	1201	2.3	19.6
SA20160203_GIPDFLML_02647	SA20160203_GIPDFLML_02653	80.000	10	2	0	41	50	265	274	2.8	19.2
SA20160203_GIPDFLML_02647	SA20160203_GIPDFLML_02652	53.333	15	7	0	161	175	567	581	6.0	18.1
SA20160203_GIPDFLML_02648	SA20160203_GIPDFLML_02648	100.000	227	0	0	1	227	1	227	8.70e-168	452
SA20160203_GIPDFLML_02648	SA20160203_GIPDFLML_02652	32.000	50	31	1	12	58	376	425	0.024	25.4
SA20160203_GIPDFLML_02648	SA20160203_GIPDFLML_02662	47.826	23	12	0	7	29	29	51	0.044	24.6
SA20160203_GIPDFLML_02648	SA20160203_GIPDFLML_02660	33.333	33	21	1	82	113	38	70	1.5	19.6
SA20160203_GIPDFLML_02648	SA20160203_GIPDFLML_02657	40.000	15	9	0	25	39	240	254	5.9	17.7
SA20160203_GIPDFLML_02648	SA20160203_GIPDFLML_02653	50.000	12	6	0	22	33	291	302	7.4	17.7
SA20160203_GIPDFLML_02648	SA20160203_GIPDFLML_02643	29.412	17	12	0	6	22	243	259	8.8	17.3
SA20160203_GIPDFLML_02649	SA20160203_GIPDFLML_02649	100.000	557	0	0	1	557	1	557	0.0	1112
SA20160203_GIPDFLML_02649	SA20160203_GIPDFLML_02660	30.000	50	33	1	447	494	193	242	0.45	23.1
SA20160203_GIPDFLML_02649	SA20160203_GIPDFLML_02643	37.931	29	17	1	171	199	127	154	0.81	22.3
SA20160203_GIPDFLML_02649	SA20160203_GIPDFLML_02652	29.412	34	24	0	476	509	438	471	3.0	20.4
SA20160203_GIPDFLML_02649	SA20160203_GIPDFLML_02647	37.209	43	25	2	447	489	202	242	4.2	19.6
SA20160203_GIPDFLML_02649	SA20160203_GIPDFLML_02654	33.333	27	18	0	171	197	115	141	5.9	19.2
SA20160203_GIPDFLML_02650	SA20160203_GIPDFLML_02650	100.000	94	0	0	1	94	1	94	4.71e-70	195
SA20160203_GIPDFLML_02650	SA20160203_GIPDFLML_02652	40.741	27	13	1	66	92	339	362	4.7	16.5
SA20160203_GIPDFLML_02650	SA20160203_GIPDFLML_02656	32.609	46	26	2	8	48	43	88	9.8	15.8
SA20160203_GIPDFLML_02651	SA20160203_GIPDFLML_02651	100.000	754	0	0	1	754	1	754	0.0	1516
SA20160203_GIPDFLML_02651	SA20160203_GIPDFLML_02658	28.571	28	20	0	429	456	222	249	3.8	20.4
SA20160203_GIPDFLML_02651	SA20160203_GIPDFLML_02643	20.000	100	73	2	56	149	343	441	3.9	20.4
SA20160203_GIPDFLML_02652	SA20160203_GIPDFLML_02652	100.000	582	0	0	1	582	1	582	0.0	1191
SA20160203_GIPDFLML_02652	SA20160203_GIPDFLML_02648	32.000	50	31	1	376	425	12	58	0.062	25.4
SA20160203_GIPDFLML_02652	SA20160203_GIPDFLML_02643	31.111	45	31	0	235	279	190	234	0.35	23.5
SA20160203_GIPDFLML_02652	SA20160203_GIPDFLML_02646	27.143	70	40	3	164	227	169	233	0.89	21.9
SA20160203_GIPDFLML_02652	SA20160203_GIPDFLML_02649	29.412	34	24	0	438	471	476	509	3.4	20.0
SA20160203_GIPDFLML_02652	SA20160203_GIPDFLML_02644	34.783	23	13	1	534	554	94	116	7.1	18.9
SA20160203_GIPDFLML_02652	SA20160203_GIPDFLML_02662	50.000	18	8	1	374	390	32	49	8.2	18.9
SA20160203_GIPDFLML_02653	SA20160203_GIPDFLML_02653	100.000	325	0	0	1	325	1	325	0.0	653
SA20160203_GIPDFLML_02653	SA20160203_GIPDFLML_02661	23.913	46	30	1	163	208	159	199	0.47	21.9
SA20160203_GIPDFLML_02653	SA20160203_GIPDFLML_02643	47.826	23	12	0	244	266	356	378	1.3	20.8
SA20160203_GIPDFLML_02653	SA20160203_GIPDFLML_02647	80.000	10	2	0	265	274	41	50	3.7	18.9
SA20160203_GIPDFLML_02653	SA20160203_GIPDFLML_02652	33.333	21	14	0	108	128	498	518	5.3	18.9
SA20160203_GIPDFLML_02653	SA20160203_GIPDFLML_02651	38.889	18	11	0	142	159	622	639	6.0	18.5
SA20160203_GIPDFLML_02654	SA20160203_GIPDFLML_02654	100.000	410	0	0	1	410	1	410	0.0	840
SA20160203_GIPDFLML_02654	SA20160203_GIPDFLML_02649	33.333	27	18	0	115	141	171	197	4.4	19.2
SA20160203_GIPDFLML_02654	SA20160203_GIPDFLML_02661	26.866	67	43	1	41	101	1	67	6.3	18.5
SA20160203_GIPDFLML_02654	SA20160203_GIPDFLML_02658	85.714	7	1	0	257	263	240	246	6.5	18.5
SA20160203_GIPDFLML_02654	SA20160203_GIPDFLML_02644	41.176	17	8	1	353	367	159	175	6.8	18.5
SA20160203_GIPDFLML_02654	SA20160203_GIPDFLML_02651	46.667	15	8	0	239	253	527	541	7.5	18.5
SA20160203_GIPDFLML_02654	SA20160203_GIPDFLML_02643	21.569	51	40	0	253	303	265	315	9.3	18.1
SA20160203_GIPDFLML_02655	SA20160203_GIPDFLML_02655	100.000	60	0	0	1	60	1	60	2.01e-43	125
SA20160203_GIPDFLML_02655	SA20160203_GIPDFLML_02642	35.714	14	9	0	6	19	77	90	3.9	15.8
SA20160203_GIPDFLML_02656	SA20160203_GIPDFLML_02656	100.000	248	0	0	1	248	1	248	0.0	508
SA20160203_GIPDFLML_02656	SA20160203_GIPDFLML_02659	43.750	16	9	0	184	199	17	32	1.7	19.6
SA20160203_GIPDFLML_02656	SA20160203_GIPDFLML_02662	31.034	29	20	0	51	79	309	337	5.3	18.5
SA20160203_GIPDFLML_02656	SA20160203_GIPDFLML_02658	44.444	18	9	1	193	209	68	85	6.2	17.7
SA20160203_GIPDFLML_02656	SA20160203_GIPDFLML_02646	26.667	90	48	4	16	87	195	284	8.2	17.7
SA20160203_GIPDFLML_02656	SA20160203_GIPDFLML_02649	36.111	36	22	1	35	69	51	86	9.8	17.3
SA20160203_GIPDFLML_02657	SA20160203_GIPDFLML_02657	100.000	297	0	0	1	297	1	297	0.0	609
SA20160203_GIPDFLML_02657	SA20160203_GIPDFLML_02642	53.846	13	6	0	39	51	217	229	1.2	20.4
SA20160203_GIPDFLML_02657	SA20160203_GIPDFLML_02643	29.412	34	24	0	98	131	219	252	4.8	18.9
SA20160203_GIPDFLML_02657	SA20160203_GIPDFLML_02662	38.462	26	11	1	107	132	933	953	5.1	18.5
SA20160203_GIPDFLML_02657	SA20160203_GIPDFLML_02651	25.000	44	24	2	115	149	536	579	7.4	18.1
SA20160203_GIPDFLML_02657	SA20160203_GIPDFLML_02648	40.000	15	9	0	240	254	25	39	7.7	17.7
SA20160203_GIPDFLML_02657	SA20160203_GIPDFLML_02654	27.027	37	23	1	263	295	118	154	8.1	18.1
SA20160203_GIPDFLML_02658	SA20160203_GIPDFLML_02658	100.000	258	0	0	1	258	1	258	0.0	515
SA20160203_GIPDFLML_02658	SA20160203_GIPDFLML_02651	28.571	28	20	0	222	249	429	456	1.6	20.0
SA20160203_GIPDFLML_02658	SA20160203_GIPDFLML_02656	29.032	62	33	3	30	85	153	209	2.1	19.2
SA20160203_GIPDFLML_02658	SA20160203_GIPDFLML_02662	20.270	74	59	0	100	173	91	164	3.5	18.9
SA20160203_GIPDFLML_02658	SA20160203_GIPDFLML_02654	85.714	7	1	0	240	246	257	263	4.0	18.5
SA20160203_GIPDFLML_02659	SA20160203_GIPDFLML_02659	100.000	267	0	0	1	267	1	267	0.0	558
SA20160203_GIPDFLML_02659	SA20160203_GIPDFLML_02646	36.957	46	24	2	139	180	82	126	0.16	23.1
SA20160203_GIPDFLML_02659	SA20160203_GIPDFLML_02662	32.143	56	25	2	26	74	640	689	0.61	21.6
SA20160203_GIPDFLML_02659	SA20160203_GIPDFLML_02656	43.750	16	9	0	17	32	184	199	1.8	19.6
SA20160203_GIPDFLML_02659	SA20160203_GIPDFLML_02643	45.455	11	6	0	23	33	476	486	8.5	17.7
SA20160203_GIPDFLML_02660	SA20160203_GIPDFLML_02660	100.000	440	0	0	1	440	1	440	0.0	899
SA20160203_GIPDFLML_02660	SA20160203_GIPDFLML_02649	30.000	50	33	1	193	242	447	494	0.45	22.7
SA20160203_GIPDFLML_02660	SA20160203_GIPDFLML_02646	32.692	52	22	3	245	296	273	311	0.70	21.9
SA20160203_GIPDFLML_02660	SA20160203_GIPDFLML_02662	50.000	16	8	0	70	85	1045	1060	1.9	20.8
SA20160203_GIPDFLML_02660	SA20160203_GIPDFLML_02648	33.333	33	21	1	38	70	82	113	3.1	19.6
SA20160203_GIPDFLML_02661	SA20160203_GIPDFLML_02661	100.000	234	0	0	1	234	1	234	2.69e-177	477
SA20160203_GIPDFLML_02661	SA20160203_GIPDFLML_02662	31.148	61	28	3	22	82	1319	1365	0.31	21.9
SA20160203_GIPDFLML_02661	SA20160203_GIPDFLML_02653	23.913	46	30	1	159	199	163	208	0.35	21.9
SA20160203_GIPDFLML_02661	SA20160203_GIPDFLML_02654	26.866	67	43	1	1	67	41	101	3.6	18.5
SA20160203_GIPDFLML_02661	SA20160203_GIPDFLML_02646	30.189	53	35	1	148	200	338	388	3.9	18.5
SA20160203_GIPDFLML_02662	SA20160203_GIPDFLML_02662	100.000	1488	0	0	1	1488	1	1488	0.0	3018
SA20160203_GIPDFLML_02662	SA20160203_GIPDFLML_02648	47.826	23	12	0	29	51	7	29	0.29	24.6
SA20160203_GIPDFLML_02662	SA20160203_GIPDFLML_02645	41.379	29	17	0	883	911	85	113	0.94	23.5
SA20160203_GIPDFLML_02662	SA20160203_GIPDFLML_02661	27.083	48	33	1	563	610	130	175	1.4	22.7
SA20160203_GIPDFLML_02662	SA20160203_GIPDFLML_02659	32.143	56	25	2	640	689	26	74	3.3	21.6
SA20160203_GIPDFLML_02662	SA20160203_GIPDFLML_02660	50.000	16	8	0	1045	1060	70	85	5.8	20.8
