SA20160200_AKBDPEOC_03142	SA20160210_EPKMIBEH_02427	100.000	1488	0	0	1	1488	1	1488	0.0	3018
SA20160200_AKBDPEOC_03142	SA20160210_EPKMIBEH_02413	47.826	23	12	0	29	51	7	29	0.29	24.6
SA20160200_AKBDPEOC_03142	SA20160210_EPKMIBEH_02410	41.379	29	17	0	883	911	85	113	0.94	23.5
SA20160200_AKBDPEOC_03142	SA20160210_EPKMIBEH_02426	27.083	48	33	1	563	610	130	175	1.4	22.7
SA20160200_AKBDPEOC_03142	SA20160210_EPKMIBEH_02408	26.214	103	57	3	1015	1104	408	504	2.5	21.9
SA20160200_AKBDPEOC_03142	SA20160210_EPKMIBEH_02424	32.143	56	25	2	640	689	26	74	3.3	21.6
SA20160200_AKBDPEOC_03142	SA20160210_EPKMIBEH_02425	50.000	16	8	0	1045	1060	70	85	5.8	20.8
SA20160200_AKBDPEOC_03143	SA20160210_EPKMIBEH_02426	100.000	234	0	0	1	234	1	234	2.69e-177	477
SA20160200_AKBDPEOC_03143	SA20160210_EPKMIBEH_02427	31.148	61	28	3	22	82	1319	1365	0.31	21.9
SA20160200_AKBDPEOC_03143	SA20160210_EPKMIBEH_02418	23.913	46	30	1	159	199	163	208	0.35	21.9
SA20160200_AKBDPEOC_03143	SA20160210_EPKMIBEH_02419	26.866	67	43	1	1	67	41	101	3.6	18.5
SA20160200_AKBDPEOC_03143	SA20160210_EPKMIBEH_02411	30.189	53	35	1	148	200	338	388	3.9	18.5
SA20160200_AKBDPEOC_03144	SA20160210_EPKMIBEH_02425	100.000	440	0	0	1	440	1	440	0.0	899
SA20160200_AKBDPEOC_03144	SA20160210_EPKMIBEH_02414	30.000	50	33	1	193	242	447	494	0.45	22.7
SA20160200_AKBDPEOC_03144	SA20160210_EPKMIBEH_02411	32.692	52	22	3	245	296	273	311	0.70	21.9
SA20160200_AKBDPEOC_03144	SA20160210_EPKMIBEH_02427	50.000	16	8	0	70	85	1045	1060	1.9	20.8
SA20160200_AKBDPEOC_03144	SA20160210_EPKMIBEH_02413	33.333	33	21	1	38	70	82	113	3.1	19.6
SA20160200_AKBDPEOC_03145	SA20160210_EPKMIBEH_02424	100.000	267	0	0	1	267	1	267	0.0	558
SA20160200_AKBDPEOC_03145	SA20160210_EPKMIBEH_02411	36.957	46	24	2	139	180	82	126	0.16	23.1
SA20160200_AKBDPEOC_03145	SA20160210_EPKMIBEH_02427	32.143	56	25	2	26	74	640	689	0.61	21.6
SA20160200_AKBDPEOC_03145	SA20160210_EPKMIBEH_02421	43.750	16	9	0	17	32	184	199	1.8	19.6
SA20160200_AKBDPEOC_03145	SA20160210_EPKMIBEH_02408	45.455	11	6	0	23	33	476	486	8.5	17.7
SA20160200_AKBDPEOC_03146	SA20160210_EPKMIBEH_02423	100.000	258	0	0	1	258	1	258	0.0	515
SA20160200_AKBDPEOC_03146	SA20160210_EPKMIBEH_02416	28.571	28	20	0	222	249	429	456	1.6	20.0
SA20160200_AKBDPEOC_03146	SA20160210_EPKMIBEH_02421	29.032	62	33	3	30	85	153	209	2.1	19.2
SA20160200_AKBDPEOC_03146	SA20160210_EPKMIBEH_02427	20.270	74	59	0	100	173	91	164	3.5	18.9
SA20160200_AKBDPEOC_03146	SA20160210_EPKMIBEH_02419	85.714	7	1	0	240	246	257	263	4.0	18.5
SA20160200_AKBDPEOC_03147	SA20160210_EPKMIBEH_02422	100.000	297	0	0	1	297	1	297	0.0	609
SA20160200_AKBDPEOC_03147	SA20160210_EPKMIBEH_02407	53.846	13	6	0	39	51	217	229	1.2	20.4
SA20160200_AKBDPEOC_03147	SA20160210_EPKMIBEH_02408	29.412	34	24	0	98	131	219	252	4.8	18.9
SA20160200_AKBDPEOC_03147	SA20160210_EPKMIBEH_02427	38.462	26	11	1	107	132	933	953	5.1	18.5
SA20160200_AKBDPEOC_03147	SA20160210_EPKMIBEH_02416	25.000	44	24	2	115	149	536	579	7.4	18.1
SA20160200_AKBDPEOC_03147	SA20160210_EPKMIBEH_02413	40.000	15	9	0	240	254	25	39	7.7	17.7
SA20160200_AKBDPEOC_03147	SA20160210_EPKMIBEH_02419	27.027	37	23	1	263	295	118	154	8.1	18.1
SA20160200_AKBDPEOC_03148	SA20160210_EPKMIBEH_02421	100.000	248	0	0	1	248	1	248	0.0	508
SA20160200_AKBDPEOC_03148	SA20160210_EPKMIBEH_02424	43.750	16	9	0	184	199	17	32	1.7	19.6
SA20160200_AKBDPEOC_03148	SA20160210_EPKMIBEH_02427	31.034	29	20	0	51	79	309	337	5.3	18.5
SA20160200_AKBDPEOC_03148	SA20160210_EPKMIBEH_02423	44.444	18	9	1	193	209	68	85	6.2	17.7
SA20160200_AKBDPEOC_03148	SA20160210_EPKMIBEH_02411	26.667	90	48	4	16	87	195	284	8.2	17.7
SA20160200_AKBDPEOC_03148	SA20160210_EPKMIBEH_02414	36.111	36	22	1	35	69	51	86	9.8	17.3
SA20160200_AKBDPEOC_03149	SA20160210_EPKMIBEH_02420	100.000	60	0	0	1	60	1	60	2.01e-43	125
SA20160200_AKBDPEOC_03149	SA20160210_EPKMIBEH_02407	35.714	14	9	0	6	19	77	90	3.9	15.8
SA20160200_AKBDPEOC_03150	SA20160210_EPKMIBEH_02419	100.000	410	0	0	1	410	1	410	0.0	840
SA20160200_AKBDPEOC_03150	SA20160210_EPKMIBEH_02414	33.333	27	18	0	115	141	171	197	4.4	19.2
SA20160200_AKBDPEOC_03150	SA20160210_EPKMIBEH_02426	26.866	67	43	1	41	101	1	67	6.3	18.5
SA20160200_AKBDPEOC_03150	SA20160210_EPKMIBEH_02423	85.714	7	1	0	257	263	240	246	6.5	18.5
SA20160200_AKBDPEOC_03150	SA20160210_EPKMIBEH_02409	41.176	17	8	1	353	367	159	175	6.8	18.5
SA20160200_AKBDPEOC_03150	SA20160210_EPKMIBEH_02416	46.667	15	8	0	239	253	527	541	7.5	18.5
SA20160200_AKBDPEOC_03150	SA20160210_EPKMIBEH_02408	21.569	51	40	0	253	303	265	315	9.3	18.1
SA20160200_AKBDPEOC_03151	SA20160210_EPKMIBEH_02418	100.000	325	0	0	1	325	1	325	0.0	653
SA20160200_AKBDPEOC_03151	SA20160210_EPKMIBEH_02426	23.913	46	30	1	163	208	159	199	0.47	21.9
SA20160200_AKBDPEOC_03151	SA20160210_EPKMIBEH_02408	47.826	23	12	0	244	266	356	378	1.3	20.8
SA20160200_AKBDPEOC_03151	SA20160210_EPKMIBEH_02412	80.000	10	2	0	265	274	41	50	3.7	18.9
SA20160200_AKBDPEOC_03151	SA20160210_EPKMIBEH_02417	33.333	21	14	0	108	128	498	518	5.3	18.9
SA20160200_AKBDPEOC_03151	SA20160210_EPKMIBEH_02416	38.889	18	11	0	142	159	622	639	6.0	18.5
SA20160200_AKBDPEOC_03152	SA20160210_EPKMIBEH_02417	100.000	582	0	0	1	582	1	582	0.0	1191
SA20160200_AKBDPEOC_03152	SA20160210_EPKMIBEH_02413	32.000	50	31	1	376	425	12	58	0.062	25.4
SA20160200_AKBDPEOC_03152	SA20160210_EPKMIBEH_02408	31.111	45	31	0	235	279	190	234	0.35	23.5
SA20160200_AKBDPEOC_03152	SA20160210_EPKMIBEH_02411	27.143	70	40	3	164	227	169	233	0.89	21.9
SA20160200_AKBDPEOC_03152	SA20160210_EPKMIBEH_02414	29.412	34	24	0	438	471	476	509	3.4	20.0
SA20160200_AKBDPEOC_03152	SA20160210_EPKMIBEH_02409	34.783	23	13	1	534	554	94	116	7.1	18.9
SA20160200_AKBDPEOC_03152	SA20160210_EPKMIBEH_02427	50.000	18	8	1	374	390	32	49	8.2	18.9
SA20160200_AKBDPEOC_03153	SA20160210_EPKMIBEH_02416	100.000	754	0	0	1	754	1	754	0.0	1516
SA20160200_AKBDPEOC_03153	SA20160210_EPKMIBEH_02423	28.571	28	20	0	429	456	222	249	3.8	20.4
SA20160200_AKBDPEOC_03153	SA20160210_EPKMIBEH_02408	20.000	100	73	2	56	149	343	441	3.9	20.4
SA20160200_AKBDPEOC_03154	SA20160210_EPKMIBEH_02415	100.000	94	0	0	1	94	1	94	4.71e-70	195
SA20160200_AKBDPEOC_03154	SA20160210_EPKMIBEH_02417	40.741	27	13	1	66	92	339	362	4.7	16.5
SA20160200_AKBDPEOC_03154	SA20160210_EPKMIBEH_02421	32.609	46	26	2	8	48	43	88	9.8	15.8
SA20160200_AKBDPEOC_03155	SA20160210_EPKMIBEH_02414	100.000	557	0	0	1	557	1	557	0.0	1112
SA20160200_AKBDPEOC_03155	SA20160210_EPKMIBEH_02425	30.000	50	33	1	447	494	193	242	0.45	23.1
SA20160200_AKBDPEOC_03155	SA20160210_EPKMIBEH_02408	37.931	29	17	1	171	199	127	154	0.81	22.3
SA20160200_AKBDPEOC_03155	SA20160210_EPKMIBEH_02417	29.412	34	24	0	476	509	438	471	3.0	20.4
SA20160200_AKBDPEOC_03155	SA20160210_EPKMIBEH_02412	37.209	43	25	2	447	489	202	242	4.2	19.6
SA20160200_AKBDPEOC_03155	SA20160210_EPKMIBEH_02419	33.333	27	18	0	171	197	115	141	5.9	19.2
SA20160200_AKBDPEOC_03155	SA20160210_EPKMIBEH_02427	25.000	52	32	2	248	297	1301	1347	6.2	19.2
SA20160200_AKBDPEOC_03156	SA20160210_EPKMIBEH_02413	100.000	227	0	0	1	227	1	227	8.70e-168	452
SA20160200_AKBDPEOC_03156	SA20160210_EPKMIBEH_02417	32.000	50	31	1	12	58	376	425	0.024	25.4
SA20160200_AKBDPEOC_03156	SA20160210_EPKMIBEH_02427	47.826	23	12	0	7	29	29	51	0.044	24.6
SA20160200_AKBDPEOC_03156	SA20160210_EPKMIBEH_02425	33.333	33	21	1	82	113	38	70	1.5	19.6
SA20160200_AKBDPEOC_03156	SA20160210_EPKMIBEH_02422	40.000	15	9	0	25	39	240	254	5.9	17.7
SA20160200_AKBDPEOC_03156	SA20160210_EPKMIBEH_02418	50.000	12	6	0	22	33	291	302	7.4	17.7
SA20160200_AKBDPEOC_03156	SA20160210_EPKMIBEH_02408	29.412	17	12	0	6	22	243	259	8.8	17.3
SA20160200_AKBDPEOC_03157	SA20160210_EPKMIBEH_02412	100.000	253	0	0	1	253	1	253	0.0	514
SA20160200_AKBDPEOC_03157	SA20160210_EPKMIBEH_02408	46.429	28	13	1	24	51	173	198	0.46	21.6
SA20160200_AKBDPEOC_03157	SA20160210_EPKMIBEH_02414	37.209	43	25	2	202	242	447	489	2.0	19.6
SA20160200_AKBDPEOC_03157	SA20160210_EPKMIBEH_02427	60.000	10	4	0	242	251	1192	1201	2.3	19.6
SA20160200_AKBDPEOC_03157	SA20160210_EPKMIBEH_02418	80.000	10	2	0	41	50	265	274	2.8	19.2
SA20160200_AKBDPEOC_03157	SA20160210_EPKMIBEH_02417	53.333	15	7	0	161	175	567	581	6.0	18.1
SA20160200_AKBDPEOC_03158	SA20160210_EPKMIBEH_02411	100.000	427	0	0	1	427	1	427	0.0	883
SA20160200_AKBDPEOC_03158	SA20160210_EPKMIBEH_02424	36.957	46	24	2	82	126	139	180	0.27	23.1
SA20160200_AKBDPEOC_03158	SA20160210_EPKMIBEH_02417	27.143	70	40	3	169	233	164	227	0.62	21.9
SA20160200_AKBDPEOC_03158	SA20160210_EPKMIBEH_02425	32.692	52	22	3	273	311	245	296	0.62	21.9
SA20160200_AKBDPEOC_03158	SA20160210_EPKMIBEH_02426	30.189	53	35	1	338	388	148	200	7.1	18.5
SA20160200_AKBDPEOC_03159	SA20160210_EPKMIBEH_02410	100.000	362	0	0	1	362	1	362	0.0	754
SA20160200_AKBDPEOC_03159	SA20160210_EPKMIBEH_02408	25.000	52	26	2	83	125	169	216	8.6	18.1
SA20160200_AKBDPEOC_03160	SA20160210_EPKMIBEH_02409	100.000	230	0	0	1	230	1	230	1.35e-174	470
SA20160200_AKBDPEOC_03160	SA20160210_EPKMIBEH_02417	34.783	23	13	1	94	116	534	554	2.8	18.9
SA20160200_AKBDPEOC_03160	SA20160210_EPKMIBEH_02419	41.176	17	8	1	159	175	353	367	3.8	18.5
SA20160200_AKBDPEOC_03160	SA20160210_EPKMIBEH_02407	70.000	10	3	0	85	94	125	134	4.0	18.5
SA20160200_AKBDPEOC_03160	SA20160210_EPKMIBEH_02427	40.000	25	15	0	98	122	629	653	6.2	18.1
SA20160200_AKBDPEOC_03160	SA20160210_EPKMIBEH_02414	40.000	20	11	1	126	145	285	303	8.3	17.3
SA20160200_AKBDPEOC_03161	SA20160210_EPKMIBEH_02408	100.000	586	0	0	1	586	1	586	0.0	1211
SA20160200_AKBDPEOC_03161	SA20160210_EPKMIBEH_02417	31.111	45	31	0	190	234	235	279	0.38	23.5
SA20160200_AKBDPEOC_03161	SA20160210_EPKMIBEH_02414	37.931	29	17	1	127	154	171	199	0.89	21.9
SA20160200_AKBDPEOC_03161	SA20160210_EPKMIBEH_02427	26.214	103	57	3	408	504	1015	1104	0.93	21.9
SA20160200_AKBDPEOC_03161	SA20160210_EPKMIBEH_02412	46.429	28	13	1	173	198	24	51	1.2	21.6
SA20160200_AKBDPEOC_03161	SA20160210_EPKMIBEH_02418	47.826	23	12	0	356	378	244	266	2.1	20.8
SA20160200_AKBDPEOC_03161	SA20160210_EPKMIBEH_02416	20.000	100	73	2	343	441	56	149	3.4	20.4
SA20160200_AKBDPEOC_03161	SA20160210_EPKMIBEH_02422	29.412	34	24	0	219	252	98	131	9.5	18.5
SA20160200_AKBDPEOC_03162	SA20160210_EPKMIBEH_02407	100.000	285	0	0	1	285	1	285	0.0	578
SA20160200_AKBDPEOC_03162	SA20160210_EPKMIBEH_02422	53.846	13	6	0	217	229	39	51	1.2	20.4
SA20160200_AKBDPEOC_03162	SA20160210_EPKMIBEH_02416	69.231	13	4	0	77	89	262	274	4.1	18.9
SA20160200_AKBDPEOC_03162	SA20160210_EPKMIBEH_02409	70.000	10	3	0	125	134	85	94	5.0	18.5
SA20160210_EPKMIBEH_02407	SA20160210_EPKMIBEH_02407	100.000	285	0	0	1	285	1	285	0.0	578
SA20160210_EPKMIBEH_02407	SA20160210_EPKMIBEH_02422	53.846	13	6	0	217	229	39	51	1.2	20.4
SA20160210_EPKMIBEH_02407	SA20160210_EPKMIBEH_02416	69.231	13	4	0	77	89	262	274	4.1	18.9
SA20160210_EPKMIBEH_02407	SA20160210_EPKMIBEH_02409	70.000	10	3	0	125	134	85	94	5.0	18.5
SA20160210_EPKMIBEH_02408	SA20160210_EPKMIBEH_02408	100.000	586	0	0	1	586	1	586	0.0	1211
SA20160210_EPKMIBEH_02408	SA20160210_EPKMIBEH_02417	31.111	45	31	0	190	234	235	279	0.38	23.5
SA20160210_EPKMIBEH_02408	SA20160210_EPKMIBEH_02414	37.931	29	17	1	127	154	171	199	0.89	21.9
SA20160210_EPKMIBEH_02408	SA20160210_EPKMIBEH_02427	26.214	103	57	3	408	504	1015	1104	0.93	21.9
SA20160210_EPKMIBEH_02408	SA20160210_EPKMIBEH_02412	46.429	28	13	1	173	198	24	51	1.2	21.6
SA20160210_EPKMIBEH_02408	SA20160210_EPKMIBEH_02418	47.826	23	12	0	356	378	244	266	2.1	20.8
SA20160210_EPKMIBEH_02408	SA20160210_EPKMIBEH_02416	20.000	100	73	2	343	441	56	149	3.4	20.4
SA20160210_EPKMIBEH_02408	SA20160210_EPKMIBEH_02422	29.412	34	24	0	219	252	98	131	9.5	18.5
SA20160210_EPKMIBEH_02409	SA20160210_EPKMIBEH_02409	100.000	230	0	0	1	230	1	230	1.35e-174	470
SA20160210_EPKMIBEH_02409	SA20160210_EPKMIBEH_02417	34.783	23	13	1	94	116	534	554	2.8	18.9
SA20160210_EPKMIBEH_02409	SA20160210_EPKMIBEH_02419	41.176	17	8	1	159	175	353	367	3.8	18.5
SA20160210_EPKMIBEH_02409	SA20160210_EPKMIBEH_02407	70.000	10	3	0	85	94	125	134	4.0	18.5
SA20160210_EPKMIBEH_02409	SA20160210_EPKMIBEH_02427	40.000	25	15	0	98	122	629	653	6.2	18.1
SA20160210_EPKMIBEH_02409	SA20160210_EPKMIBEH_02414	40.000	20	11	1	126	145	285	303	8.3	17.3
SA20160210_EPKMIBEH_02410	SA20160210_EPKMIBEH_02410	100.000	362	0	0	1	362	1	362	0.0	754
SA20160210_EPKMIBEH_02411	SA20160210_EPKMIBEH_02411	100.000	427	0	0	1	427	1	427	0.0	883
SA20160210_EPKMIBEH_02411	SA20160210_EPKMIBEH_02424	36.957	46	24	2	82	126	139	180	0.27	23.1
SA20160210_EPKMIBEH_02411	SA20160210_EPKMIBEH_02417	27.143	70	40	3	169	233	164	227	0.62	21.9
SA20160210_EPKMIBEH_02411	SA20160210_EPKMIBEH_02425	32.692	52	22	3	273	311	245	296	0.62	21.9
SA20160210_EPKMIBEH_02411	SA20160210_EPKMIBEH_02426	30.189	53	35	1	338	388	148	200	7.1	18.5
SA20160210_EPKMIBEH_02412	SA20160210_EPKMIBEH_02412	100.000	253	0	0	1	253	1	253	0.0	514
SA20160210_EPKMIBEH_02412	SA20160210_EPKMIBEH_02408	46.429	28	13	1	24	51	173	198	0.46	21.6
SA20160210_EPKMIBEH_02412	SA20160210_EPKMIBEH_02414	37.209	43	25	2	202	242	447	489	2.0	19.6
SA20160210_EPKMIBEH_02412	SA20160210_EPKMIBEH_02427	60.000	10	4	0	242	251	1192	1201	2.3	19.6
SA20160210_EPKMIBEH_02412	SA20160210_EPKMIBEH_02418	80.000	10	2	0	41	50	265	274	2.8	19.2
SA20160210_EPKMIBEH_02412	SA20160210_EPKMIBEH_02417	53.333	15	7	0	161	175	567	581	6.0	18.1
SA20160210_EPKMIBEH_02413	SA20160210_EPKMIBEH_02413	100.000	227	0	0	1	227	1	227	8.70e-168	452
SA20160210_EPKMIBEH_02413	SA20160210_EPKMIBEH_02417	32.000	50	31	1	12	58	376	425	0.024	25.4
SA20160210_EPKMIBEH_02413	SA20160210_EPKMIBEH_02427	47.826	23	12	0	7	29	29	51	0.044	24.6
SA20160210_EPKMIBEH_02413	SA20160210_EPKMIBEH_02425	33.333	33	21	1	82	113	38	70	1.5	19.6
SA20160210_EPKMIBEH_02413	SA20160210_EPKMIBEH_02422	40.000	15	9	0	25	39	240	254	5.9	17.7
SA20160210_EPKMIBEH_02413	SA20160210_EPKMIBEH_02418	50.000	12	6	0	22	33	291	302	7.4	17.7
SA20160210_EPKMIBEH_02413	SA20160210_EPKMIBEH_02408	29.412	17	12	0	6	22	243	259	8.8	17.3
SA20160210_EPKMIBEH_02414	SA20160210_EPKMIBEH_02414	100.000	557	0	0	1	557	1	557	0.0	1112
SA20160210_EPKMIBEH_02414	SA20160210_EPKMIBEH_02425	30.000	50	33	1	447	494	193	242	0.45	23.1
SA20160210_EPKMIBEH_02414	SA20160210_EPKMIBEH_02408	37.931	29	17	1	171	199	127	154	0.81	22.3
SA20160210_EPKMIBEH_02414	SA20160210_EPKMIBEH_02417	29.412	34	24	0	476	509	438	471	3.0	20.4
SA20160210_EPKMIBEH_02414	SA20160210_EPKMIBEH_02412	37.209	43	25	2	447	489	202	242	4.2	19.6
SA20160210_EPKMIBEH_02414	SA20160210_EPKMIBEH_02419	33.333	27	18	0	171	197	115	141	5.9	19.2
SA20160210_EPKMIBEH_02415	SA20160210_EPKMIBEH_02415	100.000	94	0	0	1	94	1	94	4.71e-70	195
SA20160210_EPKMIBEH_02415	SA20160210_EPKMIBEH_02417	40.741	27	13	1	66	92	339	362	4.7	16.5
SA20160210_EPKMIBEH_02415	SA20160210_EPKMIBEH_02421	32.609	46	26	2	8	48	43	88	9.8	15.8
SA20160210_EPKMIBEH_02416	SA20160210_EPKMIBEH_02416	100.000	754	0	0	1	754	1	754	0.0	1516
SA20160210_EPKMIBEH_02416	SA20160210_EPKMIBEH_02423	28.571	28	20	0	429	456	222	249	3.8	20.4
SA20160210_EPKMIBEH_02416	SA20160210_EPKMIBEH_02408	20.000	100	73	2	56	149	343	441	3.9	20.4
SA20160210_EPKMIBEH_02417	SA20160210_EPKMIBEH_02417	100.000	582	0	0	1	582	1	582	0.0	1191
SA20160210_EPKMIBEH_02417	SA20160210_EPKMIBEH_02413	32.000	50	31	1	376	425	12	58	0.062	25.4
SA20160210_EPKMIBEH_02417	SA20160210_EPKMIBEH_02408	31.111	45	31	0	235	279	190	234	0.35	23.5
SA20160210_EPKMIBEH_02417	SA20160210_EPKMIBEH_02411	27.143	70	40	3	164	227	169	233	0.89	21.9
SA20160210_EPKMIBEH_02417	SA20160210_EPKMIBEH_02414	29.412	34	24	0	438	471	476	509	3.4	20.0
SA20160210_EPKMIBEH_02417	SA20160210_EPKMIBEH_02409	34.783	23	13	1	534	554	94	116	7.1	18.9
SA20160210_EPKMIBEH_02417	SA20160210_EPKMIBEH_02427	50.000	18	8	1	374	390	32	49	8.2	18.9
SA20160210_EPKMIBEH_02418	SA20160210_EPKMIBEH_02418	100.000	325	0	0	1	325	1	325	0.0	653
SA20160210_EPKMIBEH_02418	SA20160210_EPKMIBEH_02426	23.913	46	30	1	163	208	159	199	0.47	21.9
SA20160210_EPKMIBEH_02418	SA20160210_EPKMIBEH_02408	47.826	23	12	0	244	266	356	378	1.3	20.8
SA20160210_EPKMIBEH_02418	SA20160210_EPKMIBEH_02412	80.000	10	2	0	265	274	41	50	3.7	18.9
SA20160210_EPKMIBEH_02418	SA20160210_EPKMIBEH_02417	33.333	21	14	0	108	128	498	518	5.3	18.9
SA20160210_EPKMIBEH_02418	SA20160210_EPKMIBEH_02416	38.889	18	11	0	142	159	622	639	6.0	18.5
SA20160210_EPKMIBEH_02419	SA20160210_EPKMIBEH_02419	100.000	410	0	0	1	410	1	410	0.0	840
SA20160210_EPKMIBEH_02419	SA20160210_EPKMIBEH_02414	33.333	27	18	0	115	141	171	197	4.4	19.2
SA20160210_EPKMIBEH_02419	SA20160210_EPKMIBEH_02426	26.866	67	43	1	41	101	1	67	6.3	18.5
SA20160210_EPKMIBEH_02419	SA20160210_EPKMIBEH_02423	85.714	7	1	0	257	263	240	246	6.5	18.5
SA20160210_EPKMIBEH_02419	SA20160210_EPKMIBEH_02409	41.176	17	8	1	353	367	159	175	6.8	18.5
SA20160210_EPKMIBEH_02419	SA20160210_EPKMIBEH_02416	46.667	15	8	0	239	253	527	541	7.5	18.5
SA20160210_EPKMIBEH_02419	SA20160210_EPKMIBEH_02408	21.569	51	40	0	253	303	265	315	9.3	18.1
SA20160210_EPKMIBEH_02420	SA20160210_EPKMIBEH_02420	100.000	60	0	0	1	60	1	60	2.01e-43	125
SA20160210_EPKMIBEH_02420	SA20160210_EPKMIBEH_02407	35.714	14	9	0	6	19	77	90	3.9	15.8
SA20160210_EPKMIBEH_02421	SA20160210_EPKMIBEH_02421	100.000	248	0	0	1	248	1	248	0.0	508
SA20160210_EPKMIBEH_02421	SA20160210_EPKMIBEH_02424	43.750	16	9	0	184	199	17	32	1.7	19.6
SA20160210_EPKMIBEH_02421	SA20160210_EPKMIBEH_02427	31.034	29	20	0	51	79	309	337	5.3	18.5
SA20160210_EPKMIBEH_02421	SA20160210_EPKMIBEH_02423	44.444	18	9	1	193	209	68	85	6.2	17.7
SA20160210_EPKMIBEH_02421	SA20160210_EPKMIBEH_02411	26.667	90	48	4	16	87	195	284	8.2	17.7
SA20160210_EPKMIBEH_02421	SA20160210_EPKMIBEH_02414	36.111	36	22	1	35	69	51	86	9.8	17.3
SA20160210_EPKMIBEH_02422	SA20160210_EPKMIBEH_02422	100.000	297	0	0	1	297	1	297	0.0	609
SA20160210_EPKMIBEH_02422	SA20160210_EPKMIBEH_02407	53.846	13	6	0	39	51	217	229	1.2	20.4
SA20160210_EPKMIBEH_02422	SA20160210_EPKMIBEH_02408	29.412	34	24	0	98	131	219	252	4.8	18.9
SA20160210_EPKMIBEH_02422	SA20160210_EPKMIBEH_02427	38.462	26	11	1	107	132	933	953	5.1	18.5
SA20160210_EPKMIBEH_02422	SA20160210_EPKMIBEH_02416	25.000	44	24	2	115	149	536	579	7.4	18.1
SA20160210_EPKMIBEH_02422	SA20160210_EPKMIBEH_02413	40.000	15	9	0	240	254	25	39	7.7	17.7
SA20160210_EPKMIBEH_02422	SA20160210_EPKMIBEH_02419	27.027	37	23	1	263	295	118	154	8.1	18.1
SA20160210_EPKMIBEH_02423	SA20160210_EPKMIBEH_02423	100.000	258	0	0	1	258	1	258	0.0	515
SA20160210_EPKMIBEH_02423	SA20160210_EPKMIBEH_02416	28.571	28	20	0	222	249	429	456	1.6	20.0
SA20160210_EPKMIBEH_02423	SA20160210_EPKMIBEH_02421	29.032	62	33	3	30	85	153	209	2.1	19.2
SA20160210_EPKMIBEH_02423	SA20160210_EPKMIBEH_02427	20.270	74	59	0	100	173	91	164	3.5	18.9
SA20160210_EPKMIBEH_02423	SA20160210_EPKMIBEH_02419	85.714	7	1	0	240	246	257	263	4.0	18.5
SA20160210_EPKMIBEH_02424	SA20160210_EPKMIBEH_02424	100.000	267	0	0	1	267	1	267	0.0	558
SA20160210_EPKMIBEH_02424	SA20160210_EPKMIBEH_02411	36.957	46	24	2	139	180	82	126	0.16	23.1
SA20160210_EPKMIBEH_02424	SA20160210_EPKMIBEH_02427	32.143	56	25	2	26	74	640	689	0.61	21.6
SA20160210_EPKMIBEH_02424	SA20160210_EPKMIBEH_02421	43.750	16	9	0	17	32	184	199	1.8	19.6
SA20160210_EPKMIBEH_02424	SA20160210_EPKMIBEH_02408	45.455	11	6	0	23	33	476	486	8.5	17.7
SA20160210_EPKMIBEH_02425	SA20160210_EPKMIBEH_02425	100.000	440	0	0	1	440	1	440	0.0	899
SA20160210_EPKMIBEH_02425	SA20160210_EPKMIBEH_02414	30.000	50	33	1	193	242	447	494	0.45	22.7
SA20160210_EPKMIBEH_02425	SA20160210_EPKMIBEH_02411	32.692	52	22	3	245	296	273	311	0.70	21.9
SA20160210_EPKMIBEH_02425	SA20160210_EPKMIBEH_02427	50.000	16	8	0	70	85	1045	1060	1.9	20.8
SA20160210_EPKMIBEH_02425	SA20160210_EPKMIBEH_02413	33.333	33	21	1	38	70	82	113	3.1	19.6
SA20160210_EPKMIBEH_02426	SA20160210_EPKMIBEH_02426	100.000	234	0	0	1	234	1	234	2.69e-177	477
SA20160210_EPKMIBEH_02426	SA20160210_EPKMIBEH_02427	31.148	61	28	3	22	82	1319	1365	0.31	21.9
SA20160210_EPKMIBEH_02426	SA20160210_EPKMIBEH_02418	23.913	46	30	1	159	199	163	208	0.35	21.9
SA20160210_EPKMIBEH_02426	SA20160210_EPKMIBEH_02419	26.866	67	43	1	1	67	41	101	3.6	18.5
SA20160210_EPKMIBEH_02426	SA20160210_EPKMIBEH_02411	30.189	53	35	1	148	200	338	388	3.9	18.5
SA20160210_EPKMIBEH_02427	SA20160210_EPKMIBEH_02427	100.000	1488	0	0	1	1488	1	1488	0.0	3018
SA20160210_EPKMIBEH_02427	SA20160210_EPKMIBEH_02413	47.826	23	12	0	29	51	7	29	0.29	24.6
SA20160210_EPKMIBEH_02427	SA20160210_EPKMIBEH_02410	41.379	29	17	0	883	911	85	113	0.94	23.5
SA20160210_EPKMIBEH_02427	SA20160210_EPKMIBEH_02426	27.083	48	33	1	563	610	130	175	1.4	22.7
SA20160210_EPKMIBEH_02427	SA20160210_EPKMIBEH_02424	32.143	56	25	2	640	689	26	74	3.3	21.6
SA20160210_EPKMIBEH_02427	SA20160210_EPKMIBEH_02425	50.000	16	8	0	1045	1060	70	85	5.8	20.8
SA20160200_AKBDPEOC_03142	SA20160200_AKBDPEOC_03142	100.000	1488	0	0	1	1488	1	1488	0.0	3018
SA20160200_AKBDPEOC_03142	SA20160200_AKBDPEOC_03156	47.826	23	12	0	29	51	7	29	0.29	24.6
SA20160200_AKBDPEOC_03142	SA20160200_AKBDPEOC_03159	41.379	29	17	0	883	911	85	113	0.94	23.5
SA20160200_AKBDPEOC_03142	SA20160200_AKBDPEOC_03143	27.083	48	33	1	563	610	130	175	1.4	22.7
SA20160200_AKBDPEOC_03142	SA20160200_AKBDPEOC_03145	32.143	56	25	2	640	689	26	74	3.3	21.6
SA20160200_AKBDPEOC_03142	SA20160200_AKBDPEOC_03144	50.000	16	8	0	1045	1060	70	85	5.8	20.8
SA20160200_AKBDPEOC_03143	SA20160200_AKBDPEOC_03143	100.000	234	0	0	1	234	1	234	2.69e-177	477
SA20160200_AKBDPEOC_03143	SA20160200_AKBDPEOC_03142	31.148	61	28	3	22	82	1319	1365	0.31	21.9
SA20160200_AKBDPEOC_03143	SA20160200_AKBDPEOC_03151	23.913	46	30	1	159	199	163	208	0.35	21.9
SA20160200_AKBDPEOC_03143	SA20160200_AKBDPEOC_03150	26.866	67	43	1	1	67	41	101	3.6	18.5
SA20160200_AKBDPEOC_03143	SA20160200_AKBDPEOC_03158	30.189	53	35	1	148	200	338	388	3.9	18.5
SA20160200_AKBDPEOC_03144	SA20160200_AKBDPEOC_03144	100.000	440	0	0	1	440	1	440	0.0	899
SA20160200_AKBDPEOC_03144	SA20160200_AKBDPEOC_03155	30.000	50	33	1	193	242	447	494	0.45	22.7
SA20160200_AKBDPEOC_03144	SA20160200_AKBDPEOC_03158	32.692	52	22	3	245	296	273	311	0.70	21.9
SA20160200_AKBDPEOC_03144	SA20160200_AKBDPEOC_03142	50.000	16	8	0	70	85	1045	1060	1.9	20.8
SA20160200_AKBDPEOC_03144	SA20160200_AKBDPEOC_03156	33.333	33	21	1	38	70	82	113	3.1	19.6
SA20160200_AKBDPEOC_03145	SA20160200_AKBDPEOC_03145	100.000	267	0	0	1	267	1	267	0.0	558
SA20160200_AKBDPEOC_03145	SA20160200_AKBDPEOC_03158	36.957	46	24	2	139	180	82	126	0.16	23.1
SA20160200_AKBDPEOC_03145	SA20160200_AKBDPEOC_03142	32.143	56	25	2	26	74	640	689	0.61	21.6
SA20160200_AKBDPEOC_03145	SA20160200_AKBDPEOC_03148	43.750	16	9	0	17	32	184	199	1.8	19.6
SA20160200_AKBDPEOC_03145	SA20160200_AKBDPEOC_03161	45.455	11	6	0	23	33	476	486	8.5	17.7
SA20160200_AKBDPEOC_03146	SA20160200_AKBDPEOC_03146	100.000	258	0	0	1	258	1	258	0.0	515
SA20160200_AKBDPEOC_03146	SA20160200_AKBDPEOC_03153	28.571	28	20	0	222	249	429	456	1.6	20.0
SA20160200_AKBDPEOC_03146	SA20160200_AKBDPEOC_03148	29.032	62	33	3	30	85	153	209	2.1	19.2
SA20160200_AKBDPEOC_03146	SA20160200_AKBDPEOC_03142	20.270	74	59	0	100	173	91	164	3.5	18.9
SA20160200_AKBDPEOC_03146	SA20160200_AKBDPEOC_03150	85.714	7	1	0	240	246	257	263	4.0	18.5
SA20160200_AKBDPEOC_03147	SA20160200_AKBDPEOC_03147	100.000	297	0	0	1	297	1	297	0.0	609
SA20160200_AKBDPEOC_03147	SA20160200_AKBDPEOC_03162	53.846	13	6	0	39	51	217	229	1.2	20.4
SA20160200_AKBDPEOC_03147	SA20160200_AKBDPEOC_03161	29.412	34	24	0	98	131	219	252	4.8	18.9
SA20160200_AKBDPEOC_03147	SA20160200_AKBDPEOC_03142	38.462	26	11	1	107	132	933	953	5.1	18.5
SA20160200_AKBDPEOC_03147	SA20160200_AKBDPEOC_03153	25.000	44	24	2	115	149	536	579	7.4	18.1
SA20160200_AKBDPEOC_03147	SA20160200_AKBDPEOC_03156	40.000	15	9	0	240	254	25	39	7.7	17.7
SA20160200_AKBDPEOC_03147	SA20160200_AKBDPEOC_03150	27.027	37	23	1	263	295	118	154	8.1	18.1
SA20160200_AKBDPEOC_03148	SA20160200_AKBDPEOC_03148	100.000	248	0	0	1	248	1	248	0.0	508
SA20160200_AKBDPEOC_03148	SA20160200_AKBDPEOC_03145	43.750	16	9	0	184	199	17	32	1.7	19.6
SA20160200_AKBDPEOC_03148	SA20160200_AKBDPEOC_03142	31.034	29	20	0	51	79	309	337	5.3	18.5
SA20160200_AKBDPEOC_03148	SA20160200_AKBDPEOC_03146	44.444	18	9	1	193	209	68	85	6.2	17.7
SA20160200_AKBDPEOC_03148	SA20160200_AKBDPEOC_03158	26.667	90	48	4	16	87	195	284	8.2	17.7
SA20160200_AKBDPEOC_03148	SA20160200_AKBDPEOC_03155	36.111	36	22	1	35	69	51	86	9.8	17.3
SA20160200_AKBDPEOC_03149	SA20160200_AKBDPEOC_03149	100.000	60	0	0	1	60	1	60	2.01e-43	125
SA20160200_AKBDPEOC_03149	SA20160200_AKBDPEOC_03162	35.714	14	9	0	6	19	77	90	3.9	15.8
SA20160200_AKBDPEOC_03150	SA20160200_AKBDPEOC_03150	100.000	410	0	0	1	410	1	410	0.0	840
SA20160200_AKBDPEOC_03150	SA20160200_AKBDPEOC_03155	33.333	27	18	0	115	141	171	197	4.4	19.2
SA20160200_AKBDPEOC_03150	SA20160200_AKBDPEOC_03143	26.866	67	43	1	41	101	1	67	6.3	18.5
SA20160200_AKBDPEOC_03150	SA20160200_AKBDPEOC_03146	85.714	7	1	0	257	263	240	246	6.5	18.5
SA20160200_AKBDPEOC_03150	SA20160200_AKBDPEOC_03160	41.176	17	8	1	353	367	159	175	6.8	18.5
SA20160200_AKBDPEOC_03150	SA20160200_AKBDPEOC_03153	46.667	15	8	0	239	253	527	541	7.5	18.5
SA20160200_AKBDPEOC_03150	SA20160200_AKBDPEOC_03161	21.569	51	40	0	253	303	265	315	9.3	18.1
SA20160200_AKBDPEOC_03151	SA20160200_AKBDPEOC_03151	100.000	325	0	0	1	325	1	325	0.0	653
SA20160200_AKBDPEOC_03151	SA20160200_AKBDPEOC_03143	23.913	46	30	1	163	208	159	199	0.47	21.9
SA20160200_AKBDPEOC_03151	SA20160200_AKBDPEOC_03161	47.826	23	12	0	244	266	356	378	1.3	20.8
SA20160200_AKBDPEOC_03151	SA20160200_AKBDPEOC_03157	80.000	10	2	0	265	274	41	50	3.7	18.9
SA20160200_AKBDPEOC_03151	SA20160200_AKBDPEOC_03152	33.333	21	14	0	108	128	498	518	5.3	18.9
SA20160200_AKBDPEOC_03151	SA20160200_AKBDPEOC_03153	38.889	18	11	0	142	159	622	639	6.0	18.5
SA20160200_AKBDPEOC_03152	SA20160200_AKBDPEOC_03152	100.000	582	0	0	1	582	1	582	0.0	1191
SA20160200_AKBDPEOC_03152	SA20160200_AKBDPEOC_03156	32.000	50	31	1	376	425	12	58	0.062	25.4
SA20160200_AKBDPEOC_03152	SA20160200_AKBDPEOC_03161	31.111	45	31	0	235	279	190	234	0.35	23.5
SA20160200_AKBDPEOC_03152	SA20160200_AKBDPEOC_03158	27.143	70	40	3	164	227	169	233	0.89	21.9
SA20160200_AKBDPEOC_03152	SA20160200_AKBDPEOC_03155	29.412	34	24	0	438	471	476	509	3.4	20.0
SA20160200_AKBDPEOC_03152	SA20160200_AKBDPEOC_03160	34.783	23	13	1	534	554	94	116	7.1	18.9
SA20160200_AKBDPEOC_03152	SA20160200_AKBDPEOC_03142	50.000	18	8	1	374	390	32	49	8.2	18.9
SA20160200_AKBDPEOC_03153	SA20160200_AKBDPEOC_03153	100.000	754	0	0	1	754	1	754	0.0	1516
SA20160200_AKBDPEOC_03153	SA20160200_AKBDPEOC_03146	28.571	28	20	0	429	456	222	249	3.8	20.4
SA20160200_AKBDPEOC_03153	SA20160200_AKBDPEOC_03161	20.000	100	73	2	56	149	343	441	3.9	20.4
SA20160200_AKBDPEOC_03154	SA20160200_AKBDPEOC_03154	100.000	94	0	0	1	94	1	94	4.71e-70	195
SA20160200_AKBDPEOC_03154	SA20160200_AKBDPEOC_03152	40.741	27	13	1	66	92	339	362	4.7	16.5
SA20160200_AKBDPEOC_03154	SA20160200_AKBDPEOC_03148	32.609	46	26	2	8	48	43	88	9.8	15.8
SA20160200_AKBDPEOC_03155	SA20160200_AKBDPEOC_03155	100.000	557	0	0	1	557	1	557	0.0	1112
SA20160200_AKBDPEOC_03155	SA20160200_AKBDPEOC_03144	30.000	50	33	1	447	494	193	242	0.45	23.1
SA20160200_AKBDPEOC_03155	SA20160200_AKBDPEOC_03161	37.931	29	17	1	171	199	127	154	0.81	22.3
SA20160200_AKBDPEOC_03155	SA20160200_AKBDPEOC_03152	29.412	34	24	0	476	509	438	471	3.0	20.4
SA20160200_AKBDPEOC_03155	SA20160200_AKBDPEOC_03157	37.209	43	25	2	447	489	202	242	4.2	19.6
SA20160200_AKBDPEOC_03155	SA20160200_AKBDPEOC_03150	33.333	27	18	0	171	197	115	141	5.9	19.2
SA20160200_AKBDPEOC_03156	SA20160200_AKBDPEOC_03156	100.000	227	0	0	1	227	1	227	8.70e-168	452
SA20160200_AKBDPEOC_03156	SA20160200_AKBDPEOC_03152	32.000	50	31	1	12	58	376	425	0.024	25.4
SA20160200_AKBDPEOC_03156	SA20160200_AKBDPEOC_03142	47.826	23	12	0	7	29	29	51	0.044	24.6
SA20160200_AKBDPEOC_03156	SA20160200_AKBDPEOC_03144	33.333	33	21	1	82	113	38	70	1.5	19.6
SA20160200_AKBDPEOC_03156	SA20160200_AKBDPEOC_03147	40.000	15	9	0	25	39	240	254	5.9	17.7
SA20160200_AKBDPEOC_03156	SA20160200_AKBDPEOC_03151	50.000	12	6	0	22	33	291	302	7.4	17.7
SA20160200_AKBDPEOC_03156	SA20160200_AKBDPEOC_03161	29.412	17	12	0	6	22	243	259	8.8	17.3
SA20160200_AKBDPEOC_03157	SA20160200_AKBDPEOC_03157	100.000	253	0	0	1	253	1	253	0.0	514
SA20160200_AKBDPEOC_03157	SA20160200_AKBDPEOC_03161	46.429	28	13	1	24	51	173	198	0.46	21.6
SA20160200_AKBDPEOC_03157	SA20160200_AKBDPEOC_03155	37.209	43	25	2	202	242	447	489	2.0	19.6
SA20160200_AKBDPEOC_03157	SA20160200_AKBDPEOC_03142	60.000	10	4	0	242	251	1192	1201	2.3	19.6
SA20160200_AKBDPEOC_03157	SA20160200_AKBDPEOC_03151	80.000	10	2	0	41	50	265	274	2.8	19.2
SA20160200_AKBDPEOC_03157	SA20160200_AKBDPEOC_03152	53.333	15	7	0	161	175	567	581	6.0	18.1
SA20160200_AKBDPEOC_03158	SA20160200_AKBDPEOC_03158	100.000	427	0	0	1	427	1	427	0.0	883
SA20160200_AKBDPEOC_03158	SA20160200_AKBDPEOC_03145	36.957	46	24	2	82	126	139	180	0.27	23.1
SA20160200_AKBDPEOC_03158	SA20160200_AKBDPEOC_03152	27.143	70	40	3	169	233	164	227	0.62	21.9
SA20160200_AKBDPEOC_03158	SA20160200_AKBDPEOC_03144	32.692	52	22	3	273	311	245	296	0.62	21.9
SA20160200_AKBDPEOC_03158	SA20160200_AKBDPEOC_03143	30.189	53	35	1	338	388	148	200	7.1	18.5
SA20160200_AKBDPEOC_03159	SA20160200_AKBDPEOC_03159	100.000	362	0	0	1	362	1	362	0.0	754
SA20160200_AKBDPEOC_03160	SA20160200_AKBDPEOC_03160	100.000	230	0	0	1	230	1	230	1.35e-174	470
SA20160200_AKBDPEOC_03160	SA20160200_AKBDPEOC_03152	34.783	23	13	1	94	116	534	554	2.8	18.9
SA20160200_AKBDPEOC_03160	SA20160200_AKBDPEOC_03150	41.176	17	8	1	159	175	353	367	3.8	18.5
SA20160200_AKBDPEOC_03160	SA20160200_AKBDPEOC_03162	70.000	10	3	0	85	94	125	134	4.0	18.5
SA20160200_AKBDPEOC_03160	SA20160200_AKBDPEOC_03142	40.000	25	15	0	98	122	629	653	6.2	18.1
SA20160200_AKBDPEOC_03160	SA20160200_AKBDPEOC_03155	40.000	20	11	1	126	145	285	303	8.3	17.3
SA20160200_AKBDPEOC_03161	SA20160200_AKBDPEOC_03161	100.000	586	0	0	1	586	1	586	0.0	1211
SA20160200_AKBDPEOC_03161	SA20160200_AKBDPEOC_03152	31.111	45	31	0	190	234	235	279	0.38	23.5
SA20160200_AKBDPEOC_03161	SA20160200_AKBDPEOC_03155	37.931	29	17	1	127	154	171	199	0.89	21.9
SA20160200_AKBDPEOC_03161	SA20160200_AKBDPEOC_03142	26.214	103	57	3	408	504	1015	1104	0.93	21.9
SA20160200_AKBDPEOC_03161	SA20160200_AKBDPEOC_03157	46.429	28	13	1	173	198	24	51	1.2	21.6
SA20160200_AKBDPEOC_03161	SA20160200_AKBDPEOC_03151	47.826	23	12	0	356	378	244	266	2.1	20.8
SA20160200_AKBDPEOC_03161	SA20160200_AKBDPEOC_03153	20.000	100	73	2	343	441	56	149	3.4	20.4
SA20160200_AKBDPEOC_03161	SA20160200_AKBDPEOC_03147	29.412	34	24	0	219	252	98	131	9.5	18.5
SA20160200_AKBDPEOC_03162	SA20160200_AKBDPEOC_03162	100.000	285	0	0	1	285	1	285	0.0	578
SA20160200_AKBDPEOC_03162	SA20160200_AKBDPEOC_03147	53.846	13	6	0	217	229	39	51	1.2	20.4
SA20160200_AKBDPEOC_03162	SA20160200_AKBDPEOC_03153	69.231	13	4	0	77	89	262	274	4.1	18.9
SA20160200_AKBDPEOC_03162	SA20160200_AKBDPEOC_03160	70.000	10	3	0	125	134	85	94	5.0	18.5
