SA20160200_AKBDPEOC_03956	SA20160326_NMHJDFNH_03486	100.000	111	0	0	1	111	1	111	1.41e-80	223
SA20160200_AKBDPEOC_03956	SA20160326_NMHJDFNH_03468	50.000	12	6	0	37	48	94	105	0.62	19.6
SA20160200_AKBDPEOC_03956	SA20160326_NMHJDFNH_03478	27.119	59	31	2	3	53	427	481	0.77	19.2
SA20160200_AKBDPEOC_03956	SA20160326_NMHJDFNH_03485	28.378	74	38	4	27	93	525	590	2.2	18.1
SA20160200_AKBDPEOC_03956	SA20160326_NMHJDFNH_03477	22.727	22	17	0	45	66	202	223	6.7	16.5
SA20160200_AKBDPEOC_03956	SA20160326_NMHJDFNH_03466	85.714	7	1	0	99	105	85	91	7.6	16.2
SA20160200_AKBDPEOC_03957	SA20160326_NMHJDFNH_03485	100.000	759	0	0	1	759	1	759	0.0	1551
SA20160200_AKBDPEOC_03957	SA20160326_NMHJDFNH_03478	35.556	45	27	1	169	211	307	351	0.023	27.7
SA20160200_AKBDPEOC_03957	SA20160326_NMHJDFNH_03474	29.787	47	32	1	455	501	5	50	5.9	19.6
SA20160200_AKBDPEOC_03957	SA20160326_NMHJDFNH_03468	29.545	44	25	2	580	621	229	268	8.7	19.2
SA20160200_AKBDPEOC_03958	SA20160326_NMHJDFNH_03484	100.000	316	0	0	1	316	1	316	0.0	655
SA20160200_AKBDPEOC_03958	SA20160326_NMHJDFNH_03466	24.286	70	45	3	153	222	88	149	0.006	26.9
SA20160200_AKBDPEOC_03958	SA20160326_NMHJDFNH_03478	41.176	17	10	0	264	280	553	569	1.1	20.8
SA20160200_AKBDPEOC_03958	SA20160326_NMHJDFNH_03485	27.941	68	47	1	224	291	686	751	3.5	19.2
SA20160200_AKBDPEOC_03958	SA20160326_NMHJDFNH_03468	44.444	18	10	0	236	253	139	156	4.8	18.5
SA20160200_AKBDPEOC_03959	SA20160326_NMHJDFNH_03483	100.000	666	0	0	1	666	1	666	0.0	1380
SA20160200_AKBDPEOC_03959	SA20160326_NMHJDFNH_03472	25.424	59	38	1	106	158	192	250	4.3	20.0
SA20160200_AKBDPEOC_03959	SA20160326_NMHJDFNH_03466	28.571	49	27	2	157	198	91	138	6.7	18.9
SA20160200_AKBDPEOC_03960	SA20160326_NMHJDFNH_03482	100.000	76	0	0	1	76	1	76	6.97e-57	160
SA20160200_AKBDPEOC_03960	SA20160326_NMHJDFNH_03472	34.483	29	11	1	21	41	3	31	0.24	20.0
SA20160200_AKBDPEOC_03960	SA20160326_NMHJDFNH_03471	26.471	34	23	1	6	39	129	160	1.0	18.1
SA20160200_AKBDPEOC_03960	SA20160326_NMHJDFNH_03473	33.333	15	10	0	5	19	38	52	3.3	16.2
SA20160200_AKBDPEOC_03960	SA20160326_NMHJDFNH_03474	22.222	36	28	0	30	65	134	169	3.3	16.5
SA20160200_AKBDPEOC_03960	SA20160326_NMHJDFNH_03476	71.429	7	2	0	15	21	885	891	4.2	16.2
SA20160200_AKBDPEOC_03960	SA20160326_NMHJDFNH_03478	32.143	28	19	0	36	63	476	503	7.2	15.8
SA20160200_AKBDPEOC_03960	SA20160326_NMHJDFNH_03477	35.714	14	9	0	25	38	525	538	8.0	15.4
SA20160200_AKBDPEOC_03960	SA20160326_NMHJDFNH_03485	44.444	9	5	0	13	21	554	562	8.1	15.4
SA20160200_AKBDPEOC_03961	SA20160326_NMHJDFNH_03481	99.712	347	1	0	1	347	1	347	0.0	709
SA20160200_AKBDPEOC_03961	SA20160326_NMHJDFNH_03478	23.810	42	27	1	6	47	94	130	2.0	20.0
SA20160200_AKBDPEOC_03961	SA20160326_NMHJDFNH_03476	40.909	22	13	0	47	68	674	695	5.5	18.9
SA20160200_AKBDPEOC_03961	SA20160326_NMHJDFNH_03471	60.000	10	4	0	112	121	274	283	7.9	18.1
SA20160200_AKBDPEOC_03961	SA20160326_NMHJDFNH_03485	27.273	33	24	0	288	320	384	416	9.4	18.1
SA20160200_AKBDPEOC_03961	SA20160326_NMHJDFNH_03480	60.000	10	4	0	268	277	156	165	9.8	17.7
SA20160200_AKBDPEOC_03962	SA20160326_NMHJDFNH_03480	100.000	191	0	0	1	191	1	191	2.33e-144	390
SA20160200_AKBDPEOC_03962	SA20160326_NMHJDFNH_03477	32.432	37	24	1	5	41	384	419	1.3	19.6
SA20160200_AKBDPEOC_03962	SA20160326_NMHJDFNH_03470	35.417	48	24	3	35	82	1	41	2.3	18.9
SA20160200_AKBDPEOC_03962	SA20160326_NMHJDFNH_03481	60.000	10	4	0	156	165	268	277	5.4	17.7
SA20160200_AKBDPEOC_03963	SA20160326_NMHJDFNH_03479	100.000	432	0	0	1	432	1	432	0.0	888
SA20160200_AKBDPEOC_03963	SA20160326_NMHJDFNH_03476	42.105	19	11	0	223	241	307	325	6.4	18.9
SA20160200_AKBDPEOC_03963	SA20160326_NMHJDFNH_03477	40.000	25	14	1	159	182	196	220	7.9	18.5
SA20160200_AKBDPEOC_03964	SA20160326_NMHJDFNH_03478	100.000	653	0	0	1	653	1	653	0.0	1355
SA20160200_AKBDPEOC_03964	SA20160326_NMHJDFNH_03485	35.556	45	27	1	307	351	169	211	0.019	27.7
SA20160200_AKBDPEOC_03964	SA20160326_NMHJDFNH_03484	41.176	17	10	0	553	569	264	280	2.5	20.8
SA20160200_AKBDPEOC_03964	SA20160326_NMHJDFNH_03481	23.256	43	28	1	93	130	5	47	3.6	20.0
SA20160200_AKBDPEOC_03964	SA20160326_NMHJDFNH_03475	71.429	7	2	0	589	595	19	25	5.3	19.2
SA20160200_AKBDPEOC_03964	SA20160326_NMHJDFNH_03469	38.889	18	11	0	599	616	147	164	8.4	18.9
SA20160200_AKBDPEOC_03965	SA20160326_NMHJDFNH_03477	100.000	566	0	0	1	566	1	566	0.0	1165
SA20160200_AKBDPEOC_03965	SA20160326_NMHJDFNH_03480	32.432	37	24	1	384	419	5	41	3.9	19.6
SA20160200_AKBDPEOC_03965	SA20160326_NMHJDFNH_03474	63.636	11	4	0	476	486	302	312	5.6	19.2
SA20160200_AKBDPEOC_03966	SA20160326_NMHJDFNH_03476	100.000	1037	0	0	1	1037	1	1037	0.0	2122
SA20160200_AKBDPEOC_03966	SA20160326_NMHJDFNH_03466	38.235	34	19	1	251	284	53	84	5.2	20.0
SA20160200_AKBDPEOC_03967	SA20160326_NMHJDFNH_03475	100.000	118	0	0	1	118	1	118	1.39e-90	248
SA20160200_AKBDPEOC_03967	SA20160326_NMHJDFNH_03478	71.429	7	2	0	19	25	589	595	0.96	19.2
SA20160200_AKBDPEOC_03967	SA20160326_NMHJDFNH_03476	46.667	15	8	0	10	24	493	507	1.7	18.5
SA20160200_AKBDPEOC_03967	SA20160326_NMHJDFNH_03469	28.070	57	41	0	55	111	141	197	2.4	17.7
SA20160200_AKBDPEOC_03967	SA20160326_NMHJDFNH_03483	50.000	18	7	1	11	26	199	216	5.6	16.9
SA20160200_AKBDPEOC_03967	SA20160326_NMHJDFNH_03474	54.545	11	5	0	49	59	288	298	7.6	16.5
SA20160200_AKBDPEOC_03968	SA20160326_NMHJDFNH_03474	100.000	375	0	0	1	375	1	375	0.0	780
SA20160200_AKBDPEOC_03968	SA20160326_NMHJDFNH_03472	24.242	66	41	2	19	84	54	110	2.2	20.0
SA20160200_AKBDPEOC_03968	SA20160326_NMHJDFNH_03485	29.787	47	32	1	5	50	455	501	2.9	19.6
SA20160200_AKBDPEOC_03968	SA20160326_NMHJDFNH_03477	33.333	27	18	0	301	327	132	158	3.3	19.6
SA20160200_AKBDPEOC_03969	SA20160326_NMHJDFNH_03473	100.000	66	0	0	1	66	1	66	6.13e-45	129
SA20160200_AKBDPEOC_03969	SA20160326_NMHJDFNH_03476	60.000	10	4	0	9	18	540	549	0.37	18.9
SA20160200_AKBDPEOC_03969	SA20160326_NMHJDFNH_03478	83.333	6	1	0	1	6	648	653	1.3	17.3
SA20160200_AKBDPEOC_03969	SA20160326_NMHJDFNH_03481	40.000	10	6	0	50	59	332	341	3.2	16.2
SA20160200_AKBDPEOC_03969	SA20160326_NMHJDFNH_03482	62.500	8	3	0	38	45	5	12	4.8	15.4
SA20160200_AKBDPEOC_03970	SA20160326_NMHJDFNH_03472	100.000	672	0	0	1	672	1	672	0.0	1345
SA20160200_AKBDPEOC_03970	SA20160326_NMHJDFNH_03482	34.483	29	11	1	3	31	21	41	2.1	20.0
SA20160200_AKBDPEOC_03970	SA20160326_NMHJDFNH_03469	46.667	15	8	0	567	581	277	291	3.4	20.4
SA20160200_AKBDPEOC_03970	SA20160326_NMHJDFNH_03474	24.242	66	41	2	54	110	19	84	3.5	20.0
SA20160200_AKBDPEOC_03970	SA20160326_NMHJDFNH_03483	25.424	59	38	1	192	250	106	158	3.9	20.0
SA20160200_AKBDPEOC_03971	SA20160326_NMHJDFNH_03471	100.000	287	0	0	1	287	1	287	0.0	593
SA20160200_AKBDPEOC_03971	SA20160326_NMHJDFNH_03468	28.125	32	22	1	90	121	111	141	1.4	20.0
SA20160200_AKBDPEOC_03971	SA20160326_NMHJDFNH_03472	36.842	38	19	1	28	65	428	460	1.9	19.6
SA20160200_AKBDPEOC_03971	SA20160326_NMHJDFNH_03476	31.250	32	22	0	185	216	724	755	3.4	19.2
SA20160200_AKBDPEOC_03971	SA20160326_NMHJDFNH_03482	26.471	34	23	1	129	160	6	39	4.0	18.1
SA20160200_AKBDPEOC_03971	SA20160326_NMHJDFNH_03481	60.000	10	4	0	274	283	112	121	6.7	18.1
SA20160200_AKBDPEOC_03971	SA20160326_NMHJDFNH_03485	53.846	13	6	0	177	189	623	635	6.8	18.1
SA20160200_AKBDPEOC_03972	SA20160326_NMHJDFNH_03470	100.000	237	0	0	1	237	1	237	0.0	488
SA20160200_AKBDPEOC_03972	SA20160326_NMHJDFNH_03480	35.417	48	24	3	1	41	35	82	2.8	18.9
SA20160200_AKBDPEOC_03972	SA20160326_NMHJDFNH_03469	50.000	14	7	0	168	181	295	308	3.6	18.5
SA20160200_AKBDPEOC_03972	SA20160326_NMHJDFNH_03483	38.889	18	11	0	215	232	326	343	4.1	18.5
SA20160200_AKBDPEOC_03973	SA20160326_NMHJDFNH_03469	100.000	344	0	0	1	344	1	344	0.0	697
SA20160200_AKBDPEOC_03973	SA20160326_NMHJDFNH_03472	46.667	15	8	0	277	291	567	581	1.8	20.0
SA20160200_AKBDPEOC_03973	SA20160326_NMHJDFNH_03478	38.889	18	11	0	147	164	599	616	4.4	18.9
SA20160200_AKBDPEOC_03973	SA20160326_NMHJDFNH_03470	50.000	14	7	0	295	308	168	181	5.3	18.5
SA20160200_AKBDPEOC_03973	SA20160326_NMHJDFNH_03475	28.070	57	41	0	141	197	55	111	7.1	17.7
SA20160200_AKBDPEOC_03973	SA20160326_NMHJDFNH_03476	39.130	23	13	1	158	179	568	590	8.9	18.1
SA20160200_AKBDPEOC_03974	SA20160326_NMHJDFNH_03468	100.000	292	0	0	1	292	1	292	0.0	602
SA20160200_AKBDPEOC_03974	SA20160326_NMHJDFNH_03471	28.125	32	22	1	111	141	90	121	1.5	20.0
SA20160200_AKBDPEOC_03974	SA20160326_NMHJDFNH_03486	50.000	12	6	0	94	105	37	48	1.6	19.6
SA20160200_AKBDPEOC_03974	SA20160326_NMHJDFNH_03485	29.545	44	25	2	229	268	580	621	3.4	19.2
SA20160200_AKBDPEOC_03974	SA20160326_NMHJDFNH_03466	25.000	60	43	1	14	71	73	132	6.8	17.7
SA20160200_AKBDPEOC_03974	SA20160326_NMHJDFNH_03483	26.316	57	36	2	108	164	46	96	7.7	18.1
SA20160200_AKBDPEOC_03974	SA20160326_NMHJDFNH_03479	34.375	32	21	0	38	69	287	318	7.9	17.7
SA20160200_AKBDPEOC_03975	SA20160326_NMHJDFNH_03467	100.000	190	0	0	1	190	1	190	1.55e-146	396
SA20160200_AKBDPEOC_03975	SA20160326_NMHJDFNH_03478	25.000	24	18	0	166	189	342	365	5.7	17.7
SA20160200_AKBDPEOC_03975	SA20160326_NMHJDFNH_03483	30.303	33	21	1	17	47	235	267	7.4	17.3
SA20160200_AKBDPEOC_03976	SA20160326_NMHJDFNH_03466	100.000	156	0	0	1	156	1	156	2.73e-120	327
SA20160200_AKBDPEOC_03976	SA20160326_NMHJDFNH_03484	24.286	70	45	3	88	149	153	222	0.003	26.9
SA20160200_AKBDPEOC_03976	SA20160326_NMHJDFNH_03476	38.235	34	19	1	53	84	251	284	0.78	20.0
SA20160200_AKBDPEOC_03976	SA20160326_NMHJDFNH_03483	28.571	49	27	2	91	138	157	198	1.6	18.9
SA20160200_AKBDPEOC_03976	SA20160326_NMHJDFNH_03468	25.000	60	43	1	73	132	14	71	3.7	17.7
SA20160200_AKBDPEOC_03976	SA20160326_NMHJDFNH_03470	30.612	49	26	3	96	140	133	177	9.7	16.5
SA20160326_NMHJDFNH_03466	SA20160326_NMHJDFNH_03466	100.000	156	0	0	1	156	1	156	2.73e-120	327
SA20160326_NMHJDFNH_03466	SA20160326_NMHJDFNH_03484	24.286	70	45	3	88	149	153	222	0.003	26.9
SA20160326_NMHJDFNH_03466	SA20160326_NMHJDFNH_03476	38.235	34	19	1	53	84	251	284	0.78	20.0
SA20160326_NMHJDFNH_03466	SA20160326_NMHJDFNH_03483	28.571	49	27	2	91	138	157	198	1.6	18.9
SA20160326_NMHJDFNH_03466	SA20160326_NMHJDFNH_03468	25.000	60	43	1	73	132	14	71	3.7	17.7
SA20160326_NMHJDFNH_03466	SA20160326_NMHJDFNH_03470	30.612	49	26	3	96	140	133	177	9.7	16.5
SA20160326_NMHJDFNH_03467	SA20160326_NMHJDFNH_03467	100.000	190	0	0	1	190	1	190	1.55e-146	396
SA20160326_NMHJDFNH_03467	SA20160326_NMHJDFNH_03478	25.000	24	18	0	166	189	342	365	5.7	17.7
SA20160326_NMHJDFNH_03467	SA20160326_NMHJDFNH_03483	30.303	33	21	1	17	47	235	267	7.4	17.3
SA20160326_NMHJDFNH_03468	SA20160326_NMHJDFNH_03468	100.000	292	0	0	1	292	1	292	0.0	602
SA20160326_NMHJDFNH_03468	SA20160326_NMHJDFNH_03471	28.125	32	22	1	111	141	90	121	1.5	20.0
SA20160326_NMHJDFNH_03468	SA20160326_NMHJDFNH_03486	50.000	12	6	0	94	105	37	48	1.6	19.6
SA20160326_NMHJDFNH_03468	SA20160326_NMHJDFNH_03485	29.545	44	25	2	229	268	580	621	3.4	19.2
SA20160326_NMHJDFNH_03468	SA20160326_NMHJDFNH_03483	26.316	57	36	2	108	164	46	96	7.7	18.1
SA20160326_NMHJDFNH_03468	SA20160326_NMHJDFNH_03479	34.375	32	21	0	38	69	287	318	7.9	17.7
SA20160326_NMHJDFNH_03469	SA20160326_NMHJDFNH_03469	100.000	344	0	0	1	344	1	344	0.0	697
SA20160326_NMHJDFNH_03469	SA20160326_NMHJDFNH_03472	46.667	15	8	0	277	291	567	581	1.8	20.0
SA20160326_NMHJDFNH_03469	SA20160326_NMHJDFNH_03478	38.889	18	11	0	147	164	599	616	4.4	18.9
SA20160326_NMHJDFNH_03469	SA20160326_NMHJDFNH_03470	50.000	14	7	0	295	308	168	181	5.3	18.5
SA20160326_NMHJDFNH_03469	SA20160326_NMHJDFNH_03475	28.070	57	41	0	141	197	55	111	7.1	17.7
SA20160326_NMHJDFNH_03469	SA20160326_NMHJDFNH_03476	39.130	23	13	1	158	179	568	590	8.9	18.1
SA20160326_NMHJDFNH_03470	SA20160326_NMHJDFNH_03470	100.000	237	0	0	1	237	1	237	0.0	488
SA20160326_NMHJDFNH_03470	SA20160326_NMHJDFNH_03480	35.417	48	24	3	1	41	35	82	2.8	18.9
SA20160326_NMHJDFNH_03470	SA20160326_NMHJDFNH_03469	50.000	14	7	0	168	181	295	308	3.6	18.5
SA20160326_NMHJDFNH_03470	SA20160326_NMHJDFNH_03483	38.889	18	11	0	215	232	326	343	4.1	18.5
SA20160326_NMHJDFNH_03471	SA20160326_NMHJDFNH_03471	100.000	287	0	0	1	287	1	287	0.0	593
SA20160326_NMHJDFNH_03471	SA20160326_NMHJDFNH_03468	28.125	32	22	1	90	121	111	141	1.4	20.0
SA20160326_NMHJDFNH_03471	SA20160326_NMHJDFNH_03472	36.842	38	19	1	28	65	428	460	1.9	19.6
SA20160326_NMHJDFNH_03471	SA20160326_NMHJDFNH_03476	31.250	32	22	0	185	216	724	755	3.4	19.2
SA20160326_NMHJDFNH_03471	SA20160326_NMHJDFNH_03482	26.471	34	23	1	129	160	6	39	4.0	18.1
SA20160326_NMHJDFNH_03471	SA20160326_NMHJDFNH_03481	60.000	10	4	0	274	283	112	121	6.7	18.1
SA20160326_NMHJDFNH_03471	SA20160326_NMHJDFNH_03485	53.846	13	6	0	177	189	623	635	6.8	18.1
SA20160326_NMHJDFNH_03472	SA20160326_NMHJDFNH_03472	100.000	672	0	0	1	672	1	672	0.0	1345
SA20160326_NMHJDFNH_03472	SA20160326_NMHJDFNH_03482	34.483	29	11	1	3	31	21	41	2.1	20.0
SA20160326_NMHJDFNH_03472	SA20160326_NMHJDFNH_03469	46.667	15	8	0	567	581	277	291	3.4	20.4
SA20160326_NMHJDFNH_03472	SA20160326_NMHJDFNH_03474	24.242	66	41	2	54	110	19	84	3.5	20.0
SA20160326_NMHJDFNH_03472	SA20160326_NMHJDFNH_03483	25.424	59	38	1	192	250	106	158	3.9	20.0
SA20160326_NMHJDFNH_03473	SA20160326_NMHJDFNH_03473	100.000	66	0	0	1	66	1	66	6.13e-45	129
SA20160326_NMHJDFNH_03473	SA20160326_NMHJDFNH_03476	60.000	10	4	0	9	18	540	549	0.37	18.9
SA20160326_NMHJDFNH_03473	SA20160326_NMHJDFNH_03478	83.333	6	1	0	1	6	648	653	1.3	17.3
SA20160326_NMHJDFNH_03473	SA20160326_NMHJDFNH_03481	40.000	10	6	0	50	59	332	341	3.2	16.2
SA20160326_NMHJDFNH_03473	SA20160326_NMHJDFNH_03482	62.500	8	3	0	38	45	5	12	4.8	15.4
SA20160326_NMHJDFNH_03474	SA20160326_NMHJDFNH_03474	100.000	375	0	0	1	375	1	375	0.0	780
SA20160326_NMHJDFNH_03474	SA20160326_NMHJDFNH_03472	24.242	66	41	2	19	84	54	110	2.2	20.0
SA20160326_NMHJDFNH_03474	SA20160326_NMHJDFNH_03485	29.787	47	32	1	5	50	455	501	2.9	19.6
SA20160326_NMHJDFNH_03474	SA20160326_NMHJDFNH_03477	63.636	11	4	0	302	312	476	486	3.7	19.2
SA20160326_NMHJDFNH_03475	SA20160326_NMHJDFNH_03475	100.000	118	0	0	1	118	1	118	1.39e-90	248
SA20160326_NMHJDFNH_03475	SA20160326_NMHJDFNH_03478	71.429	7	2	0	19	25	589	595	0.96	19.2
SA20160326_NMHJDFNH_03475	SA20160326_NMHJDFNH_03476	46.667	15	8	0	10	24	493	507	1.7	18.5
SA20160326_NMHJDFNH_03475	SA20160326_NMHJDFNH_03469	28.070	57	41	0	55	111	141	197	2.4	17.7
SA20160326_NMHJDFNH_03475	SA20160326_NMHJDFNH_03483	50.000	18	7	1	11	26	199	216	5.6	16.9
SA20160326_NMHJDFNH_03475	SA20160326_NMHJDFNH_03474	54.545	11	5	0	49	59	288	298	7.6	16.5
SA20160326_NMHJDFNH_03476	SA20160326_NMHJDFNH_03476	100.000	1037	0	0	1	1037	1	1037	0.0	2122
SA20160326_NMHJDFNH_03476	SA20160326_NMHJDFNH_03466	38.235	34	19	1	251	284	53	84	5.2	20.0
SA20160326_NMHJDFNH_03477	SA20160326_NMHJDFNH_03477	100.000	566	0	0	1	566	1	566	0.0	1165
SA20160326_NMHJDFNH_03477	SA20160326_NMHJDFNH_03480	32.432	37	24	1	384	419	5	41	3.9	19.6
SA20160326_NMHJDFNH_03477	SA20160326_NMHJDFNH_03474	63.636	11	4	0	476	486	302	312	5.6	19.2
SA20160326_NMHJDFNH_03478	SA20160326_NMHJDFNH_03478	100.000	653	0	0	1	653	1	653	0.0	1355
SA20160326_NMHJDFNH_03478	SA20160326_NMHJDFNH_03485	35.556	45	27	1	307	351	169	211	0.019	27.7
SA20160326_NMHJDFNH_03478	SA20160326_NMHJDFNH_03484	41.176	17	10	0	553	569	264	280	2.5	20.8
SA20160326_NMHJDFNH_03478	SA20160326_NMHJDFNH_03481	23.256	43	28	1	93	130	5	47	3.6	20.0
SA20160326_NMHJDFNH_03478	SA20160326_NMHJDFNH_03475	71.429	7	2	0	589	595	19	25	5.3	19.2
SA20160326_NMHJDFNH_03478	SA20160326_NMHJDFNH_03469	38.889	18	11	0	599	616	147	164	8.4	18.9
SA20160326_NMHJDFNH_03479	SA20160326_NMHJDFNH_03479	100.000	432	0	0	1	432	1	432	0.0	888
SA20160326_NMHJDFNH_03479	SA20160326_NMHJDFNH_03476	42.105	19	11	0	223	241	307	325	6.4	18.9
SA20160326_NMHJDFNH_03480	SA20160326_NMHJDFNH_03480	100.000	191	0	0	1	191	1	191	2.33e-144	390
SA20160326_NMHJDFNH_03480	SA20160326_NMHJDFNH_03477	32.432	37	24	1	5	41	384	419	1.3	19.6
SA20160326_NMHJDFNH_03480	SA20160326_NMHJDFNH_03470	35.417	48	24	3	35	82	1	41	2.3	18.9
SA20160326_NMHJDFNH_03480	SA20160326_NMHJDFNH_03481	60.000	10	4	0	156	165	268	277	5.4	17.7
SA20160326_NMHJDFNH_03481	SA20160326_NMHJDFNH_03481	100.000	347	0	0	1	347	1	347	0.0	711
SA20160326_NMHJDFNH_03481	SA20160326_NMHJDFNH_03478	23.256	43	28	1	5	47	93	130	1.9	20.0
SA20160326_NMHJDFNH_03481	SA20160326_NMHJDFNH_03476	40.909	22	13	0	47	68	674	695	5.4	18.9
SA20160326_NMHJDFNH_03481	SA20160326_NMHJDFNH_03471	60.000	10	4	0	112	121	274	283	7.9	18.1
SA20160326_NMHJDFNH_03481	SA20160326_NMHJDFNH_03485	27.273	33	24	0	288	320	384	416	9.6	17.7
SA20160326_NMHJDFNH_03481	SA20160326_NMHJDFNH_03480	60.000	10	4	0	268	277	156	165	9.8	17.7
SA20160326_NMHJDFNH_03482	SA20160326_NMHJDFNH_03482	100.000	76	0	0	1	76	1	76	6.97e-57	160
SA20160326_NMHJDFNH_03482	SA20160326_NMHJDFNH_03472	34.483	29	11	1	21	41	3	31	0.24	20.0
SA20160326_NMHJDFNH_03482	SA20160326_NMHJDFNH_03471	26.471	34	23	1	6	39	129	160	1.0	18.1
SA20160326_NMHJDFNH_03482	SA20160326_NMHJDFNH_03473	33.333	15	10	0	5	19	38	52	3.3	16.2
SA20160326_NMHJDFNH_03482	SA20160326_NMHJDFNH_03474	22.222	36	28	0	30	65	134	169	3.3	16.5
SA20160326_NMHJDFNH_03482	SA20160326_NMHJDFNH_03476	71.429	7	2	0	15	21	885	891	4.2	16.2
SA20160326_NMHJDFNH_03482	SA20160326_NMHJDFNH_03478	32.143	28	19	0	36	63	476	503	7.2	15.8
SA20160326_NMHJDFNH_03482	SA20160326_NMHJDFNH_03477	35.714	14	9	0	25	38	525	538	8.0	15.4
SA20160326_NMHJDFNH_03482	SA20160326_NMHJDFNH_03485	44.444	9	5	0	13	21	554	562	8.1	15.4
SA20160326_NMHJDFNH_03483	SA20160326_NMHJDFNH_03483	100.000	666	0	0	1	666	1	666	0.0	1380
SA20160326_NMHJDFNH_03483	SA20160326_NMHJDFNH_03472	25.424	59	38	1	106	158	192	250	4.3	20.0
SA20160326_NMHJDFNH_03483	SA20160326_NMHJDFNH_03466	28.571	49	27	2	157	198	91	138	6.7	18.9
SA20160326_NMHJDFNH_03484	SA20160326_NMHJDFNH_03484	100.000	316	0	0	1	316	1	316	0.0	655
SA20160326_NMHJDFNH_03484	SA20160326_NMHJDFNH_03466	24.286	70	45	3	153	222	88	149	0.006	26.9
SA20160326_NMHJDFNH_03484	SA20160326_NMHJDFNH_03478	41.176	17	10	0	264	280	553	569	1.1	20.8
SA20160326_NMHJDFNH_03484	SA20160326_NMHJDFNH_03485	27.941	68	47	1	224	291	686	751	3.5	19.2
SA20160326_NMHJDFNH_03484	SA20160326_NMHJDFNH_03468	44.444	18	10	0	236	253	139	156	4.8	18.5
SA20160326_NMHJDFNH_03485	SA20160326_NMHJDFNH_03485	100.000	759	0	0	1	759	1	759	0.0	1551
SA20160326_NMHJDFNH_03485	SA20160326_NMHJDFNH_03478	35.556	45	27	1	169	211	307	351	0.023	27.7
SA20160326_NMHJDFNH_03485	SA20160326_NMHJDFNH_03474	29.787	47	32	1	455	501	5	50	5.9	19.6
SA20160326_NMHJDFNH_03486	SA20160326_NMHJDFNH_03486	100.000	111	0	0	1	111	1	111	1.41e-80	223
SA20160326_NMHJDFNH_03486	SA20160326_NMHJDFNH_03468	50.000	12	6	0	37	48	94	105	0.62	19.6
SA20160326_NMHJDFNH_03486	SA20160326_NMHJDFNH_03478	27.119	59	31	2	3	53	427	481	0.77	19.2
SA20160326_NMHJDFNH_03486	SA20160326_NMHJDFNH_03485	28.378	74	38	4	27	93	525	590	2.2	18.1
SA20160326_NMHJDFNH_03486	SA20160326_NMHJDFNH_03477	22.727	22	17	0	45	66	202	223	6.7	16.5
SA20160326_NMHJDFNH_03486	SA20160326_NMHJDFNH_03466	85.714	7	1	0	99	105	85	91	7.6	16.2
SA20160200_AKBDPEOC_03956	SA20160200_AKBDPEOC_03956	100.000	111	0	0	1	111	1	111	1.41e-80	223
SA20160200_AKBDPEOC_03956	SA20160200_AKBDPEOC_03974	50.000	12	6	0	37	48	94	105	0.62	19.6
SA20160200_AKBDPEOC_03956	SA20160200_AKBDPEOC_03964	27.119	59	31	2	3	53	427	481	0.77	19.2
SA20160200_AKBDPEOC_03956	SA20160200_AKBDPEOC_03957	28.378	74	38	4	27	93	525	590	2.2	18.1
SA20160200_AKBDPEOC_03956	SA20160200_AKBDPEOC_03965	22.727	22	17	0	45	66	202	223	6.7	16.5
SA20160200_AKBDPEOC_03956	SA20160200_AKBDPEOC_03976	85.714	7	1	0	99	105	85	91	7.6	16.2
SA20160200_AKBDPEOC_03957	SA20160200_AKBDPEOC_03957	100.000	759	0	0	1	759	1	759	0.0	1551
SA20160200_AKBDPEOC_03957	SA20160200_AKBDPEOC_03964	35.556	45	27	1	169	211	307	351	0.023	27.7
SA20160200_AKBDPEOC_03957	SA20160200_AKBDPEOC_03968	29.787	47	32	1	455	501	5	50	5.9	19.6
SA20160200_AKBDPEOC_03958	SA20160200_AKBDPEOC_03958	100.000	316	0	0	1	316	1	316	0.0	655
SA20160200_AKBDPEOC_03958	SA20160200_AKBDPEOC_03976	24.286	70	45	3	153	222	88	149	0.006	26.9
SA20160200_AKBDPEOC_03958	SA20160200_AKBDPEOC_03964	41.176	17	10	0	264	280	553	569	1.1	20.8
SA20160200_AKBDPEOC_03958	SA20160200_AKBDPEOC_03957	27.941	68	47	1	224	291	686	751	3.5	19.2
SA20160200_AKBDPEOC_03958	SA20160200_AKBDPEOC_03974	44.444	18	10	0	236	253	139	156	4.8	18.5
SA20160200_AKBDPEOC_03959	SA20160200_AKBDPEOC_03959	100.000	666	0	0	1	666	1	666	0.0	1380
SA20160200_AKBDPEOC_03959	SA20160200_AKBDPEOC_03970	25.424	59	38	1	106	158	192	250	4.3	20.0
SA20160200_AKBDPEOC_03959	SA20160200_AKBDPEOC_03976	28.571	49	27	2	157	198	91	138	6.7	18.9
SA20160200_AKBDPEOC_03960	SA20160200_AKBDPEOC_03960	100.000	76	0	0	1	76	1	76	6.97e-57	160
SA20160200_AKBDPEOC_03960	SA20160200_AKBDPEOC_03970	34.483	29	11	1	21	41	3	31	0.24	20.0
SA20160200_AKBDPEOC_03960	SA20160200_AKBDPEOC_03971	26.471	34	23	1	6	39	129	160	1.0	18.1
SA20160200_AKBDPEOC_03960	SA20160200_AKBDPEOC_03969	33.333	15	10	0	5	19	38	52	3.3	16.2
SA20160200_AKBDPEOC_03960	SA20160200_AKBDPEOC_03968	22.222	36	28	0	30	65	134	169	3.3	16.5
SA20160200_AKBDPEOC_03960	SA20160200_AKBDPEOC_03966	71.429	7	2	0	15	21	885	891	4.2	16.2
SA20160200_AKBDPEOC_03960	SA20160200_AKBDPEOC_03964	32.143	28	19	0	36	63	476	503	7.2	15.8
SA20160200_AKBDPEOC_03960	SA20160200_AKBDPEOC_03965	35.714	14	9	0	25	38	525	538	8.0	15.4
SA20160200_AKBDPEOC_03960	SA20160200_AKBDPEOC_03957	44.444	9	5	0	13	21	554	562	8.1	15.4
SA20160200_AKBDPEOC_03961	SA20160200_AKBDPEOC_03961	100.000	347	0	0	1	347	1	347	0.0	712
SA20160200_AKBDPEOC_03961	SA20160200_AKBDPEOC_03964	23.810	42	27	1	6	47	94	130	2.0	20.0
SA20160200_AKBDPEOC_03961	SA20160200_AKBDPEOC_03966	40.909	22	13	0	47	68	674	695	5.5	18.9
SA20160200_AKBDPEOC_03961	SA20160200_AKBDPEOC_03971	60.000	10	4	0	112	121	274	283	7.9	18.1
SA20160200_AKBDPEOC_03961	SA20160200_AKBDPEOC_03957	27.273	33	24	0	288	320	384	416	9.4	18.1
SA20160200_AKBDPEOC_03961	SA20160200_AKBDPEOC_03962	60.000	10	4	0	268	277	156	165	9.8	17.7
SA20160200_AKBDPEOC_03962	SA20160200_AKBDPEOC_03962	100.000	191	0	0	1	191	1	191	2.33e-144	390
SA20160200_AKBDPEOC_03962	SA20160200_AKBDPEOC_03965	32.432	37	24	1	5	41	384	419	1.3	19.6
SA20160200_AKBDPEOC_03962	SA20160200_AKBDPEOC_03972	35.417	48	24	3	35	82	1	41	2.3	18.9
SA20160200_AKBDPEOC_03962	SA20160200_AKBDPEOC_03961	60.000	10	4	0	156	165	268	277	5.4	17.7
SA20160200_AKBDPEOC_03963	SA20160200_AKBDPEOC_03963	100.000	432	0	0	1	432	1	432	0.0	888
SA20160200_AKBDPEOC_03963	SA20160200_AKBDPEOC_03966	42.105	19	11	0	223	241	307	325	6.4	18.9
SA20160200_AKBDPEOC_03964	SA20160200_AKBDPEOC_03964	100.000	653	0	0	1	653	1	653	0.0	1355
SA20160200_AKBDPEOC_03964	SA20160200_AKBDPEOC_03957	35.556	45	27	1	307	351	169	211	0.019	27.7
SA20160200_AKBDPEOC_03964	SA20160200_AKBDPEOC_03958	41.176	17	10	0	553	569	264	280	2.5	20.8
SA20160200_AKBDPEOC_03964	SA20160200_AKBDPEOC_03961	23.810	42	27	1	94	130	6	47	3.7	20.0
SA20160200_AKBDPEOC_03964	SA20160200_AKBDPEOC_03967	71.429	7	2	0	589	595	19	25	5.3	19.2
SA20160200_AKBDPEOC_03964	SA20160200_AKBDPEOC_03973	38.889	18	11	0	599	616	147	164	8.4	18.9
SA20160200_AKBDPEOC_03965	SA20160200_AKBDPEOC_03965	100.000	566	0	0	1	566	1	566	0.0	1165
SA20160200_AKBDPEOC_03965	SA20160200_AKBDPEOC_03962	32.432	37	24	1	384	419	5	41	3.9	19.6
SA20160200_AKBDPEOC_03965	SA20160200_AKBDPEOC_03968	63.636	11	4	0	476	486	302	312	5.6	19.2
SA20160200_AKBDPEOC_03966	SA20160200_AKBDPEOC_03966	100.000	1037	0	0	1	1037	1	1037	0.0	2122
SA20160200_AKBDPEOC_03966	SA20160200_AKBDPEOC_03976	38.235	34	19	1	251	284	53	84	5.2	20.0
SA20160200_AKBDPEOC_03967	SA20160200_AKBDPEOC_03967	100.000	118	0	0	1	118	1	118	1.39e-90	248
SA20160200_AKBDPEOC_03967	SA20160200_AKBDPEOC_03964	71.429	7	2	0	19	25	589	595	0.96	19.2
SA20160200_AKBDPEOC_03967	SA20160200_AKBDPEOC_03966	46.667	15	8	0	10	24	493	507	1.7	18.5
SA20160200_AKBDPEOC_03967	SA20160200_AKBDPEOC_03973	28.070	57	41	0	55	111	141	197	2.4	17.7
SA20160200_AKBDPEOC_03967	SA20160200_AKBDPEOC_03959	50.000	18	7	1	11	26	199	216	5.6	16.9
SA20160200_AKBDPEOC_03967	SA20160200_AKBDPEOC_03968	54.545	11	5	0	49	59	288	298	7.6	16.5
SA20160200_AKBDPEOC_03968	SA20160200_AKBDPEOC_03968	100.000	375	0	0	1	375	1	375	0.0	780
SA20160200_AKBDPEOC_03968	SA20160200_AKBDPEOC_03970	24.242	66	41	2	19	84	54	110	2.2	20.0
SA20160200_AKBDPEOC_03968	SA20160200_AKBDPEOC_03957	29.787	47	32	1	5	50	455	501	2.9	19.6
SA20160200_AKBDPEOC_03968	SA20160200_AKBDPEOC_03965	63.636	11	4	0	302	312	476	486	3.7	19.2
SA20160200_AKBDPEOC_03969	SA20160200_AKBDPEOC_03969	100.000	66	0	0	1	66	1	66	6.13e-45	129
SA20160200_AKBDPEOC_03969	SA20160200_AKBDPEOC_03966	60.000	10	4	0	9	18	540	549	0.37	18.9
SA20160200_AKBDPEOC_03969	SA20160200_AKBDPEOC_03964	83.333	6	1	0	1	6	648	653	1.3	17.3
SA20160200_AKBDPEOC_03969	SA20160200_AKBDPEOC_03961	40.000	10	6	0	50	59	332	341	3.2	16.2
SA20160200_AKBDPEOC_03969	SA20160200_AKBDPEOC_03960	62.500	8	3	0	38	45	5	12	4.8	15.4
SA20160200_AKBDPEOC_03970	SA20160200_AKBDPEOC_03970	100.000	672	0	0	1	672	1	672	0.0	1345
SA20160200_AKBDPEOC_03970	SA20160200_AKBDPEOC_03960	34.483	29	11	1	3	31	21	41	2.1	20.0
SA20160200_AKBDPEOC_03970	SA20160200_AKBDPEOC_03973	46.667	15	8	0	567	581	277	291	3.4	20.4
SA20160200_AKBDPEOC_03970	SA20160200_AKBDPEOC_03968	24.242	66	41	2	54	110	19	84	3.5	20.0
SA20160200_AKBDPEOC_03970	SA20160200_AKBDPEOC_03959	25.424	59	38	1	192	250	106	158	3.9	20.0
SA20160200_AKBDPEOC_03971	SA20160200_AKBDPEOC_03971	100.000	287	0	0	1	287	1	287	0.0	593
SA20160200_AKBDPEOC_03971	SA20160200_AKBDPEOC_03974	28.125	32	22	1	90	121	111	141	1.4	20.0
SA20160200_AKBDPEOC_03971	SA20160200_AKBDPEOC_03970	36.842	38	19	1	28	65	428	460	1.9	19.6
SA20160200_AKBDPEOC_03971	SA20160200_AKBDPEOC_03966	31.250	32	22	0	185	216	724	755	3.4	19.2
SA20160200_AKBDPEOC_03971	SA20160200_AKBDPEOC_03960	26.471	34	23	1	129	160	6	39	4.0	18.1
SA20160200_AKBDPEOC_03971	SA20160200_AKBDPEOC_03957	53.846	13	6	0	177	189	623	635	6.8	18.1
SA20160200_AKBDPEOC_03971	SA20160200_AKBDPEOC_03961	60.000	10	4	0	274	283	112	121	6.8	18.1
SA20160200_AKBDPEOC_03972	SA20160200_AKBDPEOC_03972	100.000	237	0	0	1	237	1	237	0.0	488
SA20160200_AKBDPEOC_03972	SA20160200_AKBDPEOC_03962	35.417	48	24	3	1	41	35	82	2.8	18.9
SA20160200_AKBDPEOC_03972	SA20160200_AKBDPEOC_03973	50.000	14	7	0	168	181	295	308	3.6	18.5
SA20160200_AKBDPEOC_03972	SA20160200_AKBDPEOC_03959	38.889	18	11	0	215	232	326	343	4.1	18.5
SA20160200_AKBDPEOC_03973	SA20160200_AKBDPEOC_03973	100.000	344	0	0	1	344	1	344	0.0	697
SA20160200_AKBDPEOC_03973	SA20160200_AKBDPEOC_03970	46.667	15	8	0	277	291	567	581	1.8	20.0
SA20160200_AKBDPEOC_03973	SA20160200_AKBDPEOC_03964	38.889	18	11	0	147	164	599	616	4.4	18.9
SA20160200_AKBDPEOC_03973	SA20160200_AKBDPEOC_03972	50.000	14	7	0	295	308	168	181	5.3	18.5
SA20160200_AKBDPEOC_03973	SA20160200_AKBDPEOC_03967	28.070	57	41	0	141	197	55	111	7.1	17.7
SA20160200_AKBDPEOC_03973	SA20160200_AKBDPEOC_03966	39.130	23	13	1	158	179	568	590	8.9	18.1
SA20160200_AKBDPEOC_03974	SA20160200_AKBDPEOC_03974	100.000	292	0	0	1	292	1	292	0.0	602
SA20160200_AKBDPEOC_03974	SA20160200_AKBDPEOC_03971	28.125	32	22	1	111	141	90	121	1.5	20.0
SA20160200_AKBDPEOC_03974	SA20160200_AKBDPEOC_03956	50.000	12	6	0	94	105	37	48	1.6	19.6
SA20160200_AKBDPEOC_03974	SA20160200_AKBDPEOC_03957	29.545	44	25	2	229	268	580	621	3.4	19.2
SA20160200_AKBDPEOC_03974	SA20160200_AKBDPEOC_03959	26.316	57	36	2	108	164	46	96	7.7	18.1
SA20160200_AKBDPEOC_03974	SA20160200_AKBDPEOC_03963	34.375	32	21	0	38	69	287	318	7.9	17.7
SA20160200_AKBDPEOC_03975	SA20160200_AKBDPEOC_03975	100.000	190	0	0	1	190	1	190	1.55e-146	396
SA20160200_AKBDPEOC_03975	SA20160200_AKBDPEOC_03964	25.000	24	18	0	166	189	342	365	5.7	17.7
SA20160200_AKBDPEOC_03975	SA20160200_AKBDPEOC_03959	30.303	33	21	1	17	47	235	267	7.4	17.3
SA20160200_AKBDPEOC_03976	SA20160200_AKBDPEOC_03976	100.000	156	0	0	1	156	1	156	2.73e-120	327
SA20160200_AKBDPEOC_03976	SA20160200_AKBDPEOC_03958	24.286	70	45	3	88	149	153	222	0.003	26.9
SA20160200_AKBDPEOC_03976	SA20160200_AKBDPEOC_03966	38.235	34	19	1	53	84	251	284	0.78	20.0
SA20160200_AKBDPEOC_03976	SA20160200_AKBDPEOC_03959	28.571	49	27	2	91	138	157	198	1.6	18.9
SA20160200_AKBDPEOC_03976	SA20160200_AKBDPEOC_03974	25.000	60	43	1	73	132	14	71	3.7	17.7
SA20160200_AKBDPEOC_03976	SA20160200_AKBDPEOC_03972	30.612	49	26	3	96	140	133	177	9.7	16.5
