SA20160170_CHGPAPHK_03577	SA20160201_IJJBCCFE_03418	100.000	111	0	0	1	111	1	111	1.41e-80	223
SA20160170_CHGPAPHK_03577	SA20160201_IJJBCCFE_03436	50.000	12	6	0	37	48	94	105	0.62	19.6
SA20160170_CHGPAPHK_03577	SA20160201_IJJBCCFE_03426	27.119	59	31	2	3	53	427	481	0.77	19.2
SA20160170_CHGPAPHK_03577	SA20160201_IJJBCCFE_03419	28.378	74	38	4	27	93	525	590	2.2	18.1
SA20160170_CHGPAPHK_03577	SA20160201_IJJBCCFE_03427	22.727	22	17	0	45	66	202	223	6.7	16.5
SA20160170_CHGPAPHK_03577	SA20160201_IJJBCCFE_03438	85.714	7	1	0	99	105	85	91	7.6	16.2
SA20160170_CHGPAPHK_03578	SA20160201_IJJBCCFE_03419	100.000	759	0	0	1	759	1	759	0.0	1551
SA20160170_CHGPAPHK_03578	SA20160201_IJJBCCFE_03426	35.556	45	27	1	169	211	307	351	0.023	27.7
SA20160170_CHGPAPHK_03578	SA20160201_IJJBCCFE_03430	29.787	47	32	1	455	501	5	50	5.9	19.6
SA20160170_CHGPAPHK_03578	SA20160201_IJJBCCFE_03436	29.545	44	25	2	580	621	229	268	8.7	19.2
SA20160170_CHGPAPHK_03579	SA20160201_IJJBCCFE_03420	100.000	316	0	0	1	316	1	316	0.0	655
SA20160170_CHGPAPHK_03579	SA20160201_IJJBCCFE_03438	24.286	70	45	3	153	222	88	149	0.006	26.9
SA20160170_CHGPAPHK_03579	SA20160201_IJJBCCFE_03426	41.176	17	10	0	264	280	553	569	1.1	20.8
SA20160170_CHGPAPHK_03579	SA20160201_IJJBCCFE_03419	27.941	68	47	1	224	291	686	751	3.5	19.2
SA20160170_CHGPAPHK_03579	SA20160201_IJJBCCFE_03436	44.444	18	10	0	236	253	139	156	4.8	18.5
SA20160170_CHGPAPHK_03580	SA20160201_IJJBCCFE_03421	100.000	666	0	0	1	666	1	666	0.0	1380
SA20160170_CHGPAPHK_03580	SA20160201_IJJBCCFE_03432	25.424	59	38	1	106	158	192	250	4.3	20.0
SA20160170_CHGPAPHK_03580	SA20160201_IJJBCCFE_03438	28.571	49	27	2	157	198	91	138	6.7	18.9
SA20160170_CHGPAPHK_03581	SA20160201_IJJBCCFE_03422	100.000	76	0	0	1	76	1	76	6.97e-57	160
SA20160170_CHGPAPHK_03581	SA20160201_IJJBCCFE_03432	34.483	29	11	1	21	41	3	31	0.24	20.0
SA20160170_CHGPAPHK_03581	SA20160201_IJJBCCFE_03433	26.471	34	23	1	6	39	129	160	1.0	18.1
SA20160170_CHGPAPHK_03581	SA20160201_IJJBCCFE_03431	33.333	15	10	0	5	19	38	52	3.3	16.2
SA20160170_CHGPAPHK_03581	SA20160201_IJJBCCFE_03430	22.222	36	28	0	30	65	134	169	3.3	16.5
SA20160170_CHGPAPHK_03581	SA20160201_IJJBCCFE_03428	71.429	7	2	0	15	21	885	891	4.2	16.2
SA20160170_CHGPAPHK_03581	SA20160201_IJJBCCFE_03426	32.143	28	19	0	36	63	476	503	7.2	15.8
SA20160170_CHGPAPHK_03581	SA20160201_IJJBCCFE_03427	35.714	14	9	0	25	38	525	538	8.0	15.4
SA20160170_CHGPAPHK_03581	SA20160201_IJJBCCFE_03419	44.444	9	5	0	13	21	554	562	8.1	15.4
SA20160170_CHGPAPHK_03582	SA20160201_IJJBCCFE_03423	100.000	347	0	0	1	347	1	347	0.0	712
SA20160170_CHGPAPHK_03582	SA20160201_IJJBCCFE_03426	23.810	42	27	1	6	47	94	130	2.0	20.0
SA20160170_CHGPAPHK_03582	SA20160201_IJJBCCFE_03428	40.909	22	13	0	47	68	674	695	5.5	18.9
SA20160170_CHGPAPHK_03582	SA20160201_IJJBCCFE_03433	60.000	10	4	0	112	121	274	283	7.9	18.1
SA20160170_CHGPAPHK_03582	SA20160201_IJJBCCFE_03419	27.273	33	24	0	288	320	384	416	9.4	18.1
SA20160170_CHGPAPHK_03582	SA20160201_IJJBCCFE_03424	60.000	10	4	0	268	277	156	165	9.8	17.7
SA20160170_CHGPAPHK_03583	SA20160201_IJJBCCFE_03424	100.000	191	0	0	1	191	1	191	2.33e-144	390
SA20160170_CHGPAPHK_03583	SA20160201_IJJBCCFE_03427	32.432	37	24	1	5	41	384	419	1.3	19.6
SA20160170_CHGPAPHK_03583	SA20160201_IJJBCCFE_03434	35.417	48	24	3	35	82	1	41	2.3	18.9
SA20160170_CHGPAPHK_03583	SA20160201_IJJBCCFE_03423	60.000	10	4	0	156	165	268	277	5.4	17.7
SA20160170_CHGPAPHK_03584	SA20160201_IJJBCCFE_03425	100.000	432	0	0	1	432	1	432	0.0	888
SA20160170_CHGPAPHK_03584	SA20160201_IJJBCCFE_03428	42.105	19	11	0	223	241	307	325	6.4	18.9
SA20160170_CHGPAPHK_03584	SA20160201_IJJBCCFE_03427	40.000	25	14	1	159	182	196	220	7.9	18.5
SA20160170_CHGPAPHK_03585	SA20160201_IJJBCCFE_03426	100.000	653	0	0	1	653	1	653	0.0	1355
SA20160170_CHGPAPHK_03585	SA20160201_IJJBCCFE_03419	35.556	45	27	1	307	351	169	211	0.019	27.7
SA20160170_CHGPAPHK_03585	SA20160201_IJJBCCFE_03420	41.176	17	10	0	553	569	264	280	2.5	20.8
SA20160170_CHGPAPHK_03585	SA20160201_IJJBCCFE_03423	23.810	42	27	1	94	130	6	47	3.7	20.0
SA20160170_CHGPAPHK_03585	SA20160201_IJJBCCFE_03429	71.429	7	2	0	589	595	19	25	5.3	19.2
SA20160170_CHGPAPHK_03585	SA20160201_IJJBCCFE_03435	38.889	18	11	0	599	616	147	164	8.4	18.9
SA20160170_CHGPAPHK_03586	SA20160201_IJJBCCFE_03427	100.000	566	0	0	1	566	1	566	0.0	1165
SA20160170_CHGPAPHK_03586	SA20160201_IJJBCCFE_03424	32.432	37	24	1	384	419	5	41	3.9	19.6
SA20160170_CHGPAPHK_03586	SA20160201_IJJBCCFE_03430	63.636	11	4	0	476	486	302	312	5.6	19.2
SA20160170_CHGPAPHK_03587	SA20160201_IJJBCCFE_03428	100.000	1037	0	0	1	1037	1	1037	0.0	2122
SA20160170_CHGPAPHK_03587	SA20160201_IJJBCCFE_03438	38.235	34	19	1	251	284	53	84	5.2	20.0
SA20160170_CHGPAPHK_03588	SA20160201_IJJBCCFE_03429	100.000	118	0	0	1	118	1	118	1.39e-90	248
SA20160170_CHGPAPHK_03588	SA20160201_IJJBCCFE_03426	71.429	7	2	0	19	25	589	595	0.96	19.2
SA20160170_CHGPAPHK_03588	SA20160201_IJJBCCFE_03428	46.667	15	8	0	10	24	493	507	1.7	18.5
SA20160170_CHGPAPHK_03588	SA20160201_IJJBCCFE_03435	28.070	57	41	0	55	111	141	197	2.4	17.7
SA20160170_CHGPAPHK_03588	SA20160201_IJJBCCFE_03421	50.000	18	7	1	11	26	199	216	5.6	16.9
SA20160170_CHGPAPHK_03588	SA20160201_IJJBCCFE_03430	54.545	11	5	0	49	59	288	298	7.6	16.5
SA20160170_CHGPAPHK_03589	SA20160201_IJJBCCFE_03430	100.000	375	0	0	1	375	1	375	0.0	780
SA20160170_CHGPAPHK_03589	SA20160201_IJJBCCFE_03432	24.242	66	41	2	19	84	54	110	2.2	20.0
SA20160170_CHGPAPHK_03589	SA20160201_IJJBCCFE_03419	29.787	47	32	1	5	50	455	501	2.9	19.6
SA20160170_CHGPAPHK_03589	SA20160201_IJJBCCFE_03427	33.333	27	18	0	301	327	132	158	3.3	19.6
SA20160170_CHGPAPHK_03590	SA20160201_IJJBCCFE_03431	100.000	66	0	0	1	66	1	66	6.13e-45	129
SA20160170_CHGPAPHK_03590	SA20160201_IJJBCCFE_03428	60.000	10	4	0	9	18	540	549	0.37	18.9
SA20160170_CHGPAPHK_03590	SA20160201_IJJBCCFE_03426	83.333	6	1	0	1	6	648	653	1.3	17.3
SA20160170_CHGPAPHK_03590	SA20160201_IJJBCCFE_03423	40.000	10	6	0	50	59	332	341	3.2	16.2
SA20160170_CHGPAPHK_03590	SA20160201_IJJBCCFE_03422	62.500	8	3	0	38	45	5	12	4.8	15.4
SA20160170_CHGPAPHK_03591	SA20160201_IJJBCCFE_03432	100.000	672	0	0	1	672	1	672	0.0	1345
SA20160170_CHGPAPHK_03591	SA20160201_IJJBCCFE_03422	34.483	29	11	1	3	31	21	41	2.1	20.0
SA20160170_CHGPAPHK_03591	SA20160201_IJJBCCFE_03435	46.667	15	8	0	567	581	277	291	3.4	20.4
SA20160170_CHGPAPHK_03591	SA20160201_IJJBCCFE_03430	24.242	66	41	2	54	110	19	84	3.5	20.0
SA20160170_CHGPAPHK_03591	SA20160201_IJJBCCFE_03421	25.424	59	38	1	192	250	106	158	3.9	20.0
SA20160170_CHGPAPHK_03592	SA20160201_IJJBCCFE_03433	100.000	287	0	0	1	287	1	287	0.0	593
SA20160170_CHGPAPHK_03592	SA20160201_IJJBCCFE_03436	28.125	32	22	1	90	121	111	141	1.4	20.0
SA20160170_CHGPAPHK_03592	SA20160201_IJJBCCFE_03432	36.842	38	19	1	28	65	428	460	1.9	19.6
SA20160170_CHGPAPHK_03592	SA20160201_IJJBCCFE_03428	31.250	32	22	0	185	216	724	755	3.4	19.2
SA20160170_CHGPAPHK_03592	SA20160201_IJJBCCFE_03422	26.471	34	23	1	129	160	6	39	4.0	18.1
SA20160170_CHGPAPHK_03592	SA20160201_IJJBCCFE_03419	53.846	13	6	0	177	189	623	635	6.8	18.1
SA20160170_CHGPAPHK_03592	SA20160201_IJJBCCFE_03423	60.000	10	4	0	274	283	112	121	6.8	18.1
SA20160170_CHGPAPHK_03593	SA20160201_IJJBCCFE_03434	100.000	237	0	0	1	237	1	237	0.0	488
SA20160170_CHGPAPHK_03593	SA20160201_IJJBCCFE_03424	35.417	48	24	3	1	41	35	82	2.8	18.9
SA20160170_CHGPAPHK_03593	SA20160201_IJJBCCFE_03435	50.000	14	7	0	168	181	295	308	3.6	18.5
SA20160170_CHGPAPHK_03593	SA20160201_IJJBCCFE_03421	38.889	18	11	0	215	232	326	343	4.1	18.5
SA20160170_CHGPAPHK_03594	SA20160201_IJJBCCFE_03435	100.000	344	0	0	1	344	1	344	0.0	697
SA20160170_CHGPAPHK_03594	SA20160201_IJJBCCFE_03432	46.667	15	8	0	277	291	567	581	1.8	20.0
SA20160170_CHGPAPHK_03594	SA20160201_IJJBCCFE_03426	38.889	18	11	0	147	164	599	616	4.4	18.9
SA20160170_CHGPAPHK_03594	SA20160201_IJJBCCFE_03434	50.000	14	7	0	295	308	168	181	5.3	18.5
SA20160170_CHGPAPHK_03594	SA20160201_IJJBCCFE_03429	28.070	57	41	0	141	197	55	111	7.1	17.7
SA20160170_CHGPAPHK_03594	SA20160201_IJJBCCFE_03428	39.130	23	13	1	158	179	568	590	8.9	18.1
SA20160170_CHGPAPHK_03595	SA20160201_IJJBCCFE_03436	100.000	292	0	0	1	292	1	292	0.0	602
SA20160170_CHGPAPHK_03595	SA20160201_IJJBCCFE_03433	28.125	32	22	1	111	141	90	121	1.5	20.0
SA20160170_CHGPAPHK_03595	SA20160201_IJJBCCFE_03418	50.000	12	6	0	94	105	37	48	1.6	19.6
SA20160170_CHGPAPHK_03595	SA20160201_IJJBCCFE_03419	29.545	44	25	2	229	268	580	621	3.4	19.2
SA20160170_CHGPAPHK_03595	SA20160201_IJJBCCFE_03438	25.000	60	43	1	14	71	73	132	6.8	17.7
SA20160170_CHGPAPHK_03595	SA20160201_IJJBCCFE_03421	26.316	57	36	2	108	164	46	96	7.7	18.1
SA20160170_CHGPAPHK_03595	SA20160201_IJJBCCFE_03425	34.375	32	21	0	38	69	287	318	7.9	17.7
SA20160170_CHGPAPHK_03596	SA20160201_IJJBCCFE_03437	100.000	190	0	0	1	190	1	190	1.55e-146	396
SA20160170_CHGPAPHK_03596	SA20160201_IJJBCCFE_03426	25.000	24	18	0	166	189	342	365	5.7	17.7
SA20160170_CHGPAPHK_03596	SA20160201_IJJBCCFE_03421	30.303	33	21	1	17	47	235	267	7.4	17.3
SA20160170_CHGPAPHK_03597	SA20160201_IJJBCCFE_03438	100.000	156	0	0	1	156	1	156	2.73e-120	327
SA20160170_CHGPAPHK_03597	SA20160201_IJJBCCFE_03420	24.286	70	45	3	88	149	153	222	0.003	26.9
SA20160170_CHGPAPHK_03597	SA20160201_IJJBCCFE_03428	38.235	34	19	1	53	84	251	284	0.78	20.0
SA20160170_CHGPAPHK_03597	SA20160201_IJJBCCFE_03421	28.571	49	27	2	91	138	157	198	1.6	18.9
SA20160170_CHGPAPHK_03597	SA20160201_IJJBCCFE_03436	25.000	60	43	1	73	132	14	71	3.7	17.7
SA20160170_CHGPAPHK_03597	SA20160201_IJJBCCFE_03434	30.612	49	26	3	96	140	133	177	9.7	16.5
SA20160201_IJJBCCFE_03418	SA20160201_IJJBCCFE_03418	100.000	111	0	0	1	111	1	111	1.41e-80	223
SA20160201_IJJBCCFE_03418	SA20160201_IJJBCCFE_03436	50.000	12	6	0	37	48	94	105	0.62	19.6
SA20160201_IJJBCCFE_03418	SA20160201_IJJBCCFE_03426	27.119	59	31	2	3	53	427	481	0.77	19.2
SA20160201_IJJBCCFE_03418	SA20160201_IJJBCCFE_03419	28.378	74	38	4	27	93	525	590	2.2	18.1
SA20160201_IJJBCCFE_03418	SA20160201_IJJBCCFE_03427	22.727	22	17	0	45	66	202	223	6.7	16.5
SA20160201_IJJBCCFE_03418	SA20160201_IJJBCCFE_03438	85.714	7	1	0	99	105	85	91	7.6	16.2
SA20160201_IJJBCCFE_03419	SA20160201_IJJBCCFE_03419	100.000	759	0	0	1	759	1	759	0.0	1551
SA20160201_IJJBCCFE_03419	SA20160201_IJJBCCFE_03426	35.556	45	27	1	169	211	307	351	0.023	27.7
SA20160201_IJJBCCFE_03419	SA20160201_IJJBCCFE_03430	29.787	47	32	1	455	501	5	50	5.9	19.6
SA20160201_IJJBCCFE_03420	SA20160201_IJJBCCFE_03420	100.000	316	0	0	1	316	1	316	0.0	655
SA20160201_IJJBCCFE_03420	SA20160201_IJJBCCFE_03438	24.286	70	45	3	153	222	88	149	0.006	26.9
SA20160201_IJJBCCFE_03420	SA20160201_IJJBCCFE_03426	41.176	17	10	0	264	280	553	569	1.1	20.8
SA20160201_IJJBCCFE_03420	SA20160201_IJJBCCFE_03419	27.941	68	47	1	224	291	686	751	3.5	19.2
SA20160201_IJJBCCFE_03420	SA20160201_IJJBCCFE_03436	44.444	18	10	0	236	253	139	156	4.8	18.5
SA20160201_IJJBCCFE_03421	SA20160201_IJJBCCFE_03421	100.000	666	0	0	1	666	1	666	0.0	1380
SA20160201_IJJBCCFE_03421	SA20160201_IJJBCCFE_03432	25.424	59	38	1	106	158	192	250	4.3	20.0
SA20160201_IJJBCCFE_03421	SA20160201_IJJBCCFE_03438	28.571	49	27	2	157	198	91	138	6.7	18.9
SA20160201_IJJBCCFE_03422	SA20160201_IJJBCCFE_03422	100.000	76	0	0	1	76	1	76	6.97e-57	160
SA20160201_IJJBCCFE_03422	SA20160201_IJJBCCFE_03432	34.483	29	11	1	21	41	3	31	0.24	20.0
SA20160201_IJJBCCFE_03422	SA20160201_IJJBCCFE_03433	26.471	34	23	1	6	39	129	160	1.0	18.1
SA20160201_IJJBCCFE_03422	SA20160201_IJJBCCFE_03431	33.333	15	10	0	5	19	38	52	3.3	16.2
SA20160201_IJJBCCFE_03422	SA20160201_IJJBCCFE_03430	22.222	36	28	0	30	65	134	169	3.3	16.5
SA20160201_IJJBCCFE_03422	SA20160201_IJJBCCFE_03428	71.429	7	2	0	15	21	885	891	4.2	16.2
SA20160201_IJJBCCFE_03422	SA20160201_IJJBCCFE_03426	32.143	28	19	0	36	63	476	503	7.2	15.8
SA20160201_IJJBCCFE_03422	SA20160201_IJJBCCFE_03427	35.714	14	9	0	25	38	525	538	8.0	15.4
SA20160201_IJJBCCFE_03422	SA20160201_IJJBCCFE_03419	44.444	9	5	0	13	21	554	562	8.1	15.4
SA20160201_IJJBCCFE_03423	SA20160201_IJJBCCFE_03423	100.000	347	0	0	1	347	1	347	0.0	712
SA20160201_IJJBCCFE_03423	SA20160201_IJJBCCFE_03426	23.810	42	27	1	6	47	94	130	2.0	20.0
SA20160201_IJJBCCFE_03423	SA20160201_IJJBCCFE_03428	40.909	22	13	0	47	68	674	695	5.5	18.9
SA20160201_IJJBCCFE_03423	SA20160201_IJJBCCFE_03433	60.000	10	4	0	112	121	274	283	7.9	18.1
SA20160201_IJJBCCFE_03423	SA20160201_IJJBCCFE_03419	27.273	33	24	0	288	320	384	416	9.4	18.1
SA20160201_IJJBCCFE_03423	SA20160201_IJJBCCFE_03424	60.000	10	4	0	268	277	156	165	9.8	17.7
SA20160201_IJJBCCFE_03424	SA20160201_IJJBCCFE_03424	100.000	191	0	0	1	191	1	191	2.33e-144	390
SA20160201_IJJBCCFE_03424	SA20160201_IJJBCCFE_03427	32.432	37	24	1	5	41	384	419	1.3	19.6
SA20160201_IJJBCCFE_03424	SA20160201_IJJBCCFE_03434	35.417	48	24	3	35	82	1	41	2.3	18.9
SA20160201_IJJBCCFE_03424	SA20160201_IJJBCCFE_03423	60.000	10	4	0	156	165	268	277	5.4	17.7
SA20160201_IJJBCCFE_03425	SA20160201_IJJBCCFE_03425	100.000	432	0	0	1	432	1	432	0.0	888
SA20160201_IJJBCCFE_03425	SA20160201_IJJBCCFE_03428	42.105	19	11	0	223	241	307	325	6.4	18.9
SA20160201_IJJBCCFE_03426	SA20160201_IJJBCCFE_03426	100.000	653	0	0	1	653	1	653	0.0	1355
SA20160201_IJJBCCFE_03426	SA20160201_IJJBCCFE_03419	35.556	45	27	1	307	351	169	211	0.019	27.7
SA20160201_IJJBCCFE_03426	SA20160201_IJJBCCFE_03420	41.176	17	10	0	553	569	264	280	2.5	20.8
SA20160201_IJJBCCFE_03426	SA20160201_IJJBCCFE_03423	23.810	42	27	1	94	130	6	47	3.7	20.0
SA20160201_IJJBCCFE_03426	SA20160201_IJJBCCFE_03429	71.429	7	2	0	589	595	19	25	5.3	19.2
SA20160201_IJJBCCFE_03426	SA20160201_IJJBCCFE_03435	38.889	18	11	0	599	616	147	164	8.4	18.9
SA20160201_IJJBCCFE_03427	SA20160201_IJJBCCFE_03427	100.000	566	0	0	1	566	1	566	0.0	1165
SA20160201_IJJBCCFE_03427	SA20160201_IJJBCCFE_03424	32.432	37	24	1	384	419	5	41	3.9	19.6
SA20160201_IJJBCCFE_03427	SA20160201_IJJBCCFE_03430	63.636	11	4	0	476	486	302	312	5.6	19.2
SA20160201_IJJBCCFE_03428	SA20160201_IJJBCCFE_03428	100.000	1037	0	0	1	1037	1	1037	0.0	2122
SA20160201_IJJBCCFE_03428	SA20160201_IJJBCCFE_03438	38.235	34	19	1	251	284	53	84	5.2	20.0
SA20160201_IJJBCCFE_03429	SA20160201_IJJBCCFE_03429	100.000	118	0	0	1	118	1	118	1.39e-90	248
SA20160201_IJJBCCFE_03429	SA20160201_IJJBCCFE_03426	71.429	7	2	0	19	25	589	595	0.96	19.2
SA20160201_IJJBCCFE_03429	SA20160201_IJJBCCFE_03428	46.667	15	8	0	10	24	493	507	1.7	18.5
SA20160201_IJJBCCFE_03429	SA20160201_IJJBCCFE_03435	28.070	57	41	0	55	111	141	197	2.4	17.7
SA20160201_IJJBCCFE_03429	SA20160201_IJJBCCFE_03421	50.000	18	7	1	11	26	199	216	5.6	16.9
SA20160201_IJJBCCFE_03429	SA20160201_IJJBCCFE_03430	54.545	11	5	0	49	59	288	298	7.6	16.5
SA20160201_IJJBCCFE_03430	SA20160201_IJJBCCFE_03430	100.000	375	0	0	1	375	1	375	0.0	780
SA20160201_IJJBCCFE_03430	SA20160201_IJJBCCFE_03432	24.242	66	41	2	19	84	54	110	2.2	20.0
SA20160201_IJJBCCFE_03430	SA20160201_IJJBCCFE_03419	29.787	47	32	1	5	50	455	501	2.9	19.6
SA20160201_IJJBCCFE_03430	SA20160201_IJJBCCFE_03427	63.636	11	4	0	302	312	476	486	3.7	19.2
SA20160201_IJJBCCFE_03431	SA20160201_IJJBCCFE_03431	100.000	66	0	0	1	66	1	66	6.13e-45	129
SA20160201_IJJBCCFE_03431	SA20160201_IJJBCCFE_03428	60.000	10	4	0	9	18	540	549	0.37	18.9
SA20160201_IJJBCCFE_03431	SA20160201_IJJBCCFE_03426	83.333	6	1	0	1	6	648	653	1.3	17.3
SA20160201_IJJBCCFE_03431	SA20160201_IJJBCCFE_03423	40.000	10	6	0	50	59	332	341	3.2	16.2
SA20160201_IJJBCCFE_03431	SA20160201_IJJBCCFE_03422	62.500	8	3	0	38	45	5	12	4.8	15.4
SA20160201_IJJBCCFE_03432	SA20160201_IJJBCCFE_03432	100.000	672	0	0	1	672	1	672	0.0	1345
SA20160201_IJJBCCFE_03432	SA20160201_IJJBCCFE_03422	34.483	29	11	1	3	31	21	41	2.1	20.0
SA20160201_IJJBCCFE_03432	SA20160201_IJJBCCFE_03435	46.667	15	8	0	567	581	277	291	3.4	20.4
SA20160201_IJJBCCFE_03432	SA20160201_IJJBCCFE_03430	24.242	66	41	2	54	110	19	84	3.5	20.0
SA20160201_IJJBCCFE_03432	SA20160201_IJJBCCFE_03421	25.424	59	38	1	192	250	106	158	3.9	20.0
SA20160201_IJJBCCFE_03433	SA20160201_IJJBCCFE_03433	100.000	287	0	0	1	287	1	287	0.0	593
SA20160201_IJJBCCFE_03433	SA20160201_IJJBCCFE_03436	28.125	32	22	1	90	121	111	141	1.4	20.0
SA20160201_IJJBCCFE_03433	SA20160201_IJJBCCFE_03432	36.842	38	19	1	28	65	428	460	1.9	19.6
SA20160201_IJJBCCFE_03433	SA20160201_IJJBCCFE_03428	31.250	32	22	0	185	216	724	755	3.4	19.2
SA20160201_IJJBCCFE_03433	SA20160201_IJJBCCFE_03422	26.471	34	23	1	129	160	6	39	4.0	18.1
SA20160201_IJJBCCFE_03433	SA20160201_IJJBCCFE_03419	53.846	13	6	0	177	189	623	635	6.8	18.1
SA20160201_IJJBCCFE_03433	SA20160201_IJJBCCFE_03423	60.000	10	4	0	274	283	112	121	6.8	18.1
SA20160201_IJJBCCFE_03434	SA20160201_IJJBCCFE_03434	100.000	237	0	0	1	237	1	237	0.0	488
SA20160201_IJJBCCFE_03434	SA20160201_IJJBCCFE_03424	35.417	48	24	3	1	41	35	82	2.8	18.9
SA20160201_IJJBCCFE_03434	SA20160201_IJJBCCFE_03435	50.000	14	7	0	168	181	295	308	3.6	18.5
SA20160201_IJJBCCFE_03434	SA20160201_IJJBCCFE_03421	38.889	18	11	0	215	232	326	343	4.1	18.5
SA20160201_IJJBCCFE_03435	SA20160201_IJJBCCFE_03435	100.000	344	0	0	1	344	1	344	0.0	697
SA20160201_IJJBCCFE_03435	SA20160201_IJJBCCFE_03432	46.667	15	8	0	277	291	567	581	1.8	20.0
SA20160201_IJJBCCFE_03435	SA20160201_IJJBCCFE_03426	38.889	18	11	0	147	164	599	616	4.4	18.9
SA20160201_IJJBCCFE_03435	SA20160201_IJJBCCFE_03434	50.000	14	7	0	295	308	168	181	5.3	18.5
SA20160201_IJJBCCFE_03435	SA20160201_IJJBCCFE_03429	28.070	57	41	0	141	197	55	111	7.1	17.7
SA20160201_IJJBCCFE_03435	SA20160201_IJJBCCFE_03428	39.130	23	13	1	158	179	568	590	8.9	18.1
SA20160201_IJJBCCFE_03436	SA20160201_IJJBCCFE_03436	100.000	292	0	0	1	292	1	292	0.0	602
SA20160201_IJJBCCFE_03436	SA20160201_IJJBCCFE_03433	28.125	32	22	1	111	141	90	121	1.5	20.0
SA20160201_IJJBCCFE_03436	SA20160201_IJJBCCFE_03418	50.000	12	6	0	94	105	37	48	1.6	19.6
SA20160201_IJJBCCFE_03436	SA20160201_IJJBCCFE_03419	29.545	44	25	2	229	268	580	621	3.4	19.2
SA20160201_IJJBCCFE_03436	SA20160201_IJJBCCFE_03421	26.316	57	36	2	108	164	46	96	7.7	18.1
SA20160201_IJJBCCFE_03436	SA20160201_IJJBCCFE_03425	34.375	32	21	0	38	69	287	318	7.9	17.7
SA20160201_IJJBCCFE_03437	SA20160201_IJJBCCFE_03437	100.000	190	0	0	1	190	1	190	1.55e-146	396
SA20160201_IJJBCCFE_03437	SA20160201_IJJBCCFE_03426	25.000	24	18	0	166	189	342	365	5.7	17.7
SA20160201_IJJBCCFE_03437	SA20160201_IJJBCCFE_03421	30.303	33	21	1	17	47	235	267	7.4	17.3
SA20160201_IJJBCCFE_03438	SA20160201_IJJBCCFE_03438	100.000	156	0	0	1	156	1	156	2.73e-120	327
SA20160201_IJJBCCFE_03438	SA20160201_IJJBCCFE_03420	24.286	70	45	3	88	149	153	222	0.003	26.9
SA20160201_IJJBCCFE_03438	SA20160201_IJJBCCFE_03428	38.235	34	19	1	53	84	251	284	0.78	20.0
SA20160201_IJJBCCFE_03438	SA20160201_IJJBCCFE_03421	28.571	49	27	2	91	138	157	198	1.6	18.9
SA20160201_IJJBCCFE_03438	SA20160201_IJJBCCFE_03436	25.000	60	43	1	73	132	14	71	3.7	17.7
SA20160201_IJJBCCFE_03438	SA20160201_IJJBCCFE_03434	30.612	49	26	3	96	140	133	177	9.7	16.5
SA20160170_CHGPAPHK_03577	SA20160170_CHGPAPHK_03577	100.000	111	0	0	1	111	1	111	1.41e-80	223
SA20160170_CHGPAPHK_03577	SA20160170_CHGPAPHK_03595	50.000	12	6	0	37	48	94	105	0.62	19.6
SA20160170_CHGPAPHK_03577	SA20160170_CHGPAPHK_03585	27.119	59	31	2	3	53	427	481	0.77	19.2
SA20160170_CHGPAPHK_03577	SA20160170_CHGPAPHK_03578	28.378	74	38	4	27	93	525	590	2.2	18.1
SA20160170_CHGPAPHK_03577	SA20160170_CHGPAPHK_03586	22.727	22	17	0	45	66	202	223	6.7	16.5
SA20160170_CHGPAPHK_03577	SA20160170_CHGPAPHK_03597	85.714	7	1	0	99	105	85	91	7.6	16.2
SA20160170_CHGPAPHK_03578	SA20160170_CHGPAPHK_03578	100.000	759	0	0	1	759	1	759	0.0	1551
SA20160170_CHGPAPHK_03578	SA20160170_CHGPAPHK_03585	35.556	45	27	1	169	211	307	351	0.023	27.7
SA20160170_CHGPAPHK_03578	SA20160170_CHGPAPHK_03589	29.787	47	32	1	455	501	5	50	5.9	19.6
SA20160170_CHGPAPHK_03579	SA20160170_CHGPAPHK_03579	100.000	316	0	0	1	316	1	316	0.0	655
SA20160170_CHGPAPHK_03579	SA20160170_CHGPAPHK_03597	24.286	70	45	3	153	222	88	149	0.006	26.9
SA20160170_CHGPAPHK_03579	SA20160170_CHGPAPHK_03585	41.176	17	10	0	264	280	553	569	1.1	20.8
SA20160170_CHGPAPHK_03579	SA20160170_CHGPAPHK_03578	27.941	68	47	1	224	291	686	751	3.5	19.2
SA20160170_CHGPAPHK_03579	SA20160170_CHGPAPHK_03595	44.444	18	10	0	236	253	139	156	4.8	18.5
SA20160170_CHGPAPHK_03580	SA20160170_CHGPAPHK_03580	100.000	666	0	0	1	666	1	666	0.0	1380
SA20160170_CHGPAPHK_03580	SA20160170_CHGPAPHK_03591	25.424	59	38	1	106	158	192	250	4.3	20.0
SA20160170_CHGPAPHK_03580	SA20160170_CHGPAPHK_03597	28.571	49	27	2	157	198	91	138	6.7	18.9
SA20160170_CHGPAPHK_03581	SA20160170_CHGPAPHK_03581	100.000	76	0	0	1	76	1	76	6.97e-57	160
SA20160170_CHGPAPHK_03581	SA20160170_CHGPAPHK_03591	34.483	29	11	1	21	41	3	31	0.24	20.0
SA20160170_CHGPAPHK_03581	SA20160170_CHGPAPHK_03592	26.471	34	23	1	6	39	129	160	1.0	18.1
SA20160170_CHGPAPHK_03581	SA20160170_CHGPAPHK_03590	33.333	15	10	0	5	19	38	52	3.3	16.2
SA20160170_CHGPAPHK_03581	SA20160170_CHGPAPHK_03589	22.222	36	28	0	30	65	134	169	3.3	16.5
SA20160170_CHGPAPHK_03581	SA20160170_CHGPAPHK_03587	71.429	7	2	0	15	21	885	891	4.2	16.2
SA20160170_CHGPAPHK_03581	SA20160170_CHGPAPHK_03585	32.143	28	19	0	36	63	476	503	7.2	15.8
SA20160170_CHGPAPHK_03581	SA20160170_CHGPAPHK_03586	35.714	14	9	0	25	38	525	538	8.0	15.4
SA20160170_CHGPAPHK_03581	SA20160170_CHGPAPHK_03578	44.444	9	5	0	13	21	554	562	8.1	15.4
SA20160170_CHGPAPHK_03582	SA20160170_CHGPAPHK_03582	100.000	347	0	0	1	347	1	347	0.0	712
SA20160170_CHGPAPHK_03582	SA20160170_CHGPAPHK_03585	23.810	42	27	1	6	47	94	130	2.0	20.0
SA20160170_CHGPAPHK_03582	SA20160170_CHGPAPHK_03587	40.909	22	13	0	47	68	674	695	5.5	18.9
SA20160170_CHGPAPHK_03582	SA20160170_CHGPAPHK_03592	60.000	10	4	0	112	121	274	283	7.9	18.1
SA20160170_CHGPAPHK_03582	SA20160170_CHGPAPHK_03578	27.273	33	24	0	288	320	384	416	9.4	18.1
SA20160170_CHGPAPHK_03582	SA20160170_CHGPAPHK_03583	60.000	10	4	0	268	277	156	165	9.8	17.7
SA20160170_CHGPAPHK_03583	SA20160170_CHGPAPHK_03583	100.000	191	0	0	1	191	1	191	2.33e-144	390
SA20160170_CHGPAPHK_03583	SA20160170_CHGPAPHK_03586	32.432	37	24	1	5	41	384	419	1.3	19.6
SA20160170_CHGPAPHK_03583	SA20160170_CHGPAPHK_03593	35.417	48	24	3	35	82	1	41	2.3	18.9
SA20160170_CHGPAPHK_03583	SA20160170_CHGPAPHK_03582	60.000	10	4	0	156	165	268	277	5.4	17.7
SA20160170_CHGPAPHK_03584	SA20160170_CHGPAPHK_03584	100.000	432	0	0	1	432	1	432	0.0	888
SA20160170_CHGPAPHK_03584	SA20160170_CHGPAPHK_03587	42.105	19	11	0	223	241	307	325	6.4	18.9
SA20160170_CHGPAPHK_03585	SA20160170_CHGPAPHK_03585	100.000	653	0	0	1	653	1	653	0.0	1355
SA20160170_CHGPAPHK_03585	SA20160170_CHGPAPHK_03578	35.556	45	27	1	307	351	169	211	0.019	27.7
SA20160170_CHGPAPHK_03585	SA20160170_CHGPAPHK_03579	41.176	17	10	0	553	569	264	280	2.5	20.8
SA20160170_CHGPAPHK_03585	SA20160170_CHGPAPHK_03582	23.810	42	27	1	94	130	6	47	3.7	20.0
SA20160170_CHGPAPHK_03585	SA20160170_CHGPAPHK_03588	71.429	7	2	0	589	595	19	25	5.3	19.2
SA20160170_CHGPAPHK_03585	SA20160170_CHGPAPHK_03594	38.889	18	11	0	599	616	147	164	8.4	18.9
SA20160170_CHGPAPHK_03586	SA20160170_CHGPAPHK_03586	100.000	566	0	0	1	566	1	566	0.0	1165
SA20160170_CHGPAPHK_03586	SA20160170_CHGPAPHK_03583	32.432	37	24	1	384	419	5	41	3.9	19.6
SA20160170_CHGPAPHK_03586	SA20160170_CHGPAPHK_03589	63.636	11	4	0	476	486	302	312	5.6	19.2
SA20160170_CHGPAPHK_03587	SA20160170_CHGPAPHK_03587	100.000	1037	0	0	1	1037	1	1037	0.0	2122
SA20160170_CHGPAPHK_03587	SA20160170_CHGPAPHK_03597	38.235	34	19	1	251	284	53	84	5.2	20.0
SA20160170_CHGPAPHK_03588	SA20160170_CHGPAPHK_03588	100.000	118	0	0	1	118	1	118	1.39e-90	248
SA20160170_CHGPAPHK_03588	SA20160170_CHGPAPHK_03585	71.429	7	2	0	19	25	589	595	0.96	19.2
SA20160170_CHGPAPHK_03588	SA20160170_CHGPAPHK_03587	46.667	15	8	0	10	24	493	507	1.7	18.5
SA20160170_CHGPAPHK_03588	SA20160170_CHGPAPHK_03594	28.070	57	41	0	55	111	141	197	2.4	17.7
SA20160170_CHGPAPHK_03588	SA20160170_CHGPAPHK_03580	50.000	18	7	1	11	26	199	216	5.6	16.9
SA20160170_CHGPAPHK_03588	SA20160170_CHGPAPHK_03589	54.545	11	5	0	49	59	288	298	7.6	16.5
SA20160170_CHGPAPHK_03589	SA20160170_CHGPAPHK_03589	100.000	375	0	0	1	375	1	375	0.0	780
SA20160170_CHGPAPHK_03589	SA20160170_CHGPAPHK_03591	24.242	66	41	2	19	84	54	110	2.2	20.0
SA20160170_CHGPAPHK_03589	SA20160170_CHGPAPHK_03578	29.787	47	32	1	5	50	455	501	2.9	19.6
SA20160170_CHGPAPHK_03589	SA20160170_CHGPAPHK_03586	63.636	11	4	0	302	312	476	486	3.7	19.2
SA20160170_CHGPAPHK_03590	SA20160170_CHGPAPHK_03590	100.000	66	0	0	1	66	1	66	6.13e-45	129
SA20160170_CHGPAPHK_03590	SA20160170_CHGPAPHK_03587	60.000	10	4	0	9	18	540	549	0.37	18.9
SA20160170_CHGPAPHK_03590	SA20160170_CHGPAPHK_03585	83.333	6	1	0	1	6	648	653	1.3	17.3
SA20160170_CHGPAPHK_03590	SA20160170_CHGPAPHK_03582	40.000	10	6	0	50	59	332	341	3.2	16.2
SA20160170_CHGPAPHK_03590	SA20160170_CHGPAPHK_03581	62.500	8	3	0	38	45	5	12	4.8	15.4
SA20160170_CHGPAPHK_03591	SA20160170_CHGPAPHK_03591	100.000	672	0	0	1	672	1	672	0.0	1345
SA20160170_CHGPAPHK_03591	SA20160170_CHGPAPHK_03581	34.483	29	11	1	3	31	21	41	2.1	20.0
SA20160170_CHGPAPHK_03591	SA20160170_CHGPAPHK_03594	46.667	15	8	0	567	581	277	291	3.4	20.4
SA20160170_CHGPAPHK_03591	SA20160170_CHGPAPHK_03589	24.242	66	41	2	54	110	19	84	3.5	20.0
SA20160170_CHGPAPHK_03591	SA20160170_CHGPAPHK_03580	25.424	59	38	1	192	250	106	158	3.9	20.0
SA20160170_CHGPAPHK_03592	SA20160170_CHGPAPHK_03592	100.000	287	0	0	1	287	1	287	0.0	593
SA20160170_CHGPAPHK_03592	SA20160170_CHGPAPHK_03595	28.125	32	22	1	90	121	111	141	1.4	20.0
SA20160170_CHGPAPHK_03592	SA20160170_CHGPAPHK_03591	36.842	38	19	1	28	65	428	460	1.9	19.6
SA20160170_CHGPAPHK_03592	SA20160170_CHGPAPHK_03587	31.250	32	22	0	185	216	724	755	3.4	19.2
SA20160170_CHGPAPHK_03592	SA20160170_CHGPAPHK_03581	26.471	34	23	1	129	160	6	39	4.0	18.1
SA20160170_CHGPAPHK_03592	SA20160170_CHGPAPHK_03578	53.846	13	6	0	177	189	623	635	6.8	18.1
SA20160170_CHGPAPHK_03592	SA20160170_CHGPAPHK_03582	60.000	10	4	0	274	283	112	121	6.8	18.1
SA20160170_CHGPAPHK_03593	SA20160170_CHGPAPHK_03593	100.000	237	0	0	1	237	1	237	0.0	488
SA20160170_CHGPAPHK_03593	SA20160170_CHGPAPHK_03583	35.417	48	24	3	1	41	35	82	2.8	18.9
SA20160170_CHGPAPHK_03593	SA20160170_CHGPAPHK_03594	50.000	14	7	0	168	181	295	308	3.6	18.5
SA20160170_CHGPAPHK_03593	SA20160170_CHGPAPHK_03580	38.889	18	11	0	215	232	326	343	4.1	18.5
SA20160170_CHGPAPHK_03594	SA20160170_CHGPAPHK_03594	100.000	344	0	0	1	344	1	344	0.0	697
SA20160170_CHGPAPHK_03594	SA20160170_CHGPAPHK_03591	46.667	15	8	0	277	291	567	581	1.8	20.0
SA20160170_CHGPAPHK_03594	SA20160170_CHGPAPHK_03585	38.889	18	11	0	147	164	599	616	4.4	18.9
SA20160170_CHGPAPHK_03594	SA20160170_CHGPAPHK_03593	50.000	14	7	0	295	308	168	181	5.3	18.5
SA20160170_CHGPAPHK_03594	SA20160170_CHGPAPHK_03588	28.070	57	41	0	141	197	55	111	7.1	17.7
SA20160170_CHGPAPHK_03594	SA20160170_CHGPAPHK_03587	39.130	23	13	1	158	179	568	590	8.9	18.1
SA20160170_CHGPAPHK_03595	SA20160170_CHGPAPHK_03595	100.000	292	0	0	1	292	1	292	0.0	602
SA20160170_CHGPAPHK_03595	SA20160170_CHGPAPHK_03592	28.125	32	22	1	111	141	90	121	1.5	20.0
SA20160170_CHGPAPHK_03595	SA20160170_CHGPAPHK_03577	50.000	12	6	0	94	105	37	48	1.6	19.6
SA20160170_CHGPAPHK_03595	SA20160170_CHGPAPHK_03578	29.545	44	25	2	229	268	580	621	3.4	19.2
SA20160170_CHGPAPHK_03595	SA20160170_CHGPAPHK_03580	26.316	57	36	2	108	164	46	96	7.7	18.1
SA20160170_CHGPAPHK_03595	SA20160170_CHGPAPHK_03584	34.375	32	21	0	38	69	287	318	7.9	17.7
SA20160170_CHGPAPHK_03596	SA20160170_CHGPAPHK_03596	100.000	190	0	0	1	190	1	190	1.55e-146	396
SA20160170_CHGPAPHK_03596	SA20160170_CHGPAPHK_03585	25.000	24	18	0	166	189	342	365	5.7	17.7
SA20160170_CHGPAPHK_03596	SA20160170_CHGPAPHK_03580	30.303	33	21	1	17	47	235	267	7.4	17.3
SA20160170_CHGPAPHK_03597	SA20160170_CHGPAPHK_03597	100.000	156	0	0	1	156	1	156	2.73e-120	327
SA20160170_CHGPAPHK_03597	SA20160170_CHGPAPHK_03579	24.286	70	45	3	88	149	153	222	0.003	26.9
SA20160170_CHGPAPHK_03597	SA20160170_CHGPAPHK_03587	38.235	34	19	1	53	84	251	284	0.78	20.0
SA20160170_CHGPAPHK_03597	SA20160170_CHGPAPHK_03580	28.571	49	27	2	91	138	157	198	1.6	18.9
SA20160170_CHGPAPHK_03597	SA20160170_CHGPAPHK_03595	25.000	60	43	1	73	132	14	71	3.7	17.7
SA20160170_CHGPAPHK_03597	SA20160170_CHGPAPHK_03593	30.612	49	26	3	96	140	133	177	9.7	16.5
