SA20160210_EPKMIBEH_00231	SA20153983_GBAKOBEN_00611	99.293	566	4	0	1	566	1	566	0.0	1137
SA20160210_EPKMIBEH_00231	SA20153983_GBAKOBEN_00617	35.000	20	13	0	401	420	19	38	0.32	23.1
SA20160210_EPKMIBEH_00231	SA20153983_GBAKOBEN_00616	25.641	39	29	0	214	252	42	80	2.0	20.4
SA20160210_EPKMIBEH_00231	SA20153983_GBAKOBEN_00619	27.500	40	29	0	445	484	203	242	6.1	18.9
SA20160210_EPKMIBEH_00232	SA20153983_GBAKOBEN_00612	99.739	383	1	0	1	383	1	383	0.0	763
SA20160210_EPKMIBEH_00232	SA20153983_GBAKOBEN_00627	29.032	62	38	3	14	73	174	231	0.083	24.3
SA20160210_EPKMIBEH_00232	SA20153983_GBAKOBEN_00616	28.125	32	23	0	120	151	18	49	0.73	21.2
SA20160210_EPKMIBEH_00232	SA20153983_GBAKOBEN_00623	58.333	12	5	0	3	14	2	13	1.6	19.2
SA20160210_EPKMIBEH_00233	SA20153983_GBAKOBEN_00613	100.000	243	0	0	1	243	1	243	0.0	494
SA20160210_EPKMIBEH_00233	SA20153983_GBAKOBEN_00616	28.571	42	30	0	11	52	222	263	1.3	19.6
SA20160210_EPKMIBEH_00233	SA20153983_GBAKOBEN_00629	56.250	16	5	1	141	156	168	181	1.6	19.6
SA20160210_EPKMIBEH_00233	SA20153983_GBAKOBEN_00611	30.556	36	25	0	8	43	341	376	4.0	18.1
SA20160210_EPKMIBEH_00234	SA20153983_GBAKOBEN_00614	100.000	111	0	0	1	111	1	111	1.22e-78	218
SA20160210_EPKMIBEH_00234	SA20153983_GBAKOBEN_00628	50.000	18	9	0	6	23	259	276	1.2	18.5
SA20160210_EPKMIBEH_00234	SA20153983_GBAKOBEN_00611	26.471	34	11	1	36	55	154	187	2.8	17.3
SA20160210_EPKMIBEH_00234	SA20153983_GBAKOBEN_00630	50.000	12	6	0	34	45	72	83	4.5	16.5
SA20160210_EPKMIBEH_00234	SA20153983_GBAKOBEN_00617	22.727	44	25	2	60	98	429	468	5.6	16.5
SA20160210_EPKMIBEH_00234	SA20153983_GBAKOBEN_00612	71.429	7	2	0	71	77	259	265	7.8	16.2
SA20160210_EPKMIBEH_00235	SA20153983_GBAKOBEN_00615	99.783	460	1	0	1	460	1	460	0.0	902
SA20160210_EPKMIBEH_00235	SA20153983_GBAKOBEN_00628	35.714	28	18	0	283	310	223	250	0.048	25.4
SA20160210_EPKMIBEH_00235	SA20153983_GBAKOBEN_00631	30.000	50	29	2	10	53	39	88	0.52	21.9
SA20160210_EPKMIBEH_00235	SA20153983_GBAKOBEN_00618	24.096	166	92	8	238	385	6	155	6.5	18.5
SA20160210_EPKMIBEH_00235	SA20153983_GBAKOBEN_00627	35.714	28	18	0	32	59	158	185	9.6	18.1
SA20160210_EPKMIBEH_00236	SA20153983_GBAKOBEN_00616	100.000	314	0	0	1	314	1	314	0.0	638
SA20160210_EPKMIBEH_00236	SA20153983_GBAKOBEN_00612	28.125	32	23	0	18	49	120	151	0.45	21.6
SA20160210_EPKMIBEH_00236	SA20153983_GBAKOBEN_00611	25.641	39	29	0	42	80	214	252	0.96	20.8
SA20160210_EPKMIBEH_00236	SA20153983_GBAKOBEN_00613	28.571	42	30	0	222	263	11	52	1.7	19.6
SA20160210_EPKMIBEH_00236	SA20153983_GBAKOBEN_00618	46.154	13	7	0	82	94	203	215	2.4	19.2
SA20160210_EPKMIBEH_00236	SA20153983_GBAKOBEN_00630	37.500	24	15	0	189	212	113	136	4.5	18.5
SA20160210_EPKMIBEH_00237	SA20153983_GBAKOBEN_00617	99.804	509	1	0	1	509	1	509	0.0	1029
SA20160210_EPKMIBEH_00237	SA20153983_GBAKOBEN_00611	35.000	20	13	0	19	38	401	420	0.28	23.1
SA20160210_EPKMIBEH_00237	SA20153983_GBAKOBEN_00631	50.000	16	8	0	368	383	10	25	3.8	19.2
SA20160210_EPKMIBEH_00237	SA20153983_GBAKOBEN_00627	23.529	51	26	2	431	481	85	122	5.0	18.9
SA20160210_EPKMIBEH_00237	SA20153983_GBAKOBEN_00629	33.333	33	20	1	349	379	200	232	6.6	18.9
SA20160210_EPKMIBEH_00238	SA20153983_GBAKOBEN_00618	100.000	462	0	0	1	462	1	462	0.0	928
SA20160210_EPKMIBEH_00238	SA20153983_GBAKOBEN_00616	46.154	13	7	0	203	215	82	94	3.5	19.2
SA20160210_EPKMIBEH_00238	SA20153983_GBAKOBEN_00628	52.941	17	8	0	36	52	354	370	4.4	19.2
SA20160210_EPKMIBEH_00238	SA20153983_GBAKOBEN_00615	24.026	154	83	8	18	155	250	385	4.6	19.2
SA20160210_EPKMIBEH_00238	SA20153983_GBAKOBEN_00619	29.545	44	27	2	199	238	229	272	6.1	18.5
SA20160210_EPKMIBEH_00239	SA20153983_GBAKOBEN_00619	100.000	344	0	0	1	344	1	344	0.0	664
SA20160210_EPKMIBEH_00239	SA20153983_GBAKOBEN_00631	32.000	75	41	5	204	274	203	271	1.5	20.0
SA20160210_EPKMIBEH_00239	SA20153983_GBAKOBEN_00627	28.571	56	34	1	96	151	60	109	2.4	19.2
SA20160210_EPKMIBEH_00239	SA20153983_GBAKOBEN_00621	28.070	57	27	2	236	282	39	91	3.0	18.9
SA20160210_EPKMIBEH_00239	SA20153983_GBAKOBEN_00611	21.910	178	117	7	80	242	314	484	3.2	19.2
SA20160210_EPKMIBEH_00239	SA20153983_GBAKOBEN_00618	29.545	44	27	2	229	272	199	238	4.6	18.5
SA20160210_EPKMIBEH_00240	SA20153983_GBAKOBEN_00620	100.000	120	0	0	1	120	1	120	4.84e-83	229
SA20160210_EPKMIBEH_00240	SA20153983_GBAKOBEN_00621	37.143	105	63	1	1	102	3	107	1.04e-10	45.8
SA20160210_EPKMIBEH_00240	SA20153983_GBAKOBEN_00628	38.462	26	9	1	91	109	294	319	7.8	16.2
SA20160210_EPKMIBEH_00241	SA20153983_GBAKOBEN_00621	100.000	109	0	0	1	109	1	109	4.93e-76	211
SA20160210_EPKMIBEH_00241	SA20153983_GBAKOBEN_00620	37.143	105	63	1	3	107	1	102	9.41e-11	45.8
SA20160210_EPKMIBEH_00241	SA20153983_GBAKOBEN_00619	28.070	57	27	2	39	91	236	282	0.96	18.9
SA20160210_EPKMIBEH_00241	SA20153983_GBAKOBEN_00630	33.333	24	16	0	3	26	20	43	3.2	16.9
SA20160210_EPKMIBEH_00241	SA20153983_GBAKOBEN_00618	28.571	42	29	1	69	109	34	75	3.2	17.3
SA20160210_EPKMIBEH_00241	SA20153983_GBAKOBEN_00611	62.500	8	3	0	8	15	504	511	3.4	16.9
SA20160210_EPKMIBEH_00241	SA20153983_GBAKOBEN_00612	54.545	11	5	0	70	80	204	214	5.3	16.5
SA20160210_EPKMIBEH_00241	SA20153983_GBAKOBEN_00617	36.667	30	19	0	39	68	35	64	5.8	16.5
SA20160210_EPKMIBEH_00242	SA20153983_GBAKOBEN_00622	99.267	273	2	0	1	273	1	273	0.0	550
SA20160210_EPKMIBEH_00242	SA20153983_GBAKOBEN_00626	42.857	14	8	0	215	228	112	125	5.4	18.1
SA20160210_EPKMIBEH_00242	SA20153983_GBAKOBEN_00611	47.059	17	8	1	247	262	68	84	6.3	17.7
SA20160210_EPKMIBEH_00242	SA20153983_GBAKOBEN_00618	23.770	122	63	5	6	120	253	351	10.0	17.3
SA20160210_EPKMIBEH_00243	SA20153983_GBAKOBEN_00623	91.566	83	6	1	1	83	1	82	1.62e-33	102
SA20160210_EPKMIBEH_00243	SA20153983_GBAKOBEN_00612	75.000	8	2	0	2	9	3	10	0.35	19.2
SA20160210_EPKMIBEH_00243	SA20153983_GBAKOBEN_00625	55.556	9	4	0	8	16	235	243	7.9	15.4
SA20160210_EPKMIBEH_00244	SA20153983_GBAKOBEN_00624	100.000	417	0	0	1	417	1	417	0.0	824
SA20160210_EPKMIBEH_00244	SA20153983_GBAKOBEN_00625	24.468	188	97	8	31	214	102	248	0.049	25.0
SA20160210_EPKMIBEH_00244	SA20153983_GBAKOBEN_00612	20.833	120	88	3	29	148	269	381	0.59	21.6
SA20160210_EPKMIBEH_00244	SA20153983_GBAKOBEN_00628	54.545	22	7	2	264	282	251	272	6.8	18.5
SA20160210_EPKMIBEH_00245	SA20153983_GBAKOBEN_00625	100.000	299	0	0	1	299	1	299	0.0	607
SA20160210_EPKMIBEH_00245	SA20153983_GBAKOBEN_00624	24.339	189	98	8	101	248	30	214	0.14	23.1
SA20160210_EPKMIBEH_00245	SA20153983_GBAKOBEN_00629	31.579	19	13	0	249	267	334	352	1.0	20.4
SA20160210_EPKMIBEH_00245	SA20153983_GBAKOBEN_00611	38.889	18	11	0	139	156	179	196	6.2	18.1
SA20160210_EPKMIBEH_00245	SA20153983_GBAKOBEN_00631	29.630	27	19	0	126	152	191	217	7.8	17.7
SA20160210_EPKMIBEH_00245	SA20153983_GBAKOBEN_00618	43.478	23	13	0	235	257	61	83	9.3	17.3
SA20160210_EPKMIBEH_00246	SA20153983_GBAKOBEN_00626	99.261	406	3	0	1	406	1	406	0.0	823
SA20160210_EPKMIBEH_00246	SA20153983_GBAKOBEN_00613	28.947	38	21	2	295	326	144	181	4.2	18.9
SA20160210_EPKMIBEH_00246	SA20153983_GBAKOBEN_00629	40.000	25	15	0	300	324	219	243	4.3	18.9
SA20160210_EPKMIBEH_00247	SA20153983_GBAKOBEN_00627	99.567	231	1	0	1	231	1	231	2.03e-172	464
SA20160210_EPKMIBEH_00247	SA20153983_GBAKOBEN_00619	28.571	56	34	1	60	109	96	151	1.5	19.6
SA20160210_EPKMIBEH_00247	SA20153983_GBAKOBEN_00617	23.529	51	26	2	85	122	431	481	2.4	18.9
SA20160210_EPKMIBEH_00247	SA20153983_GBAKOBEN_00615	35.714	28	18	0	158	185	32	59	5.1	17.7
SA20160210_EPKMIBEH_00247	SA20153983_GBAKOBEN_00628	30.303	33	18	1	90	122	29	56	7.3	17.3
SA20160210_EPKMIBEH_00247	SA20153983_GBAKOBEN_00612	26.415	53	33	3	183	231	23	73	7.7	17.3
SA20160210_EPKMIBEH_00248	SA20153983_GBAKOBEN_00628	99.760	417	1	0	1	417	1	417	0.0	815
SA20160210_EPKMIBEH_00248	SA20153983_GBAKOBEN_00615	35.714	28	18	0	223	250	283	310	0.049	25.4
SA20160210_EPKMIBEH_00248	SA20153983_GBAKOBEN_00618	26.582	79	48	3	175	252	201	270	4.5	18.9
SA20160210_EPKMIBEH_00248	SA20153983_GBAKOBEN_00614	50.000	18	9	0	259	276	6	23	5.2	18.1
SA20160210_EPKMIBEH_00248	SA20153983_GBAKOBEN_00624	54.545	22	7	2	251	272	264	282	6.2	18.5
SA20160210_EPKMIBEH_00248	SA20153983_GBAKOBEN_00630	75.000	12	3	0	288	299	69	80	8.4	18.1
SA20160210_EPKMIBEH_00248	SA20153983_GBAKOBEN_00611	38.235	34	20	1	235	267	420	453	9.9	17.7
SA20160210_EPKMIBEH_00249	SA20153983_GBAKOBEN_00629	99.215	382	3	0	1	382	1	382	0.0	782
SA20160210_EPKMIBEH_00249	SA20153983_GBAKOBEN_00625	31.579	19	13	0	334	352	249	267	1.3	20.4
SA20160210_EPKMIBEH_00249	SA20153983_GBAKOBEN_00613	56.250	16	5	1	168	181	141	156	2.8	19.2
SA20160210_EPKMIBEH_00249	SA20153983_GBAKOBEN_00626	30.645	62	33	2	219	280	300	351	2.8	19.2
SA20160210_EPKMIBEH_00249	SA20153983_GBAKOBEN_00612	25.263	95	54	3	274	360	202	287	4.8	18.9
SA20160210_EPKMIBEH_00249	SA20153983_GBAKOBEN_00617	20.339	118	90	3	201	317	23	137	5.2	18.5
SA20160210_EPKMIBEH_00250	SA20153983_GBAKOBEN_00630	99.070	215	2	0	1	215	1	215	4.41e-149	404
SA20160210_EPKMIBEH_00250	SA20153983_GBAKOBEN_00628	75.000	12	3	0	69	80	288	299	4.2	18.1
SA20160210_EPKMIBEH_00250	SA20153983_GBAKOBEN_00616	37.500	24	15	0	113	136	189	212	4.7	17.7
SA20160210_EPKMIBEH_00250	SA20153983_GBAKOBEN_00614	50.000	12	6	0	72	83	34	45	7.5	16.9
SA20160210_EPKMIBEH_00251	SA20153983_GBAKOBEN_00631	100.000	300	0	0	1	300	1	300	0.0	619
SA20160210_EPKMIBEH_00251	SA20153983_GBAKOBEN_00615	30.000	50	29	2	39	88	10	53	0.35	21.9
SA20160210_EPKMIBEH_00251	SA20153983_GBAKOBEN_00619	32.000	75	41	5	203	271	204	274	1.3	20.0
SA20160210_EPKMIBEH_00251	SA20153983_GBAKOBEN_00625	29.630	27	19	0	191	217	126	152	7.8	17.7
SA20160210_EPKMIBEH_00251	SA20153983_GBAKOBEN_00626	33.333	63	26	5	191	253	12	58	8.1	17.7
SA20153983_GBAKOBEN_00611	SA20153983_GBAKOBEN_00611	100.000	566	0	0	1	566	1	566	0.0	1146
SA20153983_GBAKOBEN_00611	SA20153983_GBAKOBEN_00617	35.000	20	13	0	401	420	19	38	0.32	23.1
SA20153983_GBAKOBEN_00611	SA20153983_GBAKOBEN_00616	25.641	39	29	0	214	252	42	80	1.8	20.8
SA20153983_GBAKOBEN_00611	SA20153983_GBAKOBEN_00619	27.500	40	29	0	445	484	203	242	5.7	18.9
SA20153983_GBAKOBEN_00611	SA20153983_GBAKOBEN_00613	30.556	36	25	0	341	376	8	43	8.8	18.5
SA20153983_GBAKOBEN_00612	SA20153983_GBAKOBEN_00612	100.000	383	0	0	1	383	1	383	0.0	764
SA20153983_GBAKOBEN_00612	SA20153983_GBAKOBEN_00627	30.000	60	36	3	16	73	176	231	0.093	23.9
SA20153983_GBAKOBEN_00612	SA20153983_GBAKOBEN_00616	28.125	32	23	0	120	151	18	49	0.74	21.2
SA20153983_GBAKOBEN_00612	SA20153983_GBAKOBEN_00623	58.333	12	5	0	3	14	2	13	1.7	19.2
SA20153983_GBAKOBEN_00613	SA20153983_GBAKOBEN_00613	100.000	243	0	0	1	243	1	243	0.0	494
SA20153983_GBAKOBEN_00613	SA20153983_GBAKOBEN_00616	28.571	42	30	0	11	52	222	263	1.3	19.6
SA20153983_GBAKOBEN_00613	SA20153983_GBAKOBEN_00629	56.250	16	5	1	141	156	168	181	1.6	19.6
SA20153983_GBAKOBEN_00613	SA20153983_GBAKOBEN_00611	30.556	36	25	0	8	43	341	376	4.0	18.1
SA20153983_GBAKOBEN_00614	SA20153983_GBAKOBEN_00614	100.000	111	0	0	1	111	1	111	1.22e-78	218
SA20153983_GBAKOBEN_00614	SA20153983_GBAKOBEN_00628	50.000	18	9	0	6	23	259	276	1.2	18.5
SA20153983_GBAKOBEN_00614	SA20153983_GBAKOBEN_00611	26.471	34	11	1	36	55	154	187	2.8	17.3
SA20153983_GBAKOBEN_00614	SA20153983_GBAKOBEN_00630	50.000	12	6	0	34	45	72	83	4.5	16.5
SA20153983_GBAKOBEN_00614	SA20153983_GBAKOBEN_00617	22.727	44	25	2	60	98	429	468	5.6	16.5
SA20153983_GBAKOBEN_00614	SA20153983_GBAKOBEN_00612	71.429	7	2	0	71	77	259	265	7.8	16.2
SA20153983_GBAKOBEN_00615	SA20153983_GBAKOBEN_00615	100.000	460	0	0	1	460	1	460	0.0	904
SA20153983_GBAKOBEN_00615	SA20153983_GBAKOBEN_00628	35.714	28	18	0	283	310	223	250	0.048	25.4
SA20153983_GBAKOBEN_00615	SA20153983_GBAKOBEN_00631	30.000	50	29	2	10	53	39	88	0.52	21.9
SA20153983_GBAKOBEN_00616	SA20153983_GBAKOBEN_00616	100.000	314	0	0	1	314	1	314	0.0	638
SA20153983_GBAKOBEN_00616	SA20153983_GBAKOBEN_00612	28.125	32	23	0	18	49	120	151	0.45	21.6
SA20153983_GBAKOBEN_00616	SA20153983_GBAKOBEN_00611	25.641	39	29	0	42	80	214	252	0.96	20.8
SA20153983_GBAKOBEN_00616	SA20153983_GBAKOBEN_00613	28.571	42	30	0	222	263	11	52	1.7	19.6
SA20153983_GBAKOBEN_00616	SA20153983_GBAKOBEN_00618	46.154	13	7	0	82	94	203	215	2.4	19.2
SA20153983_GBAKOBEN_00616	SA20153983_GBAKOBEN_00630	37.500	24	15	0	189	212	113	136	4.5	18.5
SA20153983_GBAKOBEN_00617	SA20153983_GBAKOBEN_00617	100.000	509	0	0	1	509	1	509	0.0	1030
SA20153983_GBAKOBEN_00617	SA20153983_GBAKOBEN_00611	35.000	20	13	0	19	38	401	420	0.29	23.1
SA20153983_GBAKOBEN_00617	SA20153983_GBAKOBEN_00631	50.000	16	8	0	368	383	10	25	3.8	19.2
SA20153983_GBAKOBEN_00617	SA20153983_GBAKOBEN_00627	23.529	51	26	2	431	481	85	122	4.9	18.9
SA20153983_GBAKOBEN_00617	SA20153983_GBAKOBEN_00629	33.333	33	20	1	349	379	200	232	6.6	18.9
SA20153983_GBAKOBEN_00618	SA20153983_GBAKOBEN_00618	100.000	462	0	0	1	462	1	462	0.0	928
SA20153983_GBAKOBEN_00618	SA20153983_GBAKOBEN_00616	46.154	13	7	0	203	215	82	94	3.5	19.2
SA20153983_GBAKOBEN_00618	SA20153983_GBAKOBEN_00628	52.941	17	8	0	36	52	354	370	4.4	19.2
SA20153983_GBAKOBEN_00619	SA20153983_GBAKOBEN_00619	100.000	344	0	0	1	344	1	344	0.0	664
SA20153983_GBAKOBEN_00619	SA20153983_GBAKOBEN_00631	32.000	75	41	5	204	274	203	271	1.5	20.0
SA20153983_GBAKOBEN_00619	SA20153983_GBAKOBEN_00627	28.571	56	34	1	96	151	60	109	2.4	19.2
SA20153983_GBAKOBEN_00619	SA20153983_GBAKOBEN_00621	28.070	57	27	2	236	282	39	91	3.0	18.9
SA20153983_GBAKOBEN_00619	SA20153983_GBAKOBEN_00611	21.910	178	117	7	80	242	314	484	3.2	19.2
SA20153983_GBAKOBEN_00620	SA20153983_GBAKOBEN_00620	100.000	120	0	0	1	120	1	120	4.84e-83	229
SA20153983_GBAKOBEN_00620	SA20153983_GBAKOBEN_00621	37.143	105	63	1	1	102	3	107	1.04e-10	45.8
SA20153983_GBAKOBEN_00620	SA20153983_GBAKOBEN_00628	38.462	26	9	1	91	109	294	319	7.8	16.2
SA20153983_GBAKOBEN_00621	SA20153983_GBAKOBEN_00621	100.000	109	0	0	1	109	1	109	4.93e-76	211
SA20153983_GBAKOBEN_00621	SA20153983_GBAKOBEN_00620	37.143	105	63	1	3	107	1	102	9.41e-11	45.8
SA20153983_GBAKOBEN_00621	SA20153983_GBAKOBEN_00619	28.070	57	27	2	39	91	236	282	0.96	18.9
SA20153983_GBAKOBEN_00621	SA20153983_GBAKOBEN_00630	33.333	24	16	0	3	26	20	43	3.2	16.9
SA20153983_GBAKOBEN_00621	SA20153983_GBAKOBEN_00618	28.571	42	29	1	69	109	34	75	3.2	17.3
SA20153983_GBAKOBEN_00621	SA20153983_GBAKOBEN_00611	62.500	8	3	0	8	15	504	511	3.4	16.9
SA20153983_GBAKOBEN_00621	SA20153983_GBAKOBEN_00612	54.545	11	5	0	70	80	204	214	5.3	16.5
SA20153983_GBAKOBEN_00621	SA20153983_GBAKOBEN_00617	36.667	30	19	0	39	68	35	64	5.8	16.5
SA20153983_GBAKOBEN_00622	SA20153983_GBAKOBEN_00622	100.000	273	0	0	1	273	1	273	0.0	555
SA20153983_GBAKOBEN_00622	SA20153983_GBAKOBEN_00626	42.857	14	8	0	215	228	112	125	5.7	18.1
SA20153983_GBAKOBEN_00622	SA20153983_GBAKOBEN_00611	47.059	17	8	1	247	262	68	84	6.0	18.1
SA20153983_GBAKOBEN_00623	SA20153983_GBAKOBEN_00623	100.000	82	0	0	1	82	1	82	8.93e-53	150
SA20153983_GBAKOBEN_00623	SA20153983_GBAKOBEN_00612	75.000	8	2	0	2	9	3	10	0.35	19.2
SA20153983_GBAKOBEN_00623	SA20153983_GBAKOBEN_00625	55.556	9	4	0	8	16	235	243	9.3	15.4
SA20153983_GBAKOBEN_00624	SA20153983_GBAKOBEN_00624	100.000	417	0	0	1	417	1	417	0.0	824
SA20153983_GBAKOBEN_00624	SA20153983_GBAKOBEN_00625	24.468	188	97	8	31	214	102	248	0.049	25.0
SA20153983_GBAKOBEN_00624	SA20153983_GBAKOBEN_00612	20.833	120	88	3	29	148	269	381	0.59	21.6
SA20153983_GBAKOBEN_00624	SA20153983_GBAKOBEN_00628	54.545	22	7	2	264	282	251	272	6.8	18.5
SA20153983_GBAKOBEN_00625	SA20153983_GBAKOBEN_00625	100.000	299	0	0	1	299	1	299	0.0	607
SA20153983_GBAKOBEN_00625	SA20153983_GBAKOBEN_00624	24.339	189	98	8	101	248	30	214	0.14	23.1
SA20153983_GBAKOBEN_00625	SA20153983_GBAKOBEN_00629	31.579	19	13	0	249	267	334	352	1.0	20.4
SA20153983_GBAKOBEN_00625	SA20153983_GBAKOBEN_00611	38.889	18	11	0	139	156	179	196	6.2	18.1
SA20153983_GBAKOBEN_00625	SA20153983_GBAKOBEN_00631	29.630	27	19	0	126	152	191	217	7.8	17.7
SA20153983_GBAKOBEN_00625	SA20153983_GBAKOBEN_00618	43.478	23	13	0	235	257	61	83	9.3	17.3
SA20153983_GBAKOBEN_00626	SA20153983_GBAKOBEN_00626	100.000	406	0	0	1	406	1	406	0.0	829
SA20153983_GBAKOBEN_00626	SA20153983_GBAKOBEN_00629	40.000	25	15	0	300	324	219	243	4.3	18.9
SA20153983_GBAKOBEN_00626	SA20153983_GBAKOBEN_00622	42.857	14	8	0	112	125	215	228	8.0	18.1
SA20153983_GBAKOBEN_00627	SA20153983_GBAKOBEN_00627	100.000	231	0	0	1	231	1	231	2.47e-173	467
SA20153983_GBAKOBEN_00627	SA20153983_GBAKOBEN_00619	28.571	56	34	1	60	109	96	151	1.6	19.2
SA20153983_GBAKOBEN_00627	SA20153983_GBAKOBEN_00617	32.143	28	19	0	19	46	121	148	2.3	18.9
SA20153983_GBAKOBEN_00627	SA20153983_GBAKOBEN_00615	35.714	28	18	0	158	185	32	59	5.0	17.7
SA20153983_GBAKOBEN_00627	SA20153983_GBAKOBEN_00628	30.303	33	18	1	90	122	29	56	7.4	17.3
SA20153983_GBAKOBEN_00627	SA20153983_GBAKOBEN_00612	26.415	53	33	3	183	231	23	73	7.8	17.3
SA20153983_GBAKOBEN_00628	SA20153983_GBAKOBEN_00628	100.000	417	0	0	1	417	1	417	0.0	816
SA20153983_GBAKOBEN_00628	SA20153983_GBAKOBEN_00615	35.714	28	18	0	223	250	283	310	0.050	25.0
SA20153983_GBAKOBEN_00628	SA20153983_GBAKOBEN_00618	26.582	79	48	3	175	252	201	270	4.6	18.9
SA20153983_GBAKOBEN_00628	SA20153983_GBAKOBEN_00614	50.000	18	9	0	259	276	6	23	5.3	18.1
SA20153983_GBAKOBEN_00628	SA20153983_GBAKOBEN_00624	54.545	22	7	2	251	272	264	282	6.1	18.5
SA20153983_GBAKOBEN_00628	SA20153983_GBAKOBEN_00630	75.000	12	3	0	288	299	69	80	8.3	18.1
SA20153983_GBAKOBEN_00628	SA20153983_GBAKOBEN_00611	38.235	34	20	1	235	267	420	453	9.5	18.1
SA20153983_GBAKOBEN_00629	SA20153983_GBAKOBEN_00629	100.000	382	0	0	1	382	1	382	0.0	788
SA20153983_GBAKOBEN_00629	SA20153983_GBAKOBEN_00625	31.579	19	13	0	334	352	249	267	1.3	20.4
SA20153983_GBAKOBEN_00629	SA20153983_GBAKOBEN_00613	56.250	16	5	1	168	181	141	156	2.8	19.2
SA20153983_GBAKOBEN_00629	SA20153983_GBAKOBEN_00626	40.000	25	15	0	219	243	300	324	4.1	18.9
SA20153983_GBAKOBEN_00630	SA20153983_GBAKOBEN_00630	100.000	215	0	0	1	215	1	215	3.10e-151	410
SA20153983_GBAKOBEN_00630	SA20153983_GBAKOBEN_00628	75.000	12	3	0	69	80	288	299	4.1	18.1
SA20153983_GBAKOBEN_00630	SA20153983_GBAKOBEN_00616	37.500	24	15	0	113	136	189	212	4.6	17.7
SA20153983_GBAKOBEN_00630	SA20153983_GBAKOBEN_00621	33.333	24	16	0	20	43	3	26	5.8	17.3
SA20153983_GBAKOBEN_00630	SA20153983_GBAKOBEN_00614	50.000	12	6	0	72	83	34	45	7.1	16.9
SA20153983_GBAKOBEN_00631	SA20153983_GBAKOBEN_00631	100.000	300	0	0	1	300	1	300	0.0	619
SA20153983_GBAKOBEN_00631	SA20153983_GBAKOBEN_00615	30.000	50	29	2	39	88	10	53	0.35	21.9
SA20153983_GBAKOBEN_00631	SA20153983_GBAKOBEN_00619	32.000	75	41	5	203	271	204	274	1.3	20.0
SA20153983_GBAKOBEN_00631	SA20153983_GBAKOBEN_00625	29.630	27	19	0	191	217	126	152	7.8	17.7
SA20153983_GBAKOBEN_00631	SA20153983_GBAKOBEN_00626	33.333	63	26	5	191	253	12	58	8.1	17.7
SA20160210_EPKMIBEH_00231	SA20160210_EPKMIBEH_00231	100.000	566	0	0	1	566	1	566	0.0	1144
SA20160210_EPKMIBEH_00231	SA20160210_EPKMIBEH_00237	35.000	20	13	0	401	420	19	38	0.32	23.1
SA20160210_EPKMIBEH_00231	SA20160210_EPKMIBEH_00236	25.641	39	29	0	214	252	42	80	2.0	20.4
SA20160210_EPKMIBEH_00231	SA20160210_EPKMIBEH_00239	27.500	40	29	0	445	484	203	242	6.1	18.9
SA20160210_EPKMIBEH_00232	SA20160210_EPKMIBEH_00232	100.000	383	0	0	1	383	1	383	0.0	764
SA20160210_EPKMIBEH_00232	SA20160210_EPKMIBEH_00247	29.032	62	38	3	14	73	174	231	0.084	24.3
SA20160210_EPKMIBEH_00232	SA20160210_EPKMIBEH_00236	28.125	32	23	0	120	151	18	49	0.73	21.2
SA20160210_EPKMIBEH_00232	SA20160210_EPKMIBEH_00243	58.333	12	5	0	3	14	2	13	1.2	19.6
SA20160210_EPKMIBEH_00232	SA20160210_EPKMIBEH_00249	25.263	95	54	3	202	287	274	360	4.4	18.9
SA20160210_EPKMIBEH_00233	SA20160210_EPKMIBEH_00233	100.000	243	0	0	1	243	1	243	0.0	494
SA20160210_EPKMIBEH_00233	SA20160210_EPKMIBEH_00236	28.571	42	30	0	11	52	222	263	1.3	19.6
SA20160210_EPKMIBEH_00233	SA20160210_EPKMIBEH_00249	56.250	16	5	1	141	156	168	181	1.6	19.6
SA20160210_EPKMIBEH_00233	SA20160210_EPKMIBEH_00246	28.947	38	21	2	144	181	295	326	2.5	18.9
SA20160210_EPKMIBEH_00234	SA20160210_EPKMIBEH_00234	100.000	111	0	0	1	111	1	111	1.22e-78	218
SA20160210_EPKMIBEH_00234	SA20160210_EPKMIBEH_00248	50.000	18	9	0	6	23	259	276	1.2	18.5
SA20160210_EPKMIBEH_00234	SA20160210_EPKMIBEH_00231	26.471	34	11	1	36	55	154	187	2.8	17.3
SA20160210_EPKMIBEH_00234	SA20160210_EPKMIBEH_00250	50.000	12	6	0	34	45	72	83	4.6	16.5
SA20160210_EPKMIBEH_00234	SA20160210_EPKMIBEH_00237	22.727	44	25	2	60	98	429	468	5.5	16.5
SA20160210_EPKMIBEH_00234	SA20160210_EPKMIBEH_00232	71.429	7	2	0	71	77	259	265	7.8	16.2
SA20160210_EPKMIBEH_00235	SA20160210_EPKMIBEH_00235	100.000	460	0	0	1	460	1	460	0.0	904
SA20160210_EPKMIBEH_00235	SA20160210_EPKMIBEH_00248	35.714	28	18	0	283	310	223	250	0.048	25.4
SA20160210_EPKMIBEH_00235	SA20160210_EPKMIBEH_00251	30.000	50	29	2	10	53	39	88	0.52	21.9
SA20160210_EPKMIBEH_00235	SA20160210_EPKMIBEH_00247	35.714	28	18	0	32	59	158	185	9.9	17.7
SA20160210_EPKMIBEH_00236	SA20160210_EPKMIBEH_00236	100.000	314	0	0	1	314	1	314	0.0	638
SA20160210_EPKMIBEH_00236	SA20160210_EPKMIBEH_00232	28.125	32	23	0	18	49	120	151	0.51	21.6
SA20160210_EPKMIBEH_00236	SA20160210_EPKMIBEH_00231	25.641	39	29	0	42	80	214	252	1.0	20.4
SA20160210_EPKMIBEH_00236	SA20160210_EPKMIBEH_00233	28.571	42	30	0	222	263	11	52	1.7	19.6
SA20160210_EPKMIBEH_00236	SA20160210_EPKMIBEH_00238	46.154	13	7	0	82	94	203	215	2.4	19.2
SA20160210_EPKMIBEH_00236	SA20160210_EPKMIBEH_00250	37.500	24	15	0	189	212	113	136	4.7	18.1
SA20160210_EPKMIBEH_00237	SA20160210_EPKMIBEH_00237	100.000	509	0	0	1	509	1	509	0.0	1030
SA20160210_EPKMIBEH_00237	SA20160210_EPKMIBEH_00231	35.000	20	13	0	19	38	401	420	0.29	23.1
SA20160210_EPKMIBEH_00237	SA20160210_EPKMIBEH_00251	50.000	16	8	0	368	383	10	25	3.8	19.2
SA20160210_EPKMIBEH_00237	SA20160210_EPKMIBEH_00247	23.529	51	26	2	431	481	85	122	5.1	18.9
SA20160210_EPKMIBEH_00237	SA20160210_EPKMIBEH_00249	33.333	33	20	1	349	379	200	232	6.7	18.5
SA20160210_EPKMIBEH_00238	SA20160210_EPKMIBEH_00238	100.000	462	0	0	1	462	1	462	0.0	928
SA20160210_EPKMIBEH_00238	SA20160210_EPKMIBEH_00236	46.154	13	7	0	203	215	82	94	3.5	19.2
SA20160210_EPKMIBEH_00238	SA20160210_EPKMIBEH_00248	52.941	17	8	0	36	52	354	370	4.4	19.2
SA20160210_EPKMIBEH_00239	SA20160210_EPKMIBEH_00239	100.000	344	0	0	1	344	1	344	0.0	664
SA20160210_EPKMIBEH_00239	SA20160210_EPKMIBEH_00251	32.000	75	41	5	204	274	203	271	1.5	20.0
SA20160210_EPKMIBEH_00239	SA20160210_EPKMIBEH_00247	28.571	56	34	1	96	151	60	109	2.3	19.6
SA20160210_EPKMIBEH_00239	SA20160210_EPKMIBEH_00241	28.070	57	27	2	236	282	39	91	3.0	18.9
SA20160210_EPKMIBEH_00239	SA20160210_EPKMIBEH_00231	27.500	40	29	0	203	242	445	484	3.5	18.9
SA20160210_EPKMIBEH_00240	SA20160210_EPKMIBEH_00240	100.000	120	0	0	1	120	1	120	4.84e-83	229
SA20160210_EPKMIBEH_00240	SA20160210_EPKMIBEH_00241	37.143	105	63	1	1	102	3	107	1.04e-10	45.8
SA20160210_EPKMIBEH_00240	SA20160210_EPKMIBEH_00235	35.000	20	13	0	32	51	90	109	7.1	16.2
SA20160210_EPKMIBEH_00240	SA20160210_EPKMIBEH_00248	38.462	26	9	1	91	109	294	319	8.2	16.2
SA20160210_EPKMIBEH_00241	SA20160210_EPKMIBEH_00241	100.000	109	0	0	1	109	1	109	4.94e-76	211
SA20160210_EPKMIBEH_00241	SA20160210_EPKMIBEH_00240	37.143	105	63	1	3	107	1	102	9.41e-11	45.8
SA20160210_EPKMIBEH_00241	SA20160210_EPKMIBEH_00239	28.070	57	27	2	39	91	236	282	0.96	18.9
SA20160210_EPKMIBEH_00241	SA20160210_EPKMIBEH_00238	28.571	42	29	1	69	109	34	75	3.2	17.3
SA20160210_EPKMIBEH_00241	SA20160210_EPKMIBEH_00231	62.500	8	3	0	8	15	504	511	3.5	16.9
SA20160210_EPKMIBEH_00241	SA20160210_EPKMIBEH_00232	54.545	11	5	0	70	80	204	214	5.3	16.5
SA20160210_EPKMIBEH_00241	SA20160210_EPKMIBEH_00237	36.667	30	19	0	39	68	35	64	5.8	16.5
SA20160210_EPKMIBEH_00242	SA20160210_EPKMIBEH_00242	100.000	273	0	0	1	273	1	273	0.0	554
SA20160210_EPKMIBEH_00242	SA20160210_EPKMIBEH_00231	47.059	17	8	1	247	262	68	84	6.1	17.7
SA20160210_EPKMIBEH_00242	SA20160210_EPKMIBEH_00238	23.770	122	63	5	6	120	253	351	10.0	17.3
SA20160210_EPKMIBEH_00243	SA20160210_EPKMIBEH_00243	100.000	83	0	0	1	83	1	83	1.04e-53	152
SA20160210_EPKMIBEH_00243	SA20160210_EPKMIBEH_00232	58.333	12	5	0	2	13	3	14	0.21	20.0
SA20160210_EPKMIBEH_00243	SA20160210_EPKMIBEH_00245	55.556	9	4	0	8	16	235	243	7.9	15.4
SA20160210_EPKMIBEH_00244	SA20160210_EPKMIBEH_00244	100.000	417	0	0	1	417	1	417	0.0	824
SA20160210_EPKMIBEH_00244	SA20160210_EPKMIBEH_00245	24.468	188	97	8	31	214	102	248	0.049	25.0
SA20160210_EPKMIBEH_00244	SA20160210_EPKMIBEH_00232	20.833	120	88	3	29	148	269	381	0.77	21.2
SA20160210_EPKMIBEH_00244	SA20160210_EPKMIBEH_00248	54.545	22	7	2	264	282	251	272	6.7	18.5
SA20160210_EPKMIBEH_00245	SA20160210_EPKMIBEH_00245	100.000	299	0	0	1	299	1	299	0.0	607
SA20160210_EPKMIBEH_00245	SA20160210_EPKMIBEH_00244	24.339	189	98	8	101	248	30	214	0.14	23.1
SA20160210_EPKMIBEH_00245	SA20160210_EPKMIBEH_00249	31.579	19	13	0	249	267	334	352	1.0	20.4
SA20160210_EPKMIBEH_00245	SA20160210_EPKMIBEH_00231	38.889	18	11	0	139	156	179	196	6.3	18.1
SA20160210_EPKMIBEH_00245	SA20160210_EPKMIBEH_00251	29.630	27	19	0	126	152	191	217	7.8	17.7
SA20160210_EPKMIBEH_00245	SA20160210_EPKMIBEH_00238	43.478	23	13	0	235	257	61	83	9.3	17.3
SA20160210_EPKMIBEH_00246	SA20160210_EPKMIBEH_00246	100.000	406	0	0	1	406	1	406	0.0	829
SA20160210_EPKMIBEH_00246	SA20160210_EPKMIBEH_00249	30.645	62	33	2	300	351	219	280	3.1	19.2
SA20160210_EPKMIBEH_00246	SA20160210_EPKMIBEH_00233	28.947	38	21	2	295	326	144	181	4.2	18.9
SA20160210_EPKMIBEH_00247	SA20160210_EPKMIBEH_00247	100.000	231	0	0	1	231	1	231	4.05e-173	466
SA20160210_EPKMIBEH_00247	SA20160210_EPKMIBEH_00232	29.032	62	38	3	174	231	14	73	0.051	24.3
SA20160210_EPKMIBEH_00247	SA20160210_EPKMIBEH_00239	28.571	56	34	1	60	109	96	151	1.5	19.6
SA20160210_EPKMIBEH_00247	SA20160210_EPKMIBEH_00237	23.529	51	26	2	85	122	431	481	2.4	18.9
SA20160210_EPKMIBEH_00247	SA20160210_EPKMIBEH_00235	35.714	28	18	0	158	185	32	59	5.2	17.7
SA20160210_EPKMIBEH_00247	SA20160210_EPKMIBEH_00248	30.303	33	18	1	90	122	29	56	7.3	17.3
SA20160210_EPKMIBEH_00248	SA20160210_EPKMIBEH_00248	100.000	417	0	0	1	417	1	417	0.0	816
SA20160210_EPKMIBEH_00248	SA20160210_EPKMIBEH_00235	35.714	28	18	0	223	250	283	310	0.050	25.0
SA20160210_EPKMIBEH_00248	SA20160210_EPKMIBEH_00238	26.582	79	48	3	175	252	201	270	4.5	18.9
SA20160210_EPKMIBEH_00248	SA20160210_EPKMIBEH_00234	50.000	18	9	0	259	276	6	23	5.2	18.1
SA20160210_EPKMIBEH_00248	SA20160210_EPKMIBEH_00244	54.545	22	7	2	251	272	264	282	6.2	18.5
SA20160210_EPKMIBEH_00248	SA20160210_EPKMIBEH_00250	75.000	12	3	0	288	299	69	80	8.5	18.1
SA20160210_EPKMIBEH_00248	SA20160210_EPKMIBEH_00231	38.235	34	20	1	235	267	420	453	9.8	17.7
SA20160210_EPKMIBEH_00249	SA20160210_EPKMIBEH_00249	100.000	382	0	0	1	382	1	382	0.0	788
SA20160210_EPKMIBEH_00249	SA20160210_EPKMIBEH_00245	31.579	19	13	0	334	352	249	267	1.3	20.4
SA20160210_EPKMIBEH_00249	SA20160210_EPKMIBEH_00233	56.250	16	5	1	168	181	141	156	2.8	19.2
SA20160210_EPKMIBEH_00249	SA20160210_EPKMIBEH_00246	30.645	62	33	2	219	280	300	351	2.9	19.2
SA20160210_EPKMIBEH_00249	SA20160210_EPKMIBEH_00232	25.263	95	54	3	274	360	202	287	4.4	18.9
SA20160210_EPKMIBEH_00249	SA20160210_EPKMIBEH_00237	20.339	118	90	3	201	317	23	137	4.8	18.9
SA20160210_EPKMIBEH_00250	SA20160210_EPKMIBEH_00250	100.000	215	0	0	1	215	1	215	6.25e-151	409
SA20160210_EPKMIBEH_00250	SA20160210_EPKMIBEH_00248	75.000	12	3	0	69	80	288	299	4.2	18.1
SA20160210_EPKMIBEH_00250	SA20160210_EPKMIBEH_00236	37.500	24	15	0	113	136	189	212	4.7	17.7
SA20160210_EPKMIBEH_00250	SA20160210_EPKMIBEH_00234	50.000	12	6	0	72	83	34	45	7.5	16.9
SA20160210_EPKMIBEH_00251	SA20160210_EPKMIBEH_00251	100.000	300	0	0	1	300	1	300	0.0	619
SA20160210_EPKMIBEH_00251	SA20160210_EPKMIBEH_00235	30.000	50	29	2	39	88	10	53	0.34	21.9
SA20160210_EPKMIBEH_00251	SA20160210_EPKMIBEH_00239	32.000	75	41	5	203	271	204	274	1.3	20.0
SA20160210_EPKMIBEH_00251	SA20160210_EPKMIBEH_00245	29.630	27	19	0	191	217	126	152	7.8	17.7
SA20160210_EPKMIBEH_00251	SA20160210_EPKMIBEH_00246	33.333	63	26	5	191	253	12	58	8.2	17.7
