SA20160201_IJJBCCFE_00946	SA20160209_CPEIOPNK_00775	100.000	566	0	0	1	566	1	566	0.0	1144
SA20160201_IJJBCCFE_00946	SA20160209_CPEIOPNK_00769	35.000	20	13	0	401	420	19	38	0.32	23.1
SA20160201_IJJBCCFE_00946	SA20160209_CPEIOPNK_00770	25.641	39	29	0	214	252	42	80	2.0	20.4
SA20160201_IJJBCCFE_00946	SA20160209_CPEIOPNK_00767	27.500	40	29	0	445	484	203	242	6.1	18.9
SA20160201_IJJBCCFE_00947	SA20160209_CPEIOPNK_00774	100.000	383	0	0	1	383	1	383	0.0	764
SA20160201_IJJBCCFE_00947	SA20160209_CPEIOPNK_00759	30.508	59	35	3	17	73	177	231	0.094	23.9
SA20160201_IJJBCCFE_00947	SA20160209_CPEIOPNK_00770	28.125	32	23	0	120	151	18	49	0.73	21.2
SA20160201_IJJBCCFE_00947	SA20160209_CPEIOPNK_00763	58.333	12	5	0	3	14	2	13	1.2	19.6
SA20160201_IJJBCCFE_00947	SA20160209_CPEIOPNK_00757	25.263	95	54	3	202	287	274	360	4.4	18.9
SA20160201_IJJBCCFE_00948	SA20160209_CPEIOPNK_00773	100.000	243	0	0	1	243	1	243	0.0	494
SA20160201_IJJBCCFE_00948	SA20160209_CPEIOPNK_00770	28.571	42	30	0	11	52	222	263	1.3	19.6
SA20160201_IJJBCCFE_00948	SA20160209_CPEIOPNK_00757	56.250	16	5	1	141	156	168	181	1.6	19.6
SA20160201_IJJBCCFE_00948	SA20160209_CPEIOPNK_00760	28.947	38	21	2	144	181	295	326	2.5	18.9
SA20160201_IJJBCCFE_00949	SA20160209_CPEIOPNK_00772	100.000	111	0	0	1	111	1	111	1.22e-78	218
SA20160201_IJJBCCFE_00949	SA20160209_CPEIOPNK_00758	50.000	18	9	0	6	23	259	276	1.2	18.5
SA20160201_IJJBCCFE_00949	SA20160209_CPEIOPNK_00775	26.471	34	11	1	36	55	154	187	2.8	17.3
SA20160201_IJJBCCFE_00949	SA20160209_CPEIOPNK_00756	50.000	12	6	0	34	45	72	83	4.6	16.5
SA20160201_IJJBCCFE_00949	SA20160209_CPEIOPNK_00769	22.727	44	25	2	60	98	429	468	5.5	16.5
SA20160201_IJJBCCFE_00949	SA20160209_CPEIOPNK_00774	71.429	7	2	0	71	77	259	265	7.8	16.2
SA20160201_IJJBCCFE_00950	SA20160209_CPEIOPNK_00771	100.000	460	0	0	1	460	1	460	0.0	904
SA20160201_IJJBCCFE_00950	SA20160209_CPEIOPNK_00758	35.714	28	18	0	283	310	223	250	0.048	25.4
SA20160201_IJJBCCFE_00950	SA20160209_CPEIOPNK_00755	30.000	50	29	2	10	53	39	88	0.52	21.9
SA20160201_IJJBCCFE_00950	SA20160209_CPEIOPNK_00759	35.714	28	18	0	32	59	158	185	4.1	19.2
SA20160201_IJJBCCFE_00950	SA20160209_CPEIOPNK_00768	24.096	166	92	8	238	385	6	155	6.5	18.5
SA20160201_IJJBCCFE_00951	SA20160209_CPEIOPNK_00770	100.000	314	0	0	1	314	1	314	0.0	638
SA20160201_IJJBCCFE_00951	SA20160209_CPEIOPNK_00774	28.125	32	23	0	18	49	120	151	0.51	21.6
SA20160201_IJJBCCFE_00951	SA20160209_CPEIOPNK_00775	25.641	39	29	0	42	80	214	252	1.0	20.4
SA20160201_IJJBCCFE_00951	SA20160209_CPEIOPNK_00773	28.571	42	30	0	222	263	11	52	1.7	19.6
SA20160201_IJJBCCFE_00951	SA20160209_CPEIOPNK_00768	46.154	13	7	0	82	94	203	215	2.4	19.2
SA20160201_IJJBCCFE_00951	SA20160209_CPEIOPNK_00756	37.500	24	15	0	189	212	113	136	4.7	18.1
SA20160201_IJJBCCFE_00952	SA20160209_CPEIOPNK_00769	100.000	509	0	0	1	509	1	509	0.0	1030
SA20160201_IJJBCCFE_00952	SA20160209_CPEIOPNK_00775	35.000	20	13	0	19	38	401	420	0.29	23.1
SA20160201_IJJBCCFE_00952	SA20160209_CPEIOPNK_00755	50.000	16	8	0	368	383	10	25	3.8	19.2
SA20160201_IJJBCCFE_00952	SA20160209_CPEIOPNK_00759	23.529	51	26	2	431	481	85	122	5.4	18.9
SA20160201_IJJBCCFE_00952	SA20160209_CPEIOPNK_00757	33.333	33	20	1	349	379	200	232	6.7	18.5
SA20160201_IJJBCCFE_00953	SA20160209_CPEIOPNK_00768	100.000	462	0	0	1	462	1	462	0.0	928
SA20160201_IJJBCCFE_00953	SA20160209_CPEIOPNK_00770	46.154	13	7	0	203	215	82	94	3.5	19.2
SA20160201_IJJBCCFE_00953	SA20160209_CPEIOPNK_00758	52.941	17	8	0	36	52	354	370	4.4	19.2
SA20160201_IJJBCCFE_00953	SA20160209_CPEIOPNK_00771	24.026	154	83	8	18	155	250	385	4.7	18.9
SA20160201_IJJBCCFE_00953	SA20160209_CPEIOPNK_00767	29.545	44	27	2	199	238	229	272	6.1	18.5
SA20160201_IJJBCCFE_00954	SA20160209_CPEIOPNK_00767	100.000	344	0	0	1	344	1	344	0.0	664
SA20160201_IJJBCCFE_00954	SA20160209_CPEIOPNK_00755	32.000	75	41	5	204	274	203	271	1.5	20.0
SA20160201_IJJBCCFE_00954	SA20160209_CPEIOPNK_00759	28.571	56	34	1	96	151	60	109	2.2	19.6
SA20160201_IJJBCCFE_00954	SA20160209_CPEIOPNK_00765	28.070	57	27	2	236	282	39	91	3.0	18.9
SA20160201_IJJBCCFE_00954	SA20160209_CPEIOPNK_00775	27.500	40	29	0	203	242	445	484	3.5	18.9
SA20160201_IJJBCCFE_00954	SA20160209_CPEIOPNK_00768	29.545	44	27	2	229	272	199	238	4.6	18.5
SA20160201_IJJBCCFE_00955	SA20160209_CPEIOPNK_00766	100.000	120	0	0	1	120	1	120	4.84e-83	229
SA20160201_IJJBCCFE_00955	SA20160209_CPEIOPNK_00765	37.143	105	63	1	1	102	3	107	1.04e-10	45.8
SA20160201_IJJBCCFE_00955	SA20160209_CPEIOPNK_00771	35.000	20	13	0	32	51	90	109	7.1	16.2
SA20160201_IJJBCCFE_00955	SA20160209_CPEIOPNK_00758	38.462	26	9	1	91	109	294	319	8.2	16.2
SA20160201_IJJBCCFE_00956	SA20160209_CPEIOPNK_00765	100.000	109	0	0	1	109	1	109	4.94e-76	211
SA20160201_IJJBCCFE_00956	SA20160209_CPEIOPNK_00766	37.143	105	63	1	3	107	1	102	9.41e-11	45.8
SA20160201_IJJBCCFE_00956	SA20160209_CPEIOPNK_00767	28.070	57	27	2	39	91	236	282	0.96	18.9
SA20160201_IJJBCCFE_00956	SA20160209_CPEIOPNK_00768	28.571	42	29	1	69	109	34	75	3.2	17.3
SA20160201_IJJBCCFE_00956	SA20160209_CPEIOPNK_00775	62.500	8	3	0	8	15	504	511	3.5	16.9
SA20160201_IJJBCCFE_00956	SA20160209_CPEIOPNK_00774	54.545	11	5	0	70	80	204	214	5.3	16.5
SA20160201_IJJBCCFE_00956	SA20160209_CPEIOPNK_00769	36.667	30	19	0	39	68	35	64	5.8	16.5
SA20160201_IJJBCCFE_00957	SA20160209_CPEIOPNK_00764	100.000	273	0	0	1	273	1	273	0.0	554
SA20160201_IJJBCCFE_00957	SA20160209_CPEIOPNK_00775	47.059	17	8	1	247	262	68	84	6.1	17.7
SA20160201_IJJBCCFE_00957	SA20160209_CPEIOPNK_00768	23.770	122	63	5	6	120	253	351	10.0	17.3
SA20160201_IJJBCCFE_00958	SA20160209_CPEIOPNK_00763	100.000	83	0	0	1	83	1	83	1.04e-53	152
SA20160201_IJJBCCFE_00958	SA20160209_CPEIOPNK_00774	58.333	12	5	0	2	13	3	14	0.21	20.0
SA20160201_IJJBCCFE_00958	SA20160209_CPEIOPNK_00761	55.556	9	4	0	8	16	235	243	7.9	15.4
SA20160201_IJJBCCFE_00959	SA20160209_CPEIOPNK_00762	100.000	417	0	0	1	417	1	417	0.0	824
SA20160201_IJJBCCFE_00959	SA20160209_CPEIOPNK_00761	24.468	188	97	8	31	214	102	248	0.049	25.0
SA20160201_IJJBCCFE_00959	SA20160209_CPEIOPNK_00774	20.833	120	88	3	29	148	269	381	0.77	21.2
SA20160201_IJJBCCFE_00959	SA20160209_CPEIOPNK_00758	54.545	22	7	2	264	282	251	272	6.7	18.5
SA20160201_IJJBCCFE_00960	SA20160209_CPEIOPNK_00761	100.000	299	0	0	1	299	1	299	0.0	607
SA20160201_IJJBCCFE_00960	SA20160209_CPEIOPNK_00762	24.339	189	98	8	101	248	30	214	0.14	23.1
SA20160201_IJJBCCFE_00960	SA20160209_CPEIOPNK_00757	31.579	19	13	0	249	267	334	352	1.0	20.4
SA20160201_IJJBCCFE_00960	SA20160209_CPEIOPNK_00775	38.889	18	11	0	139	156	179	196	6.3	18.1
SA20160201_IJJBCCFE_00960	SA20160209_CPEIOPNK_00755	29.630	27	19	0	126	152	191	217	7.8	17.7
SA20160201_IJJBCCFE_00960	SA20160209_CPEIOPNK_00768	43.478	23	13	0	235	257	61	83	9.3	17.3
SA20160201_IJJBCCFE_00961	SA20160209_CPEIOPNK_00760	100.000	406	0	0	1	406	1	406	0.0	829
SA20160201_IJJBCCFE_00961	SA20160209_CPEIOPNK_00757	30.645	62	33	2	300	351	219	280	3.1	19.2
SA20160201_IJJBCCFE_00961	SA20160209_CPEIOPNK_00773	28.947	38	21	2	295	326	144	181	4.2	18.9
SA20160201_IJJBCCFE_00962	SA20160209_CPEIOPNK_00759	99.567	231	1	0	1	231	1	231	7.49e-172	463
SA20160201_IJJBCCFE_00962	SA20160209_CPEIOPNK_00774	29.032	62	38	3	174	231	14	73	0.051	24.3
SA20160201_IJJBCCFE_00962	SA20160209_CPEIOPNK_00767	28.571	56	34	1	60	109	96	151	1.5	19.6
SA20160201_IJJBCCFE_00962	SA20160209_CPEIOPNK_00769	23.529	51	26	2	85	122	431	481	2.4	18.9
SA20160201_IJJBCCFE_00962	SA20160209_CPEIOPNK_00771	35.714	28	18	0	158	185	32	59	5.2	17.7
SA20160201_IJJBCCFE_00962	SA20160209_CPEIOPNK_00758	30.303	33	18	1	90	122	29	56	7.3	17.3
SA20160201_IJJBCCFE_00963	SA20160209_CPEIOPNK_00758	100.000	417	0	0	1	417	1	417	0.0	816
SA20160201_IJJBCCFE_00963	SA20160209_CPEIOPNK_00771	35.714	28	18	0	223	250	283	310	0.050	25.0
SA20160201_IJJBCCFE_00963	SA20160209_CPEIOPNK_00768	26.582	79	48	3	175	252	201	270	4.5	18.9
SA20160201_IJJBCCFE_00963	SA20160209_CPEIOPNK_00772	50.000	18	9	0	259	276	6	23	5.2	18.1
SA20160201_IJJBCCFE_00963	SA20160209_CPEIOPNK_00762	54.545	22	7	2	251	272	264	282	6.2	18.5
SA20160201_IJJBCCFE_00963	SA20160209_CPEIOPNK_00756	75.000	12	3	0	288	299	69	80	8.5	18.1
SA20160201_IJJBCCFE_00963	SA20160209_CPEIOPNK_00775	38.235	34	20	1	235	267	420	453	9.8	17.7
SA20160201_IJJBCCFE_00964	SA20160209_CPEIOPNK_00757	100.000	382	0	0	1	382	1	382	0.0	788
SA20160201_IJJBCCFE_00964	SA20160209_CPEIOPNK_00761	31.579	19	13	0	334	352	249	267	1.3	20.4
SA20160201_IJJBCCFE_00964	SA20160209_CPEIOPNK_00773	56.250	16	5	1	168	181	141	156	2.8	19.2
SA20160201_IJJBCCFE_00964	SA20160209_CPEIOPNK_00760	30.645	62	33	2	219	280	300	351	2.9	19.2
SA20160201_IJJBCCFE_00964	SA20160209_CPEIOPNK_00774	25.263	95	54	3	274	360	202	287	4.4	18.9
SA20160201_IJJBCCFE_00964	SA20160209_CPEIOPNK_00769	20.339	118	90	3	201	317	23	137	4.8	18.9
SA20160201_IJJBCCFE_00965	SA20160209_CPEIOPNK_00756	100.000	215	0	0	1	215	1	215	6.25e-151	409
SA20160201_IJJBCCFE_00965	SA20160209_CPEIOPNK_00758	75.000	12	3	0	69	80	288	299	4.2	18.1
SA20160201_IJJBCCFE_00965	SA20160209_CPEIOPNK_00770	37.500	24	15	0	113	136	189	212	4.7	17.7
SA20160201_IJJBCCFE_00965	SA20160209_CPEIOPNK_00772	50.000	12	6	0	72	83	34	45	7.5	16.9
SA20160201_IJJBCCFE_00966	SA20160209_CPEIOPNK_00755	100.000	300	0	0	1	300	1	300	0.0	619
SA20160201_IJJBCCFE_00966	SA20160209_CPEIOPNK_00771	30.000	50	29	2	39	88	10	53	0.34	21.9
SA20160201_IJJBCCFE_00966	SA20160209_CPEIOPNK_00767	32.000	75	41	5	203	271	204	274	1.3	20.0
SA20160201_IJJBCCFE_00966	SA20160209_CPEIOPNK_00761	29.630	27	19	0	191	217	126	152	7.8	17.7
SA20160201_IJJBCCFE_00966	SA20160209_CPEIOPNK_00760	33.333	63	26	5	191	253	12	58	8.2	17.7
SA20160209_CPEIOPNK_00755	SA20160209_CPEIOPNK_00755	100.000	300	0	0	1	300	1	300	0.0	619
SA20160209_CPEIOPNK_00755	SA20160209_CPEIOPNK_00771	30.000	50	29	2	39	88	10	53	0.34	21.9
SA20160209_CPEIOPNK_00755	SA20160209_CPEIOPNK_00767	32.000	75	41	5	203	271	204	274	1.3	20.0
SA20160209_CPEIOPNK_00755	SA20160209_CPEIOPNK_00761	29.630	27	19	0	191	217	126	152	7.8	17.7
SA20160209_CPEIOPNK_00755	SA20160209_CPEIOPNK_00760	33.333	63	26	5	191	253	12	58	8.2	17.7
SA20160209_CPEIOPNK_00756	SA20160209_CPEIOPNK_00756	100.000	215	0	0	1	215	1	215	6.25e-151	409
SA20160209_CPEIOPNK_00756	SA20160209_CPEIOPNK_00758	75.000	12	3	0	69	80	288	299	4.2	18.1
SA20160209_CPEIOPNK_00756	SA20160209_CPEIOPNK_00770	37.500	24	15	0	113	136	189	212	4.7	17.7
SA20160209_CPEIOPNK_00756	SA20160209_CPEIOPNK_00772	50.000	12	6	0	72	83	34	45	7.5	16.9
SA20160209_CPEIOPNK_00757	SA20160209_CPEIOPNK_00757	100.000	382	0	0	1	382	1	382	0.0	788
SA20160209_CPEIOPNK_00757	SA20160209_CPEIOPNK_00761	31.579	19	13	0	334	352	249	267	1.3	20.4
SA20160209_CPEIOPNK_00757	SA20160209_CPEIOPNK_00773	56.250	16	5	1	168	181	141	156	2.8	19.2
SA20160209_CPEIOPNK_00757	SA20160209_CPEIOPNK_00760	30.645	62	33	2	219	280	300	351	2.9	19.2
SA20160209_CPEIOPNK_00757	SA20160209_CPEIOPNK_00774	25.263	95	54	3	274	360	202	287	4.4	18.9
SA20160209_CPEIOPNK_00757	SA20160209_CPEIOPNK_00769	20.339	118	90	3	201	317	23	137	4.8	18.9
SA20160209_CPEIOPNK_00758	SA20160209_CPEIOPNK_00758	100.000	417	0	0	1	417	1	417	0.0	816
SA20160209_CPEIOPNK_00758	SA20160209_CPEIOPNK_00771	35.714	28	18	0	223	250	283	310	0.050	25.0
SA20160209_CPEIOPNK_00758	SA20160209_CPEIOPNK_00768	26.582	79	48	3	175	252	201	270	4.5	18.9
SA20160209_CPEIOPNK_00758	SA20160209_CPEIOPNK_00772	50.000	18	9	0	259	276	6	23	5.2	18.1
SA20160209_CPEIOPNK_00758	SA20160209_CPEIOPNK_00762	54.545	22	7	2	251	272	264	282	6.2	18.5
SA20160209_CPEIOPNK_00758	SA20160209_CPEIOPNK_00756	75.000	12	3	0	288	299	69	80	8.5	18.1
SA20160209_CPEIOPNK_00758	SA20160209_CPEIOPNK_00775	38.235	34	20	1	235	267	420	453	9.8	17.7
SA20160209_CPEIOPNK_00759	SA20160209_CPEIOPNK_00759	100.000	231	0	0	1	231	1	231	5.56e-173	466
SA20160209_CPEIOPNK_00759	SA20160209_CPEIOPNK_00774	30.508	59	35	3	177	231	17	73	0.057	23.9
SA20160209_CPEIOPNK_00759	SA20160209_CPEIOPNK_00767	28.571	56	34	1	60	109	96	151	1.5	19.6
SA20160209_CPEIOPNK_00759	SA20160209_CPEIOPNK_00771	35.714	28	18	0	158	185	32	59	2.1	18.9
SA20160209_CPEIOPNK_00759	SA20160209_CPEIOPNK_00769	23.529	51	26	2	85	122	431	481	2.5	18.9
SA20160209_CPEIOPNK_00759	SA20160209_CPEIOPNK_00758	30.303	33	18	1	90	122	29	56	7.0	17.3
SA20160209_CPEIOPNK_00760	SA20160209_CPEIOPNK_00760	100.000	406	0	0	1	406	1	406	0.0	829
SA20160209_CPEIOPNK_00760	SA20160209_CPEIOPNK_00757	30.645	62	33	2	300	351	219	280	3.1	19.2
SA20160209_CPEIOPNK_00760	SA20160209_CPEIOPNK_00773	28.947	38	21	2	295	326	144	181	4.2	18.9
SA20160209_CPEIOPNK_00761	SA20160209_CPEIOPNK_00761	100.000	299	0	0	1	299	1	299	0.0	607
SA20160209_CPEIOPNK_00761	SA20160209_CPEIOPNK_00762	24.339	189	98	8	101	248	30	214	0.14	23.1
SA20160209_CPEIOPNK_00761	SA20160209_CPEIOPNK_00757	31.579	19	13	0	249	267	334	352	1.0	20.4
SA20160209_CPEIOPNK_00761	SA20160209_CPEIOPNK_00775	38.889	18	11	0	139	156	179	196	6.3	18.1
SA20160209_CPEIOPNK_00761	SA20160209_CPEIOPNK_00755	29.630	27	19	0	126	152	191	217	7.8	17.7
SA20160209_CPEIOPNK_00761	SA20160209_CPEIOPNK_00768	43.478	23	13	0	235	257	61	83	9.3	17.3
SA20160209_CPEIOPNK_00762	SA20160209_CPEIOPNK_00762	100.000	417	0	0	1	417	1	417	0.0	824
SA20160209_CPEIOPNK_00762	SA20160209_CPEIOPNK_00761	24.468	188	97	8	31	214	102	248	0.049	25.0
SA20160209_CPEIOPNK_00762	SA20160209_CPEIOPNK_00774	20.833	120	88	3	29	148	269	381	0.77	21.2
SA20160209_CPEIOPNK_00762	SA20160209_CPEIOPNK_00758	54.545	22	7	2	264	282	251	272	6.7	18.5
SA20160209_CPEIOPNK_00763	SA20160209_CPEIOPNK_00763	100.000	83	0	0	1	83	1	83	1.04e-53	152
SA20160209_CPEIOPNK_00763	SA20160209_CPEIOPNK_00774	58.333	12	5	0	2	13	3	14	0.21	20.0
SA20160209_CPEIOPNK_00763	SA20160209_CPEIOPNK_00761	55.556	9	4	0	8	16	235	243	7.9	15.4
SA20160209_CPEIOPNK_00764	SA20160209_CPEIOPNK_00764	100.000	273	0	0	1	273	1	273	0.0	554
SA20160209_CPEIOPNK_00764	SA20160209_CPEIOPNK_00775	47.059	17	8	1	247	262	68	84	6.1	17.7
SA20160209_CPEIOPNK_00764	SA20160209_CPEIOPNK_00768	23.770	122	63	5	6	120	253	351	10.0	17.3
SA20160209_CPEIOPNK_00765	SA20160209_CPEIOPNK_00765	100.000	109	0	0	1	109	1	109	4.94e-76	211
SA20160209_CPEIOPNK_00765	SA20160209_CPEIOPNK_00766	37.143	105	63	1	3	107	1	102	9.41e-11	45.8
SA20160209_CPEIOPNK_00765	SA20160209_CPEIOPNK_00767	28.070	57	27	2	39	91	236	282	0.96	18.9
SA20160209_CPEIOPNK_00765	SA20160209_CPEIOPNK_00768	28.571	42	29	1	69	109	34	75	3.2	17.3
SA20160209_CPEIOPNK_00765	SA20160209_CPEIOPNK_00775	62.500	8	3	0	8	15	504	511	3.5	16.9
SA20160209_CPEIOPNK_00765	SA20160209_CPEIOPNK_00774	54.545	11	5	0	70	80	204	214	5.3	16.5
SA20160209_CPEIOPNK_00765	SA20160209_CPEIOPNK_00769	36.667	30	19	0	39	68	35	64	5.8	16.5
SA20160209_CPEIOPNK_00766	SA20160209_CPEIOPNK_00766	100.000	120	0	0	1	120	1	120	4.84e-83	229
SA20160209_CPEIOPNK_00766	SA20160209_CPEIOPNK_00765	37.143	105	63	1	1	102	3	107	1.04e-10	45.8
SA20160209_CPEIOPNK_00766	SA20160209_CPEIOPNK_00771	35.000	20	13	0	32	51	90	109	7.1	16.2
SA20160209_CPEIOPNK_00766	SA20160209_CPEIOPNK_00758	38.462	26	9	1	91	109	294	319	8.2	16.2
SA20160209_CPEIOPNK_00767	SA20160209_CPEIOPNK_00767	100.000	344	0	0	1	344	1	344	0.0	664
SA20160209_CPEIOPNK_00767	SA20160209_CPEIOPNK_00755	32.000	75	41	5	204	274	203	271	1.5	20.0
SA20160209_CPEIOPNK_00767	SA20160209_CPEIOPNK_00759	28.571	56	34	1	96	151	60	109	2.2	19.6
SA20160209_CPEIOPNK_00767	SA20160209_CPEIOPNK_00765	28.070	57	27	2	236	282	39	91	3.0	18.9
SA20160209_CPEIOPNK_00767	SA20160209_CPEIOPNK_00775	27.500	40	29	0	203	242	445	484	3.5	18.9
SA20160209_CPEIOPNK_00768	SA20160209_CPEIOPNK_00768	100.000	462	0	0	1	462	1	462	0.0	928
SA20160209_CPEIOPNK_00768	SA20160209_CPEIOPNK_00770	46.154	13	7	0	203	215	82	94	3.5	19.2
SA20160209_CPEIOPNK_00768	SA20160209_CPEIOPNK_00758	52.941	17	8	0	36	52	354	370	4.4	19.2
SA20160209_CPEIOPNK_00769	SA20160209_CPEIOPNK_00769	100.000	509	0	0	1	509	1	509	0.0	1030
SA20160209_CPEIOPNK_00769	SA20160209_CPEIOPNK_00775	35.000	20	13	0	19	38	401	420	0.29	23.1
SA20160209_CPEIOPNK_00769	SA20160209_CPEIOPNK_00755	50.000	16	8	0	368	383	10	25	3.8	19.2
SA20160209_CPEIOPNK_00769	SA20160209_CPEIOPNK_00759	23.529	51	26	2	431	481	85	122	5.4	18.9
SA20160209_CPEIOPNK_00769	SA20160209_CPEIOPNK_00757	33.333	33	20	1	349	379	200	232	6.7	18.5
SA20160209_CPEIOPNK_00770	SA20160209_CPEIOPNK_00770	100.000	314	0	0	1	314	1	314	0.0	638
SA20160209_CPEIOPNK_00770	SA20160209_CPEIOPNK_00774	28.125	32	23	0	18	49	120	151	0.51	21.6
SA20160209_CPEIOPNK_00770	SA20160209_CPEIOPNK_00775	25.641	39	29	0	42	80	214	252	1.0	20.4
SA20160209_CPEIOPNK_00770	SA20160209_CPEIOPNK_00773	28.571	42	30	0	222	263	11	52	1.7	19.6
SA20160209_CPEIOPNK_00770	SA20160209_CPEIOPNK_00768	46.154	13	7	0	82	94	203	215	2.4	19.2
SA20160209_CPEIOPNK_00770	SA20160209_CPEIOPNK_00756	37.500	24	15	0	189	212	113	136	4.7	18.1
SA20160209_CPEIOPNK_00771	SA20160209_CPEIOPNK_00771	100.000	460	0	0	1	460	1	460	0.0	904
SA20160209_CPEIOPNK_00771	SA20160209_CPEIOPNK_00758	35.714	28	18	0	283	310	223	250	0.048	25.4
SA20160209_CPEIOPNK_00771	SA20160209_CPEIOPNK_00755	30.000	50	29	2	10	53	39	88	0.52	21.9
SA20160209_CPEIOPNK_00771	SA20160209_CPEIOPNK_00759	35.714	28	18	0	32	59	158	185	4.1	19.2
SA20160209_CPEIOPNK_00772	SA20160209_CPEIOPNK_00772	100.000	111	0	0	1	111	1	111	1.22e-78	218
SA20160209_CPEIOPNK_00772	SA20160209_CPEIOPNK_00758	50.000	18	9	0	6	23	259	276	1.2	18.5
SA20160209_CPEIOPNK_00772	SA20160209_CPEIOPNK_00775	26.471	34	11	1	36	55	154	187	2.8	17.3
SA20160209_CPEIOPNK_00772	SA20160209_CPEIOPNK_00756	50.000	12	6	0	34	45	72	83	4.6	16.5
SA20160209_CPEIOPNK_00772	SA20160209_CPEIOPNK_00769	22.727	44	25	2	60	98	429	468	5.5	16.5
SA20160209_CPEIOPNK_00772	SA20160209_CPEIOPNK_00774	71.429	7	2	0	71	77	259	265	7.8	16.2
SA20160209_CPEIOPNK_00773	SA20160209_CPEIOPNK_00773	100.000	243	0	0	1	243	1	243	0.0	494
SA20160209_CPEIOPNK_00773	SA20160209_CPEIOPNK_00770	28.571	42	30	0	11	52	222	263	1.3	19.6
SA20160209_CPEIOPNK_00773	SA20160209_CPEIOPNK_00757	56.250	16	5	1	141	156	168	181	1.6	19.6
SA20160209_CPEIOPNK_00773	SA20160209_CPEIOPNK_00760	28.947	38	21	2	144	181	295	326	2.5	18.9
SA20160209_CPEIOPNK_00774	SA20160209_CPEIOPNK_00774	100.000	383	0	0	1	383	1	383	0.0	764
SA20160209_CPEIOPNK_00774	SA20160209_CPEIOPNK_00759	30.508	59	35	3	17	73	177	231	0.094	23.9
SA20160209_CPEIOPNK_00774	SA20160209_CPEIOPNK_00770	28.125	32	23	0	120	151	18	49	0.73	21.2
SA20160209_CPEIOPNK_00774	SA20160209_CPEIOPNK_00763	58.333	12	5	0	3	14	2	13	1.2	19.6
SA20160209_CPEIOPNK_00774	SA20160209_CPEIOPNK_00757	25.263	95	54	3	202	287	274	360	4.4	18.9
SA20160209_CPEIOPNK_00775	SA20160209_CPEIOPNK_00775	100.000	566	0	0	1	566	1	566	0.0	1144
SA20160209_CPEIOPNK_00775	SA20160209_CPEIOPNK_00769	35.000	20	13	0	401	420	19	38	0.32	23.1
SA20160209_CPEIOPNK_00775	SA20160209_CPEIOPNK_00770	25.641	39	29	0	214	252	42	80	2.0	20.4
SA20160209_CPEIOPNK_00775	SA20160209_CPEIOPNK_00767	27.500	40	29	0	445	484	203	242	6.1	18.9
SA20160201_IJJBCCFE_00946	SA20160201_IJJBCCFE_00946	100.000	566	0	0	1	566	1	566	0.0	1144
SA20160201_IJJBCCFE_00946	SA20160201_IJJBCCFE_00952	35.000	20	13	0	401	420	19	38	0.32	23.1
SA20160201_IJJBCCFE_00946	SA20160201_IJJBCCFE_00951	25.641	39	29	0	214	252	42	80	2.0	20.4
SA20160201_IJJBCCFE_00946	SA20160201_IJJBCCFE_00954	27.500	40	29	0	445	484	203	242	6.1	18.9
SA20160201_IJJBCCFE_00947	SA20160201_IJJBCCFE_00947	100.000	383	0	0	1	383	1	383	0.0	764
SA20160201_IJJBCCFE_00947	SA20160201_IJJBCCFE_00962	29.032	62	38	3	14	73	174	231	0.084	24.3
SA20160201_IJJBCCFE_00947	SA20160201_IJJBCCFE_00951	28.125	32	23	0	120	151	18	49	0.73	21.2
SA20160201_IJJBCCFE_00947	SA20160201_IJJBCCFE_00958	58.333	12	5	0	3	14	2	13	1.2	19.6
SA20160201_IJJBCCFE_00947	SA20160201_IJJBCCFE_00964	25.263	95	54	3	202	287	274	360	4.4	18.9
SA20160201_IJJBCCFE_00948	SA20160201_IJJBCCFE_00948	100.000	243	0	0	1	243	1	243	0.0	494
SA20160201_IJJBCCFE_00948	SA20160201_IJJBCCFE_00951	28.571	42	30	0	11	52	222	263	1.3	19.6
SA20160201_IJJBCCFE_00948	SA20160201_IJJBCCFE_00964	56.250	16	5	1	141	156	168	181	1.6	19.6
SA20160201_IJJBCCFE_00948	SA20160201_IJJBCCFE_00961	28.947	38	21	2	144	181	295	326	2.5	18.9
SA20160201_IJJBCCFE_00949	SA20160201_IJJBCCFE_00949	100.000	111	0	0	1	111	1	111	1.22e-78	218
SA20160201_IJJBCCFE_00949	SA20160201_IJJBCCFE_00963	50.000	18	9	0	6	23	259	276	1.2	18.5
SA20160201_IJJBCCFE_00949	SA20160201_IJJBCCFE_00946	26.471	34	11	1	36	55	154	187	2.8	17.3
SA20160201_IJJBCCFE_00949	SA20160201_IJJBCCFE_00965	50.000	12	6	0	34	45	72	83	4.6	16.5
SA20160201_IJJBCCFE_00949	SA20160201_IJJBCCFE_00952	22.727	44	25	2	60	98	429	468	5.5	16.5
SA20160201_IJJBCCFE_00949	SA20160201_IJJBCCFE_00947	71.429	7	2	0	71	77	259	265	7.8	16.2
SA20160201_IJJBCCFE_00950	SA20160201_IJJBCCFE_00950	100.000	460	0	0	1	460	1	460	0.0	904
SA20160201_IJJBCCFE_00950	SA20160201_IJJBCCFE_00963	35.714	28	18	0	283	310	223	250	0.048	25.4
SA20160201_IJJBCCFE_00950	SA20160201_IJJBCCFE_00966	30.000	50	29	2	10	53	39	88	0.52	21.9
SA20160201_IJJBCCFE_00950	SA20160201_IJJBCCFE_00962	35.714	28	18	0	32	59	158	185	9.9	17.7
SA20160201_IJJBCCFE_00951	SA20160201_IJJBCCFE_00951	100.000	314	0	0	1	314	1	314	0.0	638
SA20160201_IJJBCCFE_00951	SA20160201_IJJBCCFE_00947	28.125	32	23	0	18	49	120	151	0.51	21.6
SA20160201_IJJBCCFE_00951	SA20160201_IJJBCCFE_00946	25.641	39	29	0	42	80	214	252	1.0	20.4
SA20160201_IJJBCCFE_00951	SA20160201_IJJBCCFE_00948	28.571	42	30	0	222	263	11	52	1.7	19.6
SA20160201_IJJBCCFE_00951	SA20160201_IJJBCCFE_00953	46.154	13	7	0	82	94	203	215	2.4	19.2
SA20160201_IJJBCCFE_00951	SA20160201_IJJBCCFE_00965	37.500	24	15	0	189	212	113	136	4.7	18.1
SA20160201_IJJBCCFE_00952	SA20160201_IJJBCCFE_00952	100.000	509	0	0	1	509	1	509	0.0	1030
SA20160201_IJJBCCFE_00952	SA20160201_IJJBCCFE_00946	35.000	20	13	0	19	38	401	420	0.29	23.1
SA20160201_IJJBCCFE_00952	SA20160201_IJJBCCFE_00966	50.000	16	8	0	368	383	10	25	3.8	19.2
SA20160201_IJJBCCFE_00952	SA20160201_IJJBCCFE_00962	23.529	51	26	2	431	481	85	122	5.1	18.9
SA20160201_IJJBCCFE_00952	SA20160201_IJJBCCFE_00964	33.333	33	20	1	349	379	200	232	6.7	18.5
SA20160201_IJJBCCFE_00953	SA20160201_IJJBCCFE_00953	100.000	462	0	0	1	462	1	462	0.0	928
SA20160201_IJJBCCFE_00953	SA20160201_IJJBCCFE_00951	46.154	13	7	0	203	215	82	94	3.5	19.2
SA20160201_IJJBCCFE_00953	SA20160201_IJJBCCFE_00963	52.941	17	8	0	36	52	354	370	4.4	19.2
SA20160201_IJJBCCFE_00954	SA20160201_IJJBCCFE_00954	100.000	344	0	0	1	344	1	344	0.0	664
SA20160201_IJJBCCFE_00954	SA20160201_IJJBCCFE_00966	32.000	75	41	5	204	274	203	271	1.5	20.0
SA20160201_IJJBCCFE_00954	SA20160201_IJJBCCFE_00962	28.571	56	34	1	96	151	60	109	2.3	19.6
SA20160201_IJJBCCFE_00954	SA20160201_IJJBCCFE_00956	28.070	57	27	2	236	282	39	91	3.0	18.9
SA20160201_IJJBCCFE_00954	SA20160201_IJJBCCFE_00946	27.500	40	29	0	203	242	445	484	3.5	18.9
SA20160201_IJJBCCFE_00955	SA20160201_IJJBCCFE_00955	100.000	120	0	0	1	120	1	120	4.84e-83	229
SA20160201_IJJBCCFE_00955	SA20160201_IJJBCCFE_00956	37.143	105	63	1	1	102	3	107	1.04e-10	45.8
SA20160201_IJJBCCFE_00955	SA20160201_IJJBCCFE_00950	35.000	20	13	0	32	51	90	109	7.1	16.2
SA20160201_IJJBCCFE_00955	SA20160201_IJJBCCFE_00963	38.462	26	9	1	91	109	294	319	8.2	16.2
SA20160201_IJJBCCFE_00956	SA20160201_IJJBCCFE_00956	100.000	109	0	0	1	109	1	109	4.94e-76	211
SA20160201_IJJBCCFE_00956	SA20160201_IJJBCCFE_00955	37.143	105	63	1	3	107	1	102	9.41e-11	45.8
SA20160201_IJJBCCFE_00956	SA20160201_IJJBCCFE_00954	28.070	57	27	2	39	91	236	282	0.96	18.9
SA20160201_IJJBCCFE_00956	SA20160201_IJJBCCFE_00953	28.571	42	29	1	69	109	34	75	3.2	17.3
SA20160201_IJJBCCFE_00956	SA20160201_IJJBCCFE_00946	62.500	8	3	0	8	15	504	511	3.5	16.9
SA20160201_IJJBCCFE_00956	SA20160201_IJJBCCFE_00947	54.545	11	5	0	70	80	204	214	5.3	16.5
SA20160201_IJJBCCFE_00956	SA20160201_IJJBCCFE_00952	36.667	30	19	0	39	68	35	64	5.8	16.5
SA20160201_IJJBCCFE_00957	SA20160201_IJJBCCFE_00957	100.000	273	0	0	1	273	1	273	0.0	554
SA20160201_IJJBCCFE_00957	SA20160201_IJJBCCFE_00946	47.059	17	8	1	247	262	68	84	6.1	17.7
SA20160201_IJJBCCFE_00957	SA20160201_IJJBCCFE_00953	23.770	122	63	5	6	120	253	351	10.0	17.3
SA20160201_IJJBCCFE_00958	SA20160201_IJJBCCFE_00958	100.000	83	0	0	1	83	1	83	1.04e-53	152
SA20160201_IJJBCCFE_00958	SA20160201_IJJBCCFE_00947	58.333	12	5	0	2	13	3	14	0.21	20.0
SA20160201_IJJBCCFE_00958	SA20160201_IJJBCCFE_00960	55.556	9	4	0	8	16	235	243	7.9	15.4
SA20160201_IJJBCCFE_00959	SA20160201_IJJBCCFE_00959	100.000	417	0	0	1	417	1	417	0.0	824
SA20160201_IJJBCCFE_00959	SA20160201_IJJBCCFE_00960	24.468	188	97	8	31	214	102	248	0.049	25.0
SA20160201_IJJBCCFE_00959	SA20160201_IJJBCCFE_00947	20.833	120	88	3	29	148	269	381	0.77	21.2
SA20160201_IJJBCCFE_00959	SA20160201_IJJBCCFE_00963	54.545	22	7	2	264	282	251	272	6.7	18.5
SA20160201_IJJBCCFE_00960	SA20160201_IJJBCCFE_00960	100.000	299	0	0	1	299	1	299	0.0	607
SA20160201_IJJBCCFE_00960	SA20160201_IJJBCCFE_00959	24.339	189	98	8	101	248	30	214	0.14	23.1
SA20160201_IJJBCCFE_00960	SA20160201_IJJBCCFE_00964	31.579	19	13	0	249	267	334	352	1.0	20.4
SA20160201_IJJBCCFE_00960	SA20160201_IJJBCCFE_00946	38.889	18	11	0	139	156	179	196	6.3	18.1
SA20160201_IJJBCCFE_00960	SA20160201_IJJBCCFE_00966	29.630	27	19	0	126	152	191	217	7.8	17.7
SA20160201_IJJBCCFE_00960	SA20160201_IJJBCCFE_00953	43.478	23	13	0	235	257	61	83	9.3	17.3
SA20160201_IJJBCCFE_00961	SA20160201_IJJBCCFE_00961	100.000	406	0	0	1	406	1	406	0.0	829
SA20160201_IJJBCCFE_00961	SA20160201_IJJBCCFE_00964	30.645	62	33	2	300	351	219	280	3.1	19.2
SA20160201_IJJBCCFE_00961	SA20160201_IJJBCCFE_00948	28.947	38	21	2	295	326	144	181	4.2	18.9
SA20160201_IJJBCCFE_00962	SA20160201_IJJBCCFE_00962	100.000	231	0	0	1	231	1	231	4.05e-173	466
SA20160201_IJJBCCFE_00962	SA20160201_IJJBCCFE_00947	29.032	62	38	3	174	231	14	73	0.051	24.3
SA20160201_IJJBCCFE_00962	SA20160201_IJJBCCFE_00954	28.571	56	34	1	60	109	96	151	1.5	19.6
SA20160201_IJJBCCFE_00962	SA20160201_IJJBCCFE_00952	23.529	51	26	2	85	122	431	481	2.4	18.9
SA20160201_IJJBCCFE_00962	SA20160201_IJJBCCFE_00950	35.714	28	18	0	158	185	32	59	5.2	17.7
SA20160201_IJJBCCFE_00962	SA20160201_IJJBCCFE_00963	30.303	33	18	1	90	122	29	56	7.3	17.3
SA20160201_IJJBCCFE_00963	SA20160201_IJJBCCFE_00963	100.000	417	0	0	1	417	1	417	0.0	816
SA20160201_IJJBCCFE_00963	SA20160201_IJJBCCFE_00950	35.714	28	18	0	223	250	283	310	0.050	25.0
SA20160201_IJJBCCFE_00963	SA20160201_IJJBCCFE_00953	26.582	79	48	3	175	252	201	270	4.5	18.9
SA20160201_IJJBCCFE_00963	SA20160201_IJJBCCFE_00949	50.000	18	9	0	259	276	6	23	5.2	18.1
SA20160201_IJJBCCFE_00963	SA20160201_IJJBCCFE_00959	54.545	22	7	2	251	272	264	282	6.2	18.5
SA20160201_IJJBCCFE_00963	SA20160201_IJJBCCFE_00965	75.000	12	3	0	288	299	69	80	8.5	18.1
SA20160201_IJJBCCFE_00963	SA20160201_IJJBCCFE_00946	38.235	34	20	1	235	267	420	453	9.8	17.7
SA20160201_IJJBCCFE_00964	SA20160201_IJJBCCFE_00964	100.000	382	0	0	1	382	1	382	0.0	788
SA20160201_IJJBCCFE_00964	SA20160201_IJJBCCFE_00960	31.579	19	13	0	334	352	249	267	1.3	20.4
SA20160201_IJJBCCFE_00964	SA20160201_IJJBCCFE_00948	56.250	16	5	1	168	181	141	156	2.8	19.2
SA20160201_IJJBCCFE_00964	SA20160201_IJJBCCFE_00961	30.645	62	33	2	219	280	300	351	2.9	19.2
SA20160201_IJJBCCFE_00964	SA20160201_IJJBCCFE_00947	25.263	95	54	3	274	360	202	287	4.4	18.9
SA20160201_IJJBCCFE_00964	SA20160201_IJJBCCFE_00952	20.339	118	90	3	201	317	23	137	4.8	18.9
SA20160201_IJJBCCFE_00965	SA20160201_IJJBCCFE_00965	100.000	215	0	0	1	215	1	215	6.25e-151	409
SA20160201_IJJBCCFE_00965	SA20160201_IJJBCCFE_00963	75.000	12	3	0	69	80	288	299	4.2	18.1
SA20160201_IJJBCCFE_00965	SA20160201_IJJBCCFE_00951	37.500	24	15	0	113	136	189	212	4.7	17.7
SA20160201_IJJBCCFE_00965	SA20160201_IJJBCCFE_00949	50.000	12	6	0	72	83	34	45	7.5	16.9
SA20160201_IJJBCCFE_00966	SA20160201_IJJBCCFE_00966	100.000	300	0	0	1	300	1	300	0.0	619
SA20160201_IJJBCCFE_00966	SA20160201_IJJBCCFE_00950	30.000	50	29	2	39	88	10	53	0.34	21.9
SA20160201_IJJBCCFE_00966	SA20160201_IJJBCCFE_00954	32.000	75	41	5	203	271	204	274	1.3	20.0
SA20160201_IJJBCCFE_00966	SA20160201_IJJBCCFE_00960	29.630	27	19	0	191	217	126	152	7.8	17.7
SA20160201_IJJBCCFE_00966	SA20160201_IJJBCCFE_00961	33.333	63	26	5	191	253	12	58	8.2	17.7
