SA20160210_EPKMIBEH_00231	SA20160323_HIEPLBCK_00083	99.293	566	4	0	1	566	1	566	0.0	1137
SA20160210_EPKMIBEH_00231	SA20160323_HIEPLBCK_00077	35.000	20	13	0	401	420	19	38	0.32	23.1
SA20160210_EPKMIBEH_00231	SA20160323_HIEPLBCK_00078	25.641	39	29	0	214	252	42	80	2.0	20.4
SA20160210_EPKMIBEH_00231	SA20160323_HIEPLBCK_00075	27.500	40	29	0	445	484	203	242	6.1	18.9
SA20160210_EPKMIBEH_00231	SA20160323_HIEPLBCK_00082	40.000	25	15	0	40	64	359	383	9.6	18.5
SA20160210_EPKMIBEH_00232	SA20160323_HIEPLBCK_00082	96.649	388	8	1	1	383	1	388	0.0	743
SA20160210_EPKMIBEH_00232	SA20160323_HIEPLBCK_00067	29.032	62	38	3	14	73	174	231	0.085	24.3
SA20160210_EPKMIBEH_00232	SA20160323_HIEPLBCK_00078	28.125	32	23	0	120	151	18	49	0.73	21.2
SA20160210_EPKMIBEH_00232	SA20160323_HIEPLBCK_00071	58.333	12	5	0	3	14	2	13	1.4	19.6
SA20160210_EPKMIBEH_00233	SA20160323_HIEPLBCK_00081	100.000	243	0	0	1	243	1	243	0.0	494
SA20160210_EPKMIBEH_00233	SA20160323_HIEPLBCK_00078	28.571	42	30	0	11	52	222	263	1.3	19.6
SA20160210_EPKMIBEH_00233	SA20160323_HIEPLBCK_00065	56.250	16	5	1	141	156	168	181	1.6	19.6
SA20160210_EPKMIBEH_00234	SA20160323_HIEPLBCK_00080	99.099	111	1	0	1	111	1	111	2.03e-78	217
SA20160210_EPKMIBEH_00234	SA20160323_HIEPLBCK_00066	50.000	18	9	0	6	23	259	276	1.2	18.5
SA20160210_EPKMIBEH_00234	SA20160323_HIEPLBCK_00083	26.471	34	11	1	36	55	154	187	2.8	17.3
SA20160210_EPKMIBEH_00234	SA20160323_HIEPLBCK_00064	50.000	12	6	0	34	45	72	83	4.6	16.5
SA20160210_EPKMIBEH_00234	SA20160323_HIEPLBCK_00077	22.727	44	25	2	60	98	429	468	5.6	16.5
SA20160210_EPKMIBEH_00234	SA20160323_HIEPLBCK_00082	71.429	7	2	0	71	77	264	270	7.8	16.2
SA20160210_EPKMIBEH_00235	SA20160323_HIEPLBCK_00079	99.783	460	1	0	1	460	1	460	0.0	902
SA20160210_EPKMIBEH_00235	SA20160323_HIEPLBCK_00066	35.714	28	18	0	283	310	223	250	0.048	25.4
SA20160210_EPKMIBEH_00235	SA20160323_HIEPLBCK_00063	30.000	50	29	2	10	53	39	88	0.51	21.9
SA20160210_EPKMIBEH_00235	SA20160323_HIEPLBCK_00076	24.096	166	92	8	238	385	6	155	6.5	18.5
SA20160210_EPKMIBEH_00235	SA20160323_HIEPLBCK_00067	35.714	28	18	0	32	59	158	185	9.1	18.1
SA20160210_EPKMIBEH_00236	SA20160323_HIEPLBCK_00078	100.000	314	0	0	1	314	1	314	0.0	638
SA20160210_EPKMIBEH_00236	SA20160323_HIEPLBCK_00082	28.125	32	23	0	18	49	120	151	0.40	21.9
SA20160210_EPKMIBEH_00236	SA20160323_HIEPLBCK_00083	25.641	39	29	0	42	80	214	252	0.98	20.8
SA20160210_EPKMIBEH_00236	SA20160323_HIEPLBCK_00081	28.571	42	30	0	222	263	11	52	1.7	19.6
SA20160210_EPKMIBEH_00236	SA20160323_HIEPLBCK_00076	46.154	13	7	0	82	94	203	215	2.4	19.2
SA20160210_EPKMIBEH_00236	SA20160323_HIEPLBCK_00064	37.500	24	15	0	189	212	113	136	4.7	18.1
SA20160210_EPKMIBEH_00237	SA20160323_HIEPLBCK_00077	99.804	509	1	0	1	509	1	509	0.0	1029
SA20160210_EPKMIBEH_00237	SA20160323_HIEPLBCK_00080	31.707	41	28	0	401	441	6	46	0.089	23.9
SA20160210_EPKMIBEH_00237	SA20160323_HIEPLBCK_00083	35.000	20	13	0	19	38	401	420	0.29	23.1
SA20160210_EPKMIBEH_00237	SA20160323_HIEPLBCK_00067	32.143	28	19	0	121	148	19	46	5.8	18.9
SA20160210_EPKMIBEH_00237	SA20160323_HIEPLBCK_00065	33.333	33	20	1	349	379	200	232	6.8	18.5
SA20160210_EPKMIBEH_00237	SA20160323_HIEPLBCK_00063	50.000	16	8	0	368	383	10	25	7.5	18.5
SA20160210_EPKMIBEH_00238	SA20160323_HIEPLBCK_00076	100.000	462	0	0	1	462	1	462	0.0	928
SA20160210_EPKMIBEH_00238	SA20160323_HIEPLBCK_00078	46.154	13	7	0	203	215	82	94	3.5	19.2
SA20160210_EPKMIBEH_00238	SA20160323_HIEPLBCK_00066	52.941	17	8	0	36	52	354	370	4.3	19.2
SA20160210_EPKMIBEH_00238	SA20160323_HIEPLBCK_00079	24.026	154	83	8	18	155	250	385	4.6	19.2
SA20160210_EPKMIBEH_00238	SA20160323_HIEPLBCK_00075	29.545	44	27	2	199	238	229	272	6.2	18.5
SA20160210_EPKMIBEH_00239	SA20160323_HIEPLBCK_00075	100.000	344	0	0	1	344	1	344	0.0	664
SA20160210_EPKMIBEH_00239	SA20160323_HIEPLBCK_00063	32.000	75	41	5	204	274	203	271	1.5	20.0
SA20160210_EPKMIBEH_00239	SA20160323_HIEPLBCK_00067	28.571	56	34	1	96	151	60	109	2.1	19.6
SA20160210_EPKMIBEH_00239	SA20160323_HIEPLBCK_00073	28.070	57	27	2	236	282	39	91	3.0	18.9
SA20160210_EPKMIBEH_00239	SA20160323_HIEPLBCK_00083	27.500	40	29	0	203	242	445	484	3.3	19.2
SA20160210_EPKMIBEH_00239	SA20160323_HIEPLBCK_00076	29.545	44	27	2	229	272	199	238	4.6	18.5
SA20160210_EPKMIBEH_00240	SA20160323_HIEPLBCK_00074	100.000	120	0	0	1	120	1	120	4.85e-83	229
SA20160210_EPKMIBEH_00240	SA20160323_HIEPLBCK_00073	37.143	105	63	1	1	102	3	107	1.04e-10	45.8
SA20160210_EPKMIBEH_00240	SA20160323_HIEPLBCK_00066	38.462	26	9	1	91	109	294	319	8.1	16.2
SA20160210_EPKMIBEH_00241	SA20160323_HIEPLBCK_00073	100.000	109	0	0	1	109	1	109	4.94e-76	211
SA20160210_EPKMIBEH_00241	SA20160323_HIEPLBCK_00074	37.143	105	63	1	3	107	1	102	9.42e-11	45.8
SA20160210_EPKMIBEH_00241	SA20160323_HIEPLBCK_00075	28.070	57	27	2	39	91	236	282	0.96	18.9
SA20160210_EPKMIBEH_00241	SA20160323_HIEPLBCK_00076	28.571	42	29	1	69	109	34	75	3.2	17.3
SA20160210_EPKMIBEH_00241	SA20160323_HIEPLBCK_00083	62.500	8	3	0	8	15	504	511	3.5	16.9
SA20160210_EPKMIBEH_00241	SA20160323_HIEPLBCK_00082	54.545	11	5	0	70	80	204	214	5.3	16.5
SA20160210_EPKMIBEH_00241	SA20160323_HIEPLBCK_00077	36.667	30	19	0	39	68	35	64	5.8	16.5
SA20160210_EPKMIBEH_00242	SA20160323_HIEPLBCK_00072	98.901	273	3	0	1	273	1	273	0.0	548
SA20160210_EPKMIBEH_00242	SA20160323_HIEPLBCK_00082	29.730	37	18	1	61	97	257	285	4.3	18.5
SA20160210_EPKMIBEH_00242	SA20160323_HIEPLBCK_00083	47.059	17	8	1	247	262	68	84	6.3	17.7
SA20160210_EPKMIBEH_00242	SA20160323_HIEPLBCK_00076	23.770	122	63	5	6	120	253	351	10.0	17.3
SA20160210_EPKMIBEH_00243	SA20160323_HIEPLBCK_00071	97.590	83	2	0	1	83	1	83	1.15e-51	147
SA20160210_EPKMIBEH_00243	SA20160323_HIEPLBCK_00082	75.000	8	2	0	2	9	3	10	0.37	19.2
SA20160210_EPKMIBEH_00243	SA20160323_HIEPLBCK_00069	55.556	9	4	0	8	16	235	243	7.8	15.4
SA20160210_EPKMIBEH_00244	SA20160323_HIEPLBCK_00070	100.000	417	0	0	1	417	1	417	0.0	824
SA20160210_EPKMIBEH_00244	SA20160323_HIEPLBCK_00069	24.468	188	97	8	31	214	102	248	0.065	24.6
SA20160210_EPKMIBEH_00244	SA20160323_HIEPLBCK_00082	20.000	120	89	3	29	148	274	386	2.4	19.6
SA20160210_EPKMIBEH_00244	SA20160323_HIEPLBCK_00066	54.545	22	7	2	264	282	251	272	6.6	18.5
SA20160210_EPKMIBEH_00245	SA20160323_HIEPLBCK_00069	99.666	299	1	0	1	299	1	299	0.0	604
SA20160210_EPKMIBEH_00245	SA20160323_HIEPLBCK_00070	24.339	189	98	8	101	248	30	214	0.14	23.1
SA20160210_EPKMIBEH_00245	SA20160323_HIEPLBCK_00065	31.579	19	13	0	249	267	334	352	1.0	20.4
SA20160210_EPKMIBEH_00245	SA20160323_HIEPLBCK_00083	44.444	18	10	0	139	156	179	196	1.8	19.6
SA20160210_EPKMIBEH_00245	SA20160323_HIEPLBCK_00063	29.630	27	19	0	126	152	191	217	8.4	17.3
SA20160210_EPKMIBEH_00245	SA20160323_HIEPLBCK_00076	43.478	23	13	0	235	257	61	83	9.3	17.3
SA20160210_EPKMIBEH_00246	SA20160323_HIEPLBCK_00068	99.754	406	1	0	1	406	1	406	0.0	827
SA20160210_EPKMIBEH_00246	SA20160323_HIEPLBCK_00065	30.645	62	33	2	300	351	219	280	3.3	19.2
SA20160210_EPKMIBEH_00246	SA20160323_HIEPLBCK_00081	28.947	38	21	2	295	326	144	181	4.2	18.9
SA20160210_EPKMIBEH_00247	SA20160323_HIEPLBCK_00067	99.134	231	2	0	1	231	1	231	8.94e-172	463
SA20160210_EPKMIBEH_00247	SA20160323_HIEPLBCK_00075	28.571	56	34	1	60	109	96	151	1.5	19.6
SA20160210_EPKMIBEH_00247	SA20160323_HIEPLBCK_00077	23.529	51	26	2	85	122	431	481	2.4	18.9
SA20160210_EPKMIBEH_00247	SA20160323_HIEPLBCK_00079	35.714	28	18	0	158	185	32	59	5.1	17.7
SA20160210_EPKMIBEH_00247	SA20160323_HIEPLBCK_00066	30.303	33	18	1	90	122	29	56	7.2	17.3
SA20160210_EPKMIBEH_00247	SA20160323_HIEPLBCK_00082	26.415	53	33	3	183	231	23	73	8.6	16.9
SA20160210_EPKMIBEH_00248	SA20160323_HIEPLBCK_00066	99.520	417	2	0	1	417	1	417	0.0	813
SA20160210_EPKMIBEH_00248	SA20160323_HIEPLBCK_00079	35.714	28	18	0	223	250	283	310	0.049	25.4
SA20160210_EPKMIBEH_00248	SA20160323_HIEPLBCK_00076	26.582	79	48	3	175	252	201	270	4.5	18.9
SA20160210_EPKMIBEH_00248	SA20160323_HIEPLBCK_00070	54.545	22	7	2	251	272	264	282	6.2	18.5
SA20160210_EPKMIBEH_00248	SA20160323_HIEPLBCK_00080	50.000	18	9	0	259	276	6	23	6.3	18.1
SA20160210_EPKMIBEH_00248	SA20160323_HIEPLBCK_00064	75.000	12	3	0	288	299	69	80	8.5	18.1
SA20160210_EPKMIBEH_00248	SA20160323_HIEPLBCK_00083	38.235	34	20	1	235	267	420	453	9.9	17.7
SA20160210_EPKMIBEH_00249	SA20160323_HIEPLBCK_00065	99.738	382	1	0	1	382	1	382	0.0	786
SA20160210_EPKMIBEH_00249	SA20160323_HIEPLBCK_00069	31.579	19	13	0	334	352	249	267	1.3	20.4
SA20160210_EPKMIBEH_00249	SA20160323_HIEPLBCK_00081	56.250	16	5	1	168	181	141	156	2.8	19.2
SA20160210_EPKMIBEH_00249	SA20160323_HIEPLBCK_00068	30.645	62	33	2	219	280	300	351	3.1	19.2
SA20160210_EPKMIBEH_00249	SA20160323_HIEPLBCK_00077	20.339	118	90	3	201	317	23	137	5.2	18.5
SA20160210_EPKMIBEH_00250	SA20160323_HIEPLBCK_00064	100.000	215	0	0	1	215	1	215	6.26e-151	409
SA20160210_EPKMIBEH_00250	SA20160323_HIEPLBCK_00066	75.000	12	3	0	69	80	288	299	4.2	18.1
SA20160210_EPKMIBEH_00250	SA20160323_HIEPLBCK_00078	37.500	24	15	0	113	136	189	212	4.7	17.7
SA20160210_EPKMIBEH_00250	SA20160323_HIEPLBCK_00080	50.000	12	6	0	72	83	34	45	7.5	16.9
SA20160210_EPKMIBEH_00251	SA20160323_HIEPLBCK_00063	99.667	300	1	0	1	300	1	300	0.0	617
SA20160210_EPKMIBEH_00251	SA20160323_HIEPLBCK_00079	30.000	50	29	2	39	88	10	53	0.35	21.9
SA20160210_EPKMIBEH_00251	SA20160323_HIEPLBCK_00075	32.000	75	41	5	203	271	204	274	1.3	20.0
SA20160210_EPKMIBEH_00251	SA20160323_HIEPLBCK_00069	29.630	27	19	0	191	217	126	152	8.0	17.7
SA20160210_EPKMIBEH_00251	SA20160323_HIEPLBCK_00068	33.333	63	26	5	191	253	12	58	8.2	17.7
SA20160323_HIEPLBCK_00063	SA20160323_HIEPLBCK_00063	100.000	300	0	0	1	300	1	300	0.0	619
SA20160323_HIEPLBCK_00063	SA20160323_HIEPLBCK_00079	30.000	50	29	2	39	88	10	53	0.32	21.9
SA20160323_HIEPLBCK_00063	SA20160323_HIEPLBCK_00075	32.000	75	41	5	203	271	204	274	1.3	20.0
SA20160323_HIEPLBCK_00063	SA20160323_HIEPLBCK_00068	31.746	63	27	4	191	253	12	58	8.3	17.7
SA20160323_HIEPLBCK_00063	SA20160323_HIEPLBCK_00069	29.630	27	19	0	191	217	126	152	8.5	17.3
SA20160323_HIEPLBCK_00064	SA20160323_HIEPLBCK_00064	100.000	215	0	0	1	215	1	215	6.26e-151	409
SA20160323_HIEPLBCK_00064	SA20160323_HIEPLBCK_00066	75.000	12	3	0	69	80	288	299	4.2	18.1
SA20160323_HIEPLBCK_00064	SA20160323_HIEPLBCK_00078	37.500	24	15	0	113	136	189	212	4.7	17.7
SA20160323_HIEPLBCK_00064	SA20160323_HIEPLBCK_00080	50.000	12	6	0	72	83	34	45	7.5	16.9
SA20160323_HIEPLBCK_00065	SA20160323_HIEPLBCK_00065	100.000	382	0	0	1	382	1	382	0.0	788
SA20160323_HIEPLBCK_00065	SA20160323_HIEPLBCK_00069	31.579	19	13	0	334	352	249	267	1.3	20.4
SA20160323_HIEPLBCK_00065	SA20160323_HIEPLBCK_00081	56.250	16	5	1	168	181	141	156	2.8	19.2
SA20160323_HIEPLBCK_00065	SA20160323_HIEPLBCK_00068	30.645	62	33	2	219	280	300	351	3.3	19.2
SA20160323_HIEPLBCK_00066	SA20160323_HIEPLBCK_00066	100.000	417	0	0	1	417	1	417	0.0	817
SA20160323_HIEPLBCK_00066	SA20160323_HIEPLBCK_00079	35.714	28	18	0	223	250	283	310	0.050	25.0
SA20160323_HIEPLBCK_00066	SA20160323_HIEPLBCK_00076	26.582	79	48	3	175	252	201	270	4.0	19.2
SA20160323_HIEPLBCK_00066	SA20160323_HIEPLBCK_00070	54.545	22	7	2	251	272	264	282	5.9	18.5
SA20160323_HIEPLBCK_00066	SA20160323_HIEPLBCK_00080	50.000	18	9	0	259	276	6	23	6.3	18.1
SA20160323_HIEPLBCK_00066	SA20160323_HIEPLBCK_00064	75.000	12	3	0	288	299	69	80	8.5	18.1
SA20160323_HIEPLBCK_00067	SA20160323_HIEPLBCK_00067	100.000	231	0	0	1	231	1	231	1.96e-173	467
SA20160323_HIEPLBCK_00067	SA20160323_HIEPLBCK_00075	28.571	56	34	1	60	109	96	151	1.4	19.6
SA20160323_HIEPLBCK_00067	SA20160323_HIEPLBCK_00077	32.143	28	19	0	19	46	121	148	2.2	18.9
SA20160323_HIEPLBCK_00067	SA20160323_HIEPLBCK_00079	35.714	28	18	0	158	185	32	59	4.9	17.7
SA20160323_HIEPLBCK_00067	SA20160323_HIEPLBCK_00082	26.415	53	33	3	183	231	23	73	8.5	16.9
SA20160323_HIEPLBCK_00068	SA20160323_HIEPLBCK_00068	100.000	406	0	0	1	406	1	406	0.0	828
SA20160323_HIEPLBCK_00068	SA20160323_HIEPLBCK_00065	30.645	62	33	2	300	351	219	280	3.5	19.2
SA20160323_HIEPLBCK_00069	SA20160323_HIEPLBCK_00069	100.000	299	0	0	1	299	1	299	0.0	607
SA20160323_HIEPLBCK_00069	SA20160323_HIEPLBCK_00070	24.339	189	98	8	101	248	30	214	0.19	22.7
SA20160323_HIEPLBCK_00069	SA20160323_HIEPLBCK_00065	31.579	19	13	0	249	267	334	352	1.0	20.4
SA20160323_HIEPLBCK_00069	SA20160323_HIEPLBCK_00083	44.444	18	10	0	139	156	179	196	1.8	19.6
SA20160323_HIEPLBCK_00069	SA20160323_HIEPLBCK_00063	29.630	27	19	0	126	152	191	217	8.4	17.3
SA20160323_HIEPLBCK_00069	SA20160323_HIEPLBCK_00076	43.478	23	13	0	235	257	61	83	9.6	17.3
SA20160323_HIEPLBCK_00070	SA20160323_HIEPLBCK_00070	100.000	417	0	0	1	417	1	417	0.0	824
SA20160323_HIEPLBCK_00070	SA20160323_HIEPLBCK_00069	24.468	188	97	8	31	214	102	248	0.065	24.6
SA20160323_HIEPLBCK_00070	SA20160323_HIEPLBCK_00082	20.000	120	89	3	29	148	274	386	2.4	19.6
SA20160323_HIEPLBCK_00070	SA20160323_HIEPLBCK_00066	54.545	22	7	2	264	282	251	272	6.6	18.5
SA20160323_HIEPLBCK_00071	SA20160323_HIEPLBCK_00071	100.000	83	0	0	1	83	1	83	2.35e-53	152
SA20160323_HIEPLBCK_00071	SA20160323_HIEPLBCK_00082	75.000	8	2	0	2	9	3	10	0.34	19.2
SA20160323_HIEPLBCK_00071	SA20160323_HIEPLBCK_00065	20.455	44	35	0	18	61	90	133	4.4	16.2
SA20160323_HIEPLBCK_00071	SA20160323_HIEPLBCK_00069	55.556	9	4	0	8	16	235	243	7.7	15.4
SA20160323_HIEPLBCK_00071	SA20160323_HIEPLBCK_00063	36.364	11	7	0	18	28	234	244	9.4	15.4
SA20160323_HIEPLBCK_00072	SA20160323_HIEPLBCK_00072	100.000	273	0	0	1	273	1	273	0.0	556
SA20160323_HIEPLBCK_00072	SA20160323_HIEPLBCK_00082	29.730	37	18	1	61	97	257	285	4.6	18.1
SA20160323_HIEPLBCK_00072	SA20160323_HIEPLBCK_00083	47.059	17	8	1	247	262	68	84	6.1	17.7
SA20160323_HIEPLBCK_00073	SA20160323_HIEPLBCK_00073	100.000	109	0	0	1	109	1	109	4.94e-76	211
SA20160323_HIEPLBCK_00073	SA20160323_HIEPLBCK_00074	37.143	105	63	1	3	107	1	102	9.42e-11	45.8
SA20160323_HIEPLBCK_00073	SA20160323_HIEPLBCK_00075	28.070	57	27	2	39	91	236	282	0.96	18.9
SA20160323_HIEPLBCK_00073	SA20160323_HIEPLBCK_00076	28.571	42	29	1	69	109	34	75	3.2	17.3
SA20160323_HIEPLBCK_00073	SA20160323_HIEPLBCK_00083	62.500	8	3	0	8	15	504	511	3.5	16.9
SA20160323_HIEPLBCK_00073	SA20160323_HIEPLBCK_00082	54.545	11	5	0	70	80	204	214	5.3	16.5
SA20160323_HIEPLBCK_00073	SA20160323_HIEPLBCK_00077	36.667	30	19	0	39	68	35	64	5.8	16.5
SA20160323_HIEPLBCK_00074	SA20160323_HIEPLBCK_00074	100.000	120	0	0	1	120	1	120	4.85e-83	229
SA20160323_HIEPLBCK_00074	SA20160323_HIEPLBCK_00073	37.143	105	63	1	1	102	3	107	1.04e-10	45.8
SA20160323_HIEPLBCK_00074	SA20160323_HIEPLBCK_00066	38.462	26	9	1	91	109	294	319	8.1	16.2
SA20160323_HIEPLBCK_00075	SA20160323_HIEPLBCK_00075	100.000	344	0	0	1	344	1	344	0.0	664
SA20160323_HIEPLBCK_00075	SA20160323_HIEPLBCK_00063	32.000	75	41	5	204	274	203	271	1.5	20.0
SA20160323_HIEPLBCK_00075	SA20160323_HIEPLBCK_00067	28.571	56	34	1	96	151	60	109	2.1	19.6
SA20160323_HIEPLBCK_00075	SA20160323_HIEPLBCK_00073	28.070	57	27	2	236	282	39	91	3.0	18.9
SA20160323_HIEPLBCK_00075	SA20160323_HIEPLBCK_00083	27.500	40	29	0	203	242	445	484	3.3	19.2
SA20160323_HIEPLBCK_00076	SA20160323_HIEPLBCK_00076	100.000	462	0	0	1	462	1	462	0.0	928
SA20160323_HIEPLBCK_00076	SA20160323_HIEPLBCK_00078	46.154	13	7	0	203	215	82	94	3.5	19.2
SA20160323_HIEPLBCK_00076	SA20160323_HIEPLBCK_00066	52.941	17	8	0	36	52	354	370	4.3	19.2
SA20160323_HIEPLBCK_00077	SA20160323_HIEPLBCK_00077	100.000	509	0	0	1	509	1	509	0.0	1030
SA20160323_HIEPLBCK_00077	SA20160323_HIEPLBCK_00080	31.707	41	28	0	401	441	6	46	0.089	23.9
SA20160323_HIEPLBCK_00077	SA20160323_HIEPLBCK_00083	35.000	20	13	0	19	38	401	420	0.29	23.1
SA20160323_HIEPLBCK_00077	SA20160323_HIEPLBCK_00067	32.143	28	19	0	121	148	19	46	5.9	18.9
SA20160323_HIEPLBCK_00077	SA20160323_HIEPLBCK_00065	33.333	33	20	1	349	379	200	232	6.8	18.5
SA20160323_HIEPLBCK_00077	SA20160323_HIEPLBCK_00063	50.000	16	8	0	368	383	10	25	7.5	18.5
SA20160323_HIEPLBCK_00078	SA20160323_HIEPLBCK_00078	100.000	314	0	0	1	314	1	314	0.0	638
SA20160323_HIEPLBCK_00078	SA20160323_HIEPLBCK_00082	28.125	32	23	0	18	49	120	151	0.40	21.9
SA20160323_HIEPLBCK_00078	SA20160323_HIEPLBCK_00083	25.641	39	29	0	42	80	214	252	0.98	20.8
SA20160323_HIEPLBCK_00078	SA20160323_HIEPLBCK_00081	28.571	42	30	0	222	263	11	52	1.7	19.6
SA20160323_HIEPLBCK_00078	SA20160323_HIEPLBCK_00076	46.154	13	7	0	82	94	203	215	2.4	19.2
SA20160323_HIEPLBCK_00078	SA20160323_HIEPLBCK_00064	37.500	24	15	0	189	212	113	136	4.7	18.1
SA20160323_HIEPLBCK_00079	SA20160323_HIEPLBCK_00079	100.000	460	0	0	1	460	1	460	0.0	904
SA20160323_HIEPLBCK_00079	SA20160323_HIEPLBCK_00066	35.714	28	18	0	283	310	223	250	0.049	25.4
SA20160323_HIEPLBCK_00079	SA20160323_HIEPLBCK_00063	30.000	50	29	2	10	53	39	88	0.52	21.9
SA20160323_HIEPLBCK_00079	SA20160323_HIEPLBCK_00067	35.714	28	18	0	32	59	158	185	9.5	18.1
SA20160323_HIEPLBCK_00080	SA20160323_HIEPLBCK_00080	100.000	111	0	0	1	111	1	111	1.44e-78	218
SA20160323_HIEPLBCK_00080	SA20160323_HIEPLBCK_00077	31.707	41	28	0	6	46	401	441	0.022	23.5
SA20160323_HIEPLBCK_00080	SA20160323_HIEPLBCK_00066	50.000	18	9	0	6	23	259	276	1.4	18.1
SA20160323_HIEPLBCK_00080	SA20160323_HIEPLBCK_00083	26.471	34	11	1	36	55	154	187	2.8	17.3
SA20160323_HIEPLBCK_00080	SA20160323_HIEPLBCK_00064	50.000	12	6	0	34	45	72	83	4.7	16.5
SA20160323_HIEPLBCK_00080	SA20160323_HIEPLBCK_00082	71.429	7	2	0	71	77	264	270	7.8	16.2
SA20160323_HIEPLBCK_00081	SA20160323_HIEPLBCK_00081	100.000	243	0	0	1	243	1	243	0.0	494
SA20160323_HIEPLBCK_00081	SA20160323_HIEPLBCK_00078	28.571	42	30	0	11	52	222	263	1.3	19.6
SA20160323_HIEPLBCK_00081	SA20160323_HIEPLBCK_00065	56.250	16	5	1	141	156	168	181	1.6	19.6
SA20160323_HIEPLBCK_00082	SA20160323_HIEPLBCK_00082	100.000	388	0	0	1	388	1	388	0.0	777
SA20160323_HIEPLBCK_00082	SA20160323_HIEPLBCK_00067	30.508	59	35	3	17	73	177	231	0.099	23.9
SA20160323_HIEPLBCK_00082	SA20160323_HIEPLBCK_00078	28.125	32	23	0	120	151	18	49	0.66	21.6
SA20160323_HIEPLBCK_00082	SA20160323_HIEPLBCK_00071	58.333	12	5	0	3	14	2	13	1.4	19.6
SA20160323_HIEPLBCK_00082	SA20160323_HIEPLBCK_00083	40.000	25	15	0	359	383	40	64	7.5	18.1
SA20160323_HIEPLBCK_00083	SA20160323_HIEPLBCK_00083	100.000	566	0	0	1	566	1	566	0.0	1145
SA20160323_HIEPLBCK_00083	SA20160323_HIEPLBCK_00077	35.000	20	13	0	401	420	19	38	0.32	23.1
SA20160323_HIEPLBCK_00083	SA20160323_HIEPLBCK_00078	25.641	39	29	0	214	252	42	80	1.8	20.4
SA20160323_HIEPLBCK_00083	SA20160323_HIEPLBCK_00069	44.444	18	10	0	179	196	139	156	3.2	19.6
SA20160323_HIEPLBCK_00083	SA20160323_HIEPLBCK_00075	27.500	40	29	0	445	484	203	242	5.7	18.9
SA20160323_HIEPLBCK_00083	SA20160323_HIEPLBCK_00082	40.000	25	15	0	40	64	359	383	8.7	18.5
SA20160210_EPKMIBEH_00231	SA20160210_EPKMIBEH_00231	100.000	566	0	0	1	566	1	566	0.0	1144
SA20160210_EPKMIBEH_00231	SA20160210_EPKMIBEH_00237	35.000	20	13	0	401	420	19	38	0.32	23.1
SA20160210_EPKMIBEH_00231	SA20160210_EPKMIBEH_00236	25.641	39	29	0	214	252	42	80	2.0	20.4
SA20160210_EPKMIBEH_00231	SA20160210_EPKMIBEH_00239	27.500	40	29	0	445	484	203	242	6.1	18.9
SA20160210_EPKMIBEH_00232	SA20160210_EPKMIBEH_00232	100.000	383	0	0	1	383	1	383	0.0	764
SA20160210_EPKMIBEH_00232	SA20160210_EPKMIBEH_00247	29.032	62	38	3	14	73	174	231	0.084	24.3
SA20160210_EPKMIBEH_00232	SA20160210_EPKMIBEH_00236	28.125	32	23	0	120	151	18	49	0.73	21.2
SA20160210_EPKMIBEH_00232	SA20160210_EPKMIBEH_00243	58.333	12	5	0	3	14	2	13	1.2	19.6
SA20160210_EPKMIBEH_00232	SA20160210_EPKMIBEH_00249	25.263	95	54	3	202	287	274	360	4.4	18.9
SA20160210_EPKMIBEH_00233	SA20160210_EPKMIBEH_00233	100.000	243	0	0	1	243	1	243	0.0	494
SA20160210_EPKMIBEH_00233	SA20160210_EPKMIBEH_00236	28.571	42	30	0	11	52	222	263	1.3	19.6
SA20160210_EPKMIBEH_00233	SA20160210_EPKMIBEH_00249	56.250	16	5	1	141	156	168	181	1.6	19.6
SA20160210_EPKMIBEH_00233	SA20160210_EPKMIBEH_00246	28.947	38	21	2	144	181	295	326	2.5	18.9
SA20160210_EPKMIBEH_00234	SA20160210_EPKMIBEH_00234	100.000	111	0	0	1	111	1	111	1.22e-78	218
SA20160210_EPKMIBEH_00234	SA20160210_EPKMIBEH_00248	50.000	18	9	0	6	23	259	276	1.2	18.5
SA20160210_EPKMIBEH_00234	SA20160210_EPKMIBEH_00231	26.471	34	11	1	36	55	154	187	2.8	17.3
SA20160210_EPKMIBEH_00234	SA20160210_EPKMIBEH_00250	50.000	12	6	0	34	45	72	83	4.6	16.5
SA20160210_EPKMIBEH_00234	SA20160210_EPKMIBEH_00237	22.727	44	25	2	60	98	429	468	5.5	16.5
SA20160210_EPKMIBEH_00234	SA20160210_EPKMIBEH_00232	71.429	7	2	0	71	77	259	265	7.8	16.2
SA20160210_EPKMIBEH_00235	SA20160210_EPKMIBEH_00235	100.000	460	0	0	1	460	1	460	0.0	904
SA20160210_EPKMIBEH_00235	SA20160210_EPKMIBEH_00248	35.714	28	18	0	283	310	223	250	0.048	25.4
SA20160210_EPKMIBEH_00235	SA20160210_EPKMIBEH_00251	30.000	50	29	2	10	53	39	88	0.52	21.9
SA20160210_EPKMIBEH_00235	SA20160210_EPKMIBEH_00247	35.714	28	18	0	32	59	158	185	9.9	17.7
SA20160210_EPKMIBEH_00236	SA20160210_EPKMIBEH_00236	100.000	314	0	0	1	314	1	314	0.0	638
SA20160210_EPKMIBEH_00236	SA20160210_EPKMIBEH_00232	28.125	32	23	0	18	49	120	151	0.51	21.6
SA20160210_EPKMIBEH_00236	SA20160210_EPKMIBEH_00231	25.641	39	29	0	42	80	214	252	1.0	20.4
SA20160210_EPKMIBEH_00236	SA20160210_EPKMIBEH_00233	28.571	42	30	0	222	263	11	52	1.7	19.6
SA20160210_EPKMIBEH_00236	SA20160210_EPKMIBEH_00238	46.154	13	7	0	82	94	203	215	2.4	19.2
SA20160210_EPKMIBEH_00236	SA20160210_EPKMIBEH_00250	37.500	24	15	0	189	212	113	136	4.7	18.1
SA20160210_EPKMIBEH_00237	SA20160210_EPKMIBEH_00237	100.000	509	0	0	1	509	1	509	0.0	1030
SA20160210_EPKMIBEH_00237	SA20160210_EPKMIBEH_00231	35.000	20	13	0	19	38	401	420	0.29	23.1
SA20160210_EPKMIBEH_00237	SA20160210_EPKMIBEH_00251	50.000	16	8	0	368	383	10	25	3.8	19.2
SA20160210_EPKMIBEH_00237	SA20160210_EPKMIBEH_00247	23.529	51	26	2	431	481	85	122	5.1	18.9
SA20160210_EPKMIBEH_00237	SA20160210_EPKMIBEH_00249	33.333	33	20	1	349	379	200	232	6.7	18.5
SA20160210_EPKMIBEH_00238	SA20160210_EPKMIBEH_00238	100.000	462	0	0	1	462	1	462	0.0	928
SA20160210_EPKMIBEH_00238	SA20160210_EPKMIBEH_00236	46.154	13	7	0	203	215	82	94	3.5	19.2
SA20160210_EPKMIBEH_00238	SA20160210_EPKMIBEH_00248	52.941	17	8	0	36	52	354	370	4.4	19.2
SA20160210_EPKMIBEH_00239	SA20160210_EPKMIBEH_00239	100.000	344	0	0	1	344	1	344	0.0	664
SA20160210_EPKMIBEH_00239	SA20160210_EPKMIBEH_00251	32.000	75	41	5	204	274	203	271	1.5	20.0
SA20160210_EPKMIBEH_00239	SA20160210_EPKMIBEH_00247	28.571	56	34	1	96	151	60	109	2.3	19.6
SA20160210_EPKMIBEH_00239	SA20160210_EPKMIBEH_00241	28.070	57	27	2	236	282	39	91	3.0	18.9
SA20160210_EPKMIBEH_00239	SA20160210_EPKMIBEH_00231	27.500	40	29	0	203	242	445	484	3.5	18.9
SA20160210_EPKMIBEH_00240	SA20160210_EPKMIBEH_00240	100.000	120	0	0	1	120	1	120	4.84e-83	229
SA20160210_EPKMIBEH_00240	SA20160210_EPKMIBEH_00241	37.143	105	63	1	1	102	3	107	1.04e-10	45.8
SA20160210_EPKMIBEH_00240	SA20160210_EPKMIBEH_00235	35.000	20	13	0	32	51	90	109	7.1	16.2
SA20160210_EPKMIBEH_00240	SA20160210_EPKMIBEH_00248	38.462	26	9	1	91	109	294	319	8.2	16.2
SA20160210_EPKMIBEH_00241	SA20160210_EPKMIBEH_00241	100.000	109	0	0	1	109	1	109	4.94e-76	211
SA20160210_EPKMIBEH_00241	SA20160210_EPKMIBEH_00240	37.143	105	63	1	3	107	1	102	9.41e-11	45.8
SA20160210_EPKMIBEH_00241	SA20160210_EPKMIBEH_00239	28.070	57	27	2	39	91	236	282	0.96	18.9
SA20160210_EPKMIBEH_00241	SA20160210_EPKMIBEH_00238	28.571	42	29	1	69	109	34	75	3.2	17.3
SA20160210_EPKMIBEH_00241	SA20160210_EPKMIBEH_00231	62.500	8	3	0	8	15	504	511	3.5	16.9
SA20160210_EPKMIBEH_00241	SA20160210_EPKMIBEH_00232	54.545	11	5	0	70	80	204	214	5.3	16.5
SA20160210_EPKMIBEH_00241	SA20160210_EPKMIBEH_00237	36.667	30	19	0	39	68	35	64	5.8	16.5
SA20160210_EPKMIBEH_00242	SA20160210_EPKMIBEH_00242	100.000	273	0	0	1	273	1	273	0.0	554
SA20160210_EPKMIBEH_00242	SA20160210_EPKMIBEH_00231	47.059	17	8	1	247	262	68	84	6.1	17.7
SA20160210_EPKMIBEH_00242	SA20160210_EPKMIBEH_00238	23.770	122	63	5	6	120	253	351	10.0	17.3
SA20160210_EPKMIBEH_00243	SA20160210_EPKMIBEH_00243	100.000	83	0	0	1	83	1	83	1.04e-53	152
SA20160210_EPKMIBEH_00243	SA20160210_EPKMIBEH_00232	58.333	12	5	0	2	13	3	14	0.21	20.0
SA20160210_EPKMIBEH_00243	SA20160210_EPKMIBEH_00245	55.556	9	4	0	8	16	235	243	7.9	15.4
SA20160210_EPKMIBEH_00244	SA20160210_EPKMIBEH_00244	100.000	417	0	0	1	417	1	417	0.0	824
SA20160210_EPKMIBEH_00244	SA20160210_EPKMIBEH_00245	24.468	188	97	8	31	214	102	248	0.049	25.0
SA20160210_EPKMIBEH_00244	SA20160210_EPKMIBEH_00232	20.833	120	88	3	29	148	269	381	0.77	21.2
SA20160210_EPKMIBEH_00244	SA20160210_EPKMIBEH_00248	54.545	22	7	2	264	282	251	272	6.7	18.5
SA20160210_EPKMIBEH_00245	SA20160210_EPKMIBEH_00245	100.000	299	0	0	1	299	1	299	0.0	607
SA20160210_EPKMIBEH_00245	SA20160210_EPKMIBEH_00244	24.339	189	98	8	101	248	30	214	0.14	23.1
SA20160210_EPKMIBEH_00245	SA20160210_EPKMIBEH_00249	31.579	19	13	0	249	267	334	352	1.0	20.4
SA20160210_EPKMIBEH_00245	SA20160210_EPKMIBEH_00231	38.889	18	11	0	139	156	179	196	6.3	18.1
SA20160210_EPKMIBEH_00245	SA20160210_EPKMIBEH_00251	29.630	27	19	0	126	152	191	217	7.8	17.7
SA20160210_EPKMIBEH_00245	SA20160210_EPKMIBEH_00238	43.478	23	13	0	235	257	61	83	9.3	17.3
SA20160210_EPKMIBEH_00246	SA20160210_EPKMIBEH_00246	100.000	406	0	0	1	406	1	406	0.0	829
SA20160210_EPKMIBEH_00246	SA20160210_EPKMIBEH_00249	30.645	62	33	2	300	351	219	280	3.1	19.2
SA20160210_EPKMIBEH_00246	SA20160210_EPKMIBEH_00233	28.947	38	21	2	295	326	144	181	4.2	18.9
SA20160210_EPKMIBEH_00247	SA20160210_EPKMIBEH_00247	100.000	231	0	0	1	231	1	231	4.05e-173	466
SA20160210_EPKMIBEH_00247	SA20160210_EPKMIBEH_00232	29.032	62	38	3	174	231	14	73	0.051	24.3
SA20160210_EPKMIBEH_00247	SA20160210_EPKMIBEH_00239	28.571	56	34	1	60	109	96	151	1.5	19.6
SA20160210_EPKMIBEH_00247	SA20160210_EPKMIBEH_00237	23.529	51	26	2	85	122	431	481	2.4	18.9
SA20160210_EPKMIBEH_00247	SA20160210_EPKMIBEH_00235	35.714	28	18	0	158	185	32	59	5.2	17.7
SA20160210_EPKMIBEH_00247	SA20160210_EPKMIBEH_00248	30.303	33	18	1	90	122	29	56	7.3	17.3
SA20160210_EPKMIBEH_00248	SA20160210_EPKMIBEH_00248	100.000	417	0	0	1	417	1	417	0.0	816
SA20160210_EPKMIBEH_00248	SA20160210_EPKMIBEH_00235	35.714	28	18	0	223	250	283	310	0.050	25.0
SA20160210_EPKMIBEH_00248	SA20160210_EPKMIBEH_00238	26.582	79	48	3	175	252	201	270	4.5	18.9
SA20160210_EPKMIBEH_00248	SA20160210_EPKMIBEH_00234	50.000	18	9	0	259	276	6	23	5.2	18.1
SA20160210_EPKMIBEH_00248	SA20160210_EPKMIBEH_00244	54.545	22	7	2	251	272	264	282	6.2	18.5
SA20160210_EPKMIBEH_00248	SA20160210_EPKMIBEH_00250	75.000	12	3	0	288	299	69	80	8.5	18.1
SA20160210_EPKMIBEH_00248	SA20160210_EPKMIBEH_00231	38.235	34	20	1	235	267	420	453	9.8	17.7
SA20160210_EPKMIBEH_00249	SA20160210_EPKMIBEH_00249	100.000	382	0	0	1	382	1	382	0.0	788
SA20160210_EPKMIBEH_00249	SA20160210_EPKMIBEH_00245	31.579	19	13	0	334	352	249	267	1.3	20.4
SA20160210_EPKMIBEH_00249	SA20160210_EPKMIBEH_00233	56.250	16	5	1	168	181	141	156	2.8	19.2
SA20160210_EPKMIBEH_00249	SA20160210_EPKMIBEH_00246	30.645	62	33	2	219	280	300	351	2.9	19.2
SA20160210_EPKMIBEH_00249	SA20160210_EPKMIBEH_00232	25.263	95	54	3	274	360	202	287	4.4	18.9
SA20160210_EPKMIBEH_00249	SA20160210_EPKMIBEH_00237	20.339	118	90	3	201	317	23	137	4.8	18.9
SA20160210_EPKMIBEH_00250	SA20160210_EPKMIBEH_00250	100.000	215	0	0	1	215	1	215	6.25e-151	409
SA20160210_EPKMIBEH_00250	SA20160210_EPKMIBEH_00248	75.000	12	3	0	69	80	288	299	4.2	18.1
SA20160210_EPKMIBEH_00250	SA20160210_EPKMIBEH_00236	37.500	24	15	0	113	136	189	212	4.7	17.7
SA20160210_EPKMIBEH_00250	SA20160210_EPKMIBEH_00234	50.000	12	6	0	72	83	34	45	7.5	16.9
SA20160210_EPKMIBEH_00251	SA20160210_EPKMIBEH_00251	100.000	300	0	0	1	300	1	300	0.0	619
SA20160210_EPKMIBEH_00251	SA20160210_EPKMIBEH_00235	30.000	50	29	2	39	88	10	53	0.34	21.9
SA20160210_EPKMIBEH_00251	SA20160210_EPKMIBEH_00239	32.000	75	41	5	203	271	204	274	1.3	20.0
SA20160210_EPKMIBEH_00251	SA20160210_EPKMIBEH_00245	29.630	27	19	0	191	217	126	152	7.8	17.7
SA20160210_EPKMIBEH_00251	SA20160210_EPKMIBEH_00246	33.333	63	26	5	191	253	12	58	8.2	17.7
