SA20153983_GBAKOBEN_03011	SA20160323_HIEPLBCK_01647	98.148	108	2	0	1	108	1	108	1.37e-79	220
SA20153983_GBAKOBEN_03011	SA20160323_HIEPLBCK_01652	30.000	30	18	1	8	34	129	158	1.3	18.1
SA20153983_GBAKOBEN_03011	SA20160323_HIEPLBCK_01661	24.324	37	28	0	65	101	40	76	1.6	17.7
SA20153983_GBAKOBEN_03011	SA20160323_HIEPLBCK_01646	26.667	30	22	0	13	42	104	133	5.6	16.2
SA20153983_GBAKOBEN_03011	SA20160323_HIEPLBCK_01658	25.000	44	31	1	2	45	115	156	8.0	15.8
SA20153983_GBAKOBEN_03012	SA20160323_HIEPLBCK_01648	100.000	847	0	0	1	847	1	847	0.0	1754
SA20153983_GBAKOBEN_03012	SA20160323_HIEPLBCK_01656	26.667	60	36	1	761	820	62	113	0.38	23.1
SA20153983_GBAKOBEN_03012	SA20160323_HIEPLBCK_01663	42.857	21	12	0	71	91	10	30	3.0	20.4
SA20153983_GBAKOBEN_03012	SA20160323_HIEPLBCK_01660	29.412	34	24	0	148	181	152	185	3.7	20.0
SA20153983_GBAKOBEN_03012	SA20160323_HIEPLBCK_01665	41.176	17	10	0	661	677	311	327	6.9	19.2
SA20153983_GBAKOBEN_03012	SA20160323_HIEPLBCK_01664	41.176	17	10	0	510	526	161	177	8.0	18.9
SA20153983_GBAKOBEN_03013	SA20160323_HIEPLBCK_01646	50.000	8	4	0	4	11	162	169	2.2	16.9
SA20153983_GBAKOBEN_03013	SA20160323_HIEPLBCK_01648	54.545	11	5	0	42	52	574	584	4.0	16.5
SA20153983_GBAKOBEN_03013	SA20160323_HIEPLBCK_01651	44.444	9	5	0	64	72	69	77	5.3	15.8
SA20153983_GBAKOBEN_03014	SA20160323_HIEPLBCK_01649	99.237	393	3	0	1	393	1	393	0.0	783
SA20153983_GBAKOBEN_03014	SA20160323_HIEPLBCK_01655	36.111	36	20	2	302	336	461	494	0.062	24.6
SA20153983_GBAKOBEN_03014	SA20160323_HIEPLBCK_01654	34.483	29	19	0	219	247	195	223	2.0	19.6
SA20153983_GBAKOBEN_03014	SA20160323_HIEPLBCK_01664	22.581	31	24	0	256	286	123	153	7.8	17.7
SA20153983_GBAKOBEN_03015	SA20160323_HIEPLBCK_01650	98.421	190	3	0	1	190	1	190	5.31e-141	382
SA20153983_GBAKOBEN_03015	SA20160323_HIEPLBCK_01658	26.506	83	55	3	100	177	40	121	0.10	22.7
SA20153983_GBAKOBEN_03015	SA20160323_HIEPLBCK_01654	31.579	19	13	0	72	90	377	395	4.7	17.3
SA20153983_GBAKOBEN_03015	SA20160323_HIEPLBCK_01665	27.083	48	28	2	1	41	456	503	5.8	17.3
SA20153983_GBAKOBEN_03015	SA20160323_HIEPLBCK_01653	29.032	62	40	2	84	141	42	103	6.8	16.9
SA20153983_GBAKOBEN_03015	SA20160323_HIEPLBCK_01648	38.462	13	8	0	65	77	285	297	7.2	16.9
SA20153983_GBAKOBEN_03016	SA20160323_HIEPLBCK_01651	100.000	90	0	0	1	90	1	90	5.14e-65	181
SA20153983_GBAKOBEN_03016	SA20160323_HIEPLBCK_01665	50.000	10	5	0	45	54	78	87	1.3	17.7
SA20153983_GBAKOBEN_03016	SA20160323_HIEPLBCK_01655	36.842	19	12	0	44	62	672	690	8.2	15.4
SA20153983_GBAKOBEN_03017	SA20160323_HIEPLBCK_01652	100.000	200	0	0	1	200	1	200	6.67e-153	412
SA20153983_GBAKOBEN_03017	SA20160323_HIEPLBCK_01658	25.424	59	37	2	78	136	145	196	0.43	20.8
SA20153983_GBAKOBEN_03017	SA20160323_HIEPLBCK_01655	34.211	38	22	1	130	167	103	137	0.92	20.0
SA20153983_GBAKOBEN_03017	SA20160323_HIEPLBCK_01654	34.091	44	22	3	42	83	201	239	2.2	18.5
SA20153983_GBAKOBEN_03017	SA20160323_HIEPLBCK_01659	50.000	10	5	0	160	169	3	12	3.1	17.3
SA20153983_GBAKOBEN_03018	SA20160323_HIEPLBCK_01653	99.465	187	1	0	1	187	1	187	1.71e-144	390
SA20153983_GBAKOBEN_03018	SA20160323_HIEPLBCK_01650	28.571	63	41	2	41	103	83	141	3.3	17.7
SA20153983_GBAKOBEN_03018	SA20160323_HIEPLBCK_01663	30.000	30	19	1	18	47	379	406	6.1	17.3
SA20153983_GBAKOBEN_03018	SA20160323_HIEPLBCK_01654	27.586	29	21	0	129	157	249	277	9.3	16.5
SA20153983_GBAKOBEN_03018	SA20160323_HIEPLBCK_01664	53.333	15	7	0	168	182	13	27	9.5	16.5
SA20153983_GBAKOBEN_03019	SA20160323_HIEPLBCK_01654	99.012	405	4	0	1	405	1	405	0.0	828
SA20153983_GBAKOBEN_03019	SA20160323_HIEPLBCK_01660	50.000	20	10	0	282	301	152	171	0.20	23.1
SA20153983_GBAKOBEN_03019	SA20160323_HIEPLBCK_01665	22.222	36	28	0	276	311	341	376	0.28	22.7
SA20153983_GBAKOBEN_03019	SA20160323_HIEPLBCK_01649	34.483	29	19	0	195	223	219	247	2.0	20.0
SA20153983_GBAKOBEN_03019	SA20160323_HIEPLBCK_01652	34.091	44	22	3	201	239	42	83	4.9	18.5
SA20153983_GBAKOBEN_03019	SA20160323_HIEPLBCK_01650	31.579	19	13	0	377	395	72	90	8.7	17.7
SA20153983_GBAKOBEN_03020	SA20160323_HIEPLBCK_01655	99.856	695	1	0	1	695	1	695	0.0	1424
SA20153983_GBAKOBEN_03020	SA20160323_HIEPLBCK_01649	36.111	36	20	2	461	494	302	336	0.12	24.6
SA20153983_GBAKOBEN_03020	SA20160323_HIEPLBCK_01665	30.189	106	52	6	240	333	466	561	2.0	20.8
SA20153983_GBAKOBEN_03020	SA20160323_HIEPLBCK_01652	34.211	38	22	1	103	137	130	167	3.2	20.0
SA20153983_GBAKOBEN_03021	SA20160323_HIEPLBCK_01656	100.000	210	0	0	1	210	1	210	8.01e-162	436
SA20153983_GBAKOBEN_03021	SA20160323_HIEPLBCK_01648	26.667	60	36	1	62	113	761	820	0.090	23.1
SA20153983_GBAKOBEN_03021	SA20160323_HIEPLBCK_01663	34.375	32	16	1	178	209	37	63	0.96	20.0
SA20153983_GBAKOBEN_03022	SA20160323_HIEPLBCK_01657	100.000	134	0	0	1	134	1	134	5.76e-102	278
SA20153983_GBAKOBEN_03022	SA20160323_HIEPLBCK_01666	27.273	33	24	0	29	61	9	41	1.8	17.3
SA20153983_GBAKOBEN_03022	SA20160323_HIEPLBCK_01663	21.818	55	42	1	2	55	277	331	2.5	17.7
SA20153983_GBAKOBEN_03022	SA20160323_HIEPLBCK_01648	34.783	23	15	0	110	132	70	92	6.8	16.5
SA20153983_GBAKOBEN_03023	SA20160323_HIEPLBCK_01658	99.654	289	1	0	1	289	1	289	0.0	597
SA20153983_GBAKOBEN_03023	SA20160323_HIEPLBCK_01650	27.711	83	54	3	40	121	100	177	0.12	23.1
SA20153983_GBAKOBEN_03023	SA20160323_HIEPLBCK_01652	25.424	59	37	2	145	196	78	136	0.62	20.8
SA20153983_GBAKOBEN_03023	SA20160323_HIEPLBCK_01664	20.312	64	48	1	154	217	75	135	3.1	18.5
SA20153983_GBAKOBEN_03023	SA20160323_HIEPLBCK_01660	31.579	38	12	1	230	253	106	143	5.1	18.1
SA20153983_GBAKOBEN_03023	SA20160323_HIEPLBCK_01663	35.294	17	11	0	253	269	327	343	6.2	17.7
SA20153983_GBAKOBEN_03023	SA20160323_HIEPLBCK_01648	40.000	30	17	1	57	85	41	70	8.4	17.3
SA20153983_GBAKOBEN_03023	SA20160323_HIEPLBCK_01655	50.000	10	5	0	161	170	685	694	9.2	17.3
SA20153983_GBAKOBEN_03024	SA20160323_HIEPLBCK_01659	98.611	72	1	0	1	72	1	72	1.07e-51	146
SA20153983_GBAKOBEN_03024	SA20160323_HIEPLBCK_01652	50.000	10	5	0	3	12	160	169	1.1	17.3
SA20153983_GBAKOBEN_03024	SA20160323_HIEPLBCK_01654	31.111	45	29	1	5	47	350	394	4.9	15.8
SA20153983_GBAKOBEN_03025	SA20160323_HIEPLBCK_01660	100.000	340	0	0	1	340	1	340	0.0	708
SA20153983_GBAKOBEN_03025	SA20160323_HIEPLBCK_01663	37.037	27	17	0	132	158	62	88	0.010	26.9
SA20153983_GBAKOBEN_03025	SA20160323_HIEPLBCK_01654	50.000	20	10	0	152	171	282	301	0.17	23.1
SA20153983_GBAKOBEN_03025	SA20160323_HIEPLBCK_01658	31.579	38	12	1	106	143	230	253	6.1	18.1
SA20153983_GBAKOBEN_03025	SA20160323_HIEPLBCK_01655	45.455	22	10	1	123	142	137	158	6.9	18.1
SA20153983_GBAKOBEN_03026	SA20160323_HIEPLBCK_01661	98.058	103	2	0	1	103	1	103	4.72e-76	210
SA20153983_GBAKOBEN_03026	SA20160323_HIEPLBCK_01648	45.455	22	7	1	71	92	320	336	1.3	18.1
SA20153983_GBAKOBEN_03026	SA20160323_HIEPLBCK_01647	40.000	10	6	0	67	76	92	101	5.6	15.8
SA20153983_GBAKOBEN_03026	SA20160323_HIEPLBCK_01655	20.779	77	49	1	22	86	212	288	7.5	15.8
SA20153983_GBAKOBEN_03026	SA20160323_HIEPLBCK_01663	41.176	17	10	0	10	26	417	433	9.7	15.4
SA20153983_GBAKOBEN_03027	SA20160323_HIEPLBCK_01662	94.521	73	4	0	1	73	1	73	1.88e-50	143
SA20153983_GBAKOBEN_03028	SA20160323_HIEPLBCK_01663	99.528	635	3	0	1	635	1	635	0.0	1296
SA20153983_GBAKOBEN_03028	SA20160323_HIEPLBCK_01660	37.037	27	17	0	62	88	132	158	0.018	26.9
SA20153983_GBAKOBEN_03028	SA20160323_HIEPLBCK_01656	34.375	32	16	1	37	63	178	209	3.0	20.0
SA20153983_GBAKOBEN_03029	SA20160323_HIEPLBCK_01664	100.000	183	0	0	1	183	1	183	1.98e-141	382
SA20153983_GBAKOBEN_03029	SA20160323_HIEPLBCK_01648	41.176	17	10	0	161	177	510	526	1.7	18.9
SA20153983_GBAKOBEN_03029	SA20160323_HIEPLBCK_01658	20.312	64	48	1	75	135	154	217	1.9	18.5
SA20153983_GBAKOBEN_03029	SA20160323_HIEPLBCK_01665	50.000	16	8	0	108	123	469	484	2.5	18.5
SA20153983_GBAKOBEN_03029	SA20160323_HIEPLBCK_01649	22.581	31	24	0	123	153	256	286	3.5	17.7
SA20153983_GBAKOBEN_03030	SA20160323_HIEPLBCK_01665	99.501	601	3	0	1	601	1	601	0.0	1190
SA20153983_GBAKOBEN_03030	SA20160323_HIEPLBCK_01655	31.132	106	51	6	466	561	240	333	0.28	23.5
SA20153983_GBAKOBEN_03030	SA20160323_HIEPLBCK_01654	22.222	36	28	0	341	376	276	311	0.38	22.7
SA20153983_GBAKOBEN_03030	SA20160323_HIEPLBCK_01648	41.176	17	10	0	311	327	661	677	4.7	19.2
SA20153983_GBAKOBEN_03030	SA20160323_HIEPLBCK_01651	50.000	10	5	0	78	87	45	54	7.7	18.1
SA20153983_GBAKOBEN_03031	SA20160323_HIEPLBCK_01666	100.000	66	0	0	1	66	1	66	2.42e-48	137
SA20153983_GBAKOBEN_03031	SA20160323_HIEPLBCK_01657	27.273	33	24	0	9	41	29	61	0.87	17.3
SA20153983_GBAKOBEN_03031	SA20160323_HIEPLBCK_01663	31.250	32	20	2	26	56	534	564	2.9	16.2
SA20160323_HIEPLBCK_01646	SA20160323_HIEPLBCK_01646	100.000	269	0	0	1	269	1	269	0.0	538
SA20160323_HIEPLBCK_01646	SA20160323_HIEPLBCK_01665	27.273	44	31	1	37	79	59	102	8.6	17.3
SA20160323_HIEPLBCK_01647	SA20160323_HIEPLBCK_01647	100.000	108	0	0	1	108	1	108	2.42e-81	224
SA20160323_HIEPLBCK_01647	SA20160323_HIEPLBCK_01661	24.324	37	28	0	65	101	40	76	1.7	17.3
SA20160323_HIEPLBCK_01647	SA20160323_HIEPLBCK_01649	26.316	38	28	0	17	54	20	57	6.8	16.2
SA20160323_HIEPLBCK_01647	SA20160323_HIEPLBCK_01652	30.000	30	18	1	8	34	129	158	7.0	15.8
SA20160323_HIEPLBCK_01648	SA20160323_HIEPLBCK_01648	100.000	847	0	0	1	847	1	847	0.0	1754
SA20160323_HIEPLBCK_01648	SA20160323_HIEPLBCK_01656	26.667	60	36	1	761	820	62	113	0.38	23.1
SA20160323_HIEPLBCK_01648	SA20160323_HIEPLBCK_01663	42.857	21	12	0	71	91	10	30	3.0	20.4
SA20160323_HIEPLBCK_01648	SA20160323_HIEPLBCK_01660	29.412	34	24	0	148	181	152	185	3.7	20.0
SA20160323_HIEPLBCK_01648	SA20160323_HIEPLBCK_01665	41.176	17	10	0	661	677	311	327	6.9	19.2
SA20160323_HIEPLBCK_01648	SA20160323_HIEPLBCK_01664	41.176	17	10	0	510	526	161	177	8.0	18.9
SA20160323_HIEPLBCK_01649	SA20160323_HIEPLBCK_01649	100.000	393	0	0	1	393	1	393	0.0	787
SA20160323_HIEPLBCK_01649	SA20160323_HIEPLBCK_01655	36.111	36	20	2	302	336	461	494	0.066	24.6
SA20160323_HIEPLBCK_01649	SA20160323_HIEPLBCK_01654	34.483	29	19	0	219	247	195	223	2.1	19.6
SA20160323_HIEPLBCK_01649	SA20160323_HIEPLBCK_01664	22.581	31	24	0	256	286	123	153	7.6	17.7
SA20160323_HIEPLBCK_01650	SA20160323_HIEPLBCK_01650	100.000	190	0	0	1	190	1	190	4.85e-143	387
SA20160323_HIEPLBCK_01650	SA20160323_HIEPLBCK_01658	26.506	83	55	3	100	177	40	121	0.13	22.3
SA20160323_HIEPLBCK_01650	SA20160323_HIEPLBCK_01654	31.579	19	13	0	72	90	377	395	4.8	17.3
SA20160323_HIEPLBCK_01650	SA20160323_HIEPLBCK_01648	38.462	13	8	0	65	77	285	297	7.2	16.9
SA20160323_HIEPLBCK_01651	SA20160323_HIEPLBCK_01651	100.000	90	0	0	1	90	1	90	5.14e-65	181
SA20160323_HIEPLBCK_01651	SA20160323_HIEPLBCK_01665	50.000	10	5	0	45	54	78	87	1.3	17.7
SA20160323_HIEPLBCK_01651	SA20160323_HIEPLBCK_01655	36.842	19	12	0	44	62	672	690	8.2	15.4
SA20160323_HIEPLBCK_01652	SA20160323_HIEPLBCK_01652	100.000	200	0	0	1	200	1	200	6.67e-153	412
SA20160323_HIEPLBCK_01652	SA20160323_HIEPLBCK_01658	25.424	59	37	2	78	136	145	196	0.43	20.8
SA20160323_HIEPLBCK_01652	SA20160323_HIEPLBCK_01655	34.211	38	22	1	130	167	103	137	0.92	20.0
SA20160323_HIEPLBCK_01652	SA20160323_HIEPLBCK_01654	34.091	44	22	3	42	83	201	239	2.2	18.5
SA20160323_HIEPLBCK_01652	SA20160323_HIEPLBCK_01659	50.000	10	5	0	160	169	3	12	3.1	17.3
SA20160323_HIEPLBCK_01653	SA20160323_HIEPLBCK_01653	100.000	187	0	0	1	187	1	187	4.78e-145	392
SA20160323_HIEPLBCK_01653	SA20160323_HIEPLBCK_01663	30.000	30	19	1	18	47	379	406	6.6	16.9
SA20160323_HIEPLBCK_01653	SA20160323_HIEPLBCK_01654	27.586	29	21	0	129	157	249	277	9.1	16.5
SA20160323_HIEPLBCK_01654	SA20160323_HIEPLBCK_01654	100.000	405	0	0	1	405	1	405	0.0	835
SA20160323_HIEPLBCK_01654	SA20160323_HIEPLBCK_01660	50.000	20	10	0	282	301	152	171	0.20	23.1
SA20160323_HIEPLBCK_01654	SA20160323_HIEPLBCK_01665	22.222	36	28	0	276	311	341	376	0.26	22.7
SA20160323_HIEPLBCK_01654	SA20160323_HIEPLBCK_01649	34.483	29	19	0	195	223	219	247	2.1	19.6
SA20160323_HIEPLBCK_01654	SA20160323_HIEPLBCK_01652	34.091	44	22	3	201	239	42	83	4.4	18.5
SA20160323_HIEPLBCK_01655	SA20160323_HIEPLBCK_01655	100.000	695	0	0	1	695	1	695	0.0	1425
SA20160323_HIEPLBCK_01655	SA20160323_HIEPLBCK_01649	36.111	36	20	2	461	494	302	336	0.12	24.6
SA20160323_HIEPLBCK_01655	SA20160323_HIEPLBCK_01665	30.189	106	52	6	240	333	466	561	1.9	20.8
SA20160323_HIEPLBCK_01656	SA20160323_HIEPLBCK_01656	100.000	210	0	0	1	210	1	210	8.01e-162	436
SA20160323_HIEPLBCK_01656	SA20160323_HIEPLBCK_01648	26.667	60	36	1	62	113	761	820	0.090	23.1
SA20160323_HIEPLBCK_01656	SA20160323_HIEPLBCK_01663	34.375	32	16	1	178	209	37	63	0.96	20.0
SA20160323_HIEPLBCK_01657	SA20160323_HIEPLBCK_01657	100.000	134	0	0	1	134	1	134	5.76e-102	278
SA20160323_HIEPLBCK_01657	SA20160323_HIEPLBCK_01666	27.273	33	24	0	29	61	9	41	1.8	17.3
SA20160323_HIEPLBCK_01657	SA20160323_HIEPLBCK_01663	21.818	55	42	1	2	55	277	331	2.5	17.7
SA20160323_HIEPLBCK_01657	SA20160323_HIEPLBCK_01648	34.783	23	15	0	110	132	70	92	6.8	16.5
SA20160323_HIEPLBCK_01658	SA20160323_HIEPLBCK_01658	100.000	289	0	0	1	289	1	289	0.0	600
SA20160323_HIEPLBCK_01658	SA20160323_HIEPLBCK_01650	26.506	83	55	3	40	121	100	177	0.37	21.6
SA20160323_HIEPLBCK_01658	SA20160323_HIEPLBCK_01652	25.424	59	37	2	145	196	78	136	0.61	20.8
SA20160323_HIEPLBCK_01658	SA20160323_HIEPLBCK_01664	20.312	64	48	1	154	217	75	135	3.0	18.5
SA20160323_HIEPLBCK_01658	SA20160323_HIEPLBCK_01660	31.579	38	12	1	230	253	106	143	5.2	18.1
SA20160323_HIEPLBCK_01658	SA20160323_HIEPLBCK_01663	35.294	17	11	0	253	269	327	343	6.2	17.7
SA20160323_HIEPLBCK_01658	SA20160323_HIEPLBCK_01648	27.586	58	37	2	5	57	444	501	8.9	17.3
SA20160323_HIEPLBCK_01658	SA20160323_HIEPLBCK_01655	50.000	10	5	0	161	170	685	694	9.1	17.3
SA20160323_HIEPLBCK_01659	SA20160323_HIEPLBCK_01659	100.000	72	0	0	1	72	1	72	6.97e-53	149
SA20160323_HIEPLBCK_01659	SA20160323_HIEPLBCK_01652	50.000	10	5	0	3	12	160	169	1.1	17.3
SA20160323_HIEPLBCK_01659	SA20160323_HIEPLBCK_01654	31.111	45	29	1	5	47	350	394	1.9	16.9
SA20160323_HIEPLBCK_01660	SA20160323_HIEPLBCK_01660	100.000	340	0	0	1	340	1	340	0.0	708
SA20160323_HIEPLBCK_01660	SA20160323_HIEPLBCK_01663	37.037	27	17	0	132	158	62	88	0.010	26.9
SA20160323_HIEPLBCK_01660	SA20160323_HIEPLBCK_01654	50.000	20	10	0	152	171	282	301	0.17	23.1
SA20160323_HIEPLBCK_01660	SA20160323_HIEPLBCK_01658	31.579	38	12	1	106	143	230	253	6.1	18.1
SA20160323_HIEPLBCK_01660	SA20160323_HIEPLBCK_01655	45.455	22	10	1	123	142	137	158	6.9	18.1
SA20160323_HIEPLBCK_01661	SA20160323_HIEPLBCK_01661	100.000	103	0	0	1	103	1	103	2.30e-77	214
SA20160323_HIEPLBCK_01661	SA20160323_HIEPLBCK_01648	45.455	22	7	1	71	92	320	336	1.6	17.7
SA20160323_HIEPLBCK_01661	SA20160323_HIEPLBCK_01647	24.324	37	28	0	40	76	65	101	1.7	17.3
SA20160323_HIEPLBCK_01661	SA20160323_HIEPLBCK_01663	41.176	17	10	0	10	26	417	433	9.9	15.4
SA20160323_HIEPLBCK_01662	SA20160323_HIEPLBCK_01662	100.000	73	0	0	1	73	1	73	3.32e-53	150
SA20160323_HIEPLBCK_01663	SA20160323_HIEPLBCK_01663	100.000	635	0	0	1	635	1	635	0.0	1301
SA20160323_HIEPLBCK_01663	SA20160323_HIEPLBCK_01660	37.037	27	17	0	62	88	132	158	0.018	26.9
SA20160323_HIEPLBCK_01663	SA20160323_HIEPLBCK_01648	42.857	21	12	0	10	30	71	91	2.2	20.4
SA20160323_HIEPLBCK_01663	SA20160323_HIEPLBCK_01656	34.375	32	16	1	37	63	178	209	2.9	20.0
SA20160323_HIEPLBCK_01664	SA20160323_HIEPLBCK_01664	100.000	183	0	0	1	183	1	183	1.98e-141	382
SA20160323_HIEPLBCK_01664	SA20160323_HIEPLBCK_01648	41.176	17	10	0	161	177	510	526	1.7	18.9
SA20160323_HIEPLBCK_01664	SA20160323_HIEPLBCK_01658	20.312	64	48	1	75	135	154	217	1.9	18.5
SA20160323_HIEPLBCK_01664	SA20160323_HIEPLBCK_01665	50.000	16	8	0	108	123	469	484	2.5	18.5
SA20160323_HIEPLBCK_01664	SA20160323_HIEPLBCK_01649	22.581	31	24	0	123	153	256	286	3.5	17.7
SA20160323_HIEPLBCK_01665	SA20160323_HIEPLBCK_01665	100.000	601	0	0	1	601	1	601	0.0	1198
SA20160323_HIEPLBCK_01665	SA20160323_HIEPLBCK_01654	22.222	36	28	0	341	376	276	311	0.39	22.7
SA20160323_HIEPLBCK_01665	SA20160323_HIEPLBCK_01655	30.189	106	52	6	466	561	240	333	1.5	20.8
SA20160323_HIEPLBCK_01665	SA20160323_HIEPLBCK_01660	45.833	24	12	1	15	38	143	165	3.4	19.6
SA20160323_HIEPLBCK_01665	SA20160323_HIEPLBCK_01648	41.176	17	10	0	311	327	661	677	4.7	19.2
SA20160323_HIEPLBCK_01665	SA20160323_HIEPLBCK_01651	50.000	10	5	0	78	87	45	54	7.7	18.1
SA20160323_HIEPLBCK_01665	SA20160323_HIEPLBCK_01664	50.000	16	8	0	469	484	108	123	8.3	18.5
SA20160323_HIEPLBCK_01666	SA20160323_HIEPLBCK_01666	100.000	66	0	0	1	66	1	66	2.42e-48	137
SA20160323_HIEPLBCK_01666	SA20160323_HIEPLBCK_01657	27.273	33	24	0	9	41	29	61	0.87	17.3
SA20160323_HIEPLBCK_01666	SA20160323_HIEPLBCK_01663	31.250	32	20	2	26	56	534	564	2.9	16.2
SA20153983_GBAKOBEN_03011	SA20153983_GBAKOBEN_03011	100.000	108	0	0	1	108	1	108	1.09e-81	225
SA20153983_GBAKOBEN_03011	SA20153983_GBAKOBEN_03017	30.000	30	18	1	8	34	129	158	1.3	18.1
SA20153983_GBAKOBEN_03011	SA20153983_GBAKOBEN_03026	40.000	10	6	0	92	101	67	76	6.0	15.8
SA20153983_GBAKOBEN_03011	SA20153983_GBAKOBEN_03023	25.000	44	31	1	2	45	115	156	7.6	15.8
SA20153983_GBAKOBEN_03012	SA20153983_GBAKOBEN_03012	100.000	847	0	0	1	847	1	847	0.0	1754
SA20153983_GBAKOBEN_03012	SA20153983_GBAKOBEN_03021	26.667	60	36	1	761	820	62	113	0.37	23.1
SA20153983_GBAKOBEN_03012	SA20153983_GBAKOBEN_03025	29.412	34	24	0	148	181	152	185	3.6	20.0
SA20153983_GBAKOBEN_03012	SA20153983_GBAKOBEN_03030	41.176	17	10	0	661	677	311	327	6.8	19.2
SA20153983_GBAKOBEN_03012	SA20153983_GBAKOBEN_03029	41.176	17	10	0	510	526	161	177	7.8	18.9
SA20153983_GBAKOBEN_03012	SA20153983_GBAKOBEN_03026	45.455	22	7	1	320	336	71	92	9.8	18.1
SA20153983_GBAKOBEN_03013	SA20153983_GBAKOBEN_03013	100.000	89	0	0	1	89	1	89	2.54e-68	190
SA20153983_GBAKOBEN_03013	SA20153983_GBAKOBEN_03012	54.545	11	5	0	42	52	574	584	3.8	16.5
SA20153983_GBAKOBEN_03013	SA20153983_GBAKOBEN_03016	44.444	9	5	0	64	72	69	77	5.2	15.8
SA20153983_GBAKOBEN_03014	SA20153983_GBAKOBEN_03014	100.000	393	0	0	1	393	1	393	0.0	787
SA20153983_GBAKOBEN_03014	SA20153983_GBAKOBEN_03020	36.111	36	20	2	302	336	461	494	0.060	24.6
SA20153983_GBAKOBEN_03014	SA20153983_GBAKOBEN_03019	34.483	29	19	0	219	247	195	223	1.9	20.0
SA20153983_GBAKOBEN_03014	SA20153983_GBAKOBEN_03029	22.581	31	24	0	256	286	123	153	7.5	17.7
SA20153983_GBAKOBEN_03015	SA20153983_GBAKOBEN_03015	100.000	190	0	0	1	190	1	190	3.13e-143	387
SA20153983_GBAKOBEN_03015	SA20153983_GBAKOBEN_03023	27.711	83	54	3	100	177	40	121	0.032	24.3
SA20153983_GBAKOBEN_03015	SA20153983_GBAKOBEN_03028	30.435	23	16	0	98	120	526	548	3.2	18.1
SA20153983_GBAKOBEN_03015	SA20153983_GBAKOBEN_03019	31.579	19	13	0	72	90	377	395	3.8	17.7
SA20153983_GBAKOBEN_03015	SA20153983_GBAKOBEN_03012	38.462	13	8	0	65	77	285	297	7.0	16.9
SA20153983_GBAKOBEN_03016	SA20153983_GBAKOBEN_03016	100.000	90	0	0	1	90	1	90	4.99e-65	181
SA20153983_GBAKOBEN_03016	SA20153983_GBAKOBEN_03030	50.000	10	5	0	45	54	78	87	1.3	17.7
SA20153983_GBAKOBEN_03016	SA20153983_GBAKOBEN_03013	44.444	9	5	0	69	77	64	72	5.3	15.8
SA20153983_GBAKOBEN_03016	SA20153983_GBAKOBEN_03020	36.842	19	12	0	44	62	672	690	8.2	15.4
SA20153983_GBAKOBEN_03017	SA20153983_GBAKOBEN_03017	100.000	200	0	0	1	200	1	200	6.48e-153	412
SA20153983_GBAKOBEN_03017	SA20153983_GBAKOBEN_03023	25.424	59	37	2	78	136	145	196	0.42	20.8
SA20153983_GBAKOBEN_03017	SA20153983_GBAKOBEN_03020	34.211	38	22	1	130	167	103	137	0.89	20.0
SA20153983_GBAKOBEN_03017	SA20153983_GBAKOBEN_03019	34.091	44	22	3	42	83	201	239	2.3	18.5
SA20153983_GBAKOBEN_03017	SA20153983_GBAKOBEN_03011	30.000	30	18	1	129	158	8	34	2.4	18.1
SA20153983_GBAKOBEN_03017	SA20153983_GBAKOBEN_03024	50.000	10	5	0	160	169	3	12	3.0	17.3
SA20153983_GBAKOBEN_03018	SA20153983_GBAKOBEN_03018	100.000	187	0	0	1	187	1	187	3.85e-145	392
SA20153983_GBAKOBEN_03018	SA20153983_GBAKOBEN_03028	30.000	30	19	1	18	47	379	406	6.1	16.9
SA20153983_GBAKOBEN_03018	SA20153983_GBAKOBEN_03019	27.586	29	21	0	129	157	249	277	8.8	16.5
SA20153983_GBAKOBEN_03018	SA20153983_GBAKOBEN_03029	53.333	15	7	0	168	182	13	27	9.2	16.5
SA20153983_GBAKOBEN_03019	SA20153983_GBAKOBEN_03019	100.000	405	0	0	1	405	1	405	0.0	835
SA20153983_GBAKOBEN_03019	SA20153983_GBAKOBEN_03025	50.000	20	10	0	282	301	152	171	0.20	23.1
SA20153983_GBAKOBEN_03019	SA20153983_GBAKOBEN_03030	22.222	36	28	0	276	311	341	376	0.27	22.7
SA20153983_GBAKOBEN_03019	SA20153983_GBAKOBEN_03014	34.483	29	19	0	195	223	219	247	2.0	20.0
SA20153983_GBAKOBEN_03019	SA20153983_GBAKOBEN_03017	34.091	44	22	3	201	239	42	83	4.8	18.5
SA20153983_GBAKOBEN_03019	SA20153983_GBAKOBEN_03015	31.579	19	13	0	377	395	72	90	8.2	17.7
SA20153983_GBAKOBEN_03020	SA20153983_GBAKOBEN_03020	100.000	695	0	0	1	695	1	695	0.0	1426
SA20153983_GBAKOBEN_03020	SA20153983_GBAKOBEN_03014	36.111	36	20	2	461	494	302	336	0.11	24.6
SA20153983_GBAKOBEN_03020	SA20153983_GBAKOBEN_03030	31.132	106	51	6	240	333	466	561	0.37	23.1
SA20153983_GBAKOBEN_03021	SA20153983_GBAKOBEN_03021	100.000	210	0	0	1	210	1	210	7.77e-162	436
SA20153983_GBAKOBEN_03021	SA20153983_GBAKOBEN_03012	26.667	60	36	1	62	113	761	820	0.088	23.1
SA20153983_GBAKOBEN_03021	SA20153983_GBAKOBEN_03028	34.375	32	16	1	178	209	37	63	0.95	20.0
SA20153983_GBAKOBEN_03022	SA20153983_GBAKOBEN_03022	100.000	134	0	0	1	134	1	134	5.59e-102	278
SA20153983_GBAKOBEN_03022	SA20153983_GBAKOBEN_03031	27.273	33	24	0	29	61	9	41	1.7	17.3
SA20153983_GBAKOBEN_03022	SA20153983_GBAKOBEN_03028	21.818	55	42	1	2	55	277	331	2.3	17.7
SA20153983_GBAKOBEN_03022	SA20153983_GBAKOBEN_03012	34.783	23	15	0	110	132	70	92	6.6	16.5
SA20153983_GBAKOBEN_03023	SA20153983_GBAKOBEN_03023	100.000	289	0	0	1	289	1	289	0.0	598
SA20153983_GBAKOBEN_03023	SA20153983_GBAKOBEN_03015	27.711	83	54	3	40	121	100	177	0.076	23.5
SA20153983_GBAKOBEN_03023	SA20153983_GBAKOBEN_03017	25.424	59	37	2	145	196	78	136	0.60	20.8
SA20153983_GBAKOBEN_03023	SA20153983_GBAKOBEN_03029	20.312	64	48	1	154	217	75	135	3.0	18.5
SA20153983_GBAKOBEN_03023	SA20153983_GBAKOBEN_03025	31.579	38	12	1	230	253	106	143	4.9	18.1
SA20153983_GBAKOBEN_03023	SA20153983_GBAKOBEN_03028	35.294	17	11	0	253	269	327	343	6.3	17.7
SA20153983_GBAKOBEN_03023	SA20153983_GBAKOBEN_03012	40.000	30	17	1	57	85	41	70	8.1	17.3
SA20153983_GBAKOBEN_03023	SA20153983_GBAKOBEN_03020	50.000	10	5	0	161	170	685	694	9.0	17.3
SA20153983_GBAKOBEN_03024	SA20153983_GBAKOBEN_03024	100.000	72	0	0	1	72	1	72	1.20e-52	149
SA20153983_GBAKOBEN_03024	SA20153983_GBAKOBEN_03017	50.000	10	5	0	3	12	160	169	1.1	17.3
SA20153983_GBAKOBEN_03024	SA20153983_GBAKOBEN_03019	33.333	27	18	0	21	47	368	394	7.7	15.0
SA20153983_GBAKOBEN_03025	SA20153983_GBAKOBEN_03025	100.000	340	0	0	1	340	1	340	0.0	708
SA20153983_GBAKOBEN_03025	SA20153983_GBAKOBEN_03028	37.037	27	17	0	132	158	62	88	0.009	26.9
SA20153983_GBAKOBEN_03025	SA20153983_GBAKOBEN_03019	50.000	20	10	0	152	171	282	301	0.16	23.1
SA20153983_GBAKOBEN_03025	SA20153983_GBAKOBEN_03023	31.579	38	12	1	106	143	230	253	5.8	18.1
SA20153983_GBAKOBEN_03025	SA20153983_GBAKOBEN_03020	45.455	22	10	1	123	142	137	158	6.7	18.1
SA20153983_GBAKOBEN_03026	SA20153983_GBAKOBEN_03026	100.000	103	0	0	1	103	1	103	1.41e-77	214
SA20153983_GBAKOBEN_03026	SA20153983_GBAKOBEN_03012	45.455	22	7	1	71	92	320	336	1.2	18.1
SA20153983_GBAKOBEN_03026	SA20153983_GBAKOBEN_03011	40.000	10	6	0	67	76	92	101	5.8	15.8
SA20153983_GBAKOBEN_03026	SA20153983_GBAKOBEN_03020	20.779	77	49	1	22	86	212	288	7.3	15.8
SA20153983_GBAKOBEN_03026	SA20153983_GBAKOBEN_03027	31.034	29	17	2	76	103	2	28	8.5	15.4
SA20153983_GBAKOBEN_03026	SA20153983_GBAKOBEN_03028	41.176	17	10	0	10	26	417	433	9.6	15.4
SA20153983_GBAKOBEN_03027	SA20153983_GBAKOBEN_03027	100.000	73	0	0	1	73	1	73	1.07e-52	149
SA20153983_GBAKOBEN_03027	SA20153983_GBAKOBEN_03026	31.034	29	17	2	2	28	76	103	6.0	15.4
SA20153983_GBAKOBEN_03028	SA20153983_GBAKOBEN_03028	100.000	635	0	0	1	635	1	635	0.0	1302
SA20153983_GBAKOBEN_03028	SA20153983_GBAKOBEN_03025	37.037	27	17	0	62	88	132	158	0.018	26.9
SA20153983_GBAKOBEN_03028	SA20153983_GBAKOBEN_03021	34.375	32	16	1	37	63	178	209	2.9	20.0
SA20153983_GBAKOBEN_03029	SA20153983_GBAKOBEN_03029	100.000	183	0	0	1	183	1	183	1.92e-141	382
SA20153983_GBAKOBEN_03029	SA20153983_GBAKOBEN_03012	41.176	17	10	0	161	177	510	526	1.7	18.9
SA20153983_GBAKOBEN_03029	SA20153983_GBAKOBEN_03023	20.312	64	48	1	75	135	154	217	1.9	18.5
SA20153983_GBAKOBEN_03029	SA20153983_GBAKOBEN_03014	22.581	31	24	0	123	153	256	286	3.5	17.7
SA20153983_GBAKOBEN_03029	SA20153983_GBAKOBEN_03030	50.000	12	6	0	108	119	469	480	7.3	16.9
SA20153983_GBAKOBEN_03029	SA20153983_GBAKOBEN_03018	53.333	15	7	0	13	27	168	182	9.0	16.5
SA20153983_GBAKOBEN_03030	SA20153983_GBAKOBEN_03030	100.000	601	0	0	1	601	1	601	0.0	1198
SA20153983_GBAKOBEN_03030	SA20153983_GBAKOBEN_03020	31.132	106	51	6	466	561	240	333	0.29	23.1
SA20153983_GBAKOBEN_03030	SA20153983_GBAKOBEN_03019	22.222	36	28	0	341	376	276	311	0.40	22.7
SA20153983_GBAKOBEN_03030	SA20153983_GBAKOBEN_03012	41.176	17	10	0	311	327	661	677	4.6	19.2
SA20153983_GBAKOBEN_03030	SA20153983_GBAKOBEN_03016	50.000	10	5	0	78	87	45	54	7.5	18.1
SA20153983_GBAKOBEN_03031	SA20153983_GBAKOBEN_03031	100.000	66	0	0	1	66	1	66	2.35e-48	137
SA20153983_GBAKOBEN_03031	SA20153983_GBAKOBEN_03022	27.273	33	24	0	9	41	29	61	0.84	17.3
SA20153983_GBAKOBEN_03031	SA20153983_GBAKOBEN_03028	31.250	32	20	2	26	56	534	564	2.8	16.2
