SA20160210_EPKMIBEH_02351	SA20160172_GPHLOGML_00961	100.000	269	0	0	1	269	1	269	0.0	538
SA20160210_EPKMIBEH_02351	SA20160172_GPHLOGML_00980	27.273	44	31	1	37	79	59	102	9.2	17.3
SA20160210_EPKMIBEH_02352	SA20160172_GPHLOGML_00962	100.000	108	0	0	1	108	1	108	9.61e-82	225
SA20160210_EPKMIBEH_02352	SA20160172_GPHLOGML_00976	24.324	37	28	0	65	101	40	76	3.4	16.5
SA20160210_EPKMIBEH_02352	SA20160172_GPHLOGML_00964	26.316	38	28	0	17	54	20	57	8.8	15.8
SA20160210_EPKMIBEH_02352	SA20160172_GPHLOGML_00970	45.000	20	10	1	79	97	573	592	9.9	15.4
SA20160210_EPKMIBEH_02353	SA20160172_GPHLOGML_00963	100.000	847	0	0	1	847	1	847	0.0	1754
SA20160210_EPKMIBEH_02353	SA20160172_GPHLOGML_00971	26.667	60	36	1	761	820	62	113	0.38	23.1
SA20160210_EPKMIBEH_02353	SA20160172_GPHLOGML_00978	42.857	21	12	0	71	91	10	30	2.9	20.4
SA20160210_EPKMIBEH_02353	SA20160172_GPHLOGML_00975	29.412	34	24	0	148	181	152	185	3.5	20.0
SA20160210_EPKMIBEH_02353	SA20160172_GPHLOGML_00980	41.176	17	10	0	661	677	311	327	7.1	19.2
SA20160210_EPKMIBEH_02353	SA20160172_GPHLOGML_00979	41.176	17	10	0	510	526	161	177	8.0	18.9
SA20160210_EPKMIBEH_02354	SA20160172_GPHLOGML_00964	100.000	393	0	0	1	393	1	393	0.0	787
SA20160210_EPKMIBEH_02354	SA20160172_GPHLOGML_00970	36.111	36	20	2	302	336	461	494	0.067	24.6
SA20160210_EPKMIBEH_02354	SA20160172_GPHLOGML_00969	34.483	29	19	0	219	247	195	223	2.0	19.6
SA20160210_EPKMIBEH_02354	SA20160172_GPHLOGML_00979	22.581	31	24	0	256	286	123	153	8.0	17.7
SA20160210_EPKMIBEH_02355	SA20160172_GPHLOGML_00965	100.000	190	0	0	1	190	1	190	3.89e-143	387
SA20160210_EPKMIBEH_02355	SA20160172_GPHLOGML_00973	27.711	83	54	3	100	177	40	121	0.041	23.9
SA20160210_EPKMIBEH_02355	SA20160172_GPHLOGML_00978	30.435	23	16	0	98	120	526	548	3.3	18.1
SA20160210_EPKMIBEH_02355	SA20160172_GPHLOGML_00969	31.579	19	13	0	72	90	377	395	4.8	17.3
SA20160210_EPKMIBEH_02355	SA20160172_GPHLOGML_00980	27.083	48	28	2	1	41	456	503	5.8	17.3
SA20160210_EPKMIBEH_02355	SA20160172_GPHLOGML_00963	38.462	13	8	0	65	77	285	297	7.2	16.9
SA20160210_EPKMIBEH_02355	SA20160172_GPHLOGML_00968	29.032	62	40	2	84	141	42	103	8.4	16.5
SA20160210_EPKMIBEH_02356	SA20160172_GPHLOGML_00966	100.000	90	0	0	1	90	1	90	5.14e-65	181
SA20160210_EPKMIBEH_02356	SA20160172_GPHLOGML_00980	50.000	10	5	0	45	54	78	87	1.3	17.7
SA20160210_EPKMIBEH_02356	SA20160172_GPHLOGML_00970	36.842	19	12	0	44	62	672	690	8.2	15.4
SA20160210_EPKMIBEH_02357	SA20160172_GPHLOGML_00967	99.500	200	1	0	1	200	1	200	2.97e-152	411
SA20160210_EPKMIBEH_02357	SA20160172_GPHLOGML_00970	34.211	38	22	1	130	167	103	137	0.92	20.0
SA20160210_EPKMIBEH_02357	SA20160172_GPHLOGML_00969	34.091	44	22	3	42	83	201	239	2.2	18.5
SA20160210_EPKMIBEH_02357	SA20160172_GPHLOGML_00973	23.729	59	38	2	78	136	145	196	3.0	18.1
SA20160210_EPKMIBEH_02357	SA20160172_GPHLOGML_00974	50.000	10	5	0	160	169	3	12	3.1	17.3
SA20160210_EPKMIBEH_02357	SA20160172_GPHLOGML_00968	25.490	51	28	1	24	64	76	126	5.2	17.3
SA20160210_EPKMIBEH_02357	SA20160172_GPHLOGML_00963	21.951	41	32	0	80	120	798	838	8.5	16.9
SA20160210_EPKMIBEH_02358	SA20160172_GPHLOGML_00968	100.000	187	0	0	1	187	1	187	3.32e-145	392
SA20160210_EPKMIBEH_02358	SA20160172_GPHLOGML_00967	25.490	51	28	1	76	126	24	64	5.3	17.3
SA20160210_EPKMIBEH_02358	SA20160172_GPHLOGML_00965	28.571	63	41	2	41	103	83	141	5.6	16.9
SA20160210_EPKMIBEH_02358	SA20160172_GPHLOGML_00978	30.000	30	19	1	18	47	379	406	6.0	17.3
SA20160210_EPKMIBEH_02358	SA20160172_GPHLOGML_00969	27.586	29	21	0	129	157	249	277	8.9	16.5
SA20160210_EPKMIBEH_02358	SA20160172_GPHLOGML_00979	53.333	15	7	0	168	182	13	27	9.4	16.5
SA20160210_EPKMIBEH_02359	SA20160172_GPHLOGML_00969	100.000	405	0	0	1	405	1	405	0.0	834
SA20160210_EPKMIBEH_02359	SA20160172_GPHLOGML_00975	50.000	20	10	0	282	301	152	171	0.21	23.1
SA20160210_EPKMIBEH_02359	SA20160172_GPHLOGML_00980	22.222	36	28	0	276	311	341	376	0.25	22.7
SA20160210_EPKMIBEH_02359	SA20160172_GPHLOGML_00964	34.483	29	19	0	195	223	219	247	2.1	19.6
SA20160210_EPKMIBEH_02359	SA20160172_GPHLOGML_00967	34.091	44	22	3	201	239	42	83	4.1	18.9
SA20160210_EPKMIBEH_02360	SA20160172_GPHLOGML_00970	100.000	695	0	0	1	695	1	695	0.0	1427
SA20160210_EPKMIBEH_02360	SA20160172_GPHLOGML_00964	36.111	36	20	2	461	494	302	336	0.12	24.6
SA20160210_EPKMIBEH_02360	SA20160172_GPHLOGML_00980	30.189	106	52	6	240	333	466	561	2.0	20.8
SA20160210_EPKMIBEH_02360	SA20160172_GPHLOGML_00967	34.211	38	22	1	103	137	130	167	3.4	19.6
SA20160210_EPKMIBEH_02361	SA20160172_GPHLOGML_00971	100.000	210	0	0	1	210	1	210	8.01e-162	436
SA20160210_EPKMIBEH_02361	SA20160172_GPHLOGML_00963	26.667	60	36	1	62	113	761	820	0.086	23.1
SA20160210_EPKMIBEH_02361	SA20160172_GPHLOGML_00978	34.375	32	16	1	178	209	37	63	1.00	19.6
SA20160210_EPKMIBEH_02362	SA20160172_GPHLOGML_00972	100.000	134	0	0	1	134	1	134	5.76e-102	278
SA20160210_EPKMIBEH_02362	SA20160172_GPHLOGML_00981	27.273	33	24	0	29	61	9	41	1.8	17.3
SA20160210_EPKMIBEH_02362	SA20160172_GPHLOGML_00978	21.818	55	42	1	2	55	277	331	2.5	17.7
SA20160210_EPKMIBEH_02362	SA20160172_GPHLOGML_00963	34.783	23	15	0	110	132	70	92	7.1	16.5
SA20160210_EPKMIBEH_02363	SA20160172_GPHLOGML_00973	100.000	289	0	0	1	289	1	289	0.0	598
SA20160210_EPKMIBEH_02363	SA20160172_GPHLOGML_00965	27.711	83	54	3	40	121	100	177	0.091	23.5
SA20160210_EPKMIBEH_02363	SA20160172_GPHLOGML_00979	20.312	64	48	1	154	217	75	135	3.1	18.5
SA20160210_EPKMIBEH_02363	SA20160172_GPHLOGML_00967	23.729	59	38	2	145	196	78	136	4.2	18.1
SA20160210_EPKMIBEH_02363	SA20160172_GPHLOGML_00975	31.579	38	12	1	230	253	106	143	5.1	18.1
SA20160210_EPKMIBEH_02363	SA20160172_GPHLOGML_00978	35.294	17	11	0	253	269	327	343	6.4	17.7
SA20160210_EPKMIBEH_02363	SA20160172_GPHLOGML_00963	40.000	30	17	1	57	85	41	70	8.1	17.3
SA20160210_EPKMIBEH_02363	SA20160172_GPHLOGML_00970	50.000	10	5	0	161	170	685	694	9.2	17.3
SA20160210_EPKMIBEH_02364	SA20160172_GPHLOGML_00974	100.000	72	0	0	1	72	1	72	6.97e-53	149
SA20160210_EPKMIBEH_02364	SA20160172_GPHLOGML_00967	50.000	10	5	0	3	12	160	169	1.1	17.3
SA20160210_EPKMIBEH_02364	SA20160172_GPHLOGML_00969	31.111	45	29	1	5	47	350	394	1.9	16.9
SA20160210_EPKMIBEH_02365	SA20160172_GPHLOGML_00975	100.000	340	0	0	1	340	1	340	0.0	708
SA20160210_EPKMIBEH_02365	SA20160172_GPHLOGML_00978	37.037	27	17	0	132	158	62	88	0.010	26.9
SA20160210_EPKMIBEH_02365	SA20160172_GPHLOGML_00969	50.000	20	10	0	152	171	282	301	0.18	23.1
SA20160210_EPKMIBEH_02365	SA20160172_GPHLOGML_00973	31.579	38	12	1	106	143	230	253	5.9	18.1
SA20160210_EPKMIBEH_02365	SA20160172_GPHLOGML_00970	45.455	22	10	1	123	142	137	158	7.6	17.7
SA20160210_EPKMIBEH_02366	SA20160172_GPHLOGML_00976	100.000	103	0	0	1	103	1	103	2.30e-77	214
SA20160210_EPKMIBEH_02366	SA20160172_GPHLOGML_00963	45.455	22	7	1	71	92	320	336	1.7	17.7
SA20160210_EPKMIBEH_02366	SA20160172_GPHLOGML_00962	24.324	37	28	0	40	76	65	101	3.2	16.5
SA20160210_EPKMIBEH_02366	SA20160172_GPHLOGML_00978	41.176	17	10	0	10	26	417	433	9.9	15.4
SA20160210_EPKMIBEH_02367	SA20160172_GPHLOGML_00977	100.000	73	0	0	1	73	1	73	8.86e-52	147
SA20160210_EPKMIBEH_02367	SA20160172_GPHLOGML_00964	50.000	10	5	0	40	49	347	356	3.0	16.2
SA20160210_EPKMIBEH_02368	SA20160172_GPHLOGML_00978	100.000	635	0	0	1	635	1	635	0.0	1303
SA20160210_EPKMIBEH_02368	SA20160172_GPHLOGML_00975	37.037	27	17	0	62	88	132	158	0.019	26.9
SA20160210_EPKMIBEH_02368	SA20160172_GPHLOGML_00963	42.857	21	12	0	10	30	71	91	2.2	20.4
SA20160210_EPKMIBEH_02368	SA20160172_GPHLOGML_00971	34.375	32	16	1	37	63	178	209	3.0	19.6
SA20160210_EPKMIBEH_02369	SA20160172_GPHLOGML_00979	100.000	183	0	0	1	183	1	183	1.98e-141	382
SA20160210_EPKMIBEH_02369	SA20160172_GPHLOGML_00963	41.176	17	10	0	161	177	510	526	1.7	18.9
SA20160210_EPKMIBEH_02369	SA20160172_GPHLOGML_00973	20.312	64	48	1	75	135	154	217	2.0	18.5
SA20160210_EPKMIBEH_02369	SA20160172_GPHLOGML_00980	50.000	16	8	0	108	123	469	484	2.5	18.5
SA20160210_EPKMIBEH_02369	SA20160172_GPHLOGML_00964	22.581	31	24	0	123	153	256	286	3.7	17.7
SA20160210_EPKMIBEH_02369	SA20160172_GPHLOGML_00968	53.333	15	7	0	13	27	168	182	9.2	16.5
SA20160210_EPKMIBEH_02370	SA20160172_GPHLOGML_00980	100.000	601	0	0	1	601	1	601	0.0	1197
SA20160210_EPKMIBEH_02370	SA20160172_GPHLOGML_00969	22.222	36	28	0	341	376	276	311	0.39	22.7
SA20160210_EPKMIBEH_02370	SA20160172_GPHLOGML_00970	30.189	106	52	6	466	561	240	333	1.7	20.8
SA20160210_EPKMIBEH_02370	SA20160172_GPHLOGML_00963	41.176	17	10	0	311	327	661	677	4.8	19.2
SA20160210_EPKMIBEH_02370	SA20160172_GPHLOGML_00966	50.000	10	5	0	78	87	45	54	7.7	18.1
SA20160210_EPKMIBEH_02370	SA20160172_GPHLOGML_00979	50.000	16	8	0	469	484	108	123	8.6	18.1
SA20160210_EPKMIBEH_02371	SA20160172_GPHLOGML_00981	100.000	66	0	0	1	66	1	66	2.42e-48	137
SA20160210_EPKMIBEH_02371	SA20160172_GPHLOGML_00972	27.273	33	24	0	9	41	29	61	0.87	17.3
SA20160210_EPKMIBEH_02371	SA20160172_GPHLOGML_00978	31.250	32	20	2	26	56	534	564	2.9	16.2
SA20160172_GPHLOGML_00961	SA20160172_GPHLOGML_00961	100.000	269	0	0	1	269	1	269	0.0	538
SA20160172_GPHLOGML_00961	SA20160172_GPHLOGML_00980	27.273	44	31	1	37	79	59	102	9.2	17.3
SA20160172_GPHLOGML_00962	SA20160172_GPHLOGML_00962	100.000	108	0	0	1	108	1	108	9.61e-82	225
SA20160172_GPHLOGML_00962	SA20160172_GPHLOGML_00976	24.324	37	28	0	65	101	40	76	3.4	16.5
SA20160172_GPHLOGML_00962	SA20160172_GPHLOGML_00964	26.316	38	28	0	17	54	20	57	8.8	15.8
SA20160172_GPHLOGML_00962	SA20160172_GPHLOGML_00970	45.000	20	10	1	79	97	573	592	9.9	15.4
SA20160172_GPHLOGML_00963	SA20160172_GPHLOGML_00963	100.000	847	0	0	1	847	1	847	0.0	1754
SA20160172_GPHLOGML_00963	SA20160172_GPHLOGML_00971	26.667	60	36	1	761	820	62	113	0.38	23.1
SA20160172_GPHLOGML_00963	SA20160172_GPHLOGML_00978	42.857	21	12	0	71	91	10	30	2.9	20.4
SA20160172_GPHLOGML_00963	SA20160172_GPHLOGML_00975	29.412	34	24	0	148	181	152	185	3.5	20.0
SA20160172_GPHLOGML_00963	SA20160172_GPHLOGML_00980	41.176	17	10	0	661	677	311	327	7.1	19.2
SA20160172_GPHLOGML_00963	SA20160172_GPHLOGML_00979	41.176	17	10	0	510	526	161	177	8.0	18.9
SA20160172_GPHLOGML_00964	SA20160172_GPHLOGML_00964	100.000	393	0	0	1	393	1	393	0.0	787
SA20160172_GPHLOGML_00964	SA20160172_GPHLOGML_00970	36.111	36	20	2	302	336	461	494	0.067	24.6
SA20160172_GPHLOGML_00964	SA20160172_GPHLOGML_00969	34.483	29	19	0	219	247	195	223	2.0	19.6
SA20160172_GPHLOGML_00964	SA20160172_GPHLOGML_00979	22.581	31	24	0	256	286	123	153	8.0	17.7
SA20160172_GPHLOGML_00965	SA20160172_GPHLOGML_00965	100.000	190	0	0	1	190	1	190	3.89e-143	387
SA20160172_GPHLOGML_00965	SA20160172_GPHLOGML_00973	27.711	83	54	3	100	177	40	121	0.041	23.9
SA20160172_GPHLOGML_00965	SA20160172_GPHLOGML_00978	30.435	23	16	0	98	120	526	548	3.3	18.1
SA20160172_GPHLOGML_00965	SA20160172_GPHLOGML_00969	31.579	19	13	0	72	90	377	395	4.8	17.3
SA20160172_GPHLOGML_00965	SA20160172_GPHLOGML_00980	27.083	48	28	2	1	41	456	503	5.8	17.3
SA20160172_GPHLOGML_00965	SA20160172_GPHLOGML_00963	38.462	13	8	0	65	77	285	297	7.2	16.9
SA20160172_GPHLOGML_00966	SA20160172_GPHLOGML_00966	100.000	90	0	0	1	90	1	90	5.14e-65	181
SA20160172_GPHLOGML_00966	SA20160172_GPHLOGML_00980	50.000	10	5	0	45	54	78	87	1.3	17.7
SA20160172_GPHLOGML_00966	SA20160172_GPHLOGML_00970	36.842	19	12	0	44	62	672	690	8.2	15.4
SA20160172_GPHLOGML_00967	SA20160172_GPHLOGML_00967	100.000	200	0	0	1	200	1	200	4.55e-153	413
SA20160172_GPHLOGML_00967	SA20160172_GPHLOGML_00970	34.211	38	22	1	130	167	103	137	0.97	19.6
SA20160172_GPHLOGML_00967	SA20160172_GPHLOGML_00969	34.091	44	22	3	42	83	201	239	2.0	18.9
SA20160172_GPHLOGML_00967	SA20160172_GPHLOGML_00973	23.729	59	38	2	78	136	145	196	2.9	18.1
SA20160172_GPHLOGML_00967	SA20160172_GPHLOGML_00974	50.000	10	5	0	160	169	3	12	3.0	17.3
SA20160172_GPHLOGML_00967	SA20160172_GPHLOGML_00968	25.490	51	28	1	24	64	76	126	5.7	17.3
SA20160172_GPHLOGML_00968	SA20160172_GPHLOGML_00968	100.000	187	0	0	1	187	1	187	3.32e-145	392
SA20160172_GPHLOGML_00968	SA20160172_GPHLOGML_00967	25.490	51	28	1	76	126	24	64	5.3	17.3
SA20160172_GPHLOGML_00968	SA20160172_GPHLOGML_00978	30.000	30	19	1	18	47	379	406	6.0	17.3
SA20160172_GPHLOGML_00968	SA20160172_GPHLOGML_00969	27.586	29	21	0	129	157	249	277	8.9	16.5
SA20160172_GPHLOGML_00968	SA20160172_GPHLOGML_00979	53.333	15	7	0	168	182	13	27	9.4	16.5
SA20160172_GPHLOGML_00969	SA20160172_GPHLOGML_00969	100.000	405	0	0	1	405	1	405	0.0	834
SA20160172_GPHLOGML_00969	SA20160172_GPHLOGML_00975	50.000	20	10	0	282	301	152	171	0.21	23.1
SA20160172_GPHLOGML_00969	SA20160172_GPHLOGML_00980	22.222	36	28	0	276	311	341	376	0.25	22.7
SA20160172_GPHLOGML_00969	SA20160172_GPHLOGML_00964	34.483	29	19	0	195	223	219	247	2.1	19.6
SA20160172_GPHLOGML_00969	SA20160172_GPHLOGML_00967	34.091	44	22	3	201	239	42	83	4.1	18.9
SA20160172_GPHLOGML_00970	SA20160172_GPHLOGML_00970	100.000	695	0	0	1	695	1	695	0.0	1427
SA20160172_GPHLOGML_00970	SA20160172_GPHLOGML_00964	36.111	36	20	2	461	494	302	336	0.12	24.6
SA20160172_GPHLOGML_00970	SA20160172_GPHLOGML_00980	30.189	106	52	6	240	333	466	561	2.0	20.8
SA20160172_GPHLOGML_00971	SA20160172_GPHLOGML_00971	100.000	210	0	0	1	210	1	210	8.01e-162	436
SA20160172_GPHLOGML_00971	SA20160172_GPHLOGML_00963	26.667	60	36	1	62	113	761	820	0.086	23.1
SA20160172_GPHLOGML_00971	SA20160172_GPHLOGML_00978	34.375	32	16	1	178	209	37	63	1.00	19.6
SA20160172_GPHLOGML_00972	SA20160172_GPHLOGML_00972	100.000	134	0	0	1	134	1	134	5.76e-102	278
SA20160172_GPHLOGML_00972	SA20160172_GPHLOGML_00981	27.273	33	24	0	29	61	9	41	1.8	17.3
SA20160172_GPHLOGML_00972	SA20160172_GPHLOGML_00978	21.818	55	42	1	2	55	277	331	2.5	17.7
SA20160172_GPHLOGML_00972	SA20160172_GPHLOGML_00963	34.783	23	15	0	110	132	70	92	7.1	16.5
SA20160172_GPHLOGML_00973	SA20160172_GPHLOGML_00973	100.000	289	0	0	1	289	1	289	0.0	598
SA20160172_GPHLOGML_00973	SA20160172_GPHLOGML_00965	27.711	83	54	3	40	121	100	177	0.091	23.5
SA20160172_GPHLOGML_00973	SA20160172_GPHLOGML_00979	20.312	64	48	1	154	217	75	135	3.1	18.5
SA20160172_GPHLOGML_00973	SA20160172_GPHLOGML_00967	23.729	59	38	2	145	196	78	136	4.2	18.1
SA20160172_GPHLOGML_00973	SA20160172_GPHLOGML_00975	31.579	38	12	1	230	253	106	143	5.1	18.1
SA20160172_GPHLOGML_00973	SA20160172_GPHLOGML_00978	35.294	17	11	0	253	269	327	343	6.4	17.7
SA20160172_GPHLOGML_00973	SA20160172_GPHLOGML_00963	40.000	30	17	1	57	85	41	70	8.1	17.3
SA20160172_GPHLOGML_00973	SA20160172_GPHLOGML_00970	50.000	10	5	0	161	170	685	694	9.2	17.3
SA20160172_GPHLOGML_00974	SA20160172_GPHLOGML_00974	100.000	72	0	0	1	72	1	72	6.97e-53	149
SA20160172_GPHLOGML_00974	SA20160172_GPHLOGML_00967	50.000	10	5	0	3	12	160	169	1.1	17.3
SA20160172_GPHLOGML_00974	SA20160172_GPHLOGML_00969	31.111	45	29	1	5	47	350	394	1.9	16.9
SA20160172_GPHLOGML_00975	SA20160172_GPHLOGML_00975	100.000	340	0	0	1	340	1	340	0.0	708
SA20160172_GPHLOGML_00975	SA20160172_GPHLOGML_00978	37.037	27	17	0	132	158	62	88	0.010	26.9
SA20160172_GPHLOGML_00975	SA20160172_GPHLOGML_00969	50.000	20	10	0	152	171	282	301	0.18	23.1
SA20160172_GPHLOGML_00975	SA20160172_GPHLOGML_00973	31.579	38	12	1	106	143	230	253	5.9	18.1
SA20160172_GPHLOGML_00975	SA20160172_GPHLOGML_00970	45.455	22	10	1	123	142	137	158	7.6	17.7
SA20160172_GPHLOGML_00976	SA20160172_GPHLOGML_00976	100.000	103	0	0	1	103	1	103	2.30e-77	214
SA20160172_GPHLOGML_00976	SA20160172_GPHLOGML_00963	45.455	22	7	1	71	92	320	336	1.7	17.7
SA20160172_GPHLOGML_00976	SA20160172_GPHLOGML_00962	24.324	37	28	0	40	76	65	101	3.2	16.5
SA20160172_GPHLOGML_00976	SA20160172_GPHLOGML_00978	41.176	17	10	0	10	26	417	433	9.9	15.4
SA20160172_GPHLOGML_00977	SA20160172_GPHLOGML_00977	100.000	73	0	0	1	73	1	73	8.86e-52	147
SA20160172_GPHLOGML_00977	SA20160172_GPHLOGML_00964	50.000	10	5	0	40	49	347	356	3.0	16.2
SA20160172_GPHLOGML_00978	SA20160172_GPHLOGML_00978	100.000	635	0	0	1	635	1	635	0.0	1303
SA20160172_GPHLOGML_00978	SA20160172_GPHLOGML_00975	37.037	27	17	0	62	88	132	158	0.019	26.9
SA20160172_GPHLOGML_00978	SA20160172_GPHLOGML_00963	42.857	21	12	0	10	30	71	91	2.2	20.4
SA20160172_GPHLOGML_00978	SA20160172_GPHLOGML_00971	34.375	32	16	1	37	63	178	209	3.0	19.6
SA20160172_GPHLOGML_00979	SA20160172_GPHLOGML_00979	100.000	183	0	0	1	183	1	183	1.98e-141	382
SA20160172_GPHLOGML_00979	SA20160172_GPHLOGML_00963	41.176	17	10	0	161	177	510	526	1.7	18.9
SA20160172_GPHLOGML_00979	SA20160172_GPHLOGML_00973	20.312	64	48	1	75	135	154	217	2.0	18.5
SA20160172_GPHLOGML_00979	SA20160172_GPHLOGML_00980	50.000	16	8	0	108	123	469	484	2.5	18.5
SA20160172_GPHLOGML_00979	SA20160172_GPHLOGML_00964	22.581	31	24	0	123	153	256	286	3.7	17.7
SA20160172_GPHLOGML_00979	SA20160172_GPHLOGML_00968	53.333	15	7	0	13	27	168	182	9.2	16.5
SA20160172_GPHLOGML_00980	SA20160172_GPHLOGML_00980	100.000	601	0	0	1	601	1	601	0.0	1197
SA20160172_GPHLOGML_00980	SA20160172_GPHLOGML_00969	22.222	36	28	0	341	376	276	311	0.39	22.7
SA20160172_GPHLOGML_00980	SA20160172_GPHLOGML_00970	30.189	106	52	6	466	561	240	333	1.7	20.8
SA20160172_GPHLOGML_00980	SA20160172_GPHLOGML_00963	41.176	17	10	0	311	327	661	677	4.8	19.2
SA20160172_GPHLOGML_00980	SA20160172_GPHLOGML_00966	50.000	10	5	0	78	87	45	54	7.7	18.1
SA20160172_GPHLOGML_00980	SA20160172_GPHLOGML_00979	50.000	16	8	0	469	484	108	123	8.6	18.1
SA20160172_GPHLOGML_00981	SA20160172_GPHLOGML_00981	100.000	66	0	0	1	66	1	66	2.42e-48	137
SA20160172_GPHLOGML_00981	SA20160172_GPHLOGML_00972	27.273	33	24	0	9	41	29	61	0.87	17.3
SA20160172_GPHLOGML_00981	SA20160172_GPHLOGML_00978	31.250	32	20	2	26	56	534	564	2.9	16.2
SA20160210_EPKMIBEH_02351	SA20160210_EPKMIBEH_02351	100.000	269	0	0	1	269	1	269	0.0	538
SA20160210_EPKMIBEH_02351	SA20160210_EPKMIBEH_02370	27.273	44	31	1	37	79	59	102	9.2	17.3
SA20160210_EPKMIBEH_02352	SA20160210_EPKMIBEH_02352	100.000	108	0	0	1	108	1	108	9.61e-82	225
SA20160210_EPKMIBEH_02352	SA20160210_EPKMIBEH_02366	24.324	37	28	0	65	101	40	76	3.4	16.5
SA20160210_EPKMIBEH_02352	SA20160210_EPKMIBEH_02354	26.316	38	28	0	17	54	20	57	8.8	15.8
SA20160210_EPKMIBEH_02352	SA20160210_EPKMIBEH_02360	45.000	20	10	1	79	97	573	592	9.9	15.4
SA20160210_EPKMIBEH_02353	SA20160210_EPKMIBEH_02353	100.000	847	0	0	1	847	1	847	0.0	1754
SA20160210_EPKMIBEH_02353	SA20160210_EPKMIBEH_02361	26.667	60	36	1	761	820	62	113	0.38	23.1
SA20160210_EPKMIBEH_02353	SA20160210_EPKMIBEH_02368	42.857	21	12	0	71	91	10	30	2.9	20.4
SA20160210_EPKMIBEH_02353	SA20160210_EPKMIBEH_02365	29.412	34	24	0	148	181	152	185	3.5	20.0
SA20160210_EPKMIBEH_02353	SA20160210_EPKMIBEH_02370	41.176	17	10	0	661	677	311	327	7.1	19.2
SA20160210_EPKMIBEH_02353	SA20160210_EPKMIBEH_02369	41.176	17	10	0	510	526	161	177	8.0	18.9
SA20160210_EPKMIBEH_02354	SA20160210_EPKMIBEH_02354	100.000	393	0	0	1	393	1	393	0.0	787
SA20160210_EPKMIBEH_02354	SA20160210_EPKMIBEH_02360	36.111	36	20	2	302	336	461	494	0.067	24.6
SA20160210_EPKMIBEH_02354	SA20160210_EPKMIBEH_02359	34.483	29	19	0	219	247	195	223	2.0	19.6
SA20160210_EPKMIBEH_02354	SA20160210_EPKMIBEH_02369	22.581	31	24	0	256	286	123	153	8.0	17.7
SA20160210_EPKMIBEH_02355	SA20160210_EPKMIBEH_02355	100.000	190	0	0	1	190	1	190	3.89e-143	387
SA20160210_EPKMIBEH_02355	SA20160210_EPKMIBEH_02363	27.711	83	54	3	100	177	40	121	0.041	23.9
SA20160210_EPKMIBEH_02355	SA20160210_EPKMIBEH_02368	30.435	23	16	0	98	120	526	548	3.3	18.1
SA20160210_EPKMIBEH_02355	SA20160210_EPKMIBEH_02359	31.579	19	13	0	72	90	377	395	4.8	17.3
SA20160210_EPKMIBEH_02355	SA20160210_EPKMIBEH_02370	27.083	48	28	2	1	41	456	503	5.8	17.3
SA20160210_EPKMIBEH_02355	SA20160210_EPKMIBEH_02353	38.462	13	8	0	65	77	285	297	7.2	16.9
SA20160210_EPKMIBEH_02356	SA20160210_EPKMIBEH_02356	100.000	90	0	0	1	90	1	90	5.14e-65	181
SA20160210_EPKMIBEH_02356	SA20160210_EPKMIBEH_02370	50.000	10	5	0	45	54	78	87	1.3	17.7
SA20160210_EPKMIBEH_02356	SA20160210_EPKMIBEH_02360	36.842	19	12	0	44	62	672	690	8.2	15.4
SA20160210_EPKMIBEH_02357	SA20160210_EPKMIBEH_02357	100.000	200	0	0	1	200	1	200	3.24e-153	413
SA20160210_EPKMIBEH_02357	SA20160210_EPKMIBEH_02360	34.211	38	22	1	130	167	103	137	0.92	20.0
SA20160210_EPKMIBEH_02357	SA20160210_EPKMIBEH_02359	34.091	44	22	3	42	83	201	239	2.2	18.5
SA20160210_EPKMIBEH_02357	SA20160210_EPKMIBEH_02363	23.729	59	38	2	78	136	145	196	3.0	18.1
SA20160210_EPKMIBEH_02357	SA20160210_EPKMIBEH_02364	50.000	10	5	0	160	169	3	12	3.1	17.3
SA20160210_EPKMIBEH_02357	SA20160210_EPKMIBEH_02358	25.490	51	28	1	24	64	76	126	5.2	17.3
SA20160210_EPKMIBEH_02357	SA20160210_EPKMIBEH_02353	21.951	41	32	0	80	120	798	838	8.5	16.9
SA20160210_EPKMIBEH_02358	SA20160210_EPKMIBEH_02358	100.000	187	0	0	1	187	1	187	3.32e-145	392
SA20160210_EPKMIBEH_02358	SA20160210_EPKMIBEH_02357	25.490	51	28	1	76	126	24	64	4.9	17.3
SA20160210_EPKMIBEH_02358	SA20160210_EPKMIBEH_02368	30.000	30	19	1	18	47	379	406	6.0	17.3
SA20160210_EPKMIBEH_02358	SA20160210_EPKMIBEH_02359	27.586	29	21	0	129	157	249	277	8.9	16.5
SA20160210_EPKMIBEH_02358	SA20160210_EPKMIBEH_02369	53.333	15	7	0	168	182	13	27	9.4	16.5
SA20160210_EPKMIBEH_02359	SA20160210_EPKMIBEH_02359	100.000	405	0	0	1	405	1	405	0.0	834
SA20160210_EPKMIBEH_02359	SA20160210_EPKMIBEH_02365	50.000	20	10	0	282	301	152	171	0.21	23.1
SA20160210_EPKMIBEH_02359	SA20160210_EPKMIBEH_02370	22.222	36	28	0	276	311	341	376	0.25	22.7
SA20160210_EPKMIBEH_02359	SA20160210_EPKMIBEH_02354	34.483	29	19	0	195	223	219	247	2.1	19.6
SA20160210_EPKMIBEH_02359	SA20160210_EPKMIBEH_02357	34.091	44	22	3	201	239	42	83	4.4	18.5
SA20160210_EPKMIBEH_02360	SA20160210_EPKMIBEH_02360	100.000	695	0	0	1	695	1	695	0.0	1427
SA20160210_EPKMIBEH_02360	SA20160210_EPKMIBEH_02354	36.111	36	20	2	461	494	302	336	0.12	24.6
SA20160210_EPKMIBEH_02360	SA20160210_EPKMIBEH_02370	30.189	106	52	6	240	333	466	561	2.0	20.8
SA20160210_EPKMIBEH_02361	SA20160210_EPKMIBEH_02361	100.000	210	0	0	1	210	1	210	8.01e-162	436
SA20160210_EPKMIBEH_02361	SA20160210_EPKMIBEH_02353	26.667	60	36	1	62	113	761	820	0.086	23.1
SA20160210_EPKMIBEH_02361	SA20160210_EPKMIBEH_02368	34.375	32	16	1	178	209	37	63	1.00	19.6
SA20160210_EPKMIBEH_02362	SA20160210_EPKMIBEH_02362	100.000	134	0	0	1	134	1	134	5.76e-102	278
SA20160210_EPKMIBEH_02362	SA20160210_EPKMIBEH_02371	27.273	33	24	0	29	61	9	41	1.8	17.3
SA20160210_EPKMIBEH_02362	SA20160210_EPKMIBEH_02368	21.818	55	42	1	2	55	277	331	2.5	17.7
SA20160210_EPKMIBEH_02362	SA20160210_EPKMIBEH_02353	34.783	23	15	0	110	132	70	92	7.1	16.5
SA20160210_EPKMIBEH_02363	SA20160210_EPKMIBEH_02363	100.000	289	0	0	1	289	1	289	0.0	598
SA20160210_EPKMIBEH_02363	SA20160210_EPKMIBEH_02355	27.711	83	54	3	40	121	100	177	0.091	23.5
SA20160210_EPKMIBEH_02363	SA20160210_EPKMIBEH_02369	20.312	64	48	1	154	217	75	135	3.1	18.5
SA20160210_EPKMIBEH_02363	SA20160210_EPKMIBEH_02357	23.729	59	38	2	145	196	78	136	4.3	18.1
SA20160210_EPKMIBEH_02363	SA20160210_EPKMIBEH_02365	31.579	38	12	1	230	253	106	143	5.1	18.1
SA20160210_EPKMIBEH_02363	SA20160210_EPKMIBEH_02368	35.294	17	11	0	253	269	327	343	6.4	17.7
SA20160210_EPKMIBEH_02363	SA20160210_EPKMIBEH_02353	40.000	30	17	1	57	85	41	70	8.1	17.3
SA20160210_EPKMIBEH_02363	SA20160210_EPKMIBEH_02360	50.000	10	5	0	161	170	685	694	9.2	17.3
SA20160210_EPKMIBEH_02364	SA20160210_EPKMIBEH_02364	100.000	72	0	0	1	72	1	72	6.97e-53	149
SA20160210_EPKMIBEH_02364	SA20160210_EPKMIBEH_02357	50.000	10	5	0	3	12	160	169	1.1	17.3
SA20160210_EPKMIBEH_02364	SA20160210_EPKMIBEH_02359	31.111	45	29	1	5	47	350	394	1.9	16.9
SA20160210_EPKMIBEH_02365	SA20160210_EPKMIBEH_02365	100.000	340	0	0	1	340	1	340	0.0	708
SA20160210_EPKMIBEH_02365	SA20160210_EPKMIBEH_02368	37.037	27	17	0	132	158	62	88	0.010	26.9
SA20160210_EPKMIBEH_02365	SA20160210_EPKMIBEH_02359	50.000	20	10	0	152	171	282	301	0.18	23.1
SA20160210_EPKMIBEH_02365	SA20160210_EPKMIBEH_02363	31.579	38	12	1	106	143	230	253	5.9	18.1
SA20160210_EPKMIBEH_02365	SA20160210_EPKMIBEH_02360	45.455	22	10	1	123	142	137	158	7.6	17.7
SA20160210_EPKMIBEH_02366	SA20160210_EPKMIBEH_02366	100.000	103	0	0	1	103	1	103	2.30e-77	214
SA20160210_EPKMIBEH_02366	SA20160210_EPKMIBEH_02353	45.455	22	7	1	71	92	320	336	1.7	17.7
SA20160210_EPKMIBEH_02366	SA20160210_EPKMIBEH_02352	24.324	37	28	0	40	76	65	101	3.2	16.5
SA20160210_EPKMIBEH_02366	SA20160210_EPKMIBEH_02368	41.176	17	10	0	10	26	417	433	9.9	15.4
SA20160210_EPKMIBEH_02367	SA20160210_EPKMIBEH_02367	100.000	73	0	0	1	73	1	73	8.86e-52	147
SA20160210_EPKMIBEH_02367	SA20160210_EPKMIBEH_02354	50.000	10	5	0	40	49	347	356	3.0	16.2
SA20160210_EPKMIBEH_02368	SA20160210_EPKMIBEH_02368	100.000	635	0	0	1	635	1	635	0.0	1303
SA20160210_EPKMIBEH_02368	SA20160210_EPKMIBEH_02365	37.037	27	17	0	62	88	132	158	0.019	26.9
SA20160210_EPKMIBEH_02368	SA20160210_EPKMIBEH_02353	42.857	21	12	0	10	30	71	91	2.2	20.4
SA20160210_EPKMIBEH_02368	SA20160210_EPKMIBEH_02361	34.375	32	16	1	37	63	178	209	3.0	19.6
SA20160210_EPKMIBEH_02369	SA20160210_EPKMIBEH_02369	100.000	183	0	0	1	183	1	183	1.98e-141	382
SA20160210_EPKMIBEH_02369	SA20160210_EPKMIBEH_02353	41.176	17	10	0	161	177	510	526	1.7	18.9
SA20160210_EPKMIBEH_02369	SA20160210_EPKMIBEH_02363	20.312	64	48	1	75	135	154	217	2.0	18.5
SA20160210_EPKMIBEH_02369	SA20160210_EPKMIBEH_02370	50.000	16	8	0	108	123	469	484	2.5	18.5
SA20160210_EPKMIBEH_02369	SA20160210_EPKMIBEH_02354	22.581	31	24	0	123	153	256	286	3.7	17.7
SA20160210_EPKMIBEH_02369	SA20160210_EPKMIBEH_02358	53.333	15	7	0	13	27	168	182	9.2	16.5
SA20160210_EPKMIBEH_02370	SA20160210_EPKMIBEH_02370	100.000	601	0	0	1	601	1	601	0.0	1197
SA20160210_EPKMIBEH_02370	SA20160210_EPKMIBEH_02359	22.222	36	28	0	341	376	276	311	0.39	22.7
SA20160210_EPKMIBEH_02370	SA20160210_EPKMIBEH_02360	30.189	106	52	6	466	561	240	333	1.7	20.8
SA20160210_EPKMIBEH_02370	SA20160210_EPKMIBEH_02353	41.176	17	10	0	311	327	661	677	4.8	19.2
SA20160210_EPKMIBEH_02370	SA20160210_EPKMIBEH_02356	50.000	10	5	0	78	87	45	54	7.7	18.1
SA20160210_EPKMIBEH_02370	SA20160210_EPKMIBEH_02369	50.000	16	8	0	469	484	108	123	8.6	18.1
SA20160210_EPKMIBEH_02371	SA20160210_EPKMIBEH_02371	100.000	66	0	0	1	66	1	66	2.42e-48	137
SA20160210_EPKMIBEH_02371	SA20160210_EPKMIBEH_02362	27.273	33	24	0	9	41	29	61	0.87	17.3
SA20160210_EPKMIBEH_02371	SA20160210_EPKMIBEH_02368	31.250	32	20	2	26	56	534	564	2.9	16.2
