SA20160210_EPKMIBEH_01103	SA20153980_HPBJMGIL_01536	42.500	40	20	1	253	292	282	318	2.4	20.4
SA20160210_EPKMIBEH_01103	SA20153980_HPBJMGIL_01526	42.308	26	14	1	593	618	86	110	6.0	19.2
SA20160210_EPKMIBEH_01104	SA20153980_HPBJMGIL_01536	30.952	42	28	1	120	160	1	42	0.090	23.5
SA20160210_EPKMIBEH_01104	SA20153980_HPBJMGIL_01535	26.923	52	31	1	26	70	53	104	1.7	19.2
SA20160210_EPKMIBEH_01104	SA20153980_HPBJMGIL_01520	33.333	21	14	0	219	239	100	120	2.0	19.2
SA20160210_EPKMIBEH_01104	SA20153980_HPBJMGIL_01526	55.556	9	4	0	32	40	748	756	5.3	17.7
SA20160210_EPKMIBEH_01105	SA20153980_HPBJMGIL_01524	20.690	58	44	1	115	172	17	72	0.48	20.0
SA20160210_EPKMIBEH_01105	SA20153980_HPBJMGIL_01536	33.333	30	20	0	171	200	317	346	2.8	18.9
SA20160210_EPKMIBEH_01105	SA20153980_HPBJMGIL_01526	26.316	57	41	1	52	108	16	71	6.4	17.7
SA20160210_EPKMIBEH_01106	SA20153980_HPBJMGIL_01533	26.000	50	36	1	209	258	66	114	0.26	22.7
SA20160210_EPKMIBEH_01106	SA20153980_HPBJMGIL_01529	61.538	13	5	0	465	477	1082	1094	0.51	22.3
SA20160210_EPKMIBEH_01106	SA20153980_HPBJMGIL_01535	36.667	30	16	1	343	369	33	62	1.6	20.4
SA20160210_EPKMIBEH_01106	SA20153980_HPBJMGIL_01526	33.333	27	10	1	162	180	401	427	6.0	18.9
SA20160210_EPKMIBEH_01107	SA20153980_HPBJMGIL_01536	34.211	38	15	2	62	97	52	81	0.11	23.9
SA20160210_EPKMIBEH_01107	SA20153980_HPBJMGIL_01526	22.018	109	76	4	81	185	899	1002	1.0	20.8
SA20160210_EPKMIBEH_01107	SA20153980_HPBJMGIL_01529	44.000	25	14	0	188	212	175	199	2.0	19.6
SA20160210_EPKMIBEH_01107	SA20153980_HPBJMGIL_01524	66.667	12	4	0	123	134	27	38	2.4	18.5
SA20160210_EPKMIBEH_01107	SA20153980_HPBJMGIL_01522	41.667	12	7	0	220	231	95	106	3.8	18.5
SA20160210_EPKMIBEH_01107	SA20153980_HPBJMGIL_01535	60.000	10	4	0	158	167	116	125	7.7	17.7
SA20160210_EPKMIBEH_01107	SA20153980_HPBJMGIL_01528	22.222	54	31	2	214	267	83	125	9.9	17.3
SA20160210_EPKMIBEH_01108	SA20153980_HPBJMGIL_01527	28.947	38	26	1	210	247	45	81	5.3	18.5
SA20160210_EPKMIBEH_01108	SA20153980_HPBJMGIL_01526	50.000	12	6	0	105	116	622	633	5.8	18.1
SA20160210_EPKMIBEH_01108	SA20153980_HPBJMGIL_01516	30.769	26	18	0	109	134	251	276	8.0	17.7
SA20160210_EPKMIBEH_01108	SA20153980_HPBJMGIL_01520	33.333	24	15	1	203	225	146	169	9.8	17.3
SA20160210_EPKMIBEH_01109	SA20153980_HPBJMGIL_01527	26.415	53	28	2	81	131	326	369	0.16	21.6
SA20160210_EPKMIBEH_01109	SA20153980_HPBJMGIL_01529	21.667	60	43	2	47	102	30	89	0.97	19.2
SA20160210_EPKMIBEH_01109	SA20153980_HPBJMGIL_01536	54.545	11	5	0	114	124	319	329	1.6	18.9
SA20160210_EPKMIBEH_01109	SA20153980_HPBJMGIL_01531	23.457	81	53	4	6	83	1	75	6.3	16.5
SA20160210_EPKMIBEH_01110	SA20153980_HPBJMGIL_01526	36.111	36	22	1	123	157	23	58	0.10	23.9
SA20160210_EPKMIBEH_01110	SA20153980_HPBJMGIL_01520	34.615	26	16	1	171	196	393	417	3.7	18.5
SA20160210_EPKMIBEH_01110	SA20153980_HPBJMGIL_01529	46.154	13	7	0	194	206	1033	1045	5.9	18.1
SA20160210_EPKMIBEH_01110	SA20153980_HPBJMGIL_01525	27.273	33	22	1	83	113	33	65	6.2	17.7
SA20160210_EPKMIBEH_01110	SA20153980_HPBJMGIL_01527	25.926	54	40	0	83	136	231	284	8.0	17.7
SA20160210_EPKMIBEH_01111	SA20153980_HPBJMGIL_01526	41.379	29	16	1	12	40	549	576	0.65	21.2
SA20160210_EPKMIBEH_01111	SA20153980_HPBJMGIL_01536	30.233	43	23	1	231	266	218	260	1.6	20.0
SA20160210_EPKMIBEH_01111	SA20153980_HPBJMGIL_01520	24.561	57	43	0	86	142	439	495	6.3	18.1
SA20160210_EPKMIBEH_01111	SA20153980_HPBJMGIL_01528	29.412	17	12	0	34	50	177	193	7.7	17.7
SA20160210_EPKMIBEH_01112	SA20153980_HPBJMGIL_01517	31.915	47	25	2	105	147	184	227	0.96	20.0
SA20160210_EPKMIBEH_01112	SA20153980_HPBJMGIL_01526	29.213	89	54	5	122	210	642	721	2.1	19.2
SA20160210_EPKMIBEH_01113	SA20153980_HPBJMGIL_01536	40.909	22	10	1	410	428	21	42	2.5	20.4
SA20160210_EPKMIBEH_01113	SA20153980_HPBJMGIL_01520	29.508	61	38	3	56	116	180	235	2.6	20.4
SA20160210_EPKMIBEH_01113	SA20153980_HPBJMGIL_01525	29.167	48	27	2	164	209	49	91	4.6	19.2
SA20160210_EPKMIBEH_01113	SA20153980_HPBJMGIL_01526	40.625	32	12	2	617	648	924	948	7.2	18.9
SA20160210_EPKMIBEH_01113	SA20153980_HPBJMGIL_01518	25.000	72	49	2	328	397	56	124	8.2	18.5
SA20160210_EPKMIBEH_01787	SA20153980_HPBJMGIL_01526	100.000	1049	0	0	1	1049	1	1049	0.0	2133
SA20160210_EPKMIBEH_01787	SA20153980_HPBJMGIL_01516	30.952	42	29	0	630	671	9	50	0.22	24.6
SA20160210_EPKMIBEH_01787	SA20153980_HPBJMGIL_01520	28.000	75	37	3	261	323	54	123	0.69	23.1
SA20160210_EPKMIBEH_01114	SA20153980_HPBJMGIL_01528	50.000	14	7	0	53	66	204	217	1.9	18.9
SA20160210_EPKMIBEH_01114	SA20153980_HPBJMGIL_01527	53.846	13	6	0	55	67	38	50	4.8	17.7
SA20160210_EPKMIBEH_01114	SA20153980_HPBJMGIL_01529	38.462	39	22	1	101	137	616	654	6.6	17.3
SA20160210_EPKMIBEH_01115	SA20153980_HPBJMGIL_01532	57.143	14	6	0	195	208	16	29	1.1	18.5
SA20160210_EPKMIBEH_01115	SA20153980_HPBJMGIL_01535	35.294	17	11	0	24	40	51	67	6.6	17.3
SA20160210_EPKMIBEH_01115	SA20153980_HPBJMGIL_01529	85.714	7	1	0	195	201	938	944	7.6	17.3
SA20160210_EPKMIBEH_01115	SA20153980_HPBJMGIL_01519	83.333	6	1	0	211	216	9	14	8.5	16.5
SA20160210_EPKMIBEH_01116	SA20153980_HPBJMGIL_01534	33.333	42	28	0	24	65	21	62	0.036	23.9
SA20160210_EPKMIBEH_01116	SA20153980_HPBJMGIL_01528	26.190	84	55	2	142	224	122	199	0.11	22.7
SA20160210_EPKMIBEH_01116	SA20153980_HPBJMGIL_01526	53.333	15	7	0	117	131	847	861	0.56	20.8
SA20160210_EPKMIBEH_01116	SA20153980_HPBJMGIL_01520	38.462	13	8	0	53	65	18	30	4.9	17.7
SA20160210_EPKMIBEH_01117	SA20153980_HPBJMGIL_01526	26.446	121	84	3	11	131	350	465	0.13	22.7
SA20160210_EPKMIBEH_01117	SA20153980_HPBJMGIL_01529	31.579	38	26	0	141	178	827	864	0.28	21.6
SA20160210_EPKMIBEH_01117	SA20153980_HPBJMGIL_01530	26.190	84	45	3	46	112	44	127	4.3	17.3
SA20160210_EPKMIBEH_01117	SA20153980_HPBJMGIL_01528	27.083	48	34	1	80	127	169	215	4.9	17.3
SA20160210_EPKMIBEH_01117	SA20153980_HPBJMGIL_01520	21.739	92	65	2	84	170	250	339	6.7	16.9
SA20160210_EPKMIBEH_01117	SA20153980_HPBJMGIL_01516	21.739	46	31	1	139	179	120	165	6.8	16.9
SA20160210_EPKMIBEH_01117	SA20153980_HPBJMGIL_01535	40.000	20	12	0	58	77	25	44	8.2	16.5
SA20160210_EPKMIBEH_01118	SA20153980_HPBJMGIL_01536	26.667	60	41	1	25	84	446	502	0.51	20.0
SA20160210_EPKMIBEH_01118	SA20153980_HPBJMGIL_01527	58.333	12	5	0	71	82	13	24	5.5	16.9
SA20160210_EPKMIBEH_01118	SA20153980_HPBJMGIL_01531	35.714	14	9	0	6	19	82	95	9.3	15.8
SA20160210_EPKMIBEH_01119	SA20153980_HPBJMGIL_01526	33.333	39	17	1	5	43	610	639	0.26	22.7
SA20160210_EPKMIBEH_01119	SA20153980_HPBJMGIL_01520	28.261	46	32	1	69	114	315	359	0.46	21.9
SA20160210_EPKMIBEH_01120	SA20153980_HPBJMGIL_01526	27.586	29	21	0	162	190	113	141	8.2	18.1
SA20160210_EPKMIBEH_01120	SA20153980_HPBJMGIL_01517	50.000	12	6	0	14	25	178	189	9.6	17.7
SA20160210_EPKMIBEH_01121	SA20153980_HPBJMGIL_01526	31.884	69	38	2	83	142	457	525	1.1	20.8
SA20160210_EPKMIBEH_01121	SA20153980_HPBJMGIL_01529	35.484	31	19	1	233	263	224	253	1.7	20.0
SA20160210_EPKMIBEH_01121	SA20153980_HPBJMGIL_01520	35.294	17	11	0	52	68	403	419	1.8	20.0
SA20160210_EPKMIBEH_01121	SA20153980_HPBJMGIL_01516	35.294	34	14	1	251	276	216	249	3.0	19.2
SA20160210_EPKMIBEH_01121	SA20153980_HPBJMGIL_01523	63.636	11	4	0	8	18	144	154	5.1	18.1
SA20160210_EPKMIBEH_01122	SA20153980_HPBJMGIL_01529	27.149	221	147	4	69	281	885	1099	5.65e-23	89.0
SA20160210_EPKMIBEH_01122	SA20153980_HPBJMGIL_01521	34.783	23	15	0	256	278	30	52	0.017	24.6
SA20160210_EPKMIBEH_01122	SA20153980_HPBJMGIL_01520	39.130	23	14	0	38	60	251	273	0.88	20.4
SA20160210_EPKMIBEH_01122	SA20153980_HPBJMGIL_01524	24.561	57	32	2	179	228	2	54	1.2	19.2
SA20160210_EPKMIBEH_01123	SA20153980_HPBJMGIL_01534	50.000	20	10	0	131	150	14	33	5.3	17.3
SA20160210_EPKMIBEH_01123	SA20153980_HPBJMGIL_01526	47.368	19	10	0	31	49	466	484	9.3	16.9
SA20153980_HPBJMGIL_01516	SA20153980_HPBJMGIL_01516	100.000	428	0	0	1	428	1	428	0.0	840
SA20153980_HPBJMGIL_01516	SA20153980_HPBJMGIL_01526	30.952	42	29	0	9	50	630	671	0.094	24.6
SA20153980_HPBJMGIL_01517	SA20153980_HPBJMGIL_01517	100.000	286	0	0	1	286	1	286	0.0	591
SA20153980_HPBJMGIL_01517	SA20153980_HPBJMGIL_01522	21.818	55	36	1	75	129	92	139	1.5	19.6
SA20153980_HPBJMGIL_01517	SA20153980_HPBJMGIL_01523	40.909	22	13	0	178	199	29	50	2.7	18.9
SA20153980_HPBJMGIL_01517	SA20153980_HPBJMGIL_01536	30.000	30	21	0	206	235	14	43	2.9	18.9
SA20153980_HPBJMGIL_01517	SA20153980_HPBJMGIL_01530	50.000	14	7	0	101	114	68	81	6.1	17.7
SA20153980_HPBJMGIL_01517	SA20153980_HPBJMGIL_01518	50.000	12	6	0	180	191	53	64	7.5	17.3
SA20153980_HPBJMGIL_01517	SA20153980_HPBJMGIL_01526	23.577	123	68	5	124	240	419	521	9.7	17.3
SA20153980_HPBJMGIL_01518	SA20153980_HPBJMGIL_01518	100.000	189	0	0	1	189	1	189	8.48e-136	369
SA20153980_HPBJMGIL_01518	SA20153980_HPBJMGIL_01529	25.758	66	35	1	56	121	976	1027	0.045	23.9
SA20153980_HPBJMGIL_01518	SA20153980_HPBJMGIL_01517	50.000	12	6	0	53	64	180	191	5.5	17.3
SA20153980_HPBJMGIL_01518	SA20153980_HPBJMGIL_01526	47.619	21	8	1	142	159	97	117	5.8	17.3
SA20153980_HPBJMGIL_01519	SA20153980_HPBJMGIL_01519	100.000	103	0	0	1	103	1	103	8.18e-75	207
SA20153980_HPBJMGIL_01519	SA20153980_HPBJMGIL_01529	26.667	60	42	1	29	88	336	393	0.40	19.6
SA20153980_HPBJMGIL_01519	SA20153980_HPBJMGIL_01523	30.000	50	32	2	35	82	2	50	1.1	18.1
SA20153980_HPBJMGIL_01519	SA20153980_HPBJMGIL_01536	27.778	18	13	0	9	26	311	328	7.3	15.8
SA20153980_HPBJMGIL_01519	SA20153980_HPBJMGIL_01531	26.923	26	17	1	51	76	123	146	8.4	15.4
SA20153980_HPBJMGIL_01520	SA20153980_HPBJMGIL_01520	100.000	516	0	0	1	516	1	516	0.0	1056
SA20153980_HPBJMGIL_01520	SA20153980_HPBJMGIL_01526	28.000	75	37	3	54	123	261	323	0.30	23.1
SA20153980_HPBJMGIL_01520	SA20153980_HPBJMGIL_01528	31.579	57	34	3	319	372	91	145	1.3	20.8
SA20153980_HPBJMGIL_01520	SA20153980_HPBJMGIL_01535	50.000	20	6	1	401	416	37	56	2.6	19.6
SA20153980_HPBJMGIL_01520	SA20153980_HPBJMGIL_01529	26.866	67	48	1	35	101	82	147	3.8	19.6
SA20153980_HPBJMGIL_01520	SA20153980_HPBJMGIL_01533	45.000	20	11	0	316	335	121	140	5.6	18.5
SA20153980_HPBJMGIL_01521	SA20153980_HPBJMGIL_01521	100.000	86	0	0	1	86	1	86	2.44e-63	177
SA20153980_HPBJMGIL_01521	SA20153980_HPBJMGIL_01526	25.806	31	23	0	1	31	313	343	1.6	17.7
SA20153980_HPBJMGIL_01522	SA20153980_HPBJMGIL_01522	100.000	156	0	0	1	156	1	156	3.06e-119	324
SA20153980_HPBJMGIL_01522	SA20153980_HPBJMGIL_01517	22.581	62	41	1	92	146	75	136	1.1	19.2
SA20153980_HPBJMGIL_01522	SA20153980_HPBJMGIL_01534	26.667	75	34	3	54	111	1	71	1.2	18.9
SA20153980_HPBJMGIL_01522	SA20153980_HPBJMGIL_01526	42.857	14	8	0	41	54	890	903	6.0	16.9
SA20153980_HPBJMGIL_01522	SA20153980_HPBJMGIL_01518	33.333	12	8	0	54	65	44	55	8.4	16.2
SA20153980_HPBJMGIL_01523	SA20153980_HPBJMGIL_01523	100.000	183	0	0	1	183	1	183	4.37e-140	379
SA20153980_HPBJMGIL_01523	SA20153980_HPBJMGIL_01527	45.000	20	11	0	138	157	343	362	0.84	19.6
SA20153980_HPBJMGIL_01523	SA20153980_HPBJMGIL_01517	40.909	22	13	0	29	50	178	199	1.7	18.9
SA20153980_HPBJMGIL_01523	SA20153980_HPBJMGIL_01529	58.333	12	5	0	128	139	944	955	1.9	18.9
SA20153980_HPBJMGIL_01523	SA20153980_HPBJMGIL_01519	30.000	50	32	2	2	50	35	82	1.9	18.1
SA20153980_HPBJMGIL_01523	SA20153980_HPBJMGIL_01516	25.926	27	20	0	153	179	255	281	10.0	16.5
SA20153980_HPBJMGIL_01524	SA20153980_HPBJMGIL_01524	100.000	72	0	0	1	72	1	72	1.01e-52	149
SA20153980_HPBJMGIL_01524	SA20153980_HPBJMGIL_01526	60.000	10	4	0	22	31	59	68	1.1	17.7
SA20153980_HPBJMGIL_01524	SA20153980_HPBJMGIL_01531	29.167	24	17	0	47	70	108	131	1.9	16.9
SA20153980_HPBJMGIL_01525	SA20153980_HPBJMGIL_01525	100.000	124	0	0	1	124	1	124	2.32e-95	261
SA20153980_HPBJMGIL_01525	SA20153980_HPBJMGIL_01529	22.667	75	41	1	29	103	396	453	0.70	19.2
SA20153980_HPBJMGIL_01525	SA20153980_HPBJMGIL_01520	38.889	18	11	0	41	58	52	69	5.4	16.5
SA20153980_HPBJMGIL_01526	SA20153980_HPBJMGIL_01526	100.000	1049	0	0	1	1049	1	1049	0.0	2133
SA20153980_HPBJMGIL_01526	SA20153980_HPBJMGIL_01516	30.952	42	29	0	630	671	9	50	0.22	24.6
SA20153980_HPBJMGIL_01526	SA20153980_HPBJMGIL_01520	28.000	75	37	3	261	323	54	123	0.69	23.1
SA20153980_HPBJMGIL_01527	SA20153980_HPBJMGIL_01527	100.000	397	0	0	1	397	1	397	0.0	793
SA20153980_HPBJMGIL_01527	SA20153980_HPBJMGIL_01523	45.000	20	11	0	343	362	138	157	1.9	19.6
SA20153980_HPBJMGIL_01527	SA20153980_HPBJMGIL_01536	33.333	33	20	1	210	242	520	550	2.5	19.6
SA20153980_HPBJMGIL_01527	SA20153980_HPBJMGIL_01520	36.364	22	14	0	163	184	278	299	2.8	19.6
SA20153980_HPBJMGIL_01527	SA20153980_HPBJMGIL_01529	24.000	50	36	1	25	74	141	188	3.1	19.2
SA20153980_HPBJMGIL_01527	SA20153980_HPBJMGIL_01526	58.333	12	5	0	368	379	637	648	7.8	18.1
SA20153980_HPBJMGIL_01528	SA20153980_HPBJMGIL_01528	100.000	217	0	0	1	217	1	217	1.06e-166	449
SA20153980_HPBJMGIL_01528	SA20153980_HPBJMGIL_01535	29.730	74	49	2	35	106	72	144	0.57	20.4
SA20153980_HPBJMGIL_01528	SA20153980_HPBJMGIL_01520	31.373	51	30	3	91	139	319	366	2.9	18.5
SA20153980_HPBJMGIL_01529	SA20153980_HPBJMGIL_01529	100.000	1120	0	0	1	1120	1	1120	0.0	2264
SA20153980_HPBJMGIL_01529	SA20153980_HPBJMGIL_01518	25.758	66	35	1	976	1027	56	121	0.29	23.9
SA20153980_HPBJMGIL_01529	SA20153980_HPBJMGIL_01536	38.710	31	18	1	520	549	595	625	1.1	22.3
SA20153980_HPBJMGIL_01529	SA20153980_HPBJMGIL_01519	26.667	60	42	1	336	393	29	88	5.4	19.2
SA20153980_HPBJMGIL_01529	SA20153980_HPBJMGIL_01525	22.667	75	41	1	396	453	29	103	6.1	19.6
SA20153980_HPBJMGIL_01530	SA20153980_HPBJMGIL_01530	100.000	167	0	0	1	167	1	167	3.22e-122	332
SA20153980_HPBJMGIL_01530	SA20153980_HPBJMGIL_01536	28.947	38	27	0	2	39	603	640	0.71	20.0
SA20153980_HPBJMGIL_01530	SA20153980_HPBJMGIL_01517	50.000	14	7	0	68	81	101	114	3.4	17.7
SA20153980_HPBJMGIL_01530	SA20153980_HPBJMGIL_01520	35.897	39	20	2	125	158	293	331	3.9	17.7
SA20153980_HPBJMGIL_01531	SA20153980_HPBJMGIL_01531	100.000	151	0	0	1	151	1	151	3.18e-115	313
SA20153980_HPBJMGIL_01531	SA20153980_HPBJMGIL_01536	35.294	17	10	1	37	53	74	89	2.9	17.7
SA20153980_HPBJMGIL_01531	SA20153980_HPBJMGIL_01524	29.167	24	17	0	108	131	47	70	3.9	16.9
SA20153980_HPBJMGIL_01531	SA20153980_HPBJMGIL_01520	34.483	29	18	1	25	53	423	450	8.4	16.5
SA20153980_HPBJMGIL_01532	SA20153980_HPBJMGIL_01532	100.000	55	0	0	1	55	1	55	1.17e-36	107
SA20153980_HPBJMGIL_01532	SA20153980_HPBJMGIL_01535	28.571	28	20	0	3	30	69	96	1.1	16.9
SA20153980_HPBJMGIL_01532	SA20153980_HPBJMGIL_01527	83.333	6	1	0	25	30	56	61	3.8	15.4
SA20153980_HPBJMGIL_01533	SA20153980_HPBJMGIL_01533	100.000	171	0	0	1	171	1	171	1.35e-122	333
SA20153980_HPBJMGIL_01533	SA20153980_HPBJMGIL_01520	45.000	20	11	0	121	140	316	335	1.9	18.5
SA20153980_HPBJMGIL_01533	SA20153980_HPBJMGIL_01529	36.000	25	16	0	136	160	227	251	7.1	16.9
SA20153980_HPBJMGIL_01533	SA20153980_HPBJMGIL_01536	30.357	56	34	2	30	85	131	181	8.9	16.5
SA20153980_HPBJMGIL_01534	SA20153980_HPBJMGIL_01534	100.000	125	0	0	1	125	1	125	6.40e-89	244
SA20153980_HPBJMGIL_01534	SA20153980_HPBJMGIL_01529	25.397	63	44	2	63	124	473	533	3.2	17.3
SA20153980_HPBJMGIL_01534	SA20153980_HPBJMGIL_01520	29.268	41	25	1	81	121	18	54	3.5	17.3
SA20153980_HPBJMGIL_01534	SA20153980_HPBJMGIL_01517	62.500	8	3	0	45	52	240	247	6.4	16.5
SA20153980_HPBJMGIL_01534	SA20153980_HPBJMGIL_01516	62.500	8	3	0	50	57	229	236	7.2	16.2
SA20153980_HPBJMGIL_01535	SA20153980_HPBJMGIL_01535	100.000	183	0	0	1	183	1	183	1.36e-135	367
SA20153980_HPBJMGIL_01535	SA20153980_HPBJMGIL_01520	56.250	16	6	1	166	181	206	220	0.39	20.8
SA20153980_HPBJMGIL_01535	SA20153980_HPBJMGIL_01528	29.730	74	49	2	72	144	35	106	0.48	20.4
SA20153980_HPBJMGIL_01535	SA20153980_HPBJMGIL_01529	40.625	32	17	2	107	138	1089	1118	3.4	18.1
SA20153980_HPBJMGIL_01535	SA20153980_HPBJMGIL_01532	28.571	28	20	0	69	96	3	30	3.6	16.9
SA20153980_HPBJMGIL_01536	SA20153980_HPBJMGIL_01536	100.000	642	0	0	1	642	1	642	0.0	1305
SA20153980_HPBJMGIL_01536	SA20153980_HPBJMGIL_01529	38.710	31	18	1	595	625	520	549	0.64	22.3
SA20153980_HPBJMGIL_01536	SA20153980_HPBJMGIL_01530	28.947	38	27	0	603	640	2	39	2.5	20.0
SA20153980_HPBJMGIL_01536	SA20153980_HPBJMGIL_01527	33.333	33	20	1	520	550	210	242	3.3	20.0
SA20153980_HPBJMGIL_01536	SA20153980_HPBJMGIL_01517	30.000	30	21	0	14	43	206	235	6.1	18.9
SA20160210_EPKMIBEH_01103	SA20160210_EPKMIBEH_01103	100.000	658	0	0	1	658	1	658	0.0	1369
SA20160210_EPKMIBEH_01103	SA20160210_EPKMIBEH_01106	66.667	12	4	0	577	588	62	73	2.1	20.8
SA20160210_EPKMIBEH_01103	SA20160210_EPKMIBEH_01116	34.783	23	15	0	195	217	134	156	4.6	19.6
SA20160210_EPKMIBEH_01103	SA20160210_EPKMIBEH_01108	34.286	35	23	0	259	293	213	247	4.7	19.6
SA20160210_EPKMIBEH_01103	SA20160210_EPKMIBEH_01112	34.783	23	15	0	183	205	126	148	4.8	19.6
SA20160210_EPKMIBEH_01103	SA20160210_EPKMIBEH_01107	23.750	80	56	1	83	162	78	152	6.9	19.2
SA20160210_EPKMIBEH_01103	SA20160210_EPKMIBEH_01787	42.308	26	14	1	593	618	86	110	7.1	19.2
SA20160210_EPKMIBEH_01103	SA20160210_EPKMIBEH_01121	29.091	55	35	1	278	332	233	283	8.3	18.9
SA20160210_EPKMIBEH_01104	SA20160210_EPKMIBEH_01104	100.000	243	0	0	1	243	1	243	0.0	504
SA20160210_EPKMIBEH_01104	SA20160210_EPKMIBEH_01114	31.579	19	13	0	176	194	115	133	2.4	18.9
SA20160210_EPKMIBEH_01104	SA20160210_EPKMIBEH_01120	27.160	81	41	4	141	215	96	164	3.4	18.5
SA20160210_EPKMIBEH_01104	SA20160210_EPKMIBEH_01109	36.364	22	14	0	73	94	82	103	6.2	17.7
SA20160210_EPKMIBEH_01104	SA20160210_EPKMIBEH_01787	55.556	9	4	0	32	40	748	756	6.3	17.7
SA20160210_EPKMIBEH_01105	SA20160210_EPKMIBEH_01105	100.000	249	0	0	1	249	1	249	0.0	506
SA20160210_EPKMIBEH_01105	SA20160210_EPKMIBEH_01106	33.333	39	20	1	63	101	363	395	0.47	21.6
SA20160210_EPKMIBEH_01105	SA20160210_EPKMIBEH_01787	26.316	57	41	1	52	108	16	71	7.6	17.7
SA20160210_EPKMIBEH_01105	SA20160210_EPKMIBEH_01113	27.778	18	13	0	202	219	290	307	9.8	17.3
SA20160210_EPKMIBEH_01106	SA20160210_EPKMIBEH_01106	100.000	490	0	0	1	490	1	490	0.0	1022
SA20160210_EPKMIBEH_01106	SA20160210_EPKMIBEH_01110	56.250	16	7	0	10	25	145	160	0.37	22.7
SA20160210_EPKMIBEH_01106	SA20160210_EPKMIBEH_01105	33.333	39	20	1	363	395	63	101	0.93	21.6
SA20160210_EPKMIBEH_01106	SA20160210_EPKMIBEH_01120	25.000	52	35	1	33	80	315	366	1.3	21.2
SA20160210_EPKMIBEH_01106	SA20160210_EPKMIBEH_01103	66.667	12	4	0	62	73	577	588	1.6	20.8
SA20160210_EPKMIBEH_01106	SA20160210_EPKMIBEH_01113	25.424	59	40	3	240	295	272	329	6.9	18.9
SA20160210_EPKMIBEH_01106	SA20160210_EPKMIBEH_01787	33.333	27	10	1	162	180	401	427	7.1	18.9
SA20160210_EPKMIBEH_01107	SA20160210_EPKMIBEH_01107	100.000	338	0	0	1	338	1	338	0.0	694
SA20160210_EPKMIBEH_01107	SA20160210_EPKMIBEH_01122	45.455	33	12	2	226	258	139	165	0.72	21.2
SA20160210_EPKMIBEH_01107	SA20160210_EPKMIBEH_01110	24.096	83	58	2	142	221	31	111	0.87	21.2
SA20160210_EPKMIBEH_01107	SA20160210_EPKMIBEH_01111	25.843	89	53	4	188	276	208	283	1.7	20.0
SA20160210_EPKMIBEH_01107	SA20160210_EPKMIBEH_01787	30.233	43	26	1	4	46	713	751	2.0	20.0
SA20160210_EPKMIBEH_01107	SA20160210_EPKMIBEH_01113	27.778	18	13	0	1	18	41	58	3.9	19.2
SA20160210_EPKMIBEH_01107	SA20160210_EPKMIBEH_01103	22.500	40	31	0	57	96	189	228	4.1	18.9
SA20160210_EPKMIBEH_01107	SA20160210_EPKMIBEH_01120	33.333	36	24	0	165	200	211	246	6.7	18.1
SA20160210_EPKMIBEH_01108	SA20160210_EPKMIBEH_01108	100.000	335	0	0	1	335	1	335	0.0	690
SA20160210_EPKMIBEH_01108	SA20160210_EPKMIBEH_01114	22.414	58	45	0	59	116	137	194	1.7	20.0
SA20160210_EPKMIBEH_01108	SA20160210_EPKMIBEH_01103	34.286	35	23	0	213	247	259	293	2.4	19.6
SA20160210_EPKMIBEH_01108	SA20160210_EPKMIBEH_01121	53.333	15	7	0	277	291	135	149	4.7	18.9
SA20160210_EPKMIBEH_01108	SA20160210_EPKMIBEH_01117	24.528	53	29	1	223	264	125	177	5.4	18.5
SA20160210_EPKMIBEH_01108	SA20160210_EPKMIBEH_01110	37.500	16	10	0	65	80	89	104	6.4	18.1
SA20160210_EPKMIBEH_01108	SA20160210_EPKMIBEH_01787	50.000	12	6	0	105	116	622	633	6.9	18.1
SA20160210_EPKMIBEH_01109	SA20160210_EPKMIBEH_01109	100.000	157	0	0	1	157	1	157	2.02e-118	322
SA20160210_EPKMIBEH_01109	SA20160210_EPKMIBEH_01120	50.000	16	8	0	7	22	70	85	0.31	21.2
SA20160210_EPKMIBEH_01109	SA20160210_EPKMIBEH_01104	36.364	22	14	0	82	103	73	94	4.2	17.7
SA20160210_EPKMIBEH_01109	SA20160210_EPKMIBEH_01103	38.462	13	8	0	118	130	118	130	4.5	17.7
SA20160210_EPKMIBEH_01110	SA20160210_EPKMIBEH_01110	100.000	296	0	0	1	296	1	296	0.0	612
SA20160210_EPKMIBEH_01110	SA20160210_EPKMIBEH_01121	24.590	61	43	1	104	164	45	102	0.025	25.8
SA20160210_EPKMIBEH_01110	SA20160210_EPKMIBEH_01787	36.111	36	22	1	123	157	23	58	0.12	23.9
SA20160210_EPKMIBEH_01110	SA20160210_EPKMIBEH_01106	56.250	16	7	0	145	160	10	25	0.20	23.1
SA20160210_EPKMIBEH_01110	SA20160210_EPKMIBEH_01120	24.603	126	80	4	61	175	120	241	1.8	20.0
SA20160210_EPKMIBEH_01110	SA20160210_EPKMIBEH_01113	60.000	10	4	0	27	36	56	65	5.8	18.5
SA20160210_EPKMIBEH_01110	SA20160210_EPKMIBEH_01108	37.500	16	10	0	89	104	65	80	5.9	18.1
SA20160210_EPKMIBEH_01110	SA20160210_EPKMIBEH_01112	29.167	24	17	0	141	164	126	149	8.3	17.7
SA20160210_EPKMIBEH_01111	SA20160210_EPKMIBEH_01111	100.000	306	0	0	1	306	1	306	0.0	635
SA20160210_EPKMIBEH_01111	SA20160210_EPKMIBEH_01107	26.000	100	61	4	209	295	189	288	0.14	23.5
SA20160210_EPKMIBEH_01111	SA20160210_EPKMIBEH_01787	41.379	29	16	1	12	40	549	576	0.77	21.2
SA20160210_EPKMIBEH_01111	SA20160210_EPKMIBEH_01121	36.667	30	17	1	109	136	113	142	7.4	18.1
SA20160210_EPKMIBEH_01112	SA20160210_EPKMIBEH_01112	100.000	252	0	0	1	252	1	252	0.0	514
SA20160210_EPKMIBEH_01112	SA20160210_EPKMIBEH_01113	22.564	195	124	8	45	232	11	185	0.40	21.6
SA20160210_EPKMIBEH_01112	SA20160210_EPKMIBEH_01103	34.783	23	15	0	126	148	183	205	1.8	19.6
SA20160210_EPKMIBEH_01112	SA20160210_EPKMIBEH_01787	24.419	86	50	3	154	235	213	287	6.7	17.7
SA20160210_EPKMIBEH_01112	SA20160210_EPKMIBEH_01110	29.167	24	17	0	126	149	141	164	6.9	17.7
SA20160210_EPKMIBEH_01112	SA20160210_EPKMIBEH_01106	42.857	14	8	0	19	32	186	199	7.0	17.7
SA20160210_EPKMIBEH_01113	SA20160210_EPKMIBEH_01113	100.000	663	0	0	1	663	1	663	0.0	1377
SA20160210_EPKMIBEH_01113	SA20160210_EPKMIBEH_01112	22.564	195	124	8	11	185	45	232	1.1	21.6
SA20160210_EPKMIBEH_01113	SA20160210_EPKMIBEH_01120	30.435	23	16	0	144	166	352	374	6.4	19.2
SA20160210_EPKMIBEH_01113	SA20160210_EPKMIBEH_01787	40.625	32	12	2	617	648	924	948	8.6	18.9
SA20160210_EPKMIBEH_01113	SA20160210_EPKMIBEH_01106	25.424	59	40	3	272	329	240	295	9.3	18.9
SA20160210_EPKMIBEH_01787	SA20160210_EPKMIBEH_01787	100.000	1049	0	0	1	1049	1	1049	0.0	2133
SA20160210_EPKMIBEH_01787	SA20160210_EPKMIBEH_01110	36.111	36	22	1	23	58	123	157	0.51	23.5
SA20160210_EPKMIBEH_01787	SA20160210_EPKMIBEH_01117	39.286	28	17	0	438	465	104	131	0.87	22.3
SA20160210_EPKMIBEH_01787	SA20160210_EPKMIBEH_01119	33.333	39	17	1	610	639	5	43	0.97	22.7
SA20160210_EPKMIBEH_01787	SA20160210_EPKMIBEH_01111	41.379	29	16	1	549	576	12	40	2.8	21.2
SA20160210_EPKMIBEH_01787	SA20160210_EPKMIBEH_01121	31.884	69	38	2	457	525	83	142	3.5	20.8
SA20160210_EPKMIBEH_01787	SA20160210_EPKMIBEH_01116	70.000	10	3	0	848	857	118	127	5.3	20.0
SA20160210_EPKMIBEH_01787	SA20160210_EPKMIBEH_01107	30.233	43	26	1	713	751	4	46	6.5	20.0
SA20160210_EPKMIBEH_01114	SA20160210_EPKMIBEH_01114	100.000	218	0	0	1	218	1	218	2.23e-164	443
SA20160210_EPKMIBEH_01114	SA20160210_EPKMIBEH_01115	32.174	230	135	6	1	216	1	223	4.97e-19	73.2
SA20160210_EPKMIBEH_01114	SA20160210_EPKMIBEH_01108	22.414	58	45	0	137	194	59	116	1.1	20.0
SA20160210_EPKMIBEH_01114	SA20160210_EPKMIBEH_01120	57.143	14	6	0	205	218	105	118	1.9	19.2
SA20160210_EPKMIBEH_01114	SA20160210_EPKMIBEH_01104	31.579	19	13	0	115	133	176	194	2.2	18.9
SA20160210_EPKMIBEH_01114	SA20160210_EPKMIBEH_01111	23.529	34	26	0	125	158	100	133	6.5	17.7
SA20160210_EPKMIBEH_01115	SA20160210_EPKMIBEH_01115	100.000	225	0	0	1	225	1	225	4.51e-170	458
SA20160210_EPKMIBEH_01115	SA20160210_EPKMIBEH_01114	32.174	230	135	6	1	223	1	216	5.13e-19	73.2
SA20160210_EPKMIBEH_01115	SA20160210_EPKMIBEH_01121	41.667	12	7	0	140	151	10	21	4.3	18.1
SA20160210_EPKMIBEH_01116	SA20160210_EPKMIBEH_01116	100.000	235	0	0	1	235	1	235	4.47e-172	464
SA20160210_EPKMIBEH_01116	SA20160210_EPKMIBEH_01787	53.333	15	7	0	117	131	847	861	0.67	20.8
SA20160210_EPKMIBEH_01116	SA20160210_EPKMIBEH_01103	34.783	23	15	0	134	156	195	217	1.8	19.6
SA20160210_EPKMIBEH_01116	SA20160210_EPKMIBEH_01113	31.250	16	11	0	63	78	536	551	6.8	17.7
SA20160210_EPKMIBEH_01116	SA20160210_EPKMIBEH_01110	34.848	66	31	4	78	143	239	292	8.5	17.3
SA20160210_EPKMIBEH_01117	SA20160210_EPKMIBEH_01117	100.000	192	0	0	1	192	1	192	4.79e-134	364
SA20160210_EPKMIBEH_01117	SA20160210_EPKMIBEH_01787	26.446	121	84	3	11	131	350	465	0.15	22.7
SA20160210_EPKMIBEH_01117	SA20160210_EPKMIBEH_01119	21.569	51	40	0	6	56	226	276	1.6	19.2
SA20160210_EPKMIBEH_01117	SA20160210_EPKMIBEH_01108	24.528	53	29	1	125	177	223	264	3.5	18.1
SA20160210_EPKMIBEH_01118	SA20160210_EPKMIBEH_01118	100.000	141	0	0	1	141	1	141	6.48e-106	289
SA20160210_EPKMIBEH_01118	SA20160210_EPKMIBEH_01109	41.667	12	7	0	130	141	75	86	9.2	16.2
SA20160210_EPKMIBEH_01118	SA20160210_EPKMIBEH_01114	50.000	18	9	0	105	122	18	35	10.0	16.2
SA20160210_EPKMIBEH_01119	SA20160210_EPKMIBEH_01119	100.000	348	0	0	1	348	1	348	0.0	715
SA20160210_EPKMIBEH_01119	SA20160210_EPKMIBEH_01787	33.333	39	17	1	5	43	610	639	0.31	22.7
SA20160210_EPKMIBEH_01119	SA20160210_EPKMIBEH_01120	23.077	39	27	1	157	192	247	285	1.7	20.0
SA20160210_EPKMIBEH_01119	SA20160210_EPKMIBEH_01122	38.889	18	11	0	216	233	263	280	3.6	19.2
SA20160210_EPKMIBEH_01119	SA20160210_EPKMIBEH_01117	21.569	51	40	0	226	276	6	56	3.8	18.9
SA20160210_EPKMIBEH_01120	SA20160210_EPKMIBEH_01120	100.000	387	0	0	1	387	1	387	0.0	776
SA20160210_EPKMIBEH_01120	SA20160210_EPKMIBEH_01109	50.000	16	8	0	70	85	7	22	0.76	21.2
SA20160210_EPKMIBEH_01120	SA20160210_EPKMIBEH_01106	25.000	52	35	1	315	366	33	80	1.1	21.2
SA20160210_EPKMIBEH_01120	SA20160210_EPKMIBEH_01122	50.000	16	7	1	234	249	194	208	1.9	20.0
SA20160210_EPKMIBEH_01120	SA20160210_EPKMIBEH_01119	23.077	39	27	1	247	285	157	192	1.9	20.0
SA20160210_EPKMIBEH_01120	SA20160210_EPKMIBEH_01110	24.800	125	79	4	120	240	61	174	2.2	20.0
SA20160210_EPKMIBEH_01120	SA20160210_EPKMIBEH_01114	57.143	14	6	0	105	118	205	218	3.3	19.2
SA20160210_EPKMIBEH_01120	SA20160210_EPKMIBEH_01113	30.435	23	16	0	352	374	144	166	3.7	19.2
SA20160210_EPKMIBEH_01120	SA20160210_EPKMIBEH_01104	27.160	81	41	4	96	164	141	215	5.3	18.9
SA20160210_EPKMIBEH_01120	SA20160210_EPKMIBEH_01787	27.586	29	21	0	162	190	113	141	9.7	18.1
SA20160210_EPKMIBEH_01121	SA20160210_EPKMIBEH_01121	100.000	359	0	0	1	359	1	359	0.0	747
SA20160210_EPKMIBEH_01121	SA20160210_EPKMIBEH_01110	24.590	61	43	1	45	102	104	164	0.032	25.4
SA20160210_EPKMIBEH_01121	SA20160210_EPKMIBEH_01787	31.884	69	38	2	83	142	457	525	1.3	20.8
SA20160210_EPKMIBEH_01121	SA20160210_EPKMIBEH_01103	29.091	55	35	1	233	283	278	332	4.5	18.9
SA20160210_EPKMIBEH_01121	SA20160210_EPKMIBEH_01108	53.333	15	7	0	135	149	277	291	5.1	18.9
SA20160210_EPKMIBEH_01121	SA20160210_EPKMIBEH_01115	41.667	12	7	0	10	21	140	151	6.9	18.1
SA20160210_EPKMIBEH_01121	SA20160210_EPKMIBEH_01111	36.667	30	17	1	113	142	109	136	8.4	18.1
SA20160210_EPKMIBEH_01122	SA20160210_EPKMIBEH_01122	100.000	286	0	0	1	286	1	286	0.0	563
SA20160210_EPKMIBEH_01122	SA20160210_EPKMIBEH_01107	45.455	33	12	2	139	165	226	258	0.54	21.6
SA20160210_EPKMIBEH_01122	SA20160210_EPKMIBEH_01120	50.000	16	7	1	194	208	234	249	1.2	20.4
SA20160210_EPKMIBEH_01122	SA20160210_EPKMIBEH_01123	33.333	30	20	0	66	95	65	94	1.7	19.6
SA20160210_EPKMIBEH_01122	SA20160210_EPKMIBEH_01119	43.750	16	9	0	263	278	216	231	3.1	18.9
SA20160210_EPKMIBEH_01123	SA20160210_EPKMIBEH_01123	100.000	211	0	0	1	211	1	211	3.96e-154	417
SA20160210_EPKMIBEH_01123	SA20160210_EPKMIBEH_01122	33.333	30	20	0	65	94	66	95	1.6	19.2
SA20160210_EPKMIBEH_01123	SA20160210_EPKMIBEH_01119	41.667	12	7	0	47	58	94	105	9.1	16.9
