SA20160210_EPKMIBEH_01103	SA20160172_GPHLOGML_00258	100.000	658	0	0	1	658	1	658	0.0	1369
SA20160210_EPKMIBEH_01103	SA20160172_GPHLOGML_00261	66.667	12	4	0	577	588	62	73	2.1	20.8
SA20160210_EPKMIBEH_01103	SA20160172_GPHLOGML_00271	34.783	23	15	0	195	217	134	156	4.6	19.6
SA20160210_EPKMIBEH_01103	SA20160172_GPHLOGML_00263	34.286	35	23	0	259	293	213	247	4.6	19.6
SA20160210_EPKMIBEH_01103	SA20160172_GPHLOGML_00267	34.783	23	15	0	183	205	126	148	4.8	19.6
SA20160210_EPKMIBEH_01103	SA20160172_GPHLOGML_00262	23.750	80	56	1	83	162	78	152	6.9	19.2
SA20160210_EPKMIBEH_01103	SA20160172_GPHLOGML_01273	42.308	26	14	1	593	618	86	110	7.1	19.2
SA20160210_EPKMIBEH_01103	SA20160172_GPHLOGML_00276	29.091	55	35	1	278	332	233	283	8.3	18.9
SA20160210_EPKMIBEH_01104	SA20160172_GPHLOGML_00259	100.000	243	0	0	1	243	1	243	0.0	504
SA20160210_EPKMIBEH_01104	SA20160172_GPHLOGML_00269	31.579	19	13	0	176	194	115	133	2.4	18.9
SA20160210_EPKMIBEH_01104	SA20160172_GPHLOGML_00275	27.160	81	41	4	141	215	96	164	3.4	18.5
SA20160210_EPKMIBEH_01104	SA20160172_GPHLOGML_00264	36.364	22	14	0	73	94	82	103	6.2	17.7
SA20160210_EPKMIBEH_01104	SA20160172_GPHLOGML_01273	55.556	9	4	0	32	40	748	756	6.3	17.7
SA20160210_EPKMIBEH_01105	SA20160172_GPHLOGML_00260	100.000	249	0	0	1	249	1	249	0.0	506
SA20160210_EPKMIBEH_01105	SA20160172_GPHLOGML_00261	33.333	39	20	1	63	101	363	395	0.47	21.6
SA20160210_EPKMIBEH_01105	SA20160172_GPHLOGML_01273	26.316	57	41	1	52	108	16	71	7.6	17.7
SA20160210_EPKMIBEH_01105	SA20160172_GPHLOGML_00268	27.778	18	13	0	202	219	290	307	9.8	17.3
SA20160210_EPKMIBEH_01106	SA20160172_GPHLOGML_00261	100.000	490	0	0	1	490	1	490	0.0	1022
SA20160210_EPKMIBEH_01106	SA20160172_GPHLOGML_00265	56.250	16	7	0	10	25	145	160	0.37	22.7
SA20160210_EPKMIBEH_01106	SA20160172_GPHLOGML_00260	33.333	39	20	1	363	395	63	101	0.93	21.6
SA20160210_EPKMIBEH_01106	SA20160172_GPHLOGML_00275	25.000	52	35	1	33	80	315	366	1.3	21.2
SA20160210_EPKMIBEH_01106	SA20160172_GPHLOGML_00258	66.667	12	4	0	62	73	577	588	1.6	20.8
SA20160210_EPKMIBEH_01106	SA20160172_GPHLOGML_00268	25.424	59	40	3	240	295	272	329	6.9	18.9
SA20160210_EPKMIBEH_01106	SA20160172_GPHLOGML_01273	33.333	27	10	1	162	180	401	427	7.1	18.9
SA20160210_EPKMIBEH_01107	SA20160172_GPHLOGML_00262	100.000	338	0	0	1	338	1	338	0.0	694
SA20160210_EPKMIBEH_01107	SA20160172_GPHLOGML_00277	45.455	33	12	2	226	258	139	165	0.72	21.2
SA20160210_EPKMIBEH_01107	SA20160172_GPHLOGML_00265	24.096	83	58	2	142	221	31	111	0.87	21.2
SA20160210_EPKMIBEH_01107	SA20160172_GPHLOGML_01273	22.018	109	76	4	81	185	899	1002	1.2	20.8
SA20160210_EPKMIBEH_01107	SA20160172_GPHLOGML_00266	25.843	89	53	4	188	276	208	283	1.7	20.0
SA20160210_EPKMIBEH_01107	SA20160172_GPHLOGML_00278	26.126	111	64	6	128	232	42	140	3.1	19.2
SA20160210_EPKMIBEH_01107	SA20160172_GPHLOGML_00268	27.778	18	13	0	1	18	41	58	3.9	19.2
SA20160210_EPKMIBEH_01107	SA20160172_GPHLOGML_00258	22.500	40	31	0	57	96	189	228	4.1	18.9
SA20160210_EPKMIBEH_01107	SA20160172_GPHLOGML_00275	33.333	36	24	0	165	200	211	246	6.7	18.1
SA20160210_EPKMIBEH_01108	SA20160172_GPHLOGML_00263	99.701	335	1	0	1	335	1	335	0.0	687
SA20160210_EPKMIBEH_01108	SA20160172_GPHLOGML_00269	22.414	58	45	0	59	116	137	194	1.7	20.0
SA20160210_EPKMIBEH_01108	SA20160172_GPHLOGML_00258	34.286	35	23	0	213	247	259	293	2.4	19.6
SA20160210_EPKMIBEH_01108	SA20160172_GPHLOGML_00270	27.778	36	23	1	68	103	97	129	2.5	19.6
SA20160210_EPKMIBEH_01108	SA20160172_GPHLOGML_00276	53.333	15	7	0	277	291	135	149	4.7	18.9
SA20160210_EPKMIBEH_01108	SA20160172_GPHLOGML_00272	24.528	53	29	1	223	264	125	177	5.4	18.5
SA20160210_EPKMIBEH_01108	SA20160172_GPHLOGML_00265	37.500	16	10	0	65	80	89	104	6.4	18.1
SA20160210_EPKMIBEH_01108	SA20160172_GPHLOGML_01273	50.000	12	6	0	105	116	622	633	6.9	18.1
SA20160210_EPKMIBEH_01109	SA20160172_GPHLOGML_00264	100.000	157	0	0	1	157	1	157	2.02e-118	322
SA20160210_EPKMIBEH_01109	SA20160172_GPHLOGML_00275	50.000	16	8	0	7	22	70	85	0.31	21.2
SA20160210_EPKMIBEH_01109	SA20160172_GPHLOGML_00259	36.364	22	14	0	82	103	73	94	4.2	17.7
SA20160210_EPKMIBEH_01109	SA20160172_GPHLOGML_00258	38.462	13	8	0	118	130	118	130	4.5	17.7
SA20160210_EPKMIBEH_01110	SA20160172_GPHLOGML_00265	100.000	296	0	0	1	296	1	296	0.0	612
SA20160210_EPKMIBEH_01110	SA20160172_GPHLOGML_00276	24.590	61	43	1	104	164	45	102	0.025	25.8
SA20160210_EPKMIBEH_01110	SA20160172_GPHLOGML_01273	36.111	36	22	1	123	157	23	58	0.12	23.9
SA20160210_EPKMIBEH_01110	SA20160172_GPHLOGML_00261	56.250	16	7	0	145	160	10	25	0.20	23.1
SA20160210_EPKMIBEH_01110	SA20160172_GPHLOGML_00275	24.603	126	80	4	61	175	120	241	1.8	20.0
SA20160210_EPKMIBEH_01110	SA20160172_GPHLOGML_00268	60.000	10	4	0	27	36	56	65	5.8	18.5
SA20160210_EPKMIBEH_01110	SA20160172_GPHLOGML_00263	37.500	16	10	0	89	104	65	80	6.0	18.1
SA20160210_EPKMIBEH_01110	SA20160172_GPHLOGML_00267	29.167	24	17	0	141	164	126	149	8.3	17.7
SA20160210_EPKMIBEH_01110	SA20160172_GPHLOGML_00271	34.848	66	31	4	239	292	78	143	9.6	17.3
SA20160210_EPKMIBEH_01111	SA20160172_GPHLOGML_00266	100.000	306	0	0	1	306	1	306	0.0	635
SA20160210_EPKMIBEH_01111	SA20160172_GPHLOGML_00262	26.000	100	61	4	209	295	189	288	0.14	23.5
SA20160210_EPKMIBEH_01111	SA20160172_GPHLOGML_01273	41.379	29	16	1	12	40	549	576	0.77	21.2
SA20160210_EPKMIBEH_01111	SA20160172_GPHLOGML_00276	36.667	30	17	1	109	136	113	142	7.4	18.1
SA20160210_EPKMIBEH_01112	SA20160172_GPHLOGML_00267	100.000	252	0	0	1	252	1	252	0.0	514
SA20160210_EPKMIBEH_01112	SA20160172_GPHLOGML_00268	22.564	195	124	8	45	232	11	185	0.40	21.6
SA20160210_EPKMIBEH_01112	SA20160172_GPHLOGML_00258	34.783	23	15	0	126	148	183	205	1.8	19.6
SA20160210_EPKMIBEH_01112	SA20160172_GPHLOGML_01273	29.213	89	54	5	122	210	642	721	2.5	19.2
SA20160210_EPKMIBEH_01112	SA20160172_GPHLOGML_00265	29.167	24	17	0	126	149	141	164	6.9	17.7
SA20160210_EPKMIBEH_01112	SA20160172_GPHLOGML_00261	42.857	14	8	0	19	32	186	199	7.0	17.7
SA20160210_EPKMIBEH_01113	SA20160172_GPHLOGML_00268	100.000	663	0	0	1	663	1	663	0.0	1377
SA20160210_EPKMIBEH_01113	SA20160172_GPHLOGML_00267	22.564	195	124	8	11	185	45	232	1.1	21.6
SA20160210_EPKMIBEH_01113	SA20160172_GPHLOGML_00275	30.435	23	16	0	144	166	352	374	6.4	19.2
SA20160210_EPKMIBEH_01113	SA20160172_GPHLOGML_01273	40.625	32	12	2	617	648	924	948	8.6	18.9
SA20160210_EPKMIBEH_01113	SA20160172_GPHLOGML_00261	25.424	59	40	3	272	329	240	295	9.3	18.9
SA20160210_EPKMIBEH_01787	SA20160172_GPHLOGML_01273	100.000	1049	0	0	1	1049	1	1049	0.0	2133
SA20160210_EPKMIBEH_01787	SA20160172_GPHLOGML_00265	36.111	36	22	1	23	58	123	157	0.51	23.5
SA20160210_EPKMIBEH_01787	SA20160172_GPHLOGML_00272	39.286	28	17	0	438	465	104	131	0.87	22.3
SA20160210_EPKMIBEH_01787	SA20160172_GPHLOGML_00274	33.333	39	17	1	610	639	5	43	0.97	22.7
SA20160210_EPKMIBEH_01787	SA20160172_GPHLOGML_00266	41.379	29	16	1	549	576	12	40	2.8	21.2
SA20160210_EPKMIBEH_01787	SA20160172_GPHLOGML_00276	31.884	69	38	2	457	525	83	142	3.5	20.8
SA20160210_EPKMIBEH_01787	SA20160172_GPHLOGML_00271	70.000	10	3	0	848	857	118	127	5.3	20.0
SA20160210_EPKMIBEH_01787	SA20160172_GPHLOGML_00262	30.233	43	26	1	713	751	4	46	6.5	20.0
SA20160210_EPKMIBEH_01114	SA20160172_GPHLOGML_00269	100.000	218	0	0	1	218	1	218	2.23e-164	443
SA20160210_EPKMIBEH_01114	SA20160172_GPHLOGML_00270	32.174	230	135	6	1	216	1	223	4.97e-19	73.2
SA20160210_EPKMIBEH_01114	SA20160172_GPHLOGML_00263	26.667	60	40	2	137	194	59	116	0.75	20.4
SA20160210_EPKMIBEH_01114	SA20160172_GPHLOGML_00275	57.143	14	6	0	205	218	105	118	1.9	19.2
SA20160210_EPKMIBEH_01114	SA20160172_GPHLOGML_00259	31.579	19	13	0	115	133	176	194	2.2	18.9
SA20160210_EPKMIBEH_01114	SA20160172_GPHLOGML_00266	23.529	34	26	0	125	158	100	133	6.5	17.7
SA20160210_EPKMIBEH_01115	SA20160172_GPHLOGML_00270	100.000	225	0	0	1	225	1	225	4.51e-170	458
SA20160210_EPKMIBEH_01115	SA20160172_GPHLOGML_00269	32.174	230	135	6	1	223	1	216	5.13e-19	73.2
SA20160210_EPKMIBEH_01115	SA20160172_GPHLOGML_00263	27.778	36	23	1	97	129	68	103	1.4	19.6
SA20160210_EPKMIBEH_01115	SA20160172_GPHLOGML_00276	41.667	12	7	0	140	151	10	21	4.3	18.1
SA20160210_EPKMIBEH_01116	SA20160172_GPHLOGML_00271	100.000	235	0	0	1	235	1	235	4.47e-172	464
SA20160210_EPKMIBEH_01116	SA20160172_GPHLOGML_01273	53.333	15	7	0	117	131	847	861	0.67	20.8
SA20160210_EPKMIBEH_01116	SA20160172_GPHLOGML_00258	34.783	23	15	0	134	156	195	217	1.8	19.6
SA20160210_EPKMIBEH_01116	SA20160172_GPHLOGML_00268	31.250	16	11	0	63	78	536	551	6.8	17.7
SA20160210_EPKMIBEH_01116	SA20160172_GPHLOGML_00265	34.848	66	31	4	78	143	239	292	8.5	17.3
SA20160210_EPKMIBEH_01117	SA20160172_GPHLOGML_00272	100.000	192	0	0	1	192	1	192	4.79e-134	364
SA20160210_EPKMIBEH_01117	SA20160172_GPHLOGML_01273	26.446	121	84	3	11	131	350	465	0.15	22.7
SA20160210_EPKMIBEH_01117	SA20160172_GPHLOGML_00274	21.569	51	40	0	6	56	226	276	1.6	19.2
SA20160210_EPKMIBEH_01117	SA20160172_GPHLOGML_00263	24.528	53	29	1	125	177	223	264	3.5	18.1
SA20160210_EPKMIBEH_01118	SA20160172_GPHLOGML_00273	100.000	141	0	0	1	141	1	141	6.48e-106	289
SA20160210_EPKMIBEH_01118	SA20160172_GPHLOGML_00264	41.667	12	7	0	130	141	75	86	9.2	16.2
SA20160210_EPKMIBEH_01118	SA20160172_GPHLOGML_00269	50.000	18	9	0	105	122	18	35	10.0	16.2
SA20160210_EPKMIBEH_01119	SA20160172_GPHLOGML_00274	100.000	348	0	0	1	348	1	348	0.0	715
SA20160210_EPKMIBEH_01119	SA20160172_GPHLOGML_01273	33.333	39	17	1	5	43	610	639	0.31	22.7
SA20160210_EPKMIBEH_01119	SA20160172_GPHLOGML_00275	23.077	39	27	1	157	192	247	285	1.7	20.0
SA20160210_EPKMIBEH_01119	SA20160172_GPHLOGML_00277	38.889	18	11	0	216	233	263	280	3.6	19.2
SA20160210_EPKMIBEH_01119	SA20160172_GPHLOGML_00272	21.569	51	40	0	226	276	6	56	3.8	18.9
SA20160210_EPKMIBEH_01120	SA20160172_GPHLOGML_00275	100.000	387	0	0	1	387	1	387	0.0	776
SA20160210_EPKMIBEH_01120	SA20160172_GPHLOGML_00264	50.000	16	8	0	70	85	7	22	0.76	21.2
SA20160210_EPKMIBEH_01120	SA20160172_GPHLOGML_00261	25.000	52	35	1	315	366	33	80	1.1	21.2
SA20160210_EPKMIBEH_01120	SA20160172_GPHLOGML_00277	50.000	16	7	1	234	249	194	208	1.9	20.0
SA20160210_EPKMIBEH_01120	SA20160172_GPHLOGML_00274	23.077	39	27	1	247	285	157	192	1.9	20.0
SA20160210_EPKMIBEH_01120	SA20160172_GPHLOGML_00265	24.800	125	79	4	120	240	61	174	2.2	20.0
SA20160210_EPKMIBEH_01120	SA20160172_GPHLOGML_00269	57.143	14	6	0	105	118	205	218	3.3	19.2
SA20160210_EPKMIBEH_01120	SA20160172_GPHLOGML_00268	30.435	23	16	0	352	374	144	166	3.7	19.2
SA20160210_EPKMIBEH_01120	SA20160172_GPHLOGML_00259	27.160	81	41	4	96	164	141	215	5.3	18.9
SA20160210_EPKMIBEH_01120	SA20160172_GPHLOGML_01273	27.586	29	21	0	162	190	113	141	9.7	18.1
SA20160210_EPKMIBEH_01121	SA20160172_GPHLOGML_00276	100.000	359	0	0	1	359	1	359	0.0	747
SA20160210_EPKMIBEH_01121	SA20160172_GPHLOGML_00265	24.590	61	43	1	45	102	104	164	0.032	25.4
SA20160210_EPKMIBEH_01121	SA20160172_GPHLOGML_01273	31.884	69	38	2	83	142	457	525	1.3	20.8
SA20160210_EPKMIBEH_01121	SA20160172_GPHLOGML_00258	29.091	55	35	1	233	283	278	332	4.5	18.9
SA20160210_EPKMIBEH_01121	SA20160172_GPHLOGML_00263	53.333	15	7	0	135	149	277	291	5.2	18.5
SA20160210_EPKMIBEH_01121	SA20160172_GPHLOGML_00270	41.667	12	7	0	10	21	140	151	6.9	18.1
SA20160210_EPKMIBEH_01121	SA20160172_GPHLOGML_00266	36.667	30	17	1	113	142	109	136	8.4	18.1
SA20160210_EPKMIBEH_01122	SA20160172_GPHLOGML_00277	100.000	286	0	0	1	286	1	286	0.0	563
SA20160210_EPKMIBEH_01122	SA20160172_GPHLOGML_00262	45.455	33	12	2	139	165	226	258	0.54	21.6
SA20160210_EPKMIBEH_01122	SA20160172_GPHLOGML_00275	50.000	16	7	1	194	208	234	249	1.2	20.4
SA20160210_EPKMIBEH_01122	SA20160172_GPHLOGML_00278	33.333	30	20	0	66	95	65	94	1.7	19.6
SA20160210_EPKMIBEH_01122	SA20160172_GPHLOGML_00274	43.750	16	9	0	263	278	216	231	3.1	18.9
SA20160210_EPKMIBEH_01123	SA20160172_GPHLOGML_00278	100.000	211	0	0	1	211	1	211	3.96e-154	417
SA20160210_EPKMIBEH_01123	SA20160172_GPHLOGML_00277	33.333	30	20	0	65	94	66	95	1.6	19.2
SA20160210_EPKMIBEH_01123	SA20160172_GPHLOGML_00274	41.667	12	7	0	47	58	94	105	9.1	16.9
SA20160172_GPHLOGML_00258	SA20160172_GPHLOGML_00258	100.000	658	0	0	1	658	1	658	0.0	1369
SA20160172_GPHLOGML_00258	SA20160172_GPHLOGML_00261	66.667	12	4	0	577	588	62	73	2.1	20.8
SA20160172_GPHLOGML_00258	SA20160172_GPHLOGML_00271	34.783	23	15	0	195	217	134	156	4.6	19.6
SA20160172_GPHLOGML_00258	SA20160172_GPHLOGML_00263	34.286	35	23	0	259	293	213	247	4.6	19.6
SA20160172_GPHLOGML_00258	SA20160172_GPHLOGML_00267	34.783	23	15	0	183	205	126	148	4.8	19.6
SA20160172_GPHLOGML_00258	SA20160172_GPHLOGML_00262	23.750	80	56	1	83	162	78	152	6.9	19.2
SA20160172_GPHLOGML_00258	SA20160172_GPHLOGML_01273	42.308	26	14	1	593	618	86	110	7.1	19.2
SA20160172_GPHLOGML_00258	SA20160172_GPHLOGML_00276	29.091	55	35	1	278	332	233	283	8.3	18.9
SA20160172_GPHLOGML_00259	SA20160172_GPHLOGML_00259	100.000	243	0	0	1	243	1	243	0.0	504
SA20160172_GPHLOGML_00259	SA20160172_GPHLOGML_00269	31.579	19	13	0	176	194	115	133	2.4	18.9
SA20160172_GPHLOGML_00259	SA20160172_GPHLOGML_00275	27.160	81	41	4	141	215	96	164	3.4	18.5
SA20160172_GPHLOGML_00259	SA20160172_GPHLOGML_00264	36.364	22	14	0	73	94	82	103	6.2	17.7
SA20160172_GPHLOGML_00259	SA20160172_GPHLOGML_01273	55.556	9	4	0	32	40	748	756	6.3	17.7
SA20160172_GPHLOGML_00260	SA20160172_GPHLOGML_00260	100.000	249	0	0	1	249	1	249	0.0	506
SA20160172_GPHLOGML_00260	SA20160172_GPHLOGML_00261	33.333	39	20	1	63	101	363	395	0.47	21.6
SA20160172_GPHLOGML_00260	SA20160172_GPHLOGML_01273	26.316	57	41	1	52	108	16	71	7.6	17.7
SA20160172_GPHLOGML_00260	SA20160172_GPHLOGML_00268	27.778	18	13	0	202	219	290	307	9.8	17.3
SA20160172_GPHLOGML_00261	SA20160172_GPHLOGML_00261	100.000	490	0	0	1	490	1	490	0.0	1022
SA20160172_GPHLOGML_00261	SA20160172_GPHLOGML_00265	56.250	16	7	0	10	25	145	160	0.37	22.7
SA20160172_GPHLOGML_00261	SA20160172_GPHLOGML_00260	33.333	39	20	1	363	395	63	101	0.93	21.6
SA20160172_GPHLOGML_00261	SA20160172_GPHLOGML_00275	25.000	52	35	1	33	80	315	366	1.3	21.2
SA20160172_GPHLOGML_00261	SA20160172_GPHLOGML_00258	66.667	12	4	0	62	73	577	588	1.6	20.8
SA20160172_GPHLOGML_00261	SA20160172_GPHLOGML_00268	25.424	59	40	3	240	295	272	329	6.9	18.9
SA20160172_GPHLOGML_00261	SA20160172_GPHLOGML_01273	33.333	27	10	1	162	180	401	427	7.1	18.9
SA20160172_GPHLOGML_00262	SA20160172_GPHLOGML_00262	100.000	338	0	0	1	338	1	338	0.0	694
SA20160172_GPHLOGML_00262	SA20160172_GPHLOGML_00277	45.455	33	12	2	226	258	139	165	0.72	21.2
SA20160172_GPHLOGML_00262	SA20160172_GPHLOGML_00265	24.096	83	58	2	142	221	31	111	0.87	21.2
SA20160172_GPHLOGML_00262	SA20160172_GPHLOGML_00266	25.843	89	53	4	188	276	208	283	1.7	20.0
SA20160172_GPHLOGML_00262	SA20160172_GPHLOGML_01273	30.233	43	26	1	4	46	713	751	2.0	20.0
SA20160172_GPHLOGML_00262	SA20160172_GPHLOGML_00268	27.778	18	13	0	1	18	41	58	3.9	19.2
SA20160172_GPHLOGML_00262	SA20160172_GPHLOGML_00258	22.500	40	31	0	57	96	189	228	4.1	18.9
SA20160172_GPHLOGML_00262	SA20160172_GPHLOGML_00275	33.333	36	24	0	165	200	211	246	6.7	18.1
SA20160172_GPHLOGML_00263	SA20160172_GPHLOGML_00263	100.000	335	0	0	1	335	1	335	0.0	689
SA20160172_GPHLOGML_00263	SA20160172_GPHLOGML_00269	26.667	60	40	2	59	116	137	194	1.1	20.4
SA20160172_GPHLOGML_00263	SA20160172_GPHLOGML_00258	34.286	35	23	0	213	247	259	293	2.3	19.6
SA20160172_GPHLOGML_00263	SA20160172_GPHLOGML_00276	53.333	15	7	0	277	291	135	149	4.8	18.5
SA20160172_GPHLOGML_00263	SA20160172_GPHLOGML_00272	24.528	53	29	1	223	264	125	177	5.1	18.5
SA20160172_GPHLOGML_00263	SA20160172_GPHLOGML_00265	37.500	16	10	0	65	80	89	104	6.5	18.1
SA20160172_GPHLOGML_00263	SA20160172_GPHLOGML_01273	50.000	12	6	0	105	116	622	633	6.9	18.1
SA20160172_GPHLOGML_00264	SA20160172_GPHLOGML_00264	100.000	157	0	0	1	157	1	157	2.02e-118	322
SA20160172_GPHLOGML_00264	SA20160172_GPHLOGML_00275	50.000	16	8	0	7	22	70	85	0.31	21.2
SA20160172_GPHLOGML_00264	SA20160172_GPHLOGML_00259	36.364	22	14	0	82	103	73	94	4.2	17.7
SA20160172_GPHLOGML_00264	SA20160172_GPHLOGML_00258	38.462	13	8	0	118	130	118	130	4.5	17.7
SA20160172_GPHLOGML_00265	SA20160172_GPHLOGML_00265	100.000	296	0	0	1	296	1	296	0.0	612
SA20160172_GPHLOGML_00265	SA20160172_GPHLOGML_00276	24.590	61	43	1	104	164	45	102	0.025	25.8
SA20160172_GPHLOGML_00265	SA20160172_GPHLOGML_01273	36.111	36	22	1	123	157	23	58	0.12	23.9
SA20160172_GPHLOGML_00265	SA20160172_GPHLOGML_00261	56.250	16	7	0	145	160	10	25	0.20	23.1
SA20160172_GPHLOGML_00265	SA20160172_GPHLOGML_00275	24.603	126	80	4	61	175	120	241	1.8	20.0
SA20160172_GPHLOGML_00265	SA20160172_GPHLOGML_00268	60.000	10	4	0	27	36	56	65	5.8	18.5
SA20160172_GPHLOGML_00265	SA20160172_GPHLOGML_00263	37.500	16	10	0	89	104	65	80	6.0	18.1
SA20160172_GPHLOGML_00265	SA20160172_GPHLOGML_00267	29.167	24	17	0	141	164	126	149	8.3	17.7
SA20160172_GPHLOGML_00266	SA20160172_GPHLOGML_00266	100.000	306	0	0	1	306	1	306	0.0	635
SA20160172_GPHLOGML_00266	SA20160172_GPHLOGML_00262	26.000	100	61	4	209	295	189	288	0.14	23.5
SA20160172_GPHLOGML_00266	SA20160172_GPHLOGML_01273	41.379	29	16	1	12	40	549	576	0.77	21.2
SA20160172_GPHLOGML_00266	SA20160172_GPHLOGML_00276	36.667	30	17	1	109	136	113	142	7.4	18.1
SA20160172_GPHLOGML_00267	SA20160172_GPHLOGML_00267	100.000	252	0	0	1	252	1	252	0.0	514
SA20160172_GPHLOGML_00267	SA20160172_GPHLOGML_00268	22.564	195	124	8	45	232	11	185	0.40	21.6
SA20160172_GPHLOGML_00267	SA20160172_GPHLOGML_00258	34.783	23	15	0	126	148	183	205	1.8	19.6
SA20160172_GPHLOGML_00267	SA20160172_GPHLOGML_01273	24.419	86	50	3	154	235	213	287	6.7	17.7
SA20160172_GPHLOGML_00267	SA20160172_GPHLOGML_00265	29.167	24	17	0	126	149	141	164	6.9	17.7
SA20160172_GPHLOGML_00267	SA20160172_GPHLOGML_00261	42.857	14	8	0	19	32	186	199	7.0	17.7
SA20160172_GPHLOGML_00268	SA20160172_GPHLOGML_00268	100.000	663	0	0	1	663	1	663	0.0	1377
SA20160172_GPHLOGML_00268	SA20160172_GPHLOGML_00267	22.564	195	124	8	11	185	45	232	1.1	21.6
SA20160172_GPHLOGML_00268	SA20160172_GPHLOGML_00275	30.435	23	16	0	144	166	352	374	6.4	19.2
SA20160172_GPHLOGML_00268	SA20160172_GPHLOGML_01273	40.625	32	12	2	617	648	924	948	8.6	18.9
SA20160172_GPHLOGML_00268	SA20160172_GPHLOGML_00261	25.424	59	40	3	272	329	240	295	9.3	18.9
SA20160172_GPHLOGML_01273	SA20160172_GPHLOGML_01273	100.000	1049	0	0	1	1049	1	1049	0.0	2133
SA20160172_GPHLOGML_01273	SA20160172_GPHLOGML_00265	36.111	36	22	1	23	58	123	157	0.51	23.5
SA20160172_GPHLOGML_01273	SA20160172_GPHLOGML_00272	39.286	28	17	0	438	465	104	131	0.87	22.3
SA20160172_GPHLOGML_01273	SA20160172_GPHLOGML_00274	33.333	39	17	1	610	639	5	43	0.97	22.7
SA20160172_GPHLOGML_01273	SA20160172_GPHLOGML_00266	41.379	29	16	1	549	576	12	40	2.8	21.2
SA20160172_GPHLOGML_01273	SA20160172_GPHLOGML_00276	31.884	69	38	2	457	525	83	142	3.5	20.8
SA20160172_GPHLOGML_01273	SA20160172_GPHLOGML_00271	70.000	10	3	0	848	857	118	127	5.3	20.0
SA20160172_GPHLOGML_01273	SA20160172_GPHLOGML_00262	30.233	43	26	1	713	751	4	46	6.5	20.0
SA20160172_GPHLOGML_00269	SA20160172_GPHLOGML_00269	100.000	218	0	0	1	218	1	218	2.23e-164	443
SA20160172_GPHLOGML_00269	SA20160172_GPHLOGML_00270	32.174	230	135	6	1	216	1	223	4.97e-19	73.2
SA20160172_GPHLOGML_00269	SA20160172_GPHLOGML_00263	26.667	60	40	2	137	194	59	116	0.75	20.4
SA20160172_GPHLOGML_00269	SA20160172_GPHLOGML_00275	57.143	14	6	0	205	218	105	118	1.9	19.2
SA20160172_GPHLOGML_00269	SA20160172_GPHLOGML_00259	31.579	19	13	0	115	133	176	194	2.2	18.9
SA20160172_GPHLOGML_00269	SA20160172_GPHLOGML_00266	23.529	34	26	0	125	158	100	133	6.5	17.7
SA20160172_GPHLOGML_00270	SA20160172_GPHLOGML_00270	100.000	225	0	0	1	225	1	225	4.51e-170	458
SA20160172_GPHLOGML_00270	SA20160172_GPHLOGML_00269	32.174	230	135	6	1	223	1	216	5.13e-19	73.2
SA20160172_GPHLOGML_00270	SA20160172_GPHLOGML_00276	41.667	12	7	0	140	151	10	21	4.3	18.1
SA20160172_GPHLOGML_00271	SA20160172_GPHLOGML_00271	100.000	235	0	0	1	235	1	235	4.47e-172	464
SA20160172_GPHLOGML_00271	SA20160172_GPHLOGML_01273	53.333	15	7	0	117	131	847	861	0.67	20.8
SA20160172_GPHLOGML_00271	SA20160172_GPHLOGML_00258	34.783	23	15	0	134	156	195	217	1.8	19.6
SA20160172_GPHLOGML_00271	SA20160172_GPHLOGML_00268	31.250	16	11	0	63	78	536	551	6.8	17.7
SA20160172_GPHLOGML_00271	SA20160172_GPHLOGML_00265	34.848	66	31	4	78	143	239	292	8.5	17.3
SA20160172_GPHLOGML_00272	SA20160172_GPHLOGML_00272	100.000	192	0	0	1	192	1	192	4.79e-134	364
SA20160172_GPHLOGML_00272	SA20160172_GPHLOGML_01273	26.446	121	84	3	11	131	350	465	0.15	22.7
SA20160172_GPHLOGML_00272	SA20160172_GPHLOGML_00274	21.569	51	40	0	6	56	226	276	1.6	19.2
SA20160172_GPHLOGML_00272	SA20160172_GPHLOGML_00263	24.528	53	29	1	125	177	223	264	3.5	18.1
SA20160172_GPHLOGML_00273	SA20160172_GPHLOGML_00273	100.000	141	0	0	1	141	1	141	6.48e-106	289
SA20160172_GPHLOGML_00273	SA20160172_GPHLOGML_00264	41.667	12	7	0	130	141	75	86	9.2	16.2
SA20160172_GPHLOGML_00273	SA20160172_GPHLOGML_00269	50.000	18	9	0	105	122	18	35	10.0	16.2
SA20160172_GPHLOGML_00274	SA20160172_GPHLOGML_00274	100.000	348	0	0	1	348	1	348	0.0	715
SA20160172_GPHLOGML_00274	SA20160172_GPHLOGML_01273	33.333	39	17	1	5	43	610	639	0.31	22.7
SA20160172_GPHLOGML_00274	SA20160172_GPHLOGML_00275	23.077	39	27	1	157	192	247	285	1.7	20.0
SA20160172_GPHLOGML_00274	SA20160172_GPHLOGML_00277	38.889	18	11	0	216	233	263	280	3.6	19.2
SA20160172_GPHLOGML_00274	SA20160172_GPHLOGML_00272	21.569	51	40	0	226	276	6	56	3.8	18.9
SA20160172_GPHLOGML_00275	SA20160172_GPHLOGML_00275	100.000	387	0	0	1	387	1	387	0.0	776
SA20160172_GPHLOGML_00275	SA20160172_GPHLOGML_00264	50.000	16	8	0	70	85	7	22	0.76	21.2
SA20160172_GPHLOGML_00275	SA20160172_GPHLOGML_00261	25.000	52	35	1	315	366	33	80	1.1	21.2
SA20160172_GPHLOGML_00275	SA20160172_GPHLOGML_00277	50.000	16	7	1	234	249	194	208	1.9	20.0
SA20160172_GPHLOGML_00275	SA20160172_GPHLOGML_00274	23.077	39	27	1	247	285	157	192	1.9	20.0
SA20160172_GPHLOGML_00275	SA20160172_GPHLOGML_00265	24.800	125	79	4	120	240	61	174	2.2	20.0
SA20160172_GPHLOGML_00275	SA20160172_GPHLOGML_00269	57.143	14	6	0	105	118	205	218	3.3	19.2
SA20160172_GPHLOGML_00275	SA20160172_GPHLOGML_00268	30.435	23	16	0	352	374	144	166	3.7	19.2
SA20160172_GPHLOGML_00275	SA20160172_GPHLOGML_00259	27.160	81	41	4	96	164	141	215	5.3	18.9
SA20160172_GPHLOGML_00275	SA20160172_GPHLOGML_01273	27.586	29	21	0	162	190	113	141	9.7	18.1
SA20160172_GPHLOGML_00276	SA20160172_GPHLOGML_00276	100.000	359	0	0	1	359	1	359	0.0	747
SA20160172_GPHLOGML_00276	SA20160172_GPHLOGML_00265	24.590	61	43	1	45	102	104	164	0.032	25.4
SA20160172_GPHLOGML_00276	SA20160172_GPHLOGML_01273	31.884	69	38	2	83	142	457	525	1.3	20.8
SA20160172_GPHLOGML_00276	SA20160172_GPHLOGML_00258	29.091	55	35	1	233	283	278	332	4.5	18.9
SA20160172_GPHLOGML_00276	SA20160172_GPHLOGML_00263	53.333	15	7	0	135	149	277	291	5.2	18.5
SA20160172_GPHLOGML_00276	SA20160172_GPHLOGML_00270	41.667	12	7	0	10	21	140	151	6.9	18.1
SA20160172_GPHLOGML_00276	SA20160172_GPHLOGML_00266	36.667	30	17	1	113	142	109	136	8.4	18.1
SA20160172_GPHLOGML_00277	SA20160172_GPHLOGML_00277	100.000	286	0	0	1	286	1	286	0.0	563
SA20160172_GPHLOGML_00277	SA20160172_GPHLOGML_00262	45.455	33	12	2	139	165	226	258	0.54	21.6
SA20160172_GPHLOGML_00277	SA20160172_GPHLOGML_00275	50.000	16	7	1	194	208	234	249	1.2	20.4
SA20160172_GPHLOGML_00277	SA20160172_GPHLOGML_00278	33.333	30	20	0	66	95	65	94	1.7	19.6
SA20160172_GPHLOGML_00277	SA20160172_GPHLOGML_00274	43.750	16	9	0	263	278	216	231	3.1	18.9
SA20160172_GPHLOGML_00278	SA20160172_GPHLOGML_00278	100.000	211	0	0	1	211	1	211	3.96e-154	417
SA20160172_GPHLOGML_00278	SA20160172_GPHLOGML_00277	33.333	30	20	0	65	94	66	95	1.6	19.2
SA20160172_GPHLOGML_00278	SA20160172_GPHLOGML_00274	41.667	12	7	0	47	58	94	105	9.1	16.9
SA20160210_EPKMIBEH_01103	SA20160210_EPKMIBEH_01103	100.000	658	0	0	1	658	1	658	0.0	1369
SA20160210_EPKMIBEH_01103	SA20160210_EPKMIBEH_01106	66.667	12	4	0	577	588	62	73	2.1	20.8
SA20160210_EPKMIBEH_01103	SA20160210_EPKMIBEH_01116	34.783	23	15	0	195	217	134	156	4.6	19.6
SA20160210_EPKMIBEH_01103	SA20160210_EPKMIBEH_01108	34.286	35	23	0	259	293	213	247	4.7	19.6
SA20160210_EPKMIBEH_01103	SA20160210_EPKMIBEH_01112	34.783	23	15	0	183	205	126	148	4.8	19.6
SA20160210_EPKMIBEH_01103	SA20160210_EPKMIBEH_01107	23.750	80	56	1	83	162	78	152	6.9	19.2
SA20160210_EPKMIBEH_01103	SA20160210_EPKMIBEH_01787	42.308	26	14	1	593	618	86	110	7.1	19.2
SA20160210_EPKMIBEH_01103	SA20160210_EPKMIBEH_01121	29.091	55	35	1	278	332	233	283	8.3	18.9
SA20160210_EPKMIBEH_01104	SA20160210_EPKMIBEH_01104	100.000	243	0	0	1	243	1	243	0.0	504
SA20160210_EPKMIBEH_01104	SA20160210_EPKMIBEH_01114	31.579	19	13	0	176	194	115	133	2.4	18.9
SA20160210_EPKMIBEH_01104	SA20160210_EPKMIBEH_01120	27.160	81	41	4	141	215	96	164	3.4	18.5
SA20160210_EPKMIBEH_01104	SA20160210_EPKMIBEH_01109	36.364	22	14	0	73	94	82	103	6.2	17.7
SA20160210_EPKMIBEH_01104	SA20160210_EPKMIBEH_01787	55.556	9	4	0	32	40	748	756	6.3	17.7
SA20160210_EPKMIBEH_01105	SA20160210_EPKMIBEH_01105	100.000	249	0	0	1	249	1	249	0.0	506
SA20160210_EPKMIBEH_01105	SA20160210_EPKMIBEH_01106	33.333	39	20	1	63	101	363	395	0.47	21.6
SA20160210_EPKMIBEH_01105	SA20160210_EPKMIBEH_01787	26.316	57	41	1	52	108	16	71	7.6	17.7
SA20160210_EPKMIBEH_01105	SA20160210_EPKMIBEH_01113	27.778	18	13	0	202	219	290	307	9.8	17.3
SA20160210_EPKMIBEH_01106	SA20160210_EPKMIBEH_01106	100.000	490	0	0	1	490	1	490	0.0	1022
SA20160210_EPKMIBEH_01106	SA20160210_EPKMIBEH_01110	56.250	16	7	0	10	25	145	160	0.37	22.7
SA20160210_EPKMIBEH_01106	SA20160210_EPKMIBEH_01105	33.333	39	20	1	363	395	63	101	0.93	21.6
SA20160210_EPKMIBEH_01106	SA20160210_EPKMIBEH_01120	25.000	52	35	1	33	80	315	366	1.3	21.2
SA20160210_EPKMIBEH_01106	SA20160210_EPKMIBEH_01103	66.667	12	4	0	62	73	577	588	1.6	20.8
SA20160210_EPKMIBEH_01106	SA20160210_EPKMIBEH_01113	25.424	59	40	3	240	295	272	329	6.9	18.9
SA20160210_EPKMIBEH_01106	SA20160210_EPKMIBEH_01787	33.333	27	10	1	162	180	401	427	7.1	18.9
SA20160210_EPKMIBEH_01107	SA20160210_EPKMIBEH_01107	100.000	338	0	0	1	338	1	338	0.0	694
SA20160210_EPKMIBEH_01107	SA20160210_EPKMIBEH_01122	45.455	33	12	2	226	258	139	165	0.72	21.2
SA20160210_EPKMIBEH_01107	SA20160210_EPKMIBEH_01110	24.096	83	58	2	142	221	31	111	0.87	21.2
SA20160210_EPKMIBEH_01107	SA20160210_EPKMIBEH_01111	25.843	89	53	4	188	276	208	283	1.7	20.0
SA20160210_EPKMIBEH_01107	SA20160210_EPKMIBEH_01787	30.233	43	26	1	4	46	713	751	2.0	20.0
SA20160210_EPKMIBEH_01107	SA20160210_EPKMIBEH_01113	27.778	18	13	0	1	18	41	58	3.9	19.2
SA20160210_EPKMIBEH_01107	SA20160210_EPKMIBEH_01103	22.500	40	31	0	57	96	189	228	4.1	18.9
SA20160210_EPKMIBEH_01107	SA20160210_EPKMIBEH_01120	33.333	36	24	0	165	200	211	246	6.7	18.1
SA20160210_EPKMIBEH_01108	SA20160210_EPKMIBEH_01108	100.000	335	0	0	1	335	1	335	0.0	690
SA20160210_EPKMIBEH_01108	SA20160210_EPKMIBEH_01114	22.414	58	45	0	59	116	137	194	1.7	20.0
SA20160210_EPKMIBEH_01108	SA20160210_EPKMIBEH_01103	34.286	35	23	0	213	247	259	293	2.4	19.6
SA20160210_EPKMIBEH_01108	SA20160210_EPKMIBEH_01121	53.333	15	7	0	277	291	135	149	4.7	18.9
SA20160210_EPKMIBEH_01108	SA20160210_EPKMIBEH_01117	24.528	53	29	1	223	264	125	177	5.4	18.5
SA20160210_EPKMIBEH_01108	SA20160210_EPKMIBEH_01110	37.500	16	10	0	65	80	89	104	6.4	18.1
SA20160210_EPKMIBEH_01108	SA20160210_EPKMIBEH_01787	50.000	12	6	0	105	116	622	633	6.9	18.1
SA20160210_EPKMIBEH_01109	SA20160210_EPKMIBEH_01109	100.000	157	0	0	1	157	1	157	2.02e-118	322
SA20160210_EPKMIBEH_01109	SA20160210_EPKMIBEH_01120	50.000	16	8	0	7	22	70	85	0.31	21.2
SA20160210_EPKMIBEH_01109	SA20160210_EPKMIBEH_01104	36.364	22	14	0	82	103	73	94	4.2	17.7
SA20160210_EPKMIBEH_01109	SA20160210_EPKMIBEH_01103	38.462	13	8	0	118	130	118	130	4.5	17.7
SA20160210_EPKMIBEH_01110	SA20160210_EPKMIBEH_01110	100.000	296	0	0	1	296	1	296	0.0	612
SA20160210_EPKMIBEH_01110	SA20160210_EPKMIBEH_01121	24.590	61	43	1	104	164	45	102	0.025	25.8
SA20160210_EPKMIBEH_01110	SA20160210_EPKMIBEH_01787	36.111	36	22	1	123	157	23	58	0.12	23.9
SA20160210_EPKMIBEH_01110	SA20160210_EPKMIBEH_01106	56.250	16	7	0	145	160	10	25	0.20	23.1
SA20160210_EPKMIBEH_01110	SA20160210_EPKMIBEH_01120	24.603	126	80	4	61	175	120	241	1.8	20.0
SA20160210_EPKMIBEH_01110	SA20160210_EPKMIBEH_01113	60.000	10	4	0	27	36	56	65	5.8	18.5
SA20160210_EPKMIBEH_01110	SA20160210_EPKMIBEH_01108	37.500	16	10	0	89	104	65	80	5.9	18.1
SA20160210_EPKMIBEH_01110	SA20160210_EPKMIBEH_01112	29.167	24	17	0	141	164	126	149	8.3	17.7
SA20160210_EPKMIBEH_01111	SA20160210_EPKMIBEH_01111	100.000	306	0	0	1	306	1	306	0.0	635
SA20160210_EPKMIBEH_01111	SA20160210_EPKMIBEH_01107	26.000	100	61	4	209	295	189	288	0.14	23.5
SA20160210_EPKMIBEH_01111	SA20160210_EPKMIBEH_01787	41.379	29	16	1	12	40	549	576	0.77	21.2
SA20160210_EPKMIBEH_01111	SA20160210_EPKMIBEH_01121	36.667	30	17	1	109	136	113	142	7.4	18.1
SA20160210_EPKMIBEH_01112	SA20160210_EPKMIBEH_01112	100.000	252	0	0	1	252	1	252	0.0	514
SA20160210_EPKMIBEH_01112	SA20160210_EPKMIBEH_01113	22.564	195	124	8	45	232	11	185	0.40	21.6
SA20160210_EPKMIBEH_01112	SA20160210_EPKMIBEH_01103	34.783	23	15	0	126	148	183	205	1.8	19.6
SA20160210_EPKMIBEH_01112	SA20160210_EPKMIBEH_01787	24.419	86	50	3	154	235	213	287	6.7	17.7
SA20160210_EPKMIBEH_01112	SA20160210_EPKMIBEH_01110	29.167	24	17	0	126	149	141	164	6.9	17.7
SA20160210_EPKMIBEH_01112	SA20160210_EPKMIBEH_01106	42.857	14	8	0	19	32	186	199	7.0	17.7
SA20160210_EPKMIBEH_01113	SA20160210_EPKMIBEH_01113	100.000	663	0	0	1	663	1	663	0.0	1377
SA20160210_EPKMIBEH_01113	SA20160210_EPKMIBEH_01112	22.564	195	124	8	11	185	45	232	1.1	21.6
SA20160210_EPKMIBEH_01113	SA20160210_EPKMIBEH_01120	30.435	23	16	0	144	166	352	374	6.4	19.2
SA20160210_EPKMIBEH_01113	SA20160210_EPKMIBEH_01787	40.625	32	12	2	617	648	924	948	8.6	18.9
SA20160210_EPKMIBEH_01113	SA20160210_EPKMIBEH_01106	25.424	59	40	3	272	329	240	295	9.3	18.9
SA20160210_EPKMIBEH_01787	SA20160210_EPKMIBEH_01787	100.000	1049	0	0	1	1049	1	1049	0.0	2133
SA20160210_EPKMIBEH_01787	SA20160210_EPKMIBEH_01110	36.111	36	22	1	23	58	123	157	0.51	23.5
SA20160210_EPKMIBEH_01787	SA20160210_EPKMIBEH_01117	39.286	28	17	0	438	465	104	131	0.87	22.3
SA20160210_EPKMIBEH_01787	SA20160210_EPKMIBEH_01119	33.333	39	17	1	610	639	5	43	0.97	22.7
SA20160210_EPKMIBEH_01787	SA20160210_EPKMIBEH_01111	41.379	29	16	1	549	576	12	40	2.8	21.2
SA20160210_EPKMIBEH_01787	SA20160210_EPKMIBEH_01121	31.884	69	38	2	457	525	83	142	3.5	20.8
SA20160210_EPKMIBEH_01787	SA20160210_EPKMIBEH_01116	70.000	10	3	0	848	857	118	127	5.3	20.0
SA20160210_EPKMIBEH_01787	SA20160210_EPKMIBEH_01107	30.233	43	26	1	713	751	4	46	6.5	20.0
SA20160210_EPKMIBEH_01114	SA20160210_EPKMIBEH_01114	100.000	218	0	0	1	218	1	218	2.23e-164	443
SA20160210_EPKMIBEH_01114	SA20160210_EPKMIBEH_01115	32.174	230	135	6	1	216	1	223	4.97e-19	73.2
SA20160210_EPKMIBEH_01114	SA20160210_EPKMIBEH_01108	22.414	58	45	0	137	194	59	116	1.1	20.0
SA20160210_EPKMIBEH_01114	SA20160210_EPKMIBEH_01120	57.143	14	6	0	205	218	105	118	1.9	19.2
SA20160210_EPKMIBEH_01114	SA20160210_EPKMIBEH_01104	31.579	19	13	0	115	133	176	194	2.2	18.9
SA20160210_EPKMIBEH_01114	SA20160210_EPKMIBEH_01111	23.529	34	26	0	125	158	100	133	6.5	17.7
SA20160210_EPKMIBEH_01115	SA20160210_EPKMIBEH_01115	100.000	225	0	0	1	225	1	225	4.51e-170	458
SA20160210_EPKMIBEH_01115	SA20160210_EPKMIBEH_01114	32.174	230	135	6	1	223	1	216	5.13e-19	73.2
SA20160210_EPKMIBEH_01115	SA20160210_EPKMIBEH_01121	41.667	12	7	0	140	151	10	21	4.3	18.1
SA20160210_EPKMIBEH_01116	SA20160210_EPKMIBEH_01116	100.000	235	0	0	1	235	1	235	4.47e-172	464
SA20160210_EPKMIBEH_01116	SA20160210_EPKMIBEH_01787	53.333	15	7	0	117	131	847	861	0.67	20.8
SA20160210_EPKMIBEH_01116	SA20160210_EPKMIBEH_01103	34.783	23	15	0	134	156	195	217	1.8	19.6
SA20160210_EPKMIBEH_01116	SA20160210_EPKMIBEH_01113	31.250	16	11	0	63	78	536	551	6.8	17.7
SA20160210_EPKMIBEH_01116	SA20160210_EPKMIBEH_01110	34.848	66	31	4	78	143	239	292	8.5	17.3
SA20160210_EPKMIBEH_01117	SA20160210_EPKMIBEH_01117	100.000	192	0	0	1	192	1	192	4.79e-134	364
SA20160210_EPKMIBEH_01117	SA20160210_EPKMIBEH_01787	26.446	121	84	3	11	131	350	465	0.15	22.7
SA20160210_EPKMIBEH_01117	SA20160210_EPKMIBEH_01119	21.569	51	40	0	6	56	226	276	1.6	19.2
SA20160210_EPKMIBEH_01117	SA20160210_EPKMIBEH_01108	24.528	53	29	1	125	177	223	264	3.5	18.1
SA20160210_EPKMIBEH_01118	SA20160210_EPKMIBEH_01118	100.000	141	0	0	1	141	1	141	6.48e-106	289
SA20160210_EPKMIBEH_01118	SA20160210_EPKMIBEH_01109	41.667	12	7	0	130	141	75	86	9.2	16.2
SA20160210_EPKMIBEH_01118	SA20160210_EPKMIBEH_01114	50.000	18	9	0	105	122	18	35	10.0	16.2
SA20160210_EPKMIBEH_01119	SA20160210_EPKMIBEH_01119	100.000	348	0	0	1	348	1	348	0.0	715
SA20160210_EPKMIBEH_01119	SA20160210_EPKMIBEH_01787	33.333	39	17	1	5	43	610	639	0.31	22.7
SA20160210_EPKMIBEH_01119	SA20160210_EPKMIBEH_01120	23.077	39	27	1	157	192	247	285	1.7	20.0
SA20160210_EPKMIBEH_01119	SA20160210_EPKMIBEH_01122	38.889	18	11	0	216	233	263	280	3.6	19.2
SA20160210_EPKMIBEH_01119	SA20160210_EPKMIBEH_01117	21.569	51	40	0	226	276	6	56	3.8	18.9
SA20160210_EPKMIBEH_01120	SA20160210_EPKMIBEH_01120	100.000	387	0	0	1	387	1	387	0.0	776
SA20160210_EPKMIBEH_01120	SA20160210_EPKMIBEH_01109	50.000	16	8	0	70	85	7	22	0.76	21.2
SA20160210_EPKMIBEH_01120	SA20160210_EPKMIBEH_01106	25.000	52	35	1	315	366	33	80	1.1	21.2
SA20160210_EPKMIBEH_01120	SA20160210_EPKMIBEH_01122	50.000	16	7	1	234	249	194	208	1.9	20.0
SA20160210_EPKMIBEH_01120	SA20160210_EPKMIBEH_01119	23.077	39	27	1	247	285	157	192	1.9	20.0
SA20160210_EPKMIBEH_01120	SA20160210_EPKMIBEH_01110	24.800	125	79	4	120	240	61	174	2.2	20.0
SA20160210_EPKMIBEH_01120	SA20160210_EPKMIBEH_01114	57.143	14	6	0	105	118	205	218	3.3	19.2
SA20160210_EPKMIBEH_01120	SA20160210_EPKMIBEH_01113	30.435	23	16	0	352	374	144	166	3.7	19.2
SA20160210_EPKMIBEH_01120	SA20160210_EPKMIBEH_01104	27.160	81	41	4	96	164	141	215	5.3	18.9
SA20160210_EPKMIBEH_01120	SA20160210_EPKMIBEH_01787	27.586	29	21	0	162	190	113	141	9.7	18.1
SA20160210_EPKMIBEH_01121	SA20160210_EPKMIBEH_01121	100.000	359	0	0	1	359	1	359	0.0	747
SA20160210_EPKMIBEH_01121	SA20160210_EPKMIBEH_01110	24.590	61	43	1	45	102	104	164	0.032	25.4
SA20160210_EPKMIBEH_01121	SA20160210_EPKMIBEH_01787	31.884	69	38	2	83	142	457	525	1.3	20.8
SA20160210_EPKMIBEH_01121	SA20160210_EPKMIBEH_01103	29.091	55	35	1	233	283	278	332	4.5	18.9
SA20160210_EPKMIBEH_01121	SA20160210_EPKMIBEH_01108	53.333	15	7	0	135	149	277	291	5.1	18.9
SA20160210_EPKMIBEH_01121	SA20160210_EPKMIBEH_01115	41.667	12	7	0	10	21	140	151	6.9	18.1
SA20160210_EPKMIBEH_01121	SA20160210_EPKMIBEH_01111	36.667	30	17	1	113	142	109	136	8.4	18.1
SA20160210_EPKMIBEH_01122	SA20160210_EPKMIBEH_01122	100.000	286	0	0	1	286	1	286	0.0	563
SA20160210_EPKMIBEH_01122	SA20160210_EPKMIBEH_01107	45.455	33	12	2	139	165	226	258	0.54	21.6
SA20160210_EPKMIBEH_01122	SA20160210_EPKMIBEH_01120	50.000	16	7	1	194	208	234	249	1.2	20.4
SA20160210_EPKMIBEH_01122	SA20160210_EPKMIBEH_01123	33.333	30	20	0	66	95	65	94	1.7	19.6
SA20160210_EPKMIBEH_01122	SA20160210_EPKMIBEH_01119	43.750	16	9	0	263	278	216	231	3.1	18.9
SA20160210_EPKMIBEH_01123	SA20160210_EPKMIBEH_01123	100.000	211	0	0	1	211	1	211	3.96e-154	417
SA20160210_EPKMIBEH_01123	SA20160210_EPKMIBEH_01122	33.333	30	20	0	65	94	66	95	1.6	19.2
SA20160210_EPKMIBEH_01123	SA20160210_EPKMIBEH_01119	41.667	12	7	0	47	58	94	105	9.1	16.9
