SA20160326_NMHJDFNH_01278	SA20160209_CPEIOPNK_01277	100.000	428	0	0	1	428	1	428	0.0	840
SA20160326_NMHJDFNH_01278	SA20160209_CPEIOPNK_01287	30.952	42	29	0	9	50	630	671	0.094	24.6
SA20160326_NMHJDFNH_01279	SA20160209_CPEIOPNK_01278	100.000	286	0	0	1	286	1	286	0.0	591
SA20160326_NMHJDFNH_01279	SA20160209_CPEIOPNK_01283	21.818	55	36	1	75	129	92	139	1.5	19.6
SA20160326_NMHJDFNH_01279	SA20160209_CPEIOPNK_01284	40.909	22	13	0	178	199	29	50	2.7	18.9
SA20160326_NMHJDFNH_01279	SA20160209_CPEIOPNK_01297	30.000	30	21	0	206	235	14	43	2.9	18.9
SA20160326_NMHJDFNH_01279	SA20160209_CPEIOPNK_01291	50.000	14	7	0	101	114	68	81	6.1	17.7
SA20160326_NMHJDFNH_01279	SA20160209_CPEIOPNK_01279	50.000	12	6	0	180	191	53	64	7.5	17.3
SA20160326_NMHJDFNH_01279	SA20160209_CPEIOPNK_01287	23.577	123	68	5	124	240	419	521	9.7	17.3
SA20160326_NMHJDFNH_01280	SA20160209_CPEIOPNK_01279	100.000	189	0	0	1	189	1	189	8.48e-136	369
SA20160326_NMHJDFNH_01280	SA20160209_CPEIOPNK_01290	25.758	66	35	1	56	121	976	1027	0.045	23.9
SA20160326_NMHJDFNH_01280	SA20160209_CPEIOPNK_01278	50.000	12	6	0	53	64	180	191	5.5	17.3
SA20160326_NMHJDFNH_01280	SA20160209_CPEIOPNK_01287	47.619	21	8	1	142	159	97	117	5.8	17.3
SA20160326_NMHJDFNH_01281	SA20160209_CPEIOPNK_01280	100.000	103	0	0	1	103	1	103	8.18e-75	207
SA20160326_NMHJDFNH_01281	SA20160209_CPEIOPNK_01290	26.667	60	42	1	29	88	336	393	0.40	19.6
SA20160326_NMHJDFNH_01281	SA20160209_CPEIOPNK_01284	30.000	50	32	2	35	82	2	50	1.1	18.1
SA20160326_NMHJDFNH_01281	SA20160209_CPEIOPNK_01297	27.778	18	13	0	9	26	311	328	7.3	15.8
SA20160326_NMHJDFNH_01281	SA20160209_CPEIOPNK_01292	26.923	26	17	1	51	76	123	146	8.4	15.4
SA20160326_NMHJDFNH_01282	SA20160209_CPEIOPNK_01281	100.000	516	0	0	1	516	1	516	0.0	1056
SA20160326_NMHJDFNH_01282	SA20160209_CPEIOPNK_01287	28.000	75	37	3	54	123	261	323	0.30	23.1
SA20160326_NMHJDFNH_01282	SA20160209_CPEIOPNK_01296	56.250	16	6	1	206	220	166	181	1.2	20.8
SA20160326_NMHJDFNH_01282	SA20160209_CPEIOPNK_01289	31.579	57	34	3	319	372	91	145	1.3	20.8
SA20160326_NMHJDFNH_01282	SA20160209_CPEIOPNK_01290	26.866	67	48	1	35	101	82	147	3.8	19.6
SA20160326_NMHJDFNH_01282	SA20160209_CPEIOPNK_01294	45.000	20	11	0	316	335	121	140	5.6	18.5
SA20160326_NMHJDFNH_01283	SA20160209_CPEIOPNK_01282	100.000	86	0	0	1	86	1	86	2.44e-63	177
SA20160326_NMHJDFNH_01283	SA20160209_CPEIOPNK_01287	25.806	31	23	0	1	31	313	343	1.6	17.7
SA20160326_NMHJDFNH_01284	SA20160209_CPEIOPNK_01283	100.000	156	0	0	1	156	1	156	3.06e-119	324
SA20160326_NMHJDFNH_01284	SA20160209_CPEIOPNK_01278	22.581	62	41	1	92	146	75	136	1.1	19.2
SA20160326_NMHJDFNH_01284	SA20160209_CPEIOPNK_01295	26.667	75	34	3	54	111	1	71	1.2	18.9
SA20160326_NMHJDFNH_01284	SA20160209_CPEIOPNK_01287	42.857	14	8	0	41	54	890	903	6.0	16.9
SA20160326_NMHJDFNH_01284	SA20160209_CPEIOPNK_01279	33.333	12	8	0	54	65	44	55	8.4	16.2
SA20160326_NMHJDFNH_01285	SA20160209_CPEIOPNK_01284	100.000	183	0	0	1	183	1	183	4.37e-140	379
SA20160326_NMHJDFNH_01285	SA20160209_CPEIOPNK_01288	45.000	20	11	0	138	157	343	362	0.84	19.6
SA20160326_NMHJDFNH_01285	SA20160209_CPEIOPNK_01278	40.909	22	13	0	29	50	178	199	1.7	18.9
SA20160326_NMHJDFNH_01285	SA20160209_CPEIOPNK_01290	58.333	12	5	0	128	139	944	955	1.9	18.9
SA20160326_NMHJDFNH_01285	SA20160209_CPEIOPNK_01280	30.000	50	32	2	2	50	35	82	1.9	18.1
SA20160326_NMHJDFNH_01285	SA20160209_CPEIOPNK_01277	25.926	27	20	0	153	179	255	281	10.0	16.5
SA20160326_NMHJDFNH_01286	SA20160209_CPEIOPNK_01285	100.000	72	0	0	1	72	1	72	1.01e-52	149
SA20160326_NMHJDFNH_01286	SA20160209_CPEIOPNK_01287	60.000	10	4	0	22	31	59	68	1.1	17.7
SA20160326_NMHJDFNH_01286	SA20160209_CPEIOPNK_01292	29.167	24	17	0	47	70	108	131	1.9	16.9
SA20160326_NMHJDFNH_01287	SA20160209_CPEIOPNK_01286	100.000	124	0	0	1	124	1	124	2.32e-95	261
SA20160326_NMHJDFNH_01287	SA20160209_CPEIOPNK_01290	22.667	75	41	1	29	103	396	453	0.70	19.2
SA20160326_NMHJDFNH_01287	SA20160209_CPEIOPNK_01281	38.889	18	11	0	41	58	52	69	5.4	16.5
SA20160326_NMHJDFNH_01288	SA20160209_CPEIOPNK_01287	100.000	1049	0	0	1	1049	1	1049	0.0	2133
SA20160326_NMHJDFNH_01288	SA20160209_CPEIOPNK_01277	30.952	42	29	0	630	671	9	50	0.22	24.6
SA20160326_NMHJDFNH_01288	SA20160209_CPEIOPNK_01281	28.000	75	37	3	261	323	54	123	0.69	23.1
SA20160326_NMHJDFNH_01989	SA20160209_CPEIOPNK_01297	40.909	22	10	1	410	428	21	42	2.5	20.4
SA20160326_NMHJDFNH_01989	SA20160209_CPEIOPNK_01281	29.508	61	38	3	56	116	180	235	2.6	20.4
SA20160326_NMHJDFNH_01989	SA20160209_CPEIOPNK_01286	29.167	48	27	2	164	209	49	91	4.6	19.2
SA20160326_NMHJDFNH_01989	SA20160209_CPEIOPNK_01287	40.625	32	12	2	617	648	924	948	7.2	18.9
SA20160326_NMHJDFNH_01989	SA20160209_CPEIOPNK_01279	25.000	72	49	2	328	397	56	124	8.2	18.5
SA20160326_NMHJDFNH_01289	SA20160209_CPEIOPNK_01288	100.000	397	0	0	1	397	1	397	0.0	793
SA20160326_NMHJDFNH_01289	SA20160209_CPEIOPNK_01284	45.000	20	11	0	343	362	138	157	1.9	19.6
SA20160326_NMHJDFNH_01289	SA20160209_CPEIOPNK_01297	33.333	33	20	1	210	242	520	550	2.5	19.6
SA20160326_NMHJDFNH_01289	SA20160209_CPEIOPNK_01281	36.364	22	14	0	163	184	278	299	2.8	19.6
SA20160326_NMHJDFNH_01289	SA20160209_CPEIOPNK_01290	24.000	50	36	1	25	74	141	188	3.1	19.2
SA20160326_NMHJDFNH_01289	SA20160209_CPEIOPNK_01287	58.333	12	5	0	368	379	637	648	7.8	18.1
SA20160326_NMHJDFNH_01290	SA20160209_CPEIOPNK_01289	100.000	217	0	0	1	217	1	217	1.06e-166	449
SA20160326_NMHJDFNH_01290	SA20160209_CPEIOPNK_01296	29.730	74	49	2	35	106	72	144	0.57	20.4
SA20160326_NMHJDFNH_01290	SA20160209_CPEIOPNK_01281	31.373	51	30	3	91	139	319	366	2.9	18.5
SA20160326_NMHJDFNH_01291	SA20160209_CPEIOPNK_01290	100.000	1120	0	0	1	1120	1	1120	0.0	2264
SA20160326_NMHJDFNH_01291	SA20160209_CPEIOPNK_01279	25.758	66	35	1	976	1027	56	121	0.29	23.9
SA20160326_NMHJDFNH_01291	SA20160209_CPEIOPNK_01297	38.710	31	18	1	520	549	595	625	1.1	22.3
SA20160326_NMHJDFNH_01291	SA20160209_CPEIOPNK_01280	26.667	60	42	1	336	393	29	88	5.4	19.2
SA20160326_NMHJDFNH_01291	SA20160209_CPEIOPNK_01286	22.667	75	41	1	396	453	29	103	6.1	19.6
SA20160326_NMHJDFNH_01291	SA20160209_CPEIOPNK_01281	26.866	67	48	1	82	147	35	101	8.8	19.6
SA20160326_NMHJDFNH_01292	SA20160209_CPEIOPNK_01291	100.000	167	0	0	1	167	1	167	3.22e-122	332
SA20160326_NMHJDFNH_01292	SA20160209_CPEIOPNK_01297	28.947	38	27	0	2	39	603	640	0.71	20.0
SA20160326_NMHJDFNH_01292	SA20160209_CPEIOPNK_01278	50.000	14	7	0	68	81	101	114	3.4	17.7
SA20160326_NMHJDFNH_01292	SA20160209_CPEIOPNK_01281	35.897	39	20	2	125	158	293	331	3.9	17.7
SA20160326_NMHJDFNH_01293	SA20160209_CPEIOPNK_01292	100.000	151	0	0	1	151	1	151	3.18e-115	313
SA20160326_NMHJDFNH_01293	SA20160209_CPEIOPNK_01297	35.294	17	10	1	37	53	74	89	2.9	17.7
SA20160326_NMHJDFNH_01293	SA20160209_CPEIOPNK_01285	29.167	24	17	0	108	131	47	70	3.9	16.9
SA20160326_NMHJDFNH_01293	SA20160209_CPEIOPNK_01281	34.483	29	18	1	25	53	423	450	8.4	16.5
SA20160326_NMHJDFNH_01294	SA20160209_CPEIOPNK_01293	100.000	55	0	0	1	55	1	55	1.17e-36	107
SA20160326_NMHJDFNH_01294	SA20160209_CPEIOPNK_01296	28.571	28	20	0	3	30	69	96	1.1	16.9
SA20160326_NMHJDFNH_01294	SA20160209_CPEIOPNK_01288	83.333	6	1	0	25	30	56	61	3.8	15.4
SA20160326_NMHJDFNH_01295	SA20160209_CPEIOPNK_01294	100.000	171	0	0	1	171	1	171	1.35e-122	333
SA20160326_NMHJDFNH_01295	SA20160209_CPEIOPNK_01281	45.000	20	11	0	121	140	316	335	1.9	18.5
SA20160326_NMHJDFNH_01295	SA20160209_CPEIOPNK_01290	36.000	25	16	0	136	160	227	251	7.1	16.9
SA20160326_NMHJDFNH_01295	SA20160209_CPEIOPNK_01297	30.357	56	34	2	30	85	131	181	8.9	16.5
SA20160326_NMHJDFNH_01296	SA20160209_CPEIOPNK_01295	100.000	125	0	0	1	125	1	125	6.40e-89	244
SA20160326_NMHJDFNH_01296	SA20160209_CPEIOPNK_01290	25.397	63	44	2	63	124	473	533	3.2	17.3
SA20160326_NMHJDFNH_01296	SA20160209_CPEIOPNK_01281	29.268	41	25	1	81	121	18	54	3.5	17.3
SA20160326_NMHJDFNH_01296	SA20160209_CPEIOPNK_01278	62.500	8	3	0	45	52	240	247	6.4	16.5
SA20160326_NMHJDFNH_01296	SA20160209_CPEIOPNK_01277	62.500	8	3	0	50	57	229	236	7.2	16.2
SA20160326_NMHJDFNH_01297	SA20160209_CPEIOPNK_01296	100.000	183	0	0	1	183	1	183	1.36e-135	367
SA20160326_NMHJDFNH_01297	SA20160209_CPEIOPNK_01281	56.250	16	6	1	166	181	206	220	0.39	20.8
SA20160326_NMHJDFNH_01297	SA20160209_CPEIOPNK_01289	29.730	74	49	2	72	144	35	106	0.48	20.4
SA20160326_NMHJDFNH_01297	SA20160209_CPEIOPNK_01290	40.625	32	17	2	107	138	1089	1118	3.4	18.1
SA20160326_NMHJDFNH_01297	SA20160209_CPEIOPNK_01293	28.571	28	20	0	69	96	3	30	3.6	16.9
SA20160326_NMHJDFNH_01298	SA20160209_CPEIOPNK_01297	100.000	642	0	0	1	642	1	642	0.0	1305
SA20160326_NMHJDFNH_01298	SA20160209_CPEIOPNK_01290	38.710	31	18	1	595	625	520	549	0.64	22.3
SA20160326_NMHJDFNH_01298	SA20160209_CPEIOPNK_01291	28.947	38	27	0	603	640	2	39	2.5	20.0
SA20160326_NMHJDFNH_01298	SA20160209_CPEIOPNK_01288	33.333	33	20	1	520	550	210	242	3.3	20.0
SA20160326_NMHJDFNH_01298	SA20160209_CPEIOPNK_01278	30.000	30	21	0	14	43	206	235	6.1	18.9
SA20160209_CPEIOPNK_01277	SA20160209_CPEIOPNK_01277	100.000	428	0	0	1	428	1	428	0.0	840
SA20160209_CPEIOPNK_01277	SA20160209_CPEIOPNK_01287	30.952	42	29	0	9	50	630	671	0.094	24.6
SA20160209_CPEIOPNK_01278	SA20160209_CPEIOPNK_01278	100.000	286	0	0	1	286	1	286	0.0	591
SA20160209_CPEIOPNK_01278	SA20160209_CPEIOPNK_01283	21.818	55	36	1	75	129	92	139	1.5	19.6
SA20160209_CPEIOPNK_01278	SA20160209_CPEIOPNK_01284	40.909	22	13	0	178	199	29	50	2.7	18.9
SA20160209_CPEIOPNK_01278	SA20160209_CPEIOPNK_01297	30.000	30	21	0	206	235	14	43	2.9	18.9
SA20160209_CPEIOPNK_01278	SA20160209_CPEIOPNK_01291	50.000	14	7	0	101	114	68	81	6.1	17.7
SA20160209_CPEIOPNK_01278	SA20160209_CPEIOPNK_01279	50.000	12	6	0	180	191	53	64	7.5	17.3
SA20160209_CPEIOPNK_01278	SA20160209_CPEIOPNK_01287	23.577	123	68	5	124	240	419	521	9.7	17.3
SA20160209_CPEIOPNK_01279	SA20160209_CPEIOPNK_01279	100.000	189	0	0	1	189	1	189	8.48e-136	369
SA20160209_CPEIOPNK_01279	SA20160209_CPEIOPNK_01290	25.758	66	35	1	56	121	976	1027	0.045	23.9
SA20160209_CPEIOPNK_01279	SA20160209_CPEIOPNK_01278	50.000	12	6	0	53	64	180	191	5.5	17.3
SA20160209_CPEIOPNK_01279	SA20160209_CPEIOPNK_01287	47.619	21	8	1	142	159	97	117	5.8	17.3
SA20160209_CPEIOPNK_01280	SA20160209_CPEIOPNK_01280	100.000	103	0	0	1	103	1	103	8.18e-75	207
SA20160209_CPEIOPNK_01280	SA20160209_CPEIOPNK_01290	26.667	60	42	1	29	88	336	393	0.40	19.6
SA20160209_CPEIOPNK_01280	SA20160209_CPEIOPNK_01284	30.000	50	32	2	35	82	2	50	1.1	18.1
SA20160209_CPEIOPNK_01280	SA20160209_CPEIOPNK_01297	27.778	18	13	0	9	26	311	328	7.3	15.8
SA20160209_CPEIOPNK_01280	SA20160209_CPEIOPNK_01292	26.923	26	17	1	51	76	123	146	8.4	15.4
SA20160209_CPEIOPNK_01281	SA20160209_CPEIOPNK_01281	100.000	516	0	0	1	516	1	516	0.0	1056
SA20160209_CPEIOPNK_01281	SA20160209_CPEIOPNK_01287	28.000	75	37	3	54	123	261	323	0.30	23.1
SA20160209_CPEIOPNK_01281	SA20160209_CPEIOPNK_01289	31.579	57	34	3	319	372	91	145	1.3	20.8
SA20160209_CPEIOPNK_01281	SA20160209_CPEIOPNK_01296	50.000	20	6	1	401	416	37	56	2.6	19.6
SA20160209_CPEIOPNK_01281	SA20160209_CPEIOPNK_01290	26.866	67	48	1	35	101	82	147	3.8	19.6
SA20160209_CPEIOPNK_01281	SA20160209_CPEIOPNK_01294	45.000	20	11	0	316	335	121	140	5.6	18.5
SA20160209_CPEIOPNK_01282	SA20160209_CPEIOPNK_01282	100.000	86	0	0	1	86	1	86	2.44e-63	177
SA20160209_CPEIOPNK_01282	SA20160209_CPEIOPNK_01287	25.806	31	23	0	1	31	313	343	1.6	17.7
SA20160209_CPEIOPNK_01283	SA20160209_CPEIOPNK_01283	100.000	156	0	0	1	156	1	156	3.06e-119	324
SA20160209_CPEIOPNK_01283	SA20160209_CPEIOPNK_01278	22.581	62	41	1	92	146	75	136	1.1	19.2
SA20160209_CPEIOPNK_01283	SA20160209_CPEIOPNK_01295	26.667	75	34	3	54	111	1	71	1.2	18.9
SA20160209_CPEIOPNK_01283	SA20160209_CPEIOPNK_01287	42.857	14	8	0	41	54	890	903	6.0	16.9
SA20160209_CPEIOPNK_01283	SA20160209_CPEIOPNK_01279	33.333	12	8	0	54	65	44	55	8.4	16.2
SA20160209_CPEIOPNK_01284	SA20160209_CPEIOPNK_01284	100.000	183	0	0	1	183	1	183	4.37e-140	379
SA20160209_CPEIOPNK_01284	SA20160209_CPEIOPNK_01288	45.000	20	11	0	138	157	343	362	0.84	19.6
SA20160209_CPEIOPNK_01284	SA20160209_CPEIOPNK_01278	40.909	22	13	0	29	50	178	199	1.7	18.9
SA20160209_CPEIOPNK_01284	SA20160209_CPEIOPNK_01290	58.333	12	5	0	128	139	944	955	1.9	18.9
SA20160209_CPEIOPNK_01284	SA20160209_CPEIOPNK_01280	30.000	50	32	2	2	50	35	82	1.9	18.1
SA20160209_CPEIOPNK_01284	SA20160209_CPEIOPNK_01277	25.926	27	20	0	153	179	255	281	10.0	16.5
SA20160209_CPEIOPNK_01285	SA20160209_CPEIOPNK_01285	100.000	72	0	0	1	72	1	72	1.01e-52	149
SA20160209_CPEIOPNK_01285	SA20160209_CPEIOPNK_01287	60.000	10	4	0	22	31	59	68	1.1	17.7
SA20160209_CPEIOPNK_01285	SA20160209_CPEIOPNK_01292	29.167	24	17	0	47	70	108	131	1.9	16.9
SA20160209_CPEIOPNK_01286	SA20160209_CPEIOPNK_01286	100.000	124	0	0	1	124	1	124	2.32e-95	261
SA20160209_CPEIOPNK_01286	SA20160209_CPEIOPNK_01290	22.667	75	41	1	29	103	396	453	0.70	19.2
SA20160209_CPEIOPNK_01286	SA20160209_CPEIOPNK_01281	38.889	18	11	0	41	58	52	69	5.4	16.5
SA20160209_CPEIOPNK_01287	SA20160209_CPEIOPNK_01287	100.000	1049	0	0	1	1049	1	1049	0.0	2133
SA20160209_CPEIOPNK_01287	SA20160209_CPEIOPNK_01277	30.952	42	29	0	630	671	9	50	0.22	24.6
SA20160209_CPEIOPNK_01287	SA20160209_CPEIOPNK_01281	28.000	75	37	3	261	323	54	123	0.69	23.1
SA20160209_CPEIOPNK_01288	SA20160209_CPEIOPNK_01288	100.000	397	0	0	1	397	1	397	0.0	793
SA20160209_CPEIOPNK_01288	SA20160209_CPEIOPNK_01284	45.000	20	11	0	343	362	138	157	1.9	19.6
SA20160209_CPEIOPNK_01288	SA20160209_CPEIOPNK_01297	33.333	33	20	1	210	242	520	550	2.5	19.6
SA20160209_CPEIOPNK_01288	SA20160209_CPEIOPNK_01281	36.364	22	14	0	163	184	278	299	2.8	19.6
SA20160209_CPEIOPNK_01288	SA20160209_CPEIOPNK_01290	24.000	50	36	1	25	74	141	188	3.1	19.2
SA20160209_CPEIOPNK_01288	SA20160209_CPEIOPNK_01287	58.333	12	5	0	368	379	637	648	7.8	18.1
SA20160209_CPEIOPNK_01289	SA20160209_CPEIOPNK_01289	100.000	217	0	0	1	217	1	217	1.06e-166	449
SA20160209_CPEIOPNK_01289	SA20160209_CPEIOPNK_01296	29.730	74	49	2	35	106	72	144	0.57	20.4
SA20160209_CPEIOPNK_01289	SA20160209_CPEIOPNK_01281	31.373	51	30	3	91	139	319	366	2.9	18.5
SA20160209_CPEIOPNK_01290	SA20160209_CPEIOPNK_01290	100.000	1120	0	0	1	1120	1	1120	0.0	2264
SA20160209_CPEIOPNK_01290	SA20160209_CPEIOPNK_01279	25.758	66	35	1	976	1027	56	121	0.29	23.9
SA20160209_CPEIOPNK_01290	SA20160209_CPEIOPNK_01297	38.710	31	18	1	520	549	595	625	1.1	22.3
SA20160209_CPEIOPNK_01290	SA20160209_CPEIOPNK_01280	26.667	60	42	1	336	393	29	88	5.4	19.2
SA20160209_CPEIOPNK_01290	SA20160209_CPEIOPNK_01286	22.667	75	41	1	396	453	29	103	6.1	19.6
SA20160209_CPEIOPNK_01291	SA20160209_CPEIOPNK_01291	100.000	167	0	0	1	167	1	167	3.22e-122	332
SA20160209_CPEIOPNK_01291	SA20160209_CPEIOPNK_01297	28.947	38	27	0	2	39	603	640	0.71	20.0
SA20160209_CPEIOPNK_01291	SA20160209_CPEIOPNK_01278	50.000	14	7	0	68	81	101	114	3.4	17.7
SA20160209_CPEIOPNK_01291	SA20160209_CPEIOPNK_01281	35.897	39	20	2	125	158	293	331	3.9	17.7
SA20160209_CPEIOPNK_01292	SA20160209_CPEIOPNK_01292	100.000	151	0	0	1	151	1	151	3.18e-115	313
SA20160209_CPEIOPNK_01292	SA20160209_CPEIOPNK_01297	35.294	17	10	1	37	53	74	89	2.9	17.7
SA20160209_CPEIOPNK_01292	SA20160209_CPEIOPNK_01285	29.167	24	17	0	108	131	47	70	3.9	16.9
SA20160209_CPEIOPNK_01292	SA20160209_CPEIOPNK_01281	34.483	29	18	1	25	53	423	450	8.4	16.5
SA20160209_CPEIOPNK_01293	SA20160209_CPEIOPNK_01293	100.000	55	0	0	1	55	1	55	1.17e-36	107
SA20160209_CPEIOPNK_01293	SA20160209_CPEIOPNK_01296	28.571	28	20	0	3	30	69	96	1.1	16.9
SA20160209_CPEIOPNK_01293	SA20160209_CPEIOPNK_01288	83.333	6	1	0	25	30	56	61	3.8	15.4
SA20160209_CPEIOPNK_01294	SA20160209_CPEIOPNK_01294	100.000	171	0	0	1	171	1	171	1.35e-122	333
SA20160209_CPEIOPNK_01294	SA20160209_CPEIOPNK_01281	45.000	20	11	0	121	140	316	335	1.9	18.5
SA20160209_CPEIOPNK_01294	SA20160209_CPEIOPNK_01290	36.000	25	16	0	136	160	227	251	7.1	16.9
SA20160209_CPEIOPNK_01294	SA20160209_CPEIOPNK_01297	30.357	56	34	2	30	85	131	181	8.9	16.5
SA20160209_CPEIOPNK_01295	SA20160209_CPEIOPNK_01295	100.000	125	0	0	1	125	1	125	6.40e-89	244
SA20160209_CPEIOPNK_01295	SA20160209_CPEIOPNK_01290	25.397	63	44	2	63	124	473	533	3.2	17.3
SA20160209_CPEIOPNK_01295	SA20160209_CPEIOPNK_01281	29.268	41	25	1	81	121	18	54	3.5	17.3
SA20160209_CPEIOPNK_01295	SA20160209_CPEIOPNK_01278	62.500	8	3	0	45	52	240	247	6.4	16.5
SA20160209_CPEIOPNK_01295	SA20160209_CPEIOPNK_01277	62.500	8	3	0	50	57	229	236	7.2	16.2
SA20160209_CPEIOPNK_01296	SA20160209_CPEIOPNK_01296	100.000	183	0	0	1	183	1	183	1.36e-135	367
SA20160209_CPEIOPNK_01296	SA20160209_CPEIOPNK_01281	56.250	16	6	1	166	181	206	220	0.39	20.8
SA20160209_CPEIOPNK_01296	SA20160209_CPEIOPNK_01289	29.730	74	49	2	72	144	35	106	0.48	20.4
SA20160209_CPEIOPNK_01296	SA20160209_CPEIOPNK_01290	40.625	32	17	2	107	138	1089	1118	3.4	18.1
SA20160209_CPEIOPNK_01296	SA20160209_CPEIOPNK_01293	28.571	28	20	0	69	96	3	30	3.6	16.9
SA20160209_CPEIOPNK_01297	SA20160209_CPEIOPNK_01297	100.000	642	0	0	1	642	1	642	0.0	1305
SA20160209_CPEIOPNK_01297	SA20160209_CPEIOPNK_01290	38.710	31	18	1	595	625	520	549	0.64	22.3
SA20160209_CPEIOPNK_01297	SA20160209_CPEIOPNK_01291	28.947	38	27	0	603	640	2	39	2.5	20.0
SA20160209_CPEIOPNK_01297	SA20160209_CPEIOPNK_01288	33.333	33	20	1	520	550	210	242	3.3	20.0
SA20160209_CPEIOPNK_01297	SA20160209_CPEIOPNK_01278	30.000	30	21	0	14	43	206	235	6.1	18.9
SA20160326_NMHJDFNH_01278	SA20160326_NMHJDFNH_01278	100.000	428	0	0	1	428	1	428	0.0	840
SA20160326_NMHJDFNH_01278	SA20160326_NMHJDFNH_01288	30.952	42	29	0	9	50	630	671	0.10	24.6
SA20160326_NMHJDFNH_01279	SA20160326_NMHJDFNH_01279	100.000	286	0	0	1	286	1	286	0.0	591
SA20160326_NMHJDFNH_01279	SA20160326_NMHJDFNH_01284	21.818	55	36	1	75	129	92	139	1.6	19.6
SA20160326_NMHJDFNH_01279	SA20160326_NMHJDFNH_01285	40.909	22	13	0	178	199	29	50	2.9	18.9
SA20160326_NMHJDFNH_01279	SA20160326_NMHJDFNH_01298	30.000	30	21	0	206	235	14	43	3.2	18.9
SA20160326_NMHJDFNH_01279	SA20160326_NMHJDFNH_01292	50.000	14	7	0	101	114	68	81	6.8	17.7
SA20160326_NMHJDFNH_01279	SA20160326_NMHJDFNH_01280	50.000	12	6	0	180	191	53	64	8.3	17.3
SA20160326_NMHJDFNH_01280	SA20160326_NMHJDFNH_01280	100.000	189	0	0	1	189	1	189	9.35e-136	369
SA20160326_NMHJDFNH_01280	SA20160326_NMHJDFNH_01291	25.758	66	35	1	56	121	976	1027	0.050	23.9
SA20160326_NMHJDFNH_01280	SA20160326_NMHJDFNH_01989	25.000	72	49	2	56	124	328	397	2.5	18.5
SA20160326_NMHJDFNH_01280	SA20160326_NMHJDFNH_01279	50.000	12	6	0	53	64	180	191	6.0	17.3
SA20160326_NMHJDFNH_01280	SA20160326_NMHJDFNH_01288	47.619	21	8	1	142	159	97	117	6.4	17.3
SA20160326_NMHJDFNH_01281	SA20160326_NMHJDFNH_01281	100.000	103	0	0	1	103	1	103	9.02e-75	207
SA20160326_NMHJDFNH_01281	SA20160326_NMHJDFNH_01291	26.667	60	42	1	29	88	336	393	0.44	19.6
SA20160326_NMHJDFNH_01281	SA20160326_NMHJDFNH_01285	30.000	50	32	2	35	82	2	50	1.2	18.1
SA20160326_NMHJDFNH_01281	SA20160326_NMHJDFNH_01298	27.778	18	13	0	9	26	311	328	8.0	15.8
SA20160326_NMHJDFNH_01281	SA20160326_NMHJDFNH_01293	26.923	26	17	1	51	76	123	146	9.3	15.4
SA20160326_NMHJDFNH_01282	SA20160326_NMHJDFNH_01282	100.000	516	0	0	1	516	1	516	0.0	1056
SA20160326_NMHJDFNH_01282	SA20160326_NMHJDFNH_01288	28.000	75	37	3	54	123	261	323	0.34	23.1
SA20160326_NMHJDFNH_01282	SA20160326_NMHJDFNH_01290	31.579	57	34	3	319	372	91	145	1.4	20.8
SA20160326_NMHJDFNH_01282	SA20160326_NMHJDFNH_01989	29.508	61	38	3	180	235	56	116	2.4	20.4
SA20160326_NMHJDFNH_01282	SA20160326_NMHJDFNH_01297	50.000	20	6	1	401	416	37	56	2.9	19.6
SA20160326_NMHJDFNH_01282	SA20160326_NMHJDFNH_01291	26.866	67	48	1	35	101	82	147	4.2	19.6
SA20160326_NMHJDFNH_01282	SA20160326_NMHJDFNH_01295	45.000	20	11	0	316	335	121	140	6.2	18.5
SA20160326_NMHJDFNH_01283	SA20160326_NMHJDFNH_01283	100.000	86	0	0	1	86	1	86	2.69e-63	177
SA20160326_NMHJDFNH_01283	SA20160326_NMHJDFNH_01288	25.806	31	23	0	1	31	313	343	1.7	17.7
SA20160326_NMHJDFNH_01284	SA20160326_NMHJDFNH_01284	100.000	156	0	0	1	156	1	156	3.38e-119	324
SA20160326_NMHJDFNH_01284	SA20160326_NMHJDFNH_01279	22.581	62	41	1	92	146	75	136	1.2	19.2
SA20160326_NMHJDFNH_01284	SA20160326_NMHJDFNH_01296	26.667	75	34	3	54	111	1	71	1.3	18.9
SA20160326_NMHJDFNH_01284	SA20160326_NMHJDFNH_01288	42.857	14	8	0	41	54	890	903	6.6	16.9
SA20160326_NMHJDFNH_01284	SA20160326_NMHJDFNH_01280	33.333	12	8	0	54	65	44	55	9.3	16.2
SA20160326_NMHJDFNH_01285	SA20160326_NMHJDFNH_01285	100.000	183	0	0	1	183	1	183	4.82e-140	379
SA20160326_NMHJDFNH_01285	SA20160326_NMHJDFNH_01289	45.000	20	11	0	138	157	343	362	0.93	19.6
SA20160326_NMHJDFNH_01285	SA20160326_NMHJDFNH_01279	40.909	22	13	0	29	50	178	199	1.8	18.9
SA20160326_NMHJDFNH_01285	SA20160326_NMHJDFNH_01291	58.333	12	5	0	128	139	944	955	2.1	18.9
SA20160326_NMHJDFNH_01285	SA20160326_NMHJDFNH_01281	30.000	50	32	2	2	50	35	82	2.1	18.1
SA20160326_NMHJDFNH_01285	SA20160326_NMHJDFNH_01989	44.444	9	5	0	94	102	151	159	8.0	16.9
SA20160326_NMHJDFNH_01286	SA20160326_NMHJDFNH_01286	100.000	72	0	0	1	72	1	72	1.11e-52	149
SA20160326_NMHJDFNH_01286	SA20160326_NMHJDFNH_01288	60.000	10	4	0	22	31	59	68	1.3	17.7
SA20160326_NMHJDFNH_01286	SA20160326_NMHJDFNH_01293	29.167	24	17	0	47	70	108	131	2.1	16.9
SA20160326_NMHJDFNH_01287	SA20160326_NMHJDFNH_01287	100.000	124	0	0	1	124	1	124	2.56e-95	261
SA20160326_NMHJDFNH_01287	SA20160326_NMHJDFNH_01291	22.667	75	41	1	29	103	396	453	0.77	19.2
SA20160326_NMHJDFNH_01287	SA20160326_NMHJDFNH_01989	29.167	48	27	2	49	91	164	209	0.95	19.2
SA20160326_NMHJDFNH_01287	SA20160326_NMHJDFNH_01282	38.889	18	11	0	41	58	52	69	6.0	16.5
SA20160326_NMHJDFNH_01288	SA20160326_NMHJDFNH_01288	100.000	1049	0	0	1	1049	1	1049	0.0	2133
SA20160326_NMHJDFNH_01288	SA20160326_NMHJDFNH_01278	30.952	42	29	0	630	671	9	50	0.24	24.6
SA20160326_NMHJDFNH_01288	SA20160326_NMHJDFNH_01282	28.000	75	37	3	261	323	54	123	0.76	23.1
SA20160326_NMHJDFNH_01989	SA20160326_NMHJDFNH_01989	100.000	663	0	0	1	663	1	663	0.0	1377
SA20160326_NMHJDFNH_01989	SA20160326_NMHJDFNH_01298	40.909	22	10	1	410	428	21	42	2.8	20.4
SA20160326_NMHJDFNH_01989	SA20160326_NMHJDFNH_01282	29.508	61	38	3	56	116	180	235	2.9	20.4
SA20160326_NMHJDFNH_01989	SA20160326_NMHJDFNH_01287	29.167	48	27	2	164	209	49	91	5.1	19.2
SA20160326_NMHJDFNH_01989	SA20160326_NMHJDFNH_01288	40.625	32	12	2	617	648	924	948	8.0	18.9
SA20160326_NMHJDFNH_01989	SA20160326_NMHJDFNH_01280	25.000	72	49	2	328	397	56	124	9.1	18.5
SA20160326_NMHJDFNH_01289	SA20160326_NMHJDFNH_01289	100.000	397	0	0	1	397	1	397	0.0	793
SA20160326_NMHJDFNH_01289	SA20160326_NMHJDFNH_01285	45.000	20	11	0	343	362	138	157	2.1	19.6
SA20160326_NMHJDFNH_01289	SA20160326_NMHJDFNH_01298	33.333	33	20	1	210	242	520	550	2.8	19.6
SA20160326_NMHJDFNH_01289	SA20160326_NMHJDFNH_01282	36.364	22	14	0	163	184	278	299	3.1	19.6
SA20160326_NMHJDFNH_01289	SA20160326_NMHJDFNH_01291	24.000	50	36	1	25	74	141	188	3.4	19.2
SA20160326_NMHJDFNH_01289	SA20160326_NMHJDFNH_01288	58.333	12	5	0	368	379	637	648	8.7	18.1
SA20160326_NMHJDFNH_01290	SA20160326_NMHJDFNH_01290	100.000	217	0	0	1	217	1	217	1.16e-166	449
SA20160326_NMHJDFNH_01290	SA20160326_NMHJDFNH_01297	29.730	74	49	2	35	106	72	144	0.63	20.4
SA20160326_NMHJDFNH_01290	SA20160326_NMHJDFNH_01282	31.373	51	30	3	91	139	319	366	3.2	18.5
SA20160326_NMHJDFNH_01291	SA20160326_NMHJDFNH_01291	100.000	1120	0	0	1	1120	1	1120	0.0	2264
SA20160326_NMHJDFNH_01291	SA20160326_NMHJDFNH_01280	25.758	66	35	1	976	1027	56	121	0.32	23.9
SA20160326_NMHJDFNH_01291	SA20160326_NMHJDFNH_01298	38.710	31	18	1	520	549	595	625	1.2	22.3
SA20160326_NMHJDFNH_01291	SA20160326_NMHJDFNH_01281	26.667	60	42	1	336	393	29	88	6.0	19.2
SA20160326_NMHJDFNH_01291	SA20160326_NMHJDFNH_01287	22.667	75	41	1	396	453	29	103	6.7	19.6
SA20160326_NMHJDFNH_01292	SA20160326_NMHJDFNH_01292	100.000	167	0	0	1	167	1	167	3.55e-122	332
SA20160326_NMHJDFNH_01292	SA20160326_NMHJDFNH_01298	28.947	38	27	0	2	39	603	640	0.78	20.0
SA20160326_NMHJDFNH_01292	SA20160326_NMHJDFNH_01279	50.000	14	7	0	68	81	101	114	3.8	17.7
SA20160326_NMHJDFNH_01292	SA20160326_NMHJDFNH_01282	35.897	39	20	2	125	158	293	331	4.3	17.7
SA20160326_NMHJDFNH_01293	SA20160326_NMHJDFNH_01293	100.000	151	0	0	1	151	1	151	3.50e-115	313
SA20160326_NMHJDFNH_01293	SA20160326_NMHJDFNH_01298	35.294	17	10	1	37	53	74	89	3.2	17.7
SA20160326_NMHJDFNH_01293	SA20160326_NMHJDFNH_01286	29.167	24	17	0	108	131	47	70	4.3	16.9
SA20160326_NMHJDFNH_01293	SA20160326_NMHJDFNH_01282	34.483	29	18	1	25	53	423	450	9.2	16.5
SA20160326_NMHJDFNH_01294	SA20160326_NMHJDFNH_01294	100.000	55	0	0	1	55	1	55	1.29e-36	107
SA20160326_NMHJDFNH_01294	SA20160326_NMHJDFNH_01297	28.571	28	20	0	3	30	69	96	1.2	16.9
SA20160326_NMHJDFNH_01294	SA20160326_NMHJDFNH_01289	83.333	6	1	0	25	30	56	61	4.2	15.4
SA20160326_NMHJDFNH_01295	SA20160326_NMHJDFNH_01295	100.000	171	0	0	1	171	1	171	1.49e-122	333
SA20160326_NMHJDFNH_01295	SA20160326_NMHJDFNH_01282	45.000	20	11	0	121	140	316	335	2.1	18.5
SA20160326_NMHJDFNH_01295	SA20160326_NMHJDFNH_01989	22.034	59	25	3	81	118	271	329	6.6	16.9
SA20160326_NMHJDFNH_01295	SA20160326_NMHJDFNH_01291	36.000	25	16	0	136	160	227	251	7.9	16.9
SA20160326_NMHJDFNH_01295	SA20160326_NMHJDFNH_01298	30.357	56	34	2	30	85	131	181	9.9	16.5
SA20160326_NMHJDFNH_01296	SA20160326_NMHJDFNH_01296	100.000	125	0	0	1	125	1	125	7.06e-89	244
SA20160326_NMHJDFNH_01296	SA20160326_NMHJDFNH_01291	25.397	63	44	2	63	124	473	533	3.5	17.3
SA20160326_NMHJDFNH_01296	SA20160326_NMHJDFNH_01282	29.268	41	25	1	81	121	18	54	3.9	17.3
SA20160326_NMHJDFNH_01296	SA20160326_NMHJDFNH_01279	62.500	8	3	0	45	52	240	247	7.1	16.5
SA20160326_NMHJDFNH_01296	SA20160326_NMHJDFNH_01278	62.500	8	3	0	50	57	229	236	7.9	16.2
SA20160326_NMHJDFNH_01297	SA20160326_NMHJDFNH_01297	100.000	183	0	0	1	183	1	183	1.50e-135	367
SA20160326_NMHJDFNH_01297	SA20160326_NMHJDFNH_01282	56.250	16	6	1	166	181	206	220	0.43	20.8
SA20160326_NMHJDFNH_01297	SA20160326_NMHJDFNH_01290	29.730	74	49	2	72	144	35	106	0.53	20.4
SA20160326_NMHJDFNH_01297	SA20160326_NMHJDFNH_01291	40.625	32	17	2	107	138	1089	1118	3.7	18.1
SA20160326_NMHJDFNH_01297	SA20160326_NMHJDFNH_01294	28.571	28	20	0	69	96	3	30	4.0	16.9
SA20160326_NMHJDFNH_01298	SA20160326_NMHJDFNH_01298	100.000	642	0	0	1	642	1	642	0.0	1305
SA20160326_NMHJDFNH_01298	SA20160326_NMHJDFNH_01291	38.710	31	18	1	595	625	520	549	0.71	22.3
SA20160326_NMHJDFNH_01298	SA20160326_NMHJDFNH_01989	40.909	22	10	1	21	42	410	428	2.7	20.4
SA20160326_NMHJDFNH_01298	SA20160326_NMHJDFNH_01292	28.947	38	27	0	603	640	2	39	2.8	20.0
SA20160326_NMHJDFNH_01298	SA20160326_NMHJDFNH_01289	33.333	33	20	1	520	550	210	242	3.6	20.0
SA20160326_NMHJDFNH_01298	SA20160326_NMHJDFNH_01279	30.000	30	21	0	14	43	206	235	6.7	18.9
