SA20160200_AKBDPEOC_01874	SA20153980_HPBJMGIL_01536	100.000	642	0	0	1	642	1	642	0.0	1305
SA20160200_AKBDPEOC_01874	SA20153980_HPBJMGIL_01529	38.710	31	18	1	595	625	520	549	0.64	22.3
SA20160200_AKBDPEOC_01874	SA20153980_HPBJMGIL_01530	28.947	38	27	0	603	640	2	39	2.5	20.0
SA20160200_AKBDPEOC_01874	SA20153980_HPBJMGIL_01527	33.333	33	20	1	520	550	210	242	3.3	20.0
SA20160200_AKBDPEOC_01874	SA20153980_HPBJMGIL_01517	30.000	30	21	0	14	43	206	235	6.1	18.9
SA20160200_AKBDPEOC_01875	SA20153980_HPBJMGIL_01535	100.000	183	0	0	1	183	1	183	1.36e-135	367
SA20160200_AKBDPEOC_01875	SA20153980_HPBJMGIL_01520	56.250	16	6	1	166	181	206	220	0.39	20.8
SA20160200_AKBDPEOC_01875	SA20153980_HPBJMGIL_01528	29.730	74	49	2	72	144	35	106	0.48	20.4
SA20160200_AKBDPEOC_01875	SA20153980_HPBJMGIL_01529	40.625	32	17	2	107	138	1089	1118	3.4	18.1
SA20160200_AKBDPEOC_01875	SA20153980_HPBJMGIL_01532	28.571	28	20	0	69	96	3	30	3.6	16.9
SA20160200_AKBDPEOC_01876	SA20153980_HPBJMGIL_01534	100.000	125	0	0	1	125	1	125	6.40e-89	244
SA20160200_AKBDPEOC_01876	SA20153980_HPBJMGIL_01529	25.397	63	44	2	63	124	473	533	3.2	17.3
SA20160200_AKBDPEOC_01876	SA20153980_HPBJMGIL_01520	29.268	41	25	1	81	121	18	54	3.5	17.3
SA20160200_AKBDPEOC_01876	SA20153980_HPBJMGIL_01517	62.500	8	3	0	45	52	240	247	6.4	16.5
SA20160200_AKBDPEOC_01876	SA20153980_HPBJMGIL_01516	62.500	8	3	0	50	57	229	236	7.2	16.2
SA20160200_AKBDPEOC_01877	SA20153980_HPBJMGIL_01533	100.000	171	0	0	1	171	1	171	1.35e-122	333
SA20160200_AKBDPEOC_01877	SA20153980_HPBJMGIL_01520	45.000	20	11	0	121	140	316	335	1.9	18.5
SA20160200_AKBDPEOC_01877	SA20153980_HPBJMGIL_01529	36.000	25	16	0	136	160	227	251	7.1	16.9
SA20160200_AKBDPEOC_01877	SA20153980_HPBJMGIL_01536	30.357	56	34	2	30	85	131	181	8.9	16.5
SA20160200_AKBDPEOC_01878	SA20153980_HPBJMGIL_01532	100.000	55	0	0	1	55	1	55	1.17e-36	107
SA20160200_AKBDPEOC_01878	SA20153980_HPBJMGIL_01535	28.571	28	20	0	3	30	69	96	1.1	16.9
SA20160200_AKBDPEOC_01878	SA20153980_HPBJMGIL_01527	83.333	6	1	0	25	30	56	61	3.8	15.4
SA20160200_AKBDPEOC_01879	SA20153980_HPBJMGIL_01531	100.000	151	0	0	1	151	1	151	3.18e-115	313
SA20160200_AKBDPEOC_01879	SA20153980_HPBJMGIL_01536	35.294	17	10	1	37	53	74	89	2.9	17.7
SA20160200_AKBDPEOC_01879	SA20153980_HPBJMGIL_01524	29.167	24	17	0	108	131	47	70	3.9	16.9
SA20160200_AKBDPEOC_01879	SA20153980_HPBJMGIL_01520	34.483	29	18	1	25	53	423	450	8.4	16.5
SA20160200_AKBDPEOC_01880	SA20153980_HPBJMGIL_01530	100.000	167	0	0	1	167	1	167	3.22e-122	332
SA20160200_AKBDPEOC_01880	SA20153980_HPBJMGIL_01536	28.947	38	27	0	2	39	603	640	0.71	20.0
SA20160200_AKBDPEOC_01880	SA20153980_HPBJMGIL_01517	50.000	14	7	0	68	81	101	114	3.4	17.7
SA20160200_AKBDPEOC_01880	SA20153980_HPBJMGIL_01520	35.897	39	20	2	125	158	293	331	3.9	17.7
SA20160200_AKBDPEOC_01881	SA20153980_HPBJMGIL_01529	100.000	1120	0	0	1	1120	1	1120	0.0	2264
SA20160200_AKBDPEOC_01881	SA20153980_HPBJMGIL_01518	25.758	66	35	1	976	1027	56	121	0.29	23.9
SA20160200_AKBDPEOC_01881	SA20153980_HPBJMGIL_01536	38.710	31	18	1	520	549	595	625	1.1	22.3
SA20160200_AKBDPEOC_01881	SA20153980_HPBJMGIL_01519	26.667	60	42	1	336	393	29	88	5.4	19.2
SA20160200_AKBDPEOC_01881	SA20153980_HPBJMGIL_01525	22.667	75	41	1	396	453	29	103	6.1	19.6
SA20160200_AKBDPEOC_01881	SA20153980_HPBJMGIL_01520	26.866	67	48	1	82	147	35	101	8.8	19.6
SA20160200_AKBDPEOC_01882	SA20153980_HPBJMGIL_01528	100.000	217	0	0	1	217	1	217	1.06e-166	449
SA20160200_AKBDPEOC_01882	SA20153980_HPBJMGIL_01535	29.730	74	49	2	35	106	72	144	0.57	20.4
SA20160200_AKBDPEOC_01882	SA20153980_HPBJMGIL_01520	31.373	51	30	3	91	139	319	366	2.9	18.5
SA20160200_AKBDPEOC_01883	SA20153980_HPBJMGIL_01527	100.000	397	0	0	1	397	1	397	0.0	793
SA20160200_AKBDPEOC_01883	SA20153980_HPBJMGIL_01523	45.000	20	11	0	343	362	138	157	1.9	19.6
SA20160200_AKBDPEOC_01883	SA20153980_HPBJMGIL_01536	33.333	33	20	1	210	242	520	550	2.5	19.6
SA20160200_AKBDPEOC_01883	SA20153980_HPBJMGIL_01520	36.364	22	14	0	163	184	278	299	2.8	19.6
SA20160200_AKBDPEOC_01883	SA20153980_HPBJMGIL_01529	24.000	50	36	1	25	74	141	188	3.1	19.2
SA20160200_AKBDPEOC_01883	SA20153980_HPBJMGIL_01526	58.333	12	5	0	368	379	637	648	7.8	18.1
SA20160200_AKBDPEOC_01884	SA20153980_HPBJMGIL_01526	100.000	1049	0	0	1	1049	1	1049	0.0	2133
SA20160200_AKBDPEOC_01884	SA20153980_HPBJMGIL_01516	30.952	42	29	0	630	671	9	50	0.22	24.6
SA20160200_AKBDPEOC_01884	SA20153980_HPBJMGIL_01520	28.000	75	37	3	261	323	54	123	0.69	23.1
SA20160200_AKBDPEOC_01885	SA20153980_HPBJMGIL_01525	100.000	124	0	0	1	124	1	124	2.32e-95	261
SA20160200_AKBDPEOC_01885	SA20153980_HPBJMGIL_01529	22.667	75	41	1	29	103	396	453	0.70	19.2
SA20160200_AKBDPEOC_01885	SA20153980_HPBJMGIL_01520	38.889	18	11	0	41	58	52	69	5.4	16.5
SA20160200_AKBDPEOC_01886	SA20153980_HPBJMGIL_01524	100.000	72	0	0	1	72	1	72	1.01e-52	149
SA20160200_AKBDPEOC_01886	SA20153980_HPBJMGIL_01526	60.000	10	4	0	22	31	59	68	1.1	17.7
SA20160200_AKBDPEOC_01886	SA20153980_HPBJMGIL_01531	29.167	24	17	0	47	70	108	131	1.9	16.9
SA20160200_AKBDPEOC_01887	SA20153980_HPBJMGIL_01523	100.000	183	0	0	1	183	1	183	4.37e-140	379
SA20160200_AKBDPEOC_01887	SA20153980_HPBJMGIL_01527	45.000	20	11	0	138	157	343	362	0.84	19.6
SA20160200_AKBDPEOC_01887	SA20153980_HPBJMGIL_01517	40.909	22	13	0	29	50	178	199	1.7	18.9
SA20160200_AKBDPEOC_01887	SA20153980_HPBJMGIL_01529	58.333	12	5	0	128	139	944	955	1.9	18.9
SA20160200_AKBDPEOC_01887	SA20153980_HPBJMGIL_01519	30.000	50	32	2	2	50	35	82	1.9	18.1
SA20160200_AKBDPEOC_01887	SA20153980_HPBJMGIL_01516	25.926	27	20	0	153	179	255	281	10.0	16.5
SA20160200_AKBDPEOC_01888	SA20153980_HPBJMGIL_01522	100.000	156	0	0	1	156	1	156	3.06e-119	324
SA20160200_AKBDPEOC_01888	SA20153980_HPBJMGIL_01517	22.581	62	41	1	92	146	75	136	1.1	19.2
SA20160200_AKBDPEOC_01888	SA20153980_HPBJMGIL_01534	26.667	75	34	3	54	111	1	71	1.2	18.9
SA20160200_AKBDPEOC_01888	SA20153980_HPBJMGIL_01526	42.857	14	8	0	41	54	890	903	6.0	16.9
SA20160200_AKBDPEOC_01888	SA20153980_HPBJMGIL_01518	33.333	12	8	0	54	65	44	55	8.4	16.2
SA20160200_AKBDPEOC_01889	SA20153980_HPBJMGIL_01521	100.000	86	0	0	1	86	1	86	2.44e-63	177
SA20160200_AKBDPEOC_01889	SA20153980_HPBJMGIL_01526	25.806	31	23	0	1	31	313	343	1.6	17.7
SA20160200_AKBDPEOC_01890	SA20153980_HPBJMGIL_01520	100.000	516	0	0	1	516	1	516	0.0	1056
SA20160200_AKBDPEOC_01890	SA20153980_HPBJMGIL_01526	28.000	75	37	3	54	123	261	323	0.30	23.1
SA20160200_AKBDPEOC_01890	SA20153980_HPBJMGIL_01535	56.250	16	6	1	206	220	166	181	1.2	20.8
SA20160200_AKBDPEOC_01890	SA20153980_HPBJMGIL_01528	31.579	57	34	3	319	372	91	145	1.3	20.8
SA20160200_AKBDPEOC_01890	SA20153980_HPBJMGIL_01529	26.866	67	48	1	35	101	82	147	3.8	19.6
SA20160200_AKBDPEOC_01890	SA20153980_HPBJMGIL_01533	45.000	20	11	0	316	335	121	140	5.6	18.5
SA20160200_AKBDPEOC_01891	SA20153980_HPBJMGIL_01519	100.000	103	0	0	1	103	1	103	8.18e-75	207
SA20160200_AKBDPEOC_01891	SA20153980_HPBJMGIL_01529	26.667	60	42	1	29	88	336	393	0.40	19.6
SA20160200_AKBDPEOC_01891	SA20153980_HPBJMGIL_01523	30.000	50	32	2	35	82	2	50	1.1	18.1
SA20160200_AKBDPEOC_01891	SA20153980_HPBJMGIL_01536	27.778	18	13	0	9	26	311	328	7.3	15.8
SA20160200_AKBDPEOC_01891	SA20153980_HPBJMGIL_01531	26.923	26	17	1	51	76	123	146	8.4	15.4
SA20160200_AKBDPEOC_01892	SA20153980_HPBJMGIL_01518	100.000	189	0	0	1	189	1	189	8.48e-136	369
SA20160200_AKBDPEOC_01892	SA20153980_HPBJMGIL_01529	25.758	66	35	1	56	121	976	1027	0.045	23.9
SA20160200_AKBDPEOC_01892	SA20153980_HPBJMGIL_01517	50.000	12	6	0	53	64	180	191	5.5	17.3
SA20160200_AKBDPEOC_01892	SA20153980_HPBJMGIL_01526	47.619	21	8	1	142	159	97	117	5.8	17.3
SA20160200_AKBDPEOC_01893	SA20153980_HPBJMGIL_01517	100.000	286	0	0	1	286	1	286	0.0	591
SA20160200_AKBDPEOC_01893	SA20153980_HPBJMGIL_01522	21.818	55	36	1	75	129	92	139	1.5	19.6
SA20160200_AKBDPEOC_01893	SA20153980_HPBJMGIL_01523	40.909	22	13	0	178	199	29	50	2.7	18.9
SA20160200_AKBDPEOC_01893	SA20153980_HPBJMGIL_01536	30.000	30	21	0	206	235	14	43	2.9	18.9
SA20160200_AKBDPEOC_01893	SA20153980_HPBJMGIL_01530	50.000	14	7	0	101	114	68	81	6.1	17.7
SA20160200_AKBDPEOC_01893	SA20153980_HPBJMGIL_01518	50.000	12	6	0	180	191	53	64	7.5	17.3
SA20160200_AKBDPEOC_01893	SA20153980_HPBJMGIL_01526	23.577	123	68	5	124	240	419	521	9.7	17.3
SA20160200_AKBDPEOC_01894	SA20153980_HPBJMGIL_01516	100.000	428	0	0	1	428	1	428	0.0	840
SA20160200_AKBDPEOC_01894	SA20153980_HPBJMGIL_01526	30.952	42	29	0	9	50	630	671	0.094	24.6
SA20153980_HPBJMGIL_01516	SA20153980_HPBJMGIL_01516	100.000	428	0	0	1	428	1	428	0.0	840
SA20153980_HPBJMGIL_01516	SA20153980_HPBJMGIL_01526	30.952	42	29	0	9	50	630	671	0.094	24.6
SA20153980_HPBJMGIL_01517	SA20153980_HPBJMGIL_01517	100.000	286	0	0	1	286	1	286	0.0	591
SA20153980_HPBJMGIL_01517	SA20153980_HPBJMGIL_01522	21.818	55	36	1	75	129	92	139	1.5	19.6
SA20153980_HPBJMGIL_01517	SA20153980_HPBJMGIL_01523	40.909	22	13	0	178	199	29	50	2.7	18.9
SA20153980_HPBJMGIL_01517	SA20153980_HPBJMGIL_01536	30.000	30	21	0	206	235	14	43	2.9	18.9
SA20153980_HPBJMGIL_01517	SA20153980_HPBJMGIL_01530	50.000	14	7	0	101	114	68	81	6.1	17.7
SA20153980_HPBJMGIL_01517	SA20153980_HPBJMGIL_01518	50.000	12	6	0	180	191	53	64	7.5	17.3
SA20153980_HPBJMGIL_01517	SA20153980_HPBJMGIL_01526	23.577	123	68	5	124	240	419	521	9.7	17.3
SA20153980_HPBJMGIL_01518	SA20153980_HPBJMGIL_01518	100.000	189	0	0	1	189	1	189	8.48e-136	369
SA20153980_HPBJMGIL_01518	SA20153980_HPBJMGIL_01529	25.758	66	35	1	56	121	976	1027	0.045	23.9
SA20153980_HPBJMGIL_01518	SA20153980_HPBJMGIL_01517	50.000	12	6	0	53	64	180	191	5.5	17.3
SA20153980_HPBJMGIL_01518	SA20153980_HPBJMGIL_01526	47.619	21	8	1	142	159	97	117	5.8	17.3
SA20153980_HPBJMGIL_01519	SA20153980_HPBJMGIL_01519	100.000	103	0	0	1	103	1	103	8.18e-75	207
SA20153980_HPBJMGIL_01519	SA20153980_HPBJMGIL_01529	26.667	60	42	1	29	88	336	393	0.40	19.6
SA20153980_HPBJMGIL_01519	SA20153980_HPBJMGIL_01523	30.000	50	32	2	35	82	2	50	1.1	18.1
SA20153980_HPBJMGIL_01519	SA20153980_HPBJMGIL_01536	27.778	18	13	0	9	26	311	328	7.3	15.8
SA20153980_HPBJMGIL_01519	SA20153980_HPBJMGIL_01531	26.923	26	17	1	51	76	123	146	8.4	15.4
SA20153980_HPBJMGIL_01520	SA20153980_HPBJMGIL_01520	100.000	516	0	0	1	516	1	516	0.0	1056
SA20153980_HPBJMGIL_01520	SA20153980_HPBJMGIL_01526	28.000	75	37	3	54	123	261	323	0.30	23.1
SA20153980_HPBJMGIL_01520	SA20153980_HPBJMGIL_01528	31.579	57	34	3	319	372	91	145	1.3	20.8
SA20153980_HPBJMGIL_01520	SA20153980_HPBJMGIL_01535	50.000	20	6	1	401	416	37	56	2.6	19.6
SA20153980_HPBJMGIL_01520	SA20153980_HPBJMGIL_01529	26.866	67	48	1	35	101	82	147	3.8	19.6
SA20153980_HPBJMGIL_01520	SA20153980_HPBJMGIL_01533	45.000	20	11	0	316	335	121	140	5.6	18.5
SA20153980_HPBJMGIL_01521	SA20153980_HPBJMGIL_01521	100.000	86	0	0	1	86	1	86	2.44e-63	177
SA20153980_HPBJMGIL_01521	SA20153980_HPBJMGIL_01526	25.806	31	23	0	1	31	313	343	1.6	17.7
SA20153980_HPBJMGIL_01522	SA20153980_HPBJMGIL_01522	100.000	156	0	0	1	156	1	156	3.06e-119	324
SA20153980_HPBJMGIL_01522	SA20153980_HPBJMGIL_01517	22.581	62	41	1	92	146	75	136	1.1	19.2
SA20153980_HPBJMGIL_01522	SA20153980_HPBJMGIL_01534	26.667	75	34	3	54	111	1	71	1.2	18.9
SA20153980_HPBJMGIL_01522	SA20153980_HPBJMGIL_01526	42.857	14	8	0	41	54	890	903	6.0	16.9
SA20153980_HPBJMGIL_01522	SA20153980_HPBJMGIL_01518	33.333	12	8	0	54	65	44	55	8.4	16.2
SA20153980_HPBJMGIL_01523	SA20153980_HPBJMGIL_01523	100.000	183	0	0	1	183	1	183	4.37e-140	379
SA20153980_HPBJMGIL_01523	SA20153980_HPBJMGIL_01527	45.000	20	11	0	138	157	343	362	0.84	19.6
SA20153980_HPBJMGIL_01523	SA20153980_HPBJMGIL_01517	40.909	22	13	0	29	50	178	199	1.7	18.9
SA20153980_HPBJMGIL_01523	SA20153980_HPBJMGIL_01529	58.333	12	5	0	128	139	944	955	1.9	18.9
SA20153980_HPBJMGIL_01523	SA20153980_HPBJMGIL_01519	30.000	50	32	2	2	50	35	82	1.9	18.1
SA20153980_HPBJMGIL_01523	SA20153980_HPBJMGIL_01516	25.926	27	20	0	153	179	255	281	10.0	16.5
SA20153980_HPBJMGIL_01524	SA20153980_HPBJMGIL_01524	100.000	72	0	0	1	72	1	72	1.01e-52	149
SA20153980_HPBJMGIL_01524	SA20153980_HPBJMGIL_01526	60.000	10	4	0	22	31	59	68	1.1	17.7
SA20153980_HPBJMGIL_01524	SA20153980_HPBJMGIL_01531	29.167	24	17	0	47	70	108	131	1.9	16.9
SA20153980_HPBJMGIL_01525	SA20153980_HPBJMGIL_01525	100.000	124	0	0	1	124	1	124	2.32e-95	261
SA20153980_HPBJMGIL_01525	SA20153980_HPBJMGIL_01529	22.667	75	41	1	29	103	396	453	0.70	19.2
SA20153980_HPBJMGIL_01525	SA20153980_HPBJMGIL_01520	38.889	18	11	0	41	58	52	69	5.4	16.5
SA20153980_HPBJMGIL_01526	SA20153980_HPBJMGIL_01526	100.000	1049	0	0	1	1049	1	1049	0.0	2133
SA20153980_HPBJMGIL_01526	SA20153980_HPBJMGIL_01516	30.952	42	29	0	630	671	9	50	0.22	24.6
SA20153980_HPBJMGIL_01526	SA20153980_HPBJMGIL_01520	28.000	75	37	3	261	323	54	123	0.69	23.1
SA20153980_HPBJMGIL_01527	SA20153980_HPBJMGIL_01527	100.000	397	0	0	1	397	1	397	0.0	793
SA20153980_HPBJMGIL_01527	SA20153980_HPBJMGIL_01523	45.000	20	11	0	343	362	138	157	1.9	19.6
SA20153980_HPBJMGIL_01527	SA20153980_HPBJMGIL_01536	33.333	33	20	1	210	242	520	550	2.5	19.6
SA20153980_HPBJMGIL_01527	SA20153980_HPBJMGIL_01520	36.364	22	14	0	163	184	278	299	2.8	19.6
SA20153980_HPBJMGIL_01527	SA20153980_HPBJMGIL_01529	24.000	50	36	1	25	74	141	188	3.1	19.2
SA20153980_HPBJMGIL_01527	SA20153980_HPBJMGIL_01526	58.333	12	5	0	368	379	637	648	7.8	18.1
SA20153980_HPBJMGIL_01528	SA20153980_HPBJMGIL_01528	100.000	217	0	0	1	217	1	217	1.06e-166	449
SA20153980_HPBJMGIL_01528	SA20153980_HPBJMGIL_01535	29.730	74	49	2	35	106	72	144	0.57	20.4
SA20153980_HPBJMGIL_01528	SA20153980_HPBJMGIL_01520	31.373	51	30	3	91	139	319	366	2.9	18.5
SA20153980_HPBJMGIL_01529	SA20153980_HPBJMGIL_01529	100.000	1120	0	0	1	1120	1	1120	0.0	2264
SA20153980_HPBJMGIL_01529	SA20153980_HPBJMGIL_01518	25.758	66	35	1	976	1027	56	121	0.29	23.9
SA20153980_HPBJMGIL_01529	SA20153980_HPBJMGIL_01536	38.710	31	18	1	520	549	595	625	1.1	22.3
SA20153980_HPBJMGIL_01529	SA20153980_HPBJMGIL_01519	26.667	60	42	1	336	393	29	88	5.4	19.2
SA20153980_HPBJMGIL_01529	SA20153980_HPBJMGIL_01525	22.667	75	41	1	396	453	29	103	6.1	19.6
SA20153980_HPBJMGIL_01530	SA20153980_HPBJMGIL_01530	100.000	167	0	0	1	167	1	167	3.22e-122	332
SA20153980_HPBJMGIL_01530	SA20153980_HPBJMGIL_01536	28.947	38	27	0	2	39	603	640	0.71	20.0
SA20153980_HPBJMGIL_01530	SA20153980_HPBJMGIL_01517	50.000	14	7	0	68	81	101	114	3.4	17.7
SA20153980_HPBJMGIL_01530	SA20153980_HPBJMGIL_01520	35.897	39	20	2	125	158	293	331	3.9	17.7
SA20153980_HPBJMGIL_01531	SA20153980_HPBJMGIL_01531	100.000	151	0	0	1	151	1	151	3.18e-115	313
SA20153980_HPBJMGIL_01531	SA20153980_HPBJMGIL_01536	35.294	17	10	1	37	53	74	89	2.9	17.7
SA20153980_HPBJMGIL_01531	SA20153980_HPBJMGIL_01524	29.167	24	17	0	108	131	47	70	3.9	16.9
SA20153980_HPBJMGIL_01531	SA20153980_HPBJMGIL_01520	34.483	29	18	1	25	53	423	450	8.4	16.5
SA20153980_HPBJMGIL_01532	SA20153980_HPBJMGIL_01532	100.000	55	0	0	1	55	1	55	1.17e-36	107
SA20153980_HPBJMGIL_01532	SA20153980_HPBJMGIL_01535	28.571	28	20	0	3	30	69	96	1.1	16.9
SA20153980_HPBJMGIL_01532	SA20153980_HPBJMGIL_01527	83.333	6	1	0	25	30	56	61	3.8	15.4
SA20153980_HPBJMGIL_01533	SA20153980_HPBJMGIL_01533	100.000	171	0	0	1	171	1	171	1.35e-122	333
SA20153980_HPBJMGIL_01533	SA20153980_HPBJMGIL_01520	45.000	20	11	0	121	140	316	335	1.9	18.5
SA20153980_HPBJMGIL_01533	SA20153980_HPBJMGIL_01529	36.000	25	16	0	136	160	227	251	7.1	16.9
SA20153980_HPBJMGIL_01533	SA20153980_HPBJMGIL_01536	30.357	56	34	2	30	85	131	181	8.9	16.5
SA20153980_HPBJMGIL_01534	SA20153980_HPBJMGIL_01534	100.000	125	0	0	1	125	1	125	6.40e-89	244
SA20153980_HPBJMGIL_01534	SA20153980_HPBJMGIL_01529	25.397	63	44	2	63	124	473	533	3.2	17.3
SA20153980_HPBJMGIL_01534	SA20153980_HPBJMGIL_01520	29.268	41	25	1	81	121	18	54	3.5	17.3
SA20153980_HPBJMGIL_01534	SA20153980_HPBJMGIL_01517	62.500	8	3	0	45	52	240	247	6.4	16.5
SA20153980_HPBJMGIL_01534	SA20153980_HPBJMGIL_01516	62.500	8	3	0	50	57	229	236	7.2	16.2
SA20153980_HPBJMGIL_01535	SA20153980_HPBJMGIL_01535	100.000	183	0	0	1	183	1	183	1.36e-135	367
SA20153980_HPBJMGIL_01535	SA20153980_HPBJMGIL_01520	56.250	16	6	1	166	181	206	220	0.39	20.8
SA20153980_HPBJMGIL_01535	SA20153980_HPBJMGIL_01528	29.730	74	49	2	72	144	35	106	0.48	20.4
SA20153980_HPBJMGIL_01535	SA20153980_HPBJMGIL_01529	40.625	32	17	2	107	138	1089	1118	3.4	18.1
SA20153980_HPBJMGIL_01535	SA20153980_HPBJMGIL_01532	28.571	28	20	0	69	96	3	30	3.6	16.9
SA20153980_HPBJMGIL_01536	SA20153980_HPBJMGIL_01536	100.000	642	0	0	1	642	1	642	0.0	1305
SA20153980_HPBJMGIL_01536	SA20153980_HPBJMGIL_01529	38.710	31	18	1	595	625	520	549	0.64	22.3
SA20153980_HPBJMGIL_01536	SA20153980_HPBJMGIL_01530	28.947	38	27	0	603	640	2	39	2.5	20.0
SA20153980_HPBJMGIL_01536	SA20153980_HPBJMGIL_01527	33.333	33	20	1	520	550	210	242	3.3	20.0
SA20153980_HPBJMGIL_01536	SA20153980_HPBJMGIL_01517	30.000	30	21	0	14	43	206	235	6.1	18.9
SA20160200_AKBDPEOC_01874	SA20160200_AKBDPEOC_01874	100.000	642	0	0	1	642	1	642	0.0	1305
SA20160200_AKBDPEOC_01874	SA20160200_AKBDPEOC_01881	38.710	31	18	1	595	625	520	549	0.64	22.3
SA20160200_AKBDPEOC_01874	SA20160200_AKBDPEOC_01880	28.947	38	27	0	603	640	2	39	2.5	20.0
SA20160200_AKBDPEOC_01874	SA20160200_AKBDPEOC_01883	33.333	33	20	1	520	550	210	242	3.3	20.0
SA20160200_AKBDPEOC_01874	SA20160200_AKBDPEOC_01893	30.000	30	21	0	14	43	206	235	6.1	18.9
SA20160200_AKBDPEOC_01875	SA20160200_AKBDPEOC_01875	100.000	183	0	0	1	183	1	183	1.36e-135	367
SA20160200_AKBDPEOC_01875	SA20160200_AKBDPEOC_01890	56.250	16	6	1	166	181	206	220	0.39	20.8
SA20160200_AKBDPEOC_01875	SA20160200_AKBDPEOC_01882	29.730	74	49	2	72	144	35	106	0.48	20.4
SA20160200_AKBDPEOC_01875	SA20160200_AKBDPEOC_01881	40.625	32	17	2	107	138	1089	1118	3.4	18.1
SA20160200_AKBDPEOC_01875	SA20160200_AKBDPEOC_01878	28.571	28	20	0	69	96	3	30	3.6	16.9
SA20160200_AKBDPEOC_01876	SA20160200_AKBDPEOC_01876	100.000	125	0	0	1	125	1	125	6.40e-89	244
SA20160200_AKBDPEOC_01876	SA20160200_AKBDPEOC_01881	25.397	63	44	2	63	124	473	533	3.2	17.3
SA20160200_AKBDPEOC_01876	SA20160200_AKBDPEOC_01890	29.268	41	25	1	81	121	18	54	3.5	17.3
SA20160200_AKBDPEOC_01876	SA20160200_AKBDPEOC_01893	62.500	8	3	0	45	52	240	247	6.4	16.5
SA20160200_AKBDPEOC_01876	SA20160200_AKBDPEOC_01894	62.500	8	3	0	50	57	229	236	7.2	16.2
SA20160200_AKBDPEOC_01877	SA20160200_AKBDPEOC_01877	100.000	171	0	0	1	171	1	171	1.35e-122	333
SA20160200_AKBDPEOC_01877	SA20160200_AKBDPEOC_01890	45.000	20	11	0	121	140	316	335	1.9	18.5
SA20160200_AKBDPEOC_01877	SA20160200_AKBDPEOC_01881	36.000	25	16	0	136	160	227	251	7.1	16.9
SA20160200_AKBDPEOC_01877	SA20160200_AKBDPEOC_01874	30.357	56	34	2	30	85	131	181	8.9	16.5
SA20160200_AKBDPEOC_01878	SA20160200_AKBDPEOC_01878	100.000	55	0	0	1	55	1	55	1.17e-36	107
SA20160200_AKBDPEOC_01878	SA20160200_AKBDPEOC_01875	28.571	28	20	0	3	30	69	96	1.1	16.9
SA20160200_AKBDPEOC_01878	SA20160200_AKBDPEOC_01883	83.333	6	1	0	25	30	56	61	3.8	15.4
SA20160200_AKBDPEOC_01879	SA20160200_AKBDPEOC_01879	100.000	151	0	0	1	151	1	151	3.18e-115	313
SA20160200_AKBDPEOC_01879	SA20160200_AKBDPEOC_01874	35.294	17	10	1	37	53	74	89	2.9	17.7
SA20160200_AKBDPEOC_01879	SA20160200_AKBDPEOC_01886	29.167	24	17	0	108	131	47	70	3.9	16.9
SA20160200_AKBDPEOC_01879	SA20160200_AKBDPEOC_01890	34.483	29	18	1	25	53	423	450	8.4	16.5
SA20160200_AKBDPEOC_01880	SA20160200_AKBDPEOC_01880	100.000	167	0	0	1	167	1	167	3.22e-122	332
SA20160200_AKBDPEOC_01880	SA20160200_AKBDPEOC_01874	28.947	38	27	0	2	39	603	640	0.71	20.0
SA20160200_AKBDPEOC_01880	SA20160200_AKBDPEOC_01893	50.000	14	7	0	68	81	101	114	3.4	17.7
SA20160200_AKBDPEOC_01880	SA20160200_AKBDPEOC_01890	35.897	39	20	2	125	158	293	331	3.9	17.7
SA20160200_AKBDPEOC_01881	SA20160200_AKBDPEOC_01881	100.000	1120	0	0	1	1120	1	1120	0.0	2264
SA20160200_AKBDPEOC_01881	SA20160200_AKBDPEOC_01892	25.758	66	35	1	976	1027	56	121	0.29	23.9
SA20160200_AKBDPEOC_01881	SA20160200_AKBDPEOC_01874	38.710	31	18	1	520	549	595	625	1.1	22.3
SA20160200_AKBDPEOC_01881	SA20160200_AKBDPEOC_01891	26.667	60	42	1	336	393	29	88	5.4	19.2
SA20160200_AKBDPEOC_01881	SA20160200_AKBDPEOC_01885	22.667	75	41	1	396	453	29	103	6.1	19.6
SA20160200_AKBDPEOC_01882	SA20160200_AKBDPEOC_01882	100.000	217	0	0	1	217	1	217	1.06e-166	449
SA20160200_AKBDPEOC_01882	SA20160200_AKBDPEOC_01875	29.730	74	49	2	35	106	72	144	0.57	20.4
SA20160200_AKBDPEOC_01882	SA20160200_AKBDPEOC_01890	31.373	51	30	3	91	139	319	366	2.9	18.5
SA20160200_AKBDPEOC_01883	SA20160200_AKBDPEOC_01883	100.000	397	0	0	1	397	1	397	0.0	793
SA20160200_AKBDPEOC_01883	SA20160200_AKBDPEOC_01887	45.000	20	11	0	343	362	138	157	1.9	19.6
SA20160200_AKBDPEOC_01883	SA20160200_AKBDPEOC_01874	33.333	33	20	1	210	242	520	550	2.5	19.6
SA20160200_AKBDPEOC_01883	SA20160200_AKBDPEOC_01890	36.364	22	14	0	163	184	278	299	2.8	19.6
SA20160200_AKBDPEOC_01883	SA20160200_AKBDPEOC_01881	24.000	50	36	1	25	74	141	188	3.1	19.2
SA20160200_AKBDPEOC_01883	SA20160200_AKBDPEOC_01884	58.333	12	5	0	368	379	637	648	7.8	18.1
SA20160200_AKBDPEOC_01884	SA20160200_AKBDPEOC_01884	100.000	1049	0	0	1	1049	1	1049	0.0	2133
SA20160200_AKBDPEOC_01884	SA20160200_AKBDPEOC_01894	30.952	42	29	0	630	671	9	50	0.22	24.6
SA20160200_AKBDPEOC_01884	SA20160200_AKBDPEOC_01890	28.000	75	37	3	261	323	54	123	0.69	23.1
SA20160200_AKBDPEOC_01885	SA20160200_AKBDPEOC_01885	100.000	124	0	0	1	124	1	124	2.32e-95	261
SA20160200_AKBDPEOC_01885	SA20160200_AKBDPEOC_01881	22.667	75	41	1	29	103	396	453	0.70	19.2
SA20160200_AKBDPEOC_01885	SA20160200_AKBDPEOC_01890	38.889	18	11	0	41	58	52	69	5.4	16.5
SA20160200_AKBDPEOC_01886	SA20160200_AKBDPEOC_01886	100.000	72	0	0	1	72	1	72	1.01e-52	149
SA20160200_AKBDPEOC_01886	SA20160200_AKBDPEOC_01884	60.000	10	4	0	22	31	59	68	1.1	17.7
SA20160200_AKBDPEOC_01886	SA20160200_AKBDPEOC_01879	29.167	24	17	0	47	70	108	131	1.9	16.9
SA20160200_AKBDPEOC_01887	SA20160200_AKBDPEOC_01887	100.000	183	0	0	1	183	1	183	4.37e-140	379
SA20160200_AKBDPEOC_01887	SA20160200_AKBDPEOC_01883	45.000	20	11	0	138	157	343	362	0.84	19.6
SA20160200_AKBDPEOC_01887	SA20160200_AKBDPEOC_01893	40.909	22	13	0	29	50	178	199	1.7	18.9
SA20160200_AKBDPEOC_01887	SA20160200_AKBDPEOC_01881	58.333	12	5	0	128	139	944	955	1.9	18.9
SA20160200_AKBDPEOC_01887	SA20160200_AKBDPEOC_01891	30.000	50	32	2	2	50	35	82	1.9	18.1
SA20160200_AKBDPEOC_01887	SA20160200_AKBDPEOC_01894	25.926	27	20	0	153	179	255	281	10.0	16.5
SA20160200_AKBDPEOC_01888	SA20160200_AKBDPEOC_01888	100.000	156	0	0	1	156	1	156	3.06e-119	324
SA20160200_AKBDPEOC_01888	SA20160200_AKBDPEOC_01893	22.581	62	41	1	92	146	75	136	1.1	19.2
SA20160200_AKBDPEOC_01888	SA20160200_AKBDPEOC_01876	26.667	75	34	3	54	111	1	71	1.2	18.9
SA20160200_AKBDPEOC_01888	SA20160200_AKBDPEOC_01884	42.857	14	8	0	41	54	890	903	6.0	16.9
SA20160200_AKBDPEOC_01888	SA20160200_AKBDPEOC_01892	33.333	12	8	0	54	65	44	55	8.4	16.2
SA20160200_AKBDPEOC_01889	SA20160200_AKBDPEOC_01889	100.000	86	0	0	1	86	1	86	2.44e-63	177
SA20160200_AKBDPEOC_01889	SA20160200_AKBDPEOC_01884	25.806	31	23	0	1	31	313	343	1.6	17.7
SA20160200_AKBDPEOC_01890	SA20160200_AKBDPEOC_01890	100.000	516	0	0	1	516	1	516	0.0	1056
SA20160200_AKBDPEOC_01890	SA20160200_AKBDPEOC_01884	28.000	75	37	3	54	123	261	323	0.30	23.1
SA20160200_AKBDPEOC_01890	SA20160200_AKBDPEOC_01882	31.579	57	34	3	319	372	91	145	1.3	20.8
SA20160200_AKBDPEOC_01890	SA20160200_AKBDPEOC_01875	50.000	20	6	1	401	416	37	56	2.6	19.6
SA20160200_AKBDPEOC_01890	SA20160200_AKBDPEOC_01881	26.866	67	48	1	35	101	82	147	3.8	19.6
SA20160200_AKBDPEOC_01890	SA20160200_AKBDPEOC_01877	45.000	20	11	0	316	335	121	140	5.6	18.5
SA20160200_AKBDPEOC_01891	SA20160200_AKBDPEOC_01891	100.000	103	0	0	1	103	1	103	8.18e-75	207
SA20160200_AKBDPEOC_01891	SA20160200_AKBDPEOC_01881	26.667	60	42	1	29	88	336	393	0.40	19.6
SA20160200_AKBDPEOC_01891	SA20160200_AKBDPEOC_01887	30.000	50	32	2	35	82	2	50	1.1	18.1
SA20160200_AKBDPEOC_01891	SA20160200_AKBDPEOC_01874	27.778	18	13	0	9	26	311	328	7.3	15.8
SA20160200_AKBDPEOC_01891	SA20160200_AKBDPEOC_01879	26.923	26	17	1	51	76	123	146	8.4	15.4
SA20160200_AKBDPEOC_01892	SA20160200_AKBDPEOC_01892	100.000	189	0	0	1	189	1	189	8.48e-136	369
SA20160200_AKBDPEOC_01892	SA20160200_AKBDPEOC_01881	25.758	66	35	1	56	121	976	1027	0.045	23.9
SA20160200_AKBDPEOC_01892	SA20160200_AKBDPEOC_01893	50.000	12	6	0	53	64	180	191	5.5	17.3
SA20160200_AKBDPEOC_01892	SA20160200_AKBDPEOC_01884	47.619	21	8	1	142	159	97	117	5.8	17.3
SA20160200_AKBDPEOC_01893	SA20160200_AKBDPEOC_01893	100.000	286	0	0	1	286	1	286	0.0	591
SA20160200_AKBDPEOC_01893	SA20160200_AKBDPEOC_01888	21.818	55	36	1	75	129	92	139	1.5	19.6
SA20160200_AKBDPEOC_01893	SA20160200_AKBDPEOC_01887	40.909	22	13	0	178	199	29	50	2.7	18.9
SA20160200_AKBDPEOC_01893	SA20160200_AKBDPEOC_01874	30.000	30	21	0	206	235	14	43	2.9	18.9
SA20160200_AKBDPEOC_01893	SA20160200_AKBDPEOC_01880	50.000	14	7	0	101	114	68	81	6.1	17.7
SA20160200_AKBDPEOC_01893	SA20160200_AKBDPEOC_01892	50.000	12	6	0	180	191	53	64	7.5	17.3
SA20160200_AKBDPEOC_01893	SA20160200_AKBDPEOC_01884	23.577	123	68	5	124	240	419	521	9.7	17.3
SA20160200_AKBDPEOC_01894	SA20160200_AKBDPEOC_01894	100.000	428	0	0	1	428	1	428	0.0	840
SA20160200_AKBDPEOC_01894	SA20160200_AKBDPEOC_01884	30.952	42	29	0	9	50	630	671	0.094	24.6
