SA20160228_MPFEEIDI_03006	SA20160197_BPNLNKPL_03021	100.000	652	0	0	1	652	1	652	0.0	1352
SA20160228_MPFEEIDI_03006	SA20160197_BPNLNKPL_03036	35.000	40	19	3	293	325	370	409	0.51	23.5
SA20160228_MPFEEIDI_03007	SA20160197_BPNLNKPL_03022	100.000	104	0	0	1	104	1	104	1.05e-75	210
SA20160228_MPFEEIDI_03007	SA20160197_BPNLNKPL_03041	27.273	33	24	0	67	99	501	533	5.9	17.3
SA20160228_MPFEEIDI_03007	SA20160197_BPNLNKPL_03035	50.000	10	5	0	4	13	1097	1106	7.6	16.9
SA20160228_MPFEEIDI_03008	SA20160197_BPNLNKPL_03023	100.000	549	0	0	1	549	1	549	0.0	1092
SA20160228_MPFEEIDI_03008	SA20160197_BPNLNKPL_03033	39.394	33	17	1	357	389	46	75	1.4	20.8
SA20160228_MPFEEIDI_03008	SA20160197_BPNLNKPL_03041	34.783	46	24	2	197	236	227	272	1.6	21.9
SA20160228_MPFEEIDI_03008	SA20160197_BPNLNKPL_03027	33.333	21	14	0	213	233	236	256	2.9	20.8
SA20160228_MPFEEIDI_03008	SA20160197_BPNLNKPL_03035	60.000	15	6	0	366	380	5019	5033	3.6	20.8
SA20160228_MPFEEIDI_03008	SA20160197_BPNLNKPL_03028	31.579	19	13	0	384	402	11	29	6.0	20.0
SA20160228_MPFEEIDI_03008	SA20160197_BPNLNKPL_03024	47.619	21	10	1	40	60	8	27	8.3	19.2
SA20160228_MPFEEIDI_03008	SA20160197_BPNLNKPL_03040	35.000	20	12	1	20	39	43	61	9.1	19.2
SA20160228_MPFEEIDI_03009	SA20160197_BPNLNKPL_03024	100.000	229	0	0	1	229	1	229	6.83e-168	454
SA20160228_MPFEEIDI_03009	SA20160197_BPNLNKPL_03029	28.947	38	27	0	109	146	16	53	0.93	20.8
SA20160228_MPFEEIDI_03009	SA20160197_BPNLNKPL_03023	47.619	21	10	1	8	27	40	60	3.6	19.2
SA20160228_MPFEEIDI_03009	SA20160197_BPNLNKPL_03035	47.368	19	10	0	96	114	4444	4462	3.9	19.2
SA20160228_MPFEEIDI_03010	SA20160197_BPNLNKPL_03025	100.000	136	0	0	1	136	1	136	3.68e-96	265
SA20160228_MPFEEIDI_03010	SA20160197_BPNLNKPL_03027	38.095	21	13	0	82	102	66	86	1.9	19.2
SA20160228_MPFEEIDI_03010	SA20160197_BPNLNKPL_03023	70.000	10	3	0	112	121	475	484	5.5	17.7
SA20160228_MPFEEIDI_03010	SA20160197_BPNLNKPL_03029	30.556	36	22	2	69	102	164	198	7.8	17.3
SA20160228_MPFEEIDI_03011	SA20160197_BPNLNKPL_03026	100.000	295	0	0	1	295	1	295	0.0	603
SA20160228_MPFEEIDI_03011	SA20160197_BPNLNKPL_03039	30.233	43	27	1	39	78	136	178	0.018	26.6
SA20160228_MPFEEIDI_03011	SA20160197_BPNLNKPL_03041	26.562	64	35	2	150	201	240	303	1.4	21.2
SA20160228_MPFEEIDI_03011	SA20160197_BPNLNKPL_03036	40.000	20	12	0	245	264	360	379	6.4	18.9
SA20160228_MPFEEIDI_03011	SA20160197_BPNLNKPL_03035	55.556	9	4	0	221	229	3773	3781	9.1	18.5
SA20160228_MPFEEIDI_03011	SA20160197_BPNLNKPL_03031	36.842	19	12	0	13	31	83	101	9.1	17.7
SA20160228_MPFEEIDI_03012	SA20160197_BPNLNKPL_03027	100.000	562	0	0	1	562	1	562	0.0	1107
SA20160228_MPFEEIDI_03012	SA20160197_BPNLNKPL_03035	36.364	33	20	1	160	192	868	899	0.52	23.5
SA20160228_MPFEEIDI_03012	SA20160197_BPNLNKPL_03034	42.857	21	12	0	494	514	35	55	0.56	23.5
SA20160228_MPFEEIDI_03012	SA20160197_BPNLNKPL_03023	33.333	21	14	0	236	256	213	233	3.0	20.8
SA20160228_MPFEEIDI_03012	SA20160197_BPNLNKPL_03028	32.432	37	24	1	91	127	139	174	4.3	20.4
SA20160228_MPFEEIDI_03013	SA20160197_BPNLNKPL_03028	100.000	449	0	0	1	449	1	449	0.0	860
SA20160228_MPFEEIDI_03013	SA20160197_BPNLNKPL_03032	32.500	40	27	0	50	89	216	255	1.9	21.2
SA20160228_MPFEEIDI_03013	SA20160197_BPNLNKPL_03027	32.432	37	24	1	139	174	91	127	3.4	20.4
SA20160228_MPFEEIDI_03013	SA20160197_BPNLNKPL_03023	31.579	19	13	0	11	29	384	402	5.2	19.6
SA20160228_MPFEEIDI_03014	SA20160197_BPNLNKPL_03029	100.000	222	0	0	1	222	1	222	1.00e-167	452
SA20160228_MPFEEIDI_03014	SA20160197_BPNLNKPL_03024	29.730	37	26	0	17	53	110	146	0.86	20.8
SA20160228_MPFEEIDI_03014	SA20160197_BPNLNKPL_03041	34.483	29	14	1	110	133	108	136	0.91	21.2
SA20160228_MPFEEIDI_03014	SA20160197_BPNLNKPL_03027	35.484	31	19	1	124	154	304	333	7.6	18.1
SA20160228_MPFEEIDI_03015	SA20160197_BPNLNKPL_03030	100.000	152	0	0	1	152	1	152	2.71e-113	309
SA20160228_MPFEEIDI_03015	SA20160197_BPNLNKPL_03035	32.143	28	19	0	84	111	2495	2522	1.3	20.0
SA20160228_MPFEEIDI_03015	SA20160197_BPNLNKPL_03038	63.636	11	4	0	107	117	386	396	2.5	18.9
SA20160228_MPFEEIDI_03015	SA20160197_BPNLNKPL_03027	52.381	21	9	1	95	115	507	526	2.7	18.9
SA20160228_MPFEEIDI_03016	SA20160197_BPNLNKPL_03031	100.000	107	0	0	1	107	1	107	1.39e-79	220
SA20160228_MPFEEIDI_03016	SA20160197_BPNLNKPL_03035	28.571	56	38	1	13	68	4979	5032	0.078	22.7
SA20160228_MPFEEIDI_03016	SA20160197_BPNLNKPL_03034	30.303	33	23	0	52	84	255	287	0.99	19.6
SA20160228_MPFEEIDI_03016	SA20160197_BPNLNKPL_03040	28.571	35	24	1	34	68	53	86	1.2	19.2
SA20160228_MPFEEIDI_03016	SA20160197_BPNLNKPL_03026	36.842	19	12	0	83	101	13	31	3.3	17.7
SA20160228_MPFEEIDI_03016	SA20160197_BPNLNKPL_03028	30.435	23	16	0	27	49	123	145	3.5	17.7
SA20160228_MPFEEIDI_03016	SA20160197_BPNLNKPL_03041	50.000	10	5	0	16	25	680	689	8.2	16.9
SA20160228_MPFEEIDI_03016	SA20160197_BPNLNKPL_03021	41.667	12	7	0	13	24	511	522	8.8	16.5
SA20160228_MPFEEIDI_03016	SA20160197_BPNLNKPL_03027	26.087	69	45	2	4	70	465	529	9.0	16.5
SA20160228_MPFEEIDI_03016	SA20160197_BPNLNKPL_03024	54.545	11	5	0	49	59	14	24	9.4	16.5
SA20160228_MPFEEIDI_03017	SA20160197_BPNLNKPL_03032	100.000	533	0	0	1	533	1	533	0.0	1108
SA20160228_MPFEEIDI_03017	SA20160197_BPNLNKPL_03028	32.500	40	27	0	216	255	50	89	2.3	21.2
SA20160228_MPFEEIDI_03017	SA20160197_BPNLNKPL_03034	42.105	19	11	0	82	100	138	156	2.3	21.2
SA20160228_MPFEEIDI_03017	SA20160197_BPNLNKPL_03041	33.333	27	18	0	238	264	621	647	2.8	21.2
SA20160228_MPFEEIDI_03018	SA20160197_BPNLNKPL_03033	100.000	93	0	0	1	93	1	93	2.03e-66	186
SA20160228_MPFEEIDI_03018	SA20160197_BPNLNKPL_03023	31.111	45	28	1	46	87	357	401	0.24	20.8
SA20160228_MPFEEIDI_03018	SA20160197_BPNLNKPL_03034	55.556	9	4	0	27	35	34	42	4.3	17.3
SA20160228_MPFEEIDI_03018	SA20160197_BPNLNKPL_03035	45.455	11	6	0	81	91	5075	5085	6.0	16.9
SA20160228_MPFEEIDI_03019	SA20160197_BPNLNKPL_03034	100.000	688	0	0	1	688	1	688	0.0	1395
SA20160228_MPFEEIDI_03019	SA20160197_BPNLNKPL_03041	27.711	83	51	3	599	675	484	563	4.75e-04	33.5
SA20160228_MPFEEIDI_03019	SA20160197_BPNLNKPL_03038	29.310	58	33	3	149	203	1	53	0.065	26.6
SA20160228_MPFEEIDI_03019	SA20160197_BPNLNKPL_03027	42.857	21	12	0	35	55	494	514	0.64	23.5
SA20160228_MPFEEIDI_03019	SA20160197_BPNLNKPL_03036	39.130	23	14	0	213	235	207	229	1.8	21.9
SA20160228_MPFEEIDI_03019	SA20160197_BPNLNKPL_03032	42.105	19	11	0	138	156	82	100	3.0	21.2
SA20160228_MPFEEIDI_03019	SA20160197_BPNLNKPL_03031	30.303	33	23	0	255	287	52	84	6.4	19.6
SA20160228_MPFEEIDI_03020	SA20160197_BPNLNKPL_03035	100.000	5561	0	0	1	5561	1	5561	0.0	11081
SA20160228_MPFEEIDI_03020	SA20160197_BPNLNKPL_03041	30.769	39	27	0	2240	2278	790	828	3.1	24.3
SA20160228_MPFEEIDI_03020	SA20160197_BPNLNKPL_03038	37.500	32	18	1	1901	1930	156	187	3.6	23.9
SA20160228_MPFEEIDI_03020	SA20160197_BPNLNKPL_03036	31.250	48	28	1	4570	4617	198	240	3.8	23.9
SA20160228_MPFEEIDI_03020	SA20160197_BPNLNKPL_03031	28.571	56	38	1	4979	5032	13	68	4.1	22.7
SA20160228_MPFEEIDI_03020	SA20160197_BPNLNKPL_03027	36.364	33	20	1	868	899	160	192	5.1	23.5
SA20160228_MPFEEIDI_03021	SA20160197_BPNLNKPL_03036	100.000	425	0	0	1	425	1	425	0.0	844
SA20160228_MPFEEIDI_03021	SA20160197_BPNLNKPL_03021	35.000	40	19	3	370	409	293	325	0.32	23.5
SA20160228_MPFEEIDI_03021	SA20160197_BPNLNKPL_03035	31.250	48	28	1	198	240	4570	4617	0.32	23.9
SA20160228_MPFEEIDI_03021	SA20160197_BPNLNKPL_03034	39.130	23	14	0	207	229	213	235	1.0	21.9
SA20160228_MPFEEIDI_03021	SA20160197_BPNLNKPL_03026	40.000	20	12	0	360	379	245	264	8.7	18.9
SA20160228_MPFEEIDI_03022	SA20160197_BPNLNKPL_03037	100.000	439	0	0	1	439	1	439	0.0	892
SA20160228_MPFEEIDI_03022	SA20160197_BPNLNKPL_03039	47.826	23	8	1	114	136	100	118	3.4	20.0
SA20160228_MPFEEIDI_03022	SA20160197_BPNLNKPL_03035	32.258	31	21	0	113	143	4288	4318	9.6	18.9
SA20160228_MPFEEIDI_03023	SA20160197_BPNLNKPL_03038	100.000	462	0	0	1	462	1	462	0.0	935
SA20160228_MPFEEIDI_03023	SA20160197_BPNLNKPL_03034	29.310	58	33	3	1	53	149	203	0.044	26.6
SA20160228_MPFEEIDI_03023	SA20160197_BPNLNKPL_03035	37.500	32	18	1	156	187	1901	1930	0.30	23.9
SA20160228_MPFEEIDI_03023	SA20160197_BPNLNKPL_03030	63.636	11	4	0	386	396	107	117	7.5	18.9
SA20160228_MPFEEIDI_03024	SA20160197_BPNLNKPL_03039	100.000	210	0	0	1	210	1	210	5.55e-158	427
SA20160228_MPFEEIDI_03024	SA20160197_BPNLNKPL_03026	30.233	43	27	1	136	178	39	78	0.012	26.6
SA20160228_MPFEEIDI_03024	SA20160197_BPNLNKPL_03037	47.826	23	8	1	100	118	114	136	1.6	20.0
SA20160228_MPFEEIDI_03025	SA20160197_BPNLNKPL_03040	100.000	176	0	0	1	176	1	176	4.19e-130	353
SA20160228_MPFEEIDI_03025	SA20160197_BPNLNKPL_03041	38.462	26	16	0	3	28	340	365	0.77	20.8
SA20160228_MPFEEIDI_03025	SA20160197_BPNLNKPL_03035	24.272	103	73	2	11	112	4236	4334	1.1	20.4
SA20160228_MPFEEIDI_03025	SA20160197_BPNLNKPL_03031	28.571	35	24	1	53	86	34	68	2.3	18.9
SA20160228_MPFEEIDI_03025	SA20160197_BPNLNKPL_03023	35.000	20	12	1	43	61	20	39	2.9	19.2
SA20160228_MPFEEIDI_03025	SA20160197_BPNLNKPL_03037	18.000	50	41	0	123	172	285	334	4.0	18.5
SA20160228_MPFEEIDI_03026	SA20160197_BPNLNKPL_03041	100.000	941	0	0	1	941	1	941	0.0	1941
SA20160228_MPFEEIDI_03026	SA20160197_BPNLNKPL_03034	27.711	83	51	3	484	563	599	675	5.72e-04	33.9
SA20160228_MPFEEIDI_03026	SA20160197_BPNLNKPL_03035	30.769	39	27	0	790	828	2240	2278	0.55	24.3
SA20160228_MPFEEIDI_03026	SA20160197_BPNLNKPL_03040	38.462	26	16	0	340	365	3	28	3.2	21.2
SA20160228_MPFEEIDI_03026	SA20160197_BPNLNKPL_03032	33.333	27	18	0	621	647	238	264	4.5	21.2
SA20160228_MPFEEIDI_03026	SA20160197_BPNLNKPL_03026	26.562	64	35	2	240	303	150	201	4.7	20.8
SA20160197_BPNLNKPL_03021	SA20160197_BPNLNKPL_03021	100.000	652	0	0	1	652	1	652	0.0	1352
SA20160197_BPNLNKPL_03022	SA20160197_BPNLNKPL_03022	100.000	104	0	0	1	104	1	104	1.05e-75	210
SA20160197_BPNLNKPL_03022	SA20160197_BPNLNKPL_03041	27.273	33	24	0	67	99	501	533	5.9	17.3
SA20160197_BPNLNKPL_03022	SA20160197_BPNLNKPL_03035	50.000	10	5	0	4	13	1097	1106	7.6	16.9
SA20160197_BPNLNKPL_03023	SA20160197_BPNLNKPL_03023	100.000	549	0	0	1	549	1	549	0.0	1092
SA20160197_BPNLNKPL_03023	SA20160197_BPNLNKPL_03033	39.394	33	17	1	357	389	46	75	1.4	20.8
SA20160197_BPNLNKPL_03023	SA20160197_BPNLNKPL_03041	34.783	46	24	2	197	236	227	272	1.6	21.9
SA20160197_BPNLNKPL_03023	SA20160197_BPNLNKPL_03027	33.333	21	14	0	213	233	236	256	2.9	20.8
SA20160197_BPNLNKPL_03023	SA20160197_BPNLNKPL_03035	60.000	15	6	0	366	380	5019	5033	3.6	20.8
SA20160197_BPNLNKPL_03023	SA20160197_BPNLNKPL_03028	31.579	19	13	0	384	402	11	29	6.0	20.0
SA20160197_BPNLNKPL_03023	SA20160197_BPNLNKPL_03040	35.000	20	12	1	20	39	43	61	9.1	19.2
SA20160197_BPNLNKPL_03024	SA20160197_BPNLNKPL_03024	100.000	229	0	0	1	229	1	229	6.83e-168	454
SA20160197_BPNLNKPL_03024	SA20160197_BPNLNKPL_03029	28.947	38	27	0	109	146	16	53	0.93	20.8
SA20160197_BPNLNKPL_03024	SA20160197_BPNLNKPL_03035	47.368	19	10	0	96	114	4444	4462	3.9	19.2
SA20160197_BPNLNKPL_03025	SA20160197_BPNLNKPL_03025	100.000	136	0	0	1	136	1	136	3.68e-96	265
SA20160197_BPNLNKPL_03025	SA20160197_BPNLNKPL_03027	38.095	21	13	0	82	102	66	86	1.9	19.2
SA20160197_BPNLNKPL_03025	SA20160197_BPNLNKPL_03023	70.000	10	3	0	112	121	475	484	5.5	17.7
SA20160197_BPNLNKPL_03025	SA20160197_BPNLNKPL_03029	30.556	36	22	2	69	102	164	198	7.8	17.3
SA20160197_BPNLNKPL_03026	SA20160197_BPNLNKPL_03026	100.000	295	0	0	1	295	1	295	0.0	603
SA20160197_BPNLNKPL_03026	SA20160197_BPNLNKPL_03039	30.233	43	27	1	39	78	136	178	0.018	26.6
SA20160197_BPNLNKPL_03026	SA20160197_BPNLNKPL_03041	26.562	64	35	2	150	201	240	303	1.4	21.2
SA20160197_BPNLNKPL_03026	SA20160197_BPNLNKPL_03036	40.000	20	12	0	245	264	360	379	6.4	18.9
SA20160197_BPNLNKPL_03026	SA20160197_BPNLNKPL_03035	55.556	9	4	0	221	229	3773	3781	9.1	18.5
SA20160197_BPNLNKPL_03026	SA20160197_BPNLNKPL_03031	36.842	19	12	0	13	31	83	101	9.1	17.7
SA20160197_BPNLNKPL_03027	SA20160197_BPNLNKPL_03027	100.000	562	0	0	1	562	1	562	0.0	1107
SA20160197_BPNLNKPL_03027	SA20160197_BPNLNKPL_03035	36.364	33	20	1	160	192	868	899	0.52	23.5
SA20160197_BPNLNKPL_03027	SA20160197_BPNLNKPL_03034	42.857	21	12	0	494	514	35	55	0.56	23.5
SA20160197_BPNLNKPL_03027	SA20160197_BPNLNKPL_03023	33.333	21	14	0	236	256	213	233	3.0	20.8
SA20160197_BPNLNKPL_03027	SA20160197_BPNLNKPL_03028	32.432	37	24	1	91	127	139	174	4.3	20.4
SA20160197_BPNLNKPL_03028	SA20160197_BPNLNKPL_03028	100.000	449	0	0	1	449	1	449	0.0	860
SA20160197_BPNLNKPL_03028	SA20160197_BPNLNKPL_03032	32.500	40	27	0	50	89	216	255	1.9	21.2
SA20160197_BPNLNKPL_03028	SA20160197_BPNLNKPL_03027	32.432	37	24	1	139	174	91	127	3.4	20.4
SA20160197_BPNLNKPL_03028	SA20160197_BPNLNKPL_03023	31.579	19	13	0	11	29	384	402	5.2	19.6
SA20160197_BPNLNKPL_03029	SA20160197_BPNLNKPL_03029	100.000	222	0	0	1	222	1	222	1.00e-167	452
SA20160197_BPNLNKPL_03029	SA20160197_BPNLNKPL_03024	29.730	37	26	0	17	53	110	146	0.86	20.8
SA20160197_BPNLNKPL_03029	SA20160197_BPNLNKPL_03041	34.483	29	14	1	110	133	108	136	0.91	21.2
SA20160197_BPNLNKPL_03029	SA20160197_BPNLNKPL_03027	35.484	31	19	1	124	154	304	333	7.6	18.1
SA20160197_BPNLNKPL_03030	SA20160197_BPNLNKPL_03030	100.000	152	0	0	1	152	1	152	2.71e-113	309
SA20160197_BPNLNKPL_03030	SA20160197_BPNLNKPL_03035	32.143	28	19	0	84	111	2495	2522	1.3	20.0
SA20160197_BPNLNKPL_03030	SA20160197_BPNLNKPL_03038	63.636	11	4	0	107	117	386	396	2.5	18.9
SA20160197_BPNLNKPL_03030	SA20160197_BPNLNKPL_03027	52.381	21	9	1	95	115	507	526	2.7	18.9
SA20160197_BPNLNKPL_03031	SA20160197_BPNLNKPL_03031	100.000	107	0	0	1	107	1	107	1.39e-79	220
SA20160197_BPNLNKPL_03031	SA20160197_BPNLNKPL_03035	28.571	56	38	1	13	68	4979	5032	0.078	22.7
SA20160197_BPNLNKPL_03031	SA20160197_BPNLNKPL_03034	30.303	33	23	0	52	84	255	287	0.99	19.6
SA20160197_BPNLNKPL_03031	SA20160197_BPNLNKPL_03040	28.571	35	24	1	34	68	53	86	1.2	19.2
SA20160197_BPNLNKPL_03031	SA20160197_BPNLNKPL_03026	36.842	19	12	0	83	101	13	31	3.3	17.7
SA20160197_BPNLNKPL_03031	SA20160197_BPNLNKPL_03028	30.435	23	16	0	27	49	123	145	3.5	17.7
SA20160197_BPNLNKPL_03031	SA20160197_BPNLNKPL_03041	50.000	10	5	0	16	25	680	689	8.2	16.9
SA20160197_BPNLNKPL_03031	SA20160197_BPNLNKPL_03021	41.667	12	7	0	13	24	511	522	8.8	16.5
SA20160197_BPNLNKPL_03031	SA20160197_BPNLNKPL_03027	26.087	69	45	2	4	70	465	529	9.0	16.5
SA20160197_BPNLNKPL_03031	SA20160197_BPNLNKPL_03024	54.545	11	5	0	49	59	14	24	9.4	16.5
SA20160197_BPNLNKPL_03032	SA20160197_BPNLNKPL_03032	100.000	533	0	0	1	533	1	533	0.0	1108
SA20160197_BPNLNKPL_03032	SA20160197_BPNLNKPL_03028	32.500	40	27	0	216	255	50	89	2.3	21.2
SA20160197_BPNLNKPL_03032	SA20160197_BPNLNKPL_03034	42.105	19	11	0	82	100	138	156	2.3	21.2
SA20160197_BPNLNKPL_03032	SA20160197_BPNLNKPL_03041	33.333	27	18	0	238	264	621	647	2.8	21.2
SA20160197_BPNLNKPL_03033	SA20160197_BPNLNKPL_03033	100.000	93	0	0	1	93	1	93	2.03e-66	186
SA20160197_BPNLNKPL_03033	SA20160197_BPNLNKPL_03023	31.111	45	28	1	46	87	357	401	0.24	20.8
SA20160197_BPNLNKPL_03033	SA20160197_BPNLNKPL_03034	55.556	9	4	0	27	35	34	42	4.3	17.3
SA20160197_BPNLNKPL_03033	SA20160197_BPNLNKPL_03035	45.455	11	6	0	81	91	5075	5085	6.0	16.9
SA20160197_BPNLNKPL_03034	SA20160197_BPNLNKPL_03034	100.000	688	0	0	1	688	1	688	0.0	1395
SA20160197_BPNLNKPL_03034	SA20160197_BPNLNKPL_03041	27.711	83	51	3	599	675	484	563	4.75e-04	33.5
SA20160197_BPNLNKPL_03034	SA20160197_BPNLNKPL_03038	29.310	58	33	3	149	203	1	53	0.065	26.6
SA20160197_BPNLNKPL_03034	SA20160197_BPNLNKPL_03027	42.857	21	12	0	35	55	494	514	0.64	23.5
SA20160197_BPNLNKPL_03034	SA20160197_BPNLNKPL_03036	39.130	23	14	0	213	235	207	229	1.8	21.9
SA20160197_BPNLNKPL_03034	SA20160197_BPNLNKPL_03032	42.105	19	11	0	138	156	82	100	3.0	21.2
SA20160197_BPNLNKPL_03034	SA20160197_BPNLNKPL_03031	30.303	33	23	0	255	287	52	84	6.4	19.6
SA20160197_BPNLNKPL_03035	SA20160197_BPNLNKPL_03035	100.000	5561	0	0	1	5561	1	5561	0.0	11081
SA20160197_BPNLNKPL_03035	SA20160197_BPNLNKPL_03041	30.769	39	27	0	2240	2278	790	828	3.1	24.3
SA20160197_BPNLNKPL_03035	SA20160197_BPNLNKPL_03038	37.500	32	18	1	1901	1930	156	187	3.6	23.9
SA20160197_BPNLNKPL_03035	SA20160197_BPNLNKPL_03036	31.250	48	28	1	4570	4617	198	240	3.8	23.9
SA20160197_BPNLNKPL_03036	SA20160197_BPNLNKPL_03036	100.000	425	0	0	1	425	1	425	0.0	844
SA20160197_BPNLNKPL_03036	SA20160197_BPNLNKPL_03035	31.250	48	28	1	198	240	4570	4617	0.32	23.9
SA20160197_BPNLNKPL_03036	SA20160197_BPNLNKPL_03034	39.130	23	14	0	207	229	213	235	1.0	21.9
SA20160197_BPNLNKPL_03036	SA20160197_BPNLNKPL_03026	40.000	20	12	0	360	379	245	264	8.7	18.9
SA20160197_BPNLNKPL_03037	SA20160197_BPNLNKPL_03037	100.000	439	0	0	1	439	1	439	0.0	892
SA20160197_BPNLNKPL_03037	SA20160197_BPNLNKPL_03039	47.826	23	8	1	114	136	100	118	3.4	20.0
SA20160197_BPNLNKPL_03037	SA20160197_BPNLNKPL_03035	32.258	31	21	0	113	143	4288	4318	9.6	18.9
SA20160197_BPNLNKPL_03038	SA20160197_BPNLNKPL_03038	100.000	462	0	0	1	462	1	462	0.0	935
SA20160197_BPNLNKPL_03038	SA20160197_BPNLNKPL_03034	29.310	58	33	3	1	53	149	203	0.044	26.6
SA20160197_BPNLNKPL_03038	SA20160197_BPNLNKPL_03035	37.500	32	18	1	156	187	1901	1930	0.30	23.9
SA20160197_BPNLNKPL_03038	SA20160197_BPNLNKPL_03030	63.636	11	4	0	386	396	107	117	7.5	18.9
SA20160197_BPNLNKPL_03039	SA20160197_BPNLNKPL_03039	100.000	210	0	0	1	210	1	210	5.55e-158	427
SA20160197_BPNLNKPL_03039	SA20160197_BPNLNKPL_03026	30.233	43	27	1	136	178	39	78	0.012	26.6
SA20160197_BPNLNKPL_03039	SA20160197_BPNLNKPL_03037	47.826	23	8	1	100	118	114	136	1.6	20.0
SA20160197_BPNLNKPL_03040	SA20160197_BPNLNKPL_03040	100.000	176	0	0	1	176	1	176	4.19e-130	353
SA20160197_BPNLNKPL_03040	SA20160197_BPNLNKPL_03041	38.462	26	16	0	3	28	340	365	0.77	20.8
SA20160197_BPNLNKPL_03040	SA20160197_BPNLNKPL_03035	24.272	103	73	2	11	112	4236	4334	1.1	20.4
SA20160197_BPNLNKPL_03040	SA20160197_BPNLNKPL_03031	28.571	35	24	1	53	86	34	68	2.3	18.9
SA20160197_BPNLNKPL_03040	SA20160197_BPNLNKPL_03023	35.000	20	12	1	43	61	20	39	2.9	19.2
SA20160197_BPNLNKPL_03040	SA20160197_BPNLNKPL_03037	18.000	50	41	0	123	172	285	334	4.0	18.5
SA20160197_BPNLNKPL_03041	SA20160197_BPNLNKPL_03041	100.000	941	0	0	1	941	1	941	0.0	1941
SA20160197_BPNLNKPL_03041	SA20160197_BPNLNKPL_03034	27.711	83	51	3	484	563	599	675	5.72e-04	33.9
SA20160197_BPNLNKPL_03041	SA20160197_BPNLNKPL_03035	30.769	39	27	0	790	828	2240	2278	0.55	24.3
SA20160197_BPNLNKPL_03041	SA20160197_BPNLNKPL_03040	38.462	26	16	0	340	365	3	28	3.2	21.2
SA20160197_BPNLNKPL_03041	SA20160197_BPNLNKPL_03032	33.333	27	18	0	621	647	238	264	4.5	21.2
SA20160197_BPNLNKPL_03041	SA20160197_BPNLNKPL_03026	26.562	64	35	2	240	303	150	201	4.7	20.8
SA20160228_MPFEEIDI_03006	SA20160228_MPFEEIDI_03006	100.000	652	0	0	1	652	1	652	0.0	1352
SA20160228_MPFEEIDI_03007	SA20160228_MPFEEIDI_03007	100.000	104	0	0	1	104	1	104	1.05e-75	210
SA20160228_MPFEEIDI_03007	SA20160228_MPFEEIDI_03026	27.273	33	24	0	67	99	501	533	5.9	17.3
SA20160228_MPFEEIDI_03007	SA20160228_MPFEEIDI_03020	50.000	10	5	0	4	13	1097	1106	7.6	16.9
SA20160228_MPFEEIDI_03008	SA20160228_MPFEEIDI_03008	100.000	549	0	0	1	549	1	549	0.0	1092
SA20160228_MPFEEIDI_03008	SA20160228_MPFEEIDI_03018	39.394	33	17	1	357	389	46	75	1.4	20.8
SA20160228_MPFEEIDI_03008	SA20160228_MPFEEIDI_03026	34.783	46	24	2	197	236	227	272	1.6	21.9
SA20160228_MPFEEIDI_03008	SA20160228_MPFEEIDI_03012	33.333	21	14	0	213	233	236	256	2.9	20.8
SA20160228_MPFEEIDI_03008	SA20160228_MPFEEIDI_03020	60.000	15	6	0	366	380	5019	5033	3.6	20.8
SA20160228_MPFEEIDI_03008	SA20160228_MPFEEIDI_03013	31.579	19	13	0	384	402	11	29	6.0	20.0
SA20160228_MPFEEIDI_03008	SA20160228_MPFEEIDI_03025	35.000	20	12	1	20	39	43	61	9.1	19.2
SA20160228_MPFEEIDI_03009	SA20160228_MPFEEIDI_03009	100.000	229	0	0	1	229	1	229	6.83e-168	454
SA20160228_MPFEEIDI_03009	SA20160228_MPFEEIDI_03014	28.947	38	27	0	109	146	16	53	0.93	20.8
SA20160228_MPFEEIDI_03009	SA20160228_MPFEEIDI_03020	47.368	19	10	0	96	114	4444	4462	3.9	19.2
SA20160228_MPFEEIDI_03010	SA20160228_MPFEEIDI_03010	100.000	136	0	0	1	136	1	136	3.68e-96	265
SA20160228_MPFEEIDI_03010	SA20160228_MPFEEIDI_03012	38.095	21	13	0	82	102	66	86	1.9	19.2
SA20160228_MPFEEIDI_03010	SA20160228_MPFEEIDI_03008	70.000	10	3	0	112	121	475	484	5.5	17.7
SA20160228_MPFEEIDI_03010	SA20160228_MPFEEIDI_03014	30.556	36	22	2	69	102	164	198	7.8	17.3
SA20160228_MPFEEIDI_03011	SA20160228_MPFEEIDI_03011	100.000	295	0	0	1	295	1	295	0.0	603
SA20160228_MPFEEIDI_03011	SA20160228_MPFEEIDI_03024	30.233	43	27	1	39	78	136	178	0.018	26.6
SA20160228_MPFEEIDI_03011	SA20160228_MPFEEIDI_03026	26.562	64	35	2	150	201	240	303	1.4	21.2
SA20160228_MPFEEIDI_03011	SA20160228_MPFEEIDI_03021	40.000	20	12	0	245	264	360	379	6.4	18.9
SA20160228_MPFEEIDI_03011	SA20160228_MPFEEIDI_03020	55.556	9	4	0	221	229	3773	3781	9.1	18.5
SA20160228_MPFEEIDI_03011	SA20160228_MPFEEIDI_03016	36.842	19	12	0	13	31	83	101	9.1	17.7
SA20160228_MPFEEIDI_03012	SA20160228_MPFEEIDI_03012	100.000	562	0	0	1	562	1	562	0.0	1107
SA20160228_MPFEEIDI_03012	SA20160228_MPFEEIDI_03020	36.364	33	20	1	160	192	868	899	0.52	23.5
SA20160228_MPFEEIDI_03012	SA20160228_MPFEEIDI_03019	42.857	21	12	0	494	514	35	55	0.56	23.5
SA20160228_MPFEEIDI_03012	SA20160228_MPFEEIDI_03008	33.333	21	14	0	236	256	213	233	3.0	20.8
SA20160228_MPFEEIDI_03012	SA20160228_MPFEEIDI_03013	32.432	37	24	1	91	127	139	174	4.3	20.4
SA20160228_MPFEEIDI_03013	SA20160228_MPFEEIDI_03013	100.000	449	0	0	1	449	1	449	0.0	860
SA20160228_MPFEEIDI_03013	SA20160228_MPFEEIDI_03017	32.500	40	27	0	50	89	216	255	1.9	21.2
SA20160228_MPFEEIDI_03013	SA20160228_MPFEEIDI_03012	32.432	37	24	1	139	174	91	127	3.4	20.4
SA20160228_MPFEEIDI_03013	SA20160228_MPFEEIDI_03008	31.579	19	13	0	11	29	384	402	5.2	19.6
SA20160228_MPFEEIDI_03014	SA20160228_MPFEEIDI_03014	100.000	222	0	0	1	222	1	222	1.00e-167	452
SA20160228_MPFEEIDI_03014	SA20160228_MPFEEIDI_03009	29.730	37	26	0	17	53	110	146	0.86	20.8
SA20160228_MPFEEIDI_03014	SA20160228_MPFEEIDI_03026	34.483	29	14	1	110	133	108	136	0.91	21.2
SA20160228_MPFEEIDI_03014	SA20160228_MPFEEIDI_03012	35.484	31	19	1	124	154	304	333	7.6	18.1
SA20160228_MPFEEIDI_03015	SA20160228_MPFEEIDI_03015	100.000	152	0	0	1	152	1	152	2.71e-113	309
SA20160228_MPFEEIDI_03015	SA20160228_MPFEEIDI_03020	32.143	28	19	0	84	111	2495	2522	1.3	20.0
SA20160228_MPFEEIDI_03015	SA20160228_MPFEEIDI_03023	63.636	11	4	0	107	117	386	396	2.5	18.9
SA20160228_MPFEEIDI_03015	SA20160228_MPFEEIDI_03012	52.381	21	9	1	95	115	507	526	2.7	18.9
SA20160228_MPFEEIDI_03016	SA20160228_MPFEEIDI_03016	100.000	107	0	0	1	107	1	107	1.39e-79	220
SA20160228_MPFEEIDI_03016	SA20160228_MPFEEIDI_03020	28.571	56	38	1	13	68	4979	5032	0.078	22.7
SA20160228_MPFEEIDI_03016	SA20160228_MPFEEIDI_03019	30.303	33	23	0	52	84	255	287	0.99	19.6
SA20160228_MPFEEIDI_03016	SA20160228_MPFEEIDI_03025	28.571	35	24	1	34	68	53	86	1.2	19.2
SA20160228_MPFEEIDI_03016	SA20160228_MPFEEIDI_03011	36.842	19	12	0	83	101	13	31	3.3	17.7
SA20160228_MPFEEIDI_03016	SA20160228_MPFEEIDI_03013	30.435	23	16	0	27	49	123	145	3.5	17.7
SA20160228_MPFEEIDI_03016	SA20160228_MPFEEIDI_03026	50.000	10	5	0	16	25	680	689	8.2	16.9
SA20160228_MPFEEIDI_03016	SA20160228_MPFEEIDI_03006	41.667	12	7	0	13	24	511	522	8.8	16.5
SA20160228_MPFEEIDI_03016	SA20160228_MPFEEIDI_03012	26.087	69	45	2	4	70	465	529	9.0	16.5
SA20160228_MPFEEIDI_03016	SA20160228_MPFEEIDI_03009	54.545	11	5	0	49	59	14	24	9.4	16.5
SA20160228_MPFEEIDI_03017	SA20160228_MPFEEIDI_03017	100.000	533	0	0	1	533	1	533	0.0	1108
SA20160228_MPFEEIDI_03017	SA20160228_MPFEEIDI_03013	32.500	40	27	0	216	255	50	89	2.3	21.2
SA20160228_MPFEEIDI_03017	SA20160228_MPFEEIDI_03019	42.105	19	11	0	82	100	138	156	2.3	21.2
SA20160228_MPFEEIDI_03017	SA20160228_MPFEEIDI_03026	33.333	27	18	0	238	264	621	647	2.8	21.2
SA20160228_MPFEEIDI_03018	SA20160228_MPFEEIDI_03018	100.000	93	0	0	1	93	1	93	2.03e-66	186
SA20160228_MPFEEIDI_03018	SA20160228_MPFEEIDI_03008	31.111	45	28	1	46	87	357	401	0.24	20.8
SA20160228_MPFEEIDI_03018	SA20160228_MPFEEIDI_03019	55.556	9	4	0	27	35	34	42	4.3	17.3
SA20160228_MPFEEIDI_03018	SA20160228_MPFEEIDI_03020	45.455	11	6	0	81	91	5075	5085	6.0	16.9
SA20160228_MPFEEIDI_03019	SA20160228_MPFEEIDI_03019	100.000	688	0	0	1	688	1	688	0.0	1395
SA20160228_MPFEEIDI_03019	SA20160228_MPFEEIDI_03026	27.711	83	51	3	599	675	484	563	4.75e-04	33.5
SA20160228_MPFEEIDI_03019	SA20160228_MPFEEIDI_03023	29.310	58	33	3	149	203	1	53	0.065	26.6
SA20160228_MPFEEIDI_03019	SA20160228_MPFEEIDI_03012	42.857	21	12	0	35	55	494	514	0.64	23.5
SA20160228_MPFEEIDI_03019	SA20160228_MPFEEIDI_03021	39.130	23	14	0	213	235	207	229	1.8	21.9
SA20160228_MPFEEIDI_03019	SA20160228_MPFEEIDI_03017	42.105	19	11	0	138	156	82	100	3.0	21.2
SA20160228_MPFEEIDI_03019	SA20160228_MPFEEIDI_03016	30.303	33	23	0	255	287	52	84	6.4	19.6
SA20160228_MPFEEIDI_03020	SA20160228_MPFEEIDI_03020	100.000	5561	0	0	1	5561	1	5561	0.0	11081
SA20160228_MPFEEIDI_03020	SA20160228_MPFEEIDI_03026	30.769	39	27	0	2240	2278	790	828	3.1	24.3
SA20160228_MPFEEIDI_03020	SA20160228_MPFEEIDI_03023	37.500	32	18	1	1901	1930	156	187	3.6	23.9
SA20160228_MPFEEIDI_03020	SA20160228_MPFEEIDI_03021	31.250	48	28	1	4570	4617	198	240	3.8	23.9
SA20160228_MPFEEIDI_03021	SA20160228_MPFEEIDI_03021	100.000	425	0	0	1	425	1	425	0.0	844
SA20160228_MPFEEIDI_03021	SA20160228_MPFEEIDI_03020	31.250	48	28	1	198	240	4570	4617	0.32	23.9
SA20160228_MPFEEIDI_03021	SA20160228_MPFEEIDI_03019	39.130	23	14	0	207	229	213	235	1.0	21.9
SA20160228_MPFEEIDI_03021	SA20160228_MPFEEIDI_03011	40.000	20	12	0	360	379	245	264	8.7	18.9
SA20160228_MPFEEIDI_03022	SA20160228_MPFEEIDI_03022	100.000	439	0	0	1	439	1	439	0.0	892
SA20160228_MPFEEIDI_03022	SA20160228_MPFEEIDI_03024	47.826	23	8	1	114	136	100	118	3.4	20.0
SA20160228_MPFEEIDI_03022	SA20160228_MPFEEIDI_03020	32.258	31	21	0	113	143	4288	4318	9.6	18.9
SA20160228_MPFEEIDI_03023	SA20160228_MPFEEIDI_03023	100.000	462	0	0	1	462	1	462	0.0	935
SA20160228_MPFEEIDI_03023	SA20160228_MPFEEIDI_03019	29.310	58	33	3	1	53	149	203	0.044	26.6
SA20160228_MPFEEIDI_03023	SA20160228_MPFEEIDI_03020	37.500	32	18	1	156	187	1901	1930	0.30	23.9
SA20160228_MPFEEIDI_03023	SA20160228_MPFEEIDI_03015	63.636	11	4	0	386	396	107	117	7.5	18.9
SA20160228_MPFEEIDI_03024	SA20160228_MPFEEIDI_03024	100.000	210	0	0	1	210	1	210	5.55e-158	427
SA20160228_MPFEEIDI_03024	SA20160228_MPFEEIDI_03011	30.233	43	27	1	136	178	39	78	0.012	26.6
SA20160228_MPFEEIDI_03024	SA20160228_MPFEEIDI_03022	47.826	23	8	1	100	118	114	136	1.6	20.0
SA20160228_MPFEEIDI_03025	SA20160228_MPFEEIDI_03025	100.000	176	0	0	1	176	1	176	4.19e-130	353
SA20160228_MPFEEIDI_03025	SA20160228_MPFEEIDI_03026	38.462	26	16	0	3	28	340	365	0.77	20.8
SA20160228_MPFEEIDI_03025	SA20160228_MPFEEIDI_03020	24.272	103	73	2	11	112	4236	4334	1.1	20.4
SA20160228_MPFEEIDI_03025	SA20160228_MPFEEIDI_03016	28.571	35	24	1	53	86	34	68	2.3	18.9
SA20160228_MPFEEIDI_03025	SA20160228_MPFEEIDI_03008	35.000	20	12	1	43	61	20	39	2.9	19.2
SA20160228_MPFEEIDI_03025	SA20160228_MPFEEIDI_03022	18.000	50	41	0	123	172	285	334	4.0	18.5
SA20160228_MPFEEIDI_03026	SA20160228_MPFEEIDI_03026	100.000	941	0	0	1	941	1	941	0.0	1941
SA20160228_MPFEEIDI_03026	SA20160228_MPFEEIDI_03019	27.711	83	51	3	484	563	599	675	5.72e-04	33.9
SA20160228_MPFEEIDI_03026	SA20160228_MPFEEIDI_03020	30.769	39	27	0	790	828	2240	2278	0.55	24.3
SA20160228_MPFEEIDI_03026	SA20160228_MPFEEIDI_03025	38.462	26	16	0	340	365	3	28	3.2	21.2
SA20160228_MPFEEIDI_03026	SA20160228_MPFEEIDI_03017	33.333	27	18	0	621	647	238	264	4.5	21.2
SA20160228_MPFEEIDI_03026	SA20160228_MPFEEIDI_03011	26.562	64	35	2	240	303	150	201	4.7	20.8
