SA20153983_GBAKOBEN_03645	SA20160323_HIEPLBCK_02598	27.711	83	51	3	484	563	599	675	5.30e-04	33.9
SA20153983_GBAKOBEN_03645	SA20160323_HIEPLBCK_02609	34.783	46	24	2	227	272	197	236	2.3	21.9
SA20153983_GBAKOBEN_03645	SA20160323_HIEPLBCK_02600	44.444	18	10	0	621	638	238	255	5.1	20.8
SA20153983_GBAKOBEN_03645	SA20160323_HIEPLBCK_02597	34.615	26	17	0	346	371	4647	4672	9.1	20.0
SA20153983_GBAKOBEN_03646	SA20160323_HIEPLBCK_02597	24.272	103	73	2	11	112	4235	4333	0.97	20.4
SA20153983_GBAKOBEN_03646	SA20160323_HIEPLBCK_02601	28.571	35	24	1	53	86	34	68	2.0	18.9
SA20153983_GBAKOBEN_03646	SA20160323_HIEPLBCK_02609	35.000	20	12	1	43	61	20	39	2.5	19.2
SA20153983_GBAKOBEN_03646	SA20160323_HIEPLBCK_02595	18.000	50	41	0	123	172	285	334	3.6	18.5
SA20153983_GBAKOBEN_03647	SA20160323_HIEPLBCK_02606	30.233	43	27	1	136	178	39	78	0.005	27.3
SA20153983_GBAKOBEN_03647	SA20160323_HIEPLBCK_02598	40.000	15	9	0	142	156	175	189	9.4	17.7
SA20153983_GBAKOBEN_03648	SA20160323_HIEPLBCK_02594	98.529	68	1	0	395	462	1	68	1.88e-43	139
SA20153983_GBAKOBEN_03648	SA20160323_HIEPLBCK_02598	29.310	58	33	3	1	53	149	203	0.038	26.6
SA20153983_GBAKOBEN_03648	SA20160323_HIEPLBCK_02597	37.500	32	18	1	156	187	1900	1929	0.86	22.3
SA20153983_GBAKOBEN_03648	SA20160323_HIEPLBCK_02602	63.636	11	4	0	386	396	107	117	6.5	18.9
SA20153983_GBAKOBEN_03649	SA20160323_HIEPLBCK_02595	99.317	439	3	0	1	439	1	439	0.0	885
SA20153983_GBAKOBEN_03649	SA20160323_HIEPLBCK_02597	46.154	13	7	0	213	225	4645	4657	6.3	19.2
SA20153983_GBAKOBEN_03650	SA20160323_HIEPLBCK_02596	100.000	425	0	0	1	425	1	425	0.0	844
SA20153983_GBAKOBEN_03650	SA20160323_HIEPLBCK_02611	35.000	40	19	3	370	409	293	325	0.27	23.5
SA20153983_GBAKOBEN_03650	SA20160323_HIEPLBCK_02597	31.250	48	28	1	198	240	4569	4616	0.28	23.9
SA20153983_GBAKOBEN_03650	SA20160323_HIEPLBCK_02598	39.130	23	14	0	207	229	213	235	0.92	21.9
SA20153983_GBAKOBEN_03650	SA20160323_HIEPLBCK_02600	35.135	37	21	1	220	256	459	492	5.6	19.2
SA20153983_GBAKOBEN_03650	SA20160323_HIEPLBCK_02606	40.000	20	12	0	360	379	245	264	7.4	18.9
SA20153983_GBAKOBEN_03651	SA20160323_HIEPLBCK_02597	94.911	5561	280	2	1	5559	1	5560	0.0	10404
SA20153983_GBAKOBEN_03651	SA20160323_HIEPLBCK_02596	31.250	48	28	1	4570	4617	198	240	3.2	23.9
SA20153983_GBAKOBEN_03651	SA20160323_HIEPLBCK_02601	28.571	56	38	1	4979	5032	13	68	3.5	22.7
SA20153983_GBAKOBEN_03651	SA20160323_HIEPLBCK_02605	36.364	33	20	1	868	899	146	178	4.4	23.5
SA20153983_GBAKOBEN_03652	SA20160323_HIEPLBCK_02598	99.273	688	5	0	1	688	1	688	0.0	1387
SA20153983_GBAKOBEN_03652	SA20160323_HIEPLBCK_02605	42.857	21	12	0	35	55	480	500	0.54	23.5
SA20153983_GBAKOBEN_03652	SA20160323_HIEPLBCK_02596	39.130	23	14	0	213	235	207	229	1.6	21.9
SA20153983_GBAKOBEN_03652	SA20160323_HIEPLBCK_02600	42.105	19	11	0	138	156	82	100	2.5	21.2
SA20153983_GBAKOBEN_03652	SA20160323_HIEPLBCK_02601	30.303	33	23	0	255	287	52	84	5.5	19.6
SA20153983_GBAKOBEN_03652	SA20160323_HIEPLBCK_02597	42.857	14	8	0	71	84	2936	2949	6.3	20.0
SA20153983_GBAKOBEN_03653	SA20160323_HIEPLBCK_02599	100.000	93	0	0	1	93	1	93	1.76e-66	186
SA20153983_GBAKOBEN_03653	SA20160323_HIEPLBCK_02609	31.111	45	28	1	46	87	357	401	0.21	20.8
SA20153983_GBAKOBEN_03653	SA20160323_HIEPLBCK_02598	55.556	9	4	0	27	35	34	42	3.9	17.3
SA20153983_GBAKOBEN_03653	SA20160323_HIEPLBCK_02597	45.455	11	6	0	81	91	5074	5084	5.2	16.9
SA20153983_GBAKOBEN_03654	SA20160323_HIEPLBCK_02600	99.062	533	5	0	1	533	1	533	0.0	1100
SA20153983_GBAKOBEN_03654	SA20160323_HIEPLBCK_02604	32.500	40	27	0	216	255	50	89	1.6	21.6
SA20153983_GBAKOBEN_03654	SA20160323_HIEPLBCK_02598	42.105	19	11	0	82	100	138	156	2.0	21.2
SA20153983_GBAKOBEN_03654	SA20160323_HIEPLBCK_02597	61.538	13	5	0	513	525	3204	3216	4.4	20.4
SA20153983_GBAKOBEN_03655	SA20160323_HIEPLBCK_02601	100.000	107	0	0	1	107	1	107	1.21e-79	220
SA20153983_GBAKOBEN_03655	SA20160323_HIEPLBCK_02597	28.571	56	38	1	13	68	4978	5031	0.068	22.7
SA20153983_GBAKOBEN_03655	SA20160323_HIEPLBCK_02598	30.303	33	23	0	52	84	255	287	0.86	19.6
SA20153983_GBAKOBEN_03655	SA20160323_HIEPLBCK_02606	36.842	19	12	0	83	101	13	31	2.9	17.7
SA20153983_GBAKOBEN_03655	SA20160323_HIEPLBCK_02604	30.435	23	16	0	27	49	123	145	3.0	17.7
SA20153983_GBAKOBEN_03655	SA20160323_HIEPLBCK_02611	41.667	12	7	0	13	24	511	522	7.7	16.5
SA20153983_GBAKOBEN_03655	SA20160323_HIEPLBCK_02605	26.087	69	45	2	4	70	451	515	7.7	16.5
SA20153983_GBAKOBEN_03655	SA20160323_HIEPLBCK_02608	54.545	11	5	0	49	59	14	24	8.1	16.5
SA20153983_GBAKOBEN_03656	SA20160323_HIEPLBCK_02602	100.000	152	0	0	1	152	1	152	2.35e-113	309
SA20153983_GBAKOBEN_03656	SA20160323_HIEPLBCK_02605	52.381	21	9	1	95	115	493	512	2.3	18.9
SA20153983_GBAKOBEN_03656	SA20160323_HIEPLBCK_02597	43.750	16	9	0	4	19	4518	4533	5.3	17.7
SA20153983_GBAKOBEN_03657	SA20160323_HIEPLBCK_02603	99.099	222	2	0	1	222	1	222	2.02e-166	449
SA20153983_GBAKOBEN_03657	SA20160323_HIEPLBCK_02608	29.730	37	26	0	17	53	110	146	0.73	20.8
SA20153983_GBAKOBEN_03657	SA20160323_HIEPLBCK_02605	35.484	31	19	1	124	154	290	319	6.4	18.1
SA20153983_GBAKOBEN_03658	SA20160323_HIEPLBCK_02604	100.000	449	0	0	1	449	1	449	0.0	860
SA20153983_GBAKOBEN_03658	SA20160323_HIEPLBCK_02605	32.432	37	24	1	139	174	77	113	2.8	20.4
SA20153983_GBAKOBEN_03658	SA20160323_HIEPLBCK_02609	31.579	19	13	0	11	29	384	402	4.5	19.6
SA20153983_GBAKOBEN_03659	SA20160323_HIEPLBCK_02605	100.000	548	0	0	1	548	1	548	0.0	1078
SA20153983_GBAKOBEN_03659	SA20160323_HIEPLBCK_02597	36.364	33	20	1	146	178	868	899	0.43	23.5
SA20153983_GBAKOBEN_03659	SA20160323_HIEPLBCK_02598	42.857	21	12	0	480	500	35	55	0.44	23.5
SA20153983_GBAKOBEN_03659	SA20160323_HIEPLBCK_02609	33.333	21	14	0	222	242	213	233	2.6	20.8
SA20153983_GBAKOBEN_03659	SA20160323_HIEPLBCK_02604	32.432	37	24	1	77	113	139	174	3.4	20.4
SA20153983_GBAKOBEN_03659	SA20160323_HIEPLBCK_02602	52.381	21	9	1	493	512	95	115	8.4	18.9
SA20153983_GBAKOBEN_03660	SA20160323_HIEPLBCK_02606	99.661	295	1	0	1	295	1	295	0.0	603
SA20153983_GBAKOBEN_03660	SA20160323_HIEPLBCK_02596	40.000	20	12	0	245	264	360	379	5.6	18.9
SA20153983_GBAKOBEN_03660	SA20160323_HIEPLBCK_02601	36.842	19	12	0	13	31	83	101	7.9	17.7
SA20153983_GBAKOBEN_03661	SA20160323_HIEPLBCK_02607	99.265	136	1	0	1	136	1	136	1.48e-95	263
SA20153983_GBAKOBEN_03661	SA20160323_HIEPLBCK_02605	38.095	21	13	0	82	102	52	72	1.7	19.2
SA20153983_GBAKOBEN_03661	SA20160323_HIEPLBCK_02609	70.000	10	3	0	112	121	475	484	4.8	17.7
SA20153983_GBAKOBEN_03661	SA20160323_HIEPLBCK_02603	30.556	36	22	2	69	102	164	198	6.8	17.3
SA20153983_GBAKOBEN_03661	SA20160323_HIEPLBCK_02604	45.455	11	6	0	14	24	198	208	9.6	16.9
SA20153983_GBAKOBEN_03662	SA20160323_HIEPLBCK_02608	100.000	229	0	0	1	229	1	229	5.92e-168	454
SA20153983_GBAKOBEN_03662	SA20160323_HIEPLBCK_02603	28.947	38	27	0	109	146	16	53	0.80	20.8
SA20153983_GBAKOBEN_03662	SA20160323_HIEPLBCK_02609	47.619	21	10	1	8	27	40	60	3.1	19.2
SA20153983_GBAKOBEN_03662	SA20160323_HIEPLBCK_02597	47.368	19	10	0	96	114	4443	4461	3.4	19.2
SA20153983_GBAKOBEN_03663	SA20160323_HIEPLBCK_02609	99.818	549	1	0	1	549	1	549	0.0	1090
SA20153983_GBAKOBEN_03663	SA20160323_HIEPLBCK_02599	39.394	33	17	1	357	389	46	75	1.2	20.8
SA20153983_GBAKOBEN_03663	SA20160323_HIEPLBCK_02605	33.333	21	14	0	213	233	222	242	2.6	20.8
SA20153983_GBAKOBEN_03663	SA20160323_HIEPLBCK_02597	60.000	15	6	0	366	380	5018	5032	3.1	20.8
SA20153983_GBAKOBEN_03663	SA20160323_HIEPLBCK_02604	31.579	19	13	0	384	402	11	29	5.1	20.0
SA20153983_GBAKOBEN_03663	SA20160323_HIEPLBCK_02608	47.619	21	10	1	40	60	8	27	7.2	19.2
SA20153983_GBAKOBEN_03664	SA20160323_HIEPLBCK_02610	99.038	104	1	0	1	104	1	104	3.87e-75	209
SA20153983_GBAKOBEN_03664	SA20160323_HIEPLBCK_02597	50.000	10	5	0	4	13	1097	1106	6.7	16.9
SA20153983_GBAKOBEN_03665	SA20160323_HIEPLBCK_02611	99.847	652	1	0	1	652	1	652	0.0	1349
SA20153983_GBAKOBEN_03665	SA20160323_HIEPLBCK_02596	35.000	40	19	3	293	325	370	409	0.44	23.5
SA20153983_GBAKOBEN_03665	SA20160323_HIEPLBCK_02597	26.786	56	39	1	32	85	4782	4837	8.1	19.6
SA20160323_HIEPLBCK_02594	SA20160323_HIEPLBCK_02594	100.000	68	0	0	1	68	1	68	1.28e-47	137
SA20160323_HIEPLBCK_02594	SA20160323_HIEPLBCK_02597	35.000	20	13	0	16	35	912	931	3.2	16.9
SA20160323_HIEPLBCK_02594	SA20160323_HIEPLBCK_02605	33.333	27	18	0	26	52	522	548	8.5	15.8
SA20160323_HIEPLBCK_02595	SA20160323_HIEPLBCK_02595	100.000	439	0	0	1	439	1	439	0.0	892
SA20160323_HIEPLBCK_02595	SA20160323_HIEPLBCK_02597	32.258	31	21	0	113	143	4287	4317	8.7	18.9
SA20160323_HIEPLBCK_02596	SA20160323_HIEPLBCK_02596	100.000	425	0	0	1	425	1	425	0.0	844
SA20160323_HIEPLBCK_02596	SA20160323_HIEPLBCK_02597	31.250	48	28	1	198	240	4569	4616	0.28	23.9
SA20160323_HIEPLBCK_02596	SA20160323_HIEPLBCK_02598	39.130	23	14	0	207	229	213	235	0.92	21.9
SA20160323_HIEPLBCK_02596	SA20160323_HIEPLBCK_02606	40.000	20	12	0	360	379	245	264	7.4	18.9
SA20160323_HIEPLBCK_02597	SA20160323_HIEPLBCK_02597	100.000	5560	0	0	1	5560	1	5560	0.0	11094
SA20160323_HIEPLBCK_02597	SA20160323_HIEPLBCK_02596	31.250	48	28	1	4569	4616	198	240	3.2	23.9
SA20160323_HIEPLBCK_02598	SA20160323_HIEPLBCK_02598	100.000	688	0	0	1	688	1	688	0.0	1395
SA20160323_HIEPLBCK_02598	SA20160323_HIEPLBCK_02605	42.857	21	12	0	35	55	480	500	0.55	23.5
SA20160323_HIEPLBCK_02598	SA20160323_HIEPLBCK_02596	39.130	23	14	0	213	235	207	229	1.6	21.9
SA20160323_HIEPLBCK_02598	SA20160323_HIEPLBCK_02600	42.105	19	11	0	138	156	82	100	2.6	21.2
SA20160323_HIEPLBCK_02598	SA20160323_HIEPLBCK_02601	30.303	33	23	0	255	287	52	84	5.5	19.6
SA20160323_HIEPLBCK_02598	SA20160323_HIEPLBCK_02597	42.857	14	8	0	71	84	2936	2949	6.2	20.0
SA20160323_HIEPLBCK_02599	SA20160323_HIEPLBCK_02599	100.000	93	0	0	1	93	1	93	1.76e-66	186
SA20160323_HIEPLBCK_02599	SA20160323_HIEPLBCK_02609	31.111	45	28	1	46	87	357	401	0.21	20.8
SA20160323_HIEPLBCK_02599	SA20160323_HIEPLBCK_02598	55.556	9	4	0	27	35	34	42	3.9	17.3
SA20160323_HIEPLBCK_02599	SA20160323_HIEPLBCK_02597	45.455	11	6	0	81	91	5074	5084	5.2	16.9
SA20160323_HIEPLBCK_02600	SA20160323_HIEPLBCK_02600	100.000	533	0	0	1	533	1	533	0.0	1107
SA20160323_HIEPLBCK_02600	SA20160323_HIEPLBCK_02598	42.105	19	11	0	82	100	138	156	2.0	21.2
SA20160323_HIEPLBCK_02600	SA20160323_HIEPLBCK_02597	61.538	13	5	0	513	525	3204	3216	4.4	20.4
SA20160323_HIEPLBCK_02601	SA20160323_HIEPLBCK_02601	100.000	107	0	0	1	107	1	107	1.21e-79	220
SA20160323_HIEPLBCK_02601	SA20160323_HIEPLBCK_02597	28.571	56	38	1	13	68	4978	5031	0.068	22.7
SA20160323_HIEPLBCK_02601	SA20160323_HIEPLBCK_02598	30.303	33	23	0	52	84	255	287	0.86	19.6
SA20160323_HIEPLBCK_02601	SA20160323_HIEPLBCK_02606	36.842	19	12	0	83	101	13	31	2.9	17.7
SA20160323_HIEPLBCK_02601	SA20160323_HIEPLBCK_02604	30.435	23	16	0	27	49	123	145	3.0	17.7
SA20160323_HIEPLBCK_02601	SA20160323_HIEPLBCK_02611	41.667	12	7	0	13	24	511	522	7.7	16.5
SA20160323_HIEPLBCK_02601	SA20160323_HIEPLBCK_02605	26.087	69	45	2	4	70	451	515	7.7	16.5
SA20160323_HIEPLBCK_02601	SA20160323_HIEPLBCK_02608	54.545	11	5	0	49	59	14	24	8.1	16.5
SA20160323_HIEPLBCK_02602	SA20160323_HIEPLBCK_02602	100.000	152	0	0	1	152	1	152	2.35e-113	309
SA20160323_HIEPLBCK_02602	SA20160323_HIEPLBCK_02605	52.381	21	9	1	95	115	493	512	2.3	18.9
SA20160323_HIEPLBCK_02602	SA20160323_HIEPLBCK_02597	43.750	16	9	0	4	19	4518	4533	5.3	17.7
SA20160323_HIEPLBCK_02603	SA20160323_HIEPLBCK_02603	100.000	222	0	0	1	222	1	222	8.67e-168	452
SA20160323_HIEPLBCK_02603	SA20160323_HIEPLBCK_02608	29.730	37	26	0	17	53	110	146	0.75	20.8
SA20160323_HIEPLBCK_02603	SA20160323_HIEPLBCK_02605	35.484	31	19	1	124	154	290	319	6.6	18.1
SA20160323_HIEPLBCK_02604	SA20160323_HIEPLBCK_02604	100.000	449	0	0	1	449	1	449	0.0	860
SA20160323_HIEPLBCK_02604	SA20160323_HIEPLBCK_02605	32.432	37	24	1	139	174	77	113	2.8	20.4
SA20160323_HIEPLBCK_02604	SA20160323_HIEPLBCK_02609	31.579	19	13	0	11	29	384	402	4.5	19.6
SA20160323_HIEPLBCK_02605	SA20160323_HIEPLBCK_02605	100.000	548	0	0	1	548	1	548	0.0	1078
SA20160323_HIEPLBCK_02605	SA20160323_HIEPLBCK_02597	36.364	33	20	1	146	178	868	899	0.43	23.5
SA20160323_HIEPLBCK_02605	SA20160323_HIEPLBCK_02598	42.857	21	12	0	480	500	35	55	0.44	23.5
SA20160323_HIEPLBCK_02605	SA20160323_HIEPLBCK_02609	33.333	21	14	0	222	242	213	233	2.6	20.8
SA20160323_HIEPLBCK_02605	SA20160323_HIEPLBCK_02604	32.432	37	24	1	77	113	139	174	3.4	20.4
SA20160323_HIEPLBCK_02606	SA20160323_HIEPLBCK_02606	100.000	295	0	0	1	295	1	295	0.0	603
SA20160323_HIEPLBCK_02606	SA20160323_HIEPLBCK_02596	40.000	20	12	0	245	264	360	379	5.6	18.9
SA20160323_HIEPLBCK_02606	SA20160323_HIEPLBCK_02609	42.857	14	8	0	177	190	233	246	6.5	18.5
SA20160323_HIEPLBCK_02606	SA20160323_HIEPLBCK_02601	36.842	19	12	0	13	31	83	101	8.0	17.7
SA20160323_HIEPLBCK_02607	SA20160323_HIEPLBCK_02607	100.000	136	0	0	1	136	1	136	2.17e-96	265
SA20160323_HIEPLBCK_02607	SA20160323_HIEPLBCK_02605	38.095	21	13	0	82	102	52	72	1.5	19.2
SA20160323_HIEPLBCK_02607	SA20160323_HIEPLBCK_02609	70.000	10	3	0	112	121	475	484	4.6	17.7
SA20160323_HIEPLBCK_02607	SA20160323_HIEPLBCK_02603	28.571	35	24	1	69	102	164	198	7.4	16.9
SA20160323_HIEPLBCK_02607	SA20160323_HIEPLBCK_02604	45.455	11	6	0	14	24	198	208	9.7	16.9
SA20160323_HIEPLBCK_02608	SA20160323_HIEPLBCK_02608	100.000	229	0	0	1	229	1	229	5.92e-168	454
SA20160323_HIEPLBCK_02608	SA20160323_HIEPLBCK_02603	28.947	38	27	0	109	146	16	53	0.80	20.8
SA20160323_HIEPLBCK_02608	SA20160323_HIEPLBCK_02609	47.619	21	10	1	8	27	40	60	3.1	19.2
SA20160323_HIEPLBCK_02608	SA20160323_HIEPLBCK_02597	47.368	19	10	0	96	114	4443	4461	3.4	19.2
SA20160323_HIEPLBCK_02609	SA20160323_HIEPLBCK_02609	100.000	549	0	0	1	549	1	549	0.0	1092
SA20160323_HIEPLBCK_02609	SA20160323_HIEPLBCK_02599	39.394	33	17	1	357	389	46	75	1.2	20.8
SA20160323_HIEPLBCK_02609	SA20160323_HIEPLBCK_02605	33.333	21	14	0	213	233	222	242	2.6	20.8
SA20160323_HIEPLBCK_02609	SA20160323_HIEPLBCK_02597	60.000	15	6	0	366	380	5018	5032	3.1	20.8
SA20160323_HIEPLBCK_02609	SA20160323_HIEPLBCK_02604	31.579	19	13	0	384	402	11	29	5.2	20.0
SA20160323_HIEPLBCK_02610	SA20160323_HIEPLBCK_02610	100.000	104	0	0	1	104	1	104	9.07e-76	210
SA20160323_HIEPLBCK_02610	SA20160323_HIEPLBCK_02597	50.000	10	5	0	4	13	1097	1106	6.6	16.9
SA20160323_HIEPLBCK_02611	SA20160323_HIEPLBCK_02611	100.000	652	0	0	1	652	1	652	0.0	1352
SA20160323_HIEPLBCK_02611	SA20160323_HIEPLBCK_02597	26.786	56	39	1	32	85	4782	4837	8.1	19.6
SA20153983_GBAKOBEN_03645	SA20153983_GBAKOBEN_03645	100.000	941	0	0	1	941	1	941	0.0	1941
SA20153983_GBAKOBEN_03645	SA20153983_GBAKOBEN_03652	27.711	83	51	3	484	563	599	675	8.30e-04	33.5
SA20153983_GBAKOBEN_03645	SA20153983_GBAKOBEN_03651	25.342	146	88	5	790	919	1640	1780	0.36	25.0
SA20153983_GBAKOBEN_03645	SA20153983_GBAKOBEN_03646	38.462	26	16	0	340	365	3	28	3.2	21.2
SA20153983_GBAKOBEN_03645	SA20153983_GBAKOBEN_03660	26.562	64	35	2	240	303	150	201	4.7	20.8
SA20153983_GBAKOBEN_03645	SA20153983_GBAKOBEN_03654	33.333	27	18	0	621	647	238	264	5.1	20.8
SA20153983_GBAKOBEN_03646	SA20153983_GBAKOBEN_03646	100.000	176	0	0	1	176	1	176	4.19e-130	353
SA20153983_GBAKOBEN_03646	SA20153983_GBAKOBEN_03645	38.462	26	16	0	3	28	340	365	0.77	20.8
SA20153983_GBAKOBEN_03646	SA20153983_GBAKOBEN_03651	24.272	103	73	2	11	112	4236	4334	1.1	20.4
SA20153983_GBAKOBEN_03646	SA20153983_GBAKOBEN_03655	28.571	35	24	1	53	86	34	68	2.3	18.9
SA20153983_GBAKOBEN_03646	SA20153983_GBAKOBEN_03663	35.000	20	12	1	43	61	20	39	2.9	19.2
SA20153983_GBAKOBEN_03646	SA20153983_GBAKOBEN_03649	18.000	50	41	0	123	172	285	334	4.3	18.5
SA20153983_GBAKOBEN_03647	SA20153983_GBAKOBEN_03647	100.000	210	0	0	1	210	1	210	3.74e-157	425
SA20153983_GBAKOBEN_03647	SA20153983_GBAKOBEN_03660	30.233	43	27	1	136	178	39	78	0.006	27.7
SA20153983_GBAKOBEN_03647	SA20153983_GBAKOBEN_03648	29.167	24	17	0	68	91	301	324	8.2	18.1
SA20153983_GBAKOBEN_03648	SA20153983_GBAKOBEN_03648	100.000	462	0	0	1	462	1	462	0.0	937
SA20153983_GBAKOBEN_03648	SA20153983_GBAKOBEN_03652	29.310	58	33	3	1	53	149	203	0.043	26.6
SA20153983_GBAKOBEN_03648	SA20153983_GBAKOBEN_03651	37.500	32	18	1	156	187	1901	1930	0.32	23.9
SA20153983_GBAKOBEN_03648	SA20153983_GBAKOBEN_03656	63.636	11	4	0	386	396	107	117	7.5	18.9
SA20153983_GBAKOBEN_03649	SA20153983_GBAKOBEN_03649	100.000	439	0	0	1	439	1	439	0.0	892
SA20153983_GBAKOBEN_03649	SA20153983_GBAKOBEN_03651	32.258	31	21	0	113	143	4288	4318	9.6	18.9
SA20153983_GBAKOBEN_03650	SA20153983_GBAKOBEN_03650	100.000	425	0	0	1	425	1	425	0.0	844
SA20153983_GBAKOBEN_03650	SA20153983_GBAKOBEN_03651	31.250	48	28	1	198	240	4570	4617	0.31	23.9
SA20153983_GBAKOBEN_03650	SA20153983_GBAKOBEN_03652	39.130	23	14	0	207	229	213	235	1.1	21.9
SA20153983_GBAKOBEN_03650	SA20153983_GBAKOBEN_03660	40.000	20	12	0	360	379	245	264	8.7	18.9
SA20153983_GBAKOBEN_03651	SA20153983_GBAKOBEN_03651	100.000	5559	0	0	1	5559	1	5559	0.0	11076
SA20153983_GBAKOBEN_03651	SA20153983_GBAKOBEN_03645	25.893	112	67	3	1640	1751	790	885	2.6	24.6
SA20153983_GBAKOBEN_03651	SA20153983_GBAKOBEN_03650	31.250	48	28	1	4570	4617	198	240	3.7	23.9
SA20153983_GBAKOBEN_03651	SA20153983_GBAKOBEN_03648	37.500	32	18	1	1901	1930	156	187	3.8	23.9
SA20153983_GBAKOBEN_03652	SA20153983_GBAKOBEN_03652	100.000	688	0	0	1	688	1	688	0.0	1394
SA20153983_GBAKOBEN_03652	SA20153983_GBAKOBEN_03645	27.711	83	51	3	599	675	484	563	6.78e-04	33.1
SA20153983_GBAKOBEN_03652	SA20153983_GBAKOBEN_03648	29.310	58	33	3	149	203	1	53	0.064	26.6
SA20153983_GBAKOBEN_03652	SA20153983_GBAKOBEN_03659	42.857	21	12	0	35	55	480	500	0.62	23.5
SA20153983_GBAKOBEN_03652	SA20153983_GBAKOBEN_03650	39.130	23	14	0	213	235	207	229	1.8	21.9
SA20153983_GBAKOBEN_03652	SA20153983_GBAKOBEN_03654	42.105	19	11	0	138	156	82	100	3.0	21.2
SA20153983_GBAKOBEN_03652	SA20153983_GBAKOBEN_03655	30.303	33	23	0	255	287	52	84	6.4	19.6
SA20153983_GBAKOBEN_03653	SA20153983_GBAKOBEN_03653	100.000	93	0	0	1	93	1	93	2.03e-66	186
SA20153983_GBAKOBEN_03653	SA20153983_GBAKOBEN_03663	31.111	45	28	1	46	87	357	401	0.24	20.8
SA20153983_GBAKOBEN_03653	SA20153983_GBAKOBEN_03652	55.556	9	4	0	27	35	34	42	4.5	17.3
SA20153983_GBAKOBEN_03653	SA20153983_GBAKOBEN_03651	45.455	11	6	0	81	91	5075	5085	5.9	16.9
SA20153983_GBAKOBEN_03654	SA20153983_GBAKOBEN_03654	100.000	533	0	0	1	533	1	533	0.0	1107
SA20153983_GBAKOBEN_03654	SA20153983_GBAKOBEN_03658	32.500	40	27	0	216	255	50	89	1.9	21.6
SA20153983_GBAKOBEN_03654	SA20153983_GBAKOBEN_03652	42.105	19	11	0	82	100	138	156	2.4	21.2
SA20153983_GBAKOBEN_03654	SA20153983_GBAKOBEN_03645	33.333	27	18	0	238	264	621	647	3.1	20.8
SA20153983_GBAKOBEN_03655	SA20153983_GBAKOBEN_03655	100.000	107	0	0	1	107	1	107	1.39e-79	220
SA20153983_GBAKOBEN_03655	SA20153983_GBAKOBEN_03651	28.571	56	38	1	13	68	4979	5032	0.078	22.7
SA20153983_GBAKOBEN_03655	SA20153983_GBAKOBEN_03652	30.303	33	23	0	52	84	255	287	0.99	19.6
SA20153983_GBAKOBEN_03655	SA20153983_GBAKOBEN_03646	28.571	35	24	1	34	68	53	86	1.2	19.2
SA20153983_GBAKOBEN_03655	SA20153983_GBAKOBEN_03660	36.842	19	12	0	83	101	13	31	3.3	17.7
SA20153983_GBAKOBEN_03655	SA20153983_GBAKOBEN_03658	30.435	23	16	0	27	49	123	145	3.5	17.7
SA20153983_GBAKOBEN_03655	SA20153983_GBAKOBEN_03645	50.000	10	5	0	16	25	680	689	8.2	16.9
SA20153983_GBAKOBEN_03655	SA20153983_GBAKOBEN_03659	26.087	69	45	2	4	70	451	515	8.9	16.5
SA20153983_GBAKOBEN_03655	SA20153983_GBAKOBEN_03665	41.667	12	7	0	13	24	511	522	9.1	16.5
SA20153983_GBAKOBEN_03655	SA20153983_GBAKOBEN_03662	54.545	11	5	0	49	59	14	24	9.4	16.5
SA20153983_GBAKOBEN_03656	SA20153983_GBAKOBEN_03656	100.000	152	0	0	1	152	1	152	2.71e-113	309
SA20153983_GBAKOBEN_03656	SA20153983_GBAKOBEN_03648	63.636	11	4	0	107	117	386	396	2.5	18.9
SA20153983_GBAKOBEN_03656	SA20153983_GBAKOBEN_03659	52.381	21	9	1	95	115	493	512	2.7	18.9
SA20153983_GBAKOBEN_03656	SA20153983_GBAKOBEN_03651	28.571	28	20	0	84	111	2495	2522	3.3	18.9
SA20153983_GBAKOBEN_03657	SA20153983_GBAKOBEN_03657	100.000	222	0	0	1	222	1	222	3.81e-168	454
SA20153983_GBAKOBEN_03657	SA20153983_GBAKOBEN_03662	29.730	37	26	0	17	53	110	146	0.84	20.8
SA20153983_GBAKOBEN_03657	SA20153983_GBAKOBEN_03645	34.483	29	14	1	110	133	108	136	0.91	21.2
SA20153983_GBAKOBEN_03657	SA20153983_GBAKOBEN_03659	35.484	31	19	1	124	154	290	319	7.4	18.1
SA20153983_GBAKOBEN_03658	SA20153983_GBAKOBEN_03658	100.000	449	0	0	1	449	1	449	0.0	860
SA20153983_GBAKOBEN_03658	SA20153983_GBAKOBEN_03654	32.500	40	27	0	50	89	216	255	1.6	21.6
SA20153983_GBAKOBEN_03658	SA20153983_GBAKOBEN_03659	32.432	37	24	1	139	174	77	113	3.2	20.4
SA20153983_GBAKOBEN_03658	SA20153983_GBAKOBEN_03663	31.579	19	13	0	11	29	384	402	5.2	19.6
SA20153983_GBAKOBEN_03659	SA20153983_GBAKOBEN_03659	100.000	548	0	0	1	548	1	548	0.0	1078
SA20153983_GBAKOBEN_03659	SA20153983_GBAKOBEN_03652	42.857	21	12	0	480	500	35	55	0.50	23.5
SA20153983_GBAKOBEN_03659	SA20153983_GBAKOBEN_03651	36.364	33	20	1	146	178	868	899	0.50	23.5
SA20153983_GBAKOBEN_03659	SA20153983_GBAKOBEN_03663	33.333	21	14	0	222	242	213	233	3.0	20.8
SA20153983_GBAKOBEN_03659	SA20153983_GBAKOBEN_03658	32.432	37	24	1	77	113	139	174	4.0	20.4
SA20153983_GBAKOBEN_03660	SA20153983_GBAKOBEN_03660	100.000	295	0	0	1	295	1	295	0.0	603
SA20153983_GBAKOBEN_03660	SA20153983_GBAKOBEN_03647	30.233	43	27	1	39	78	136	178	0.009	27.7
SA20153983_GBAKOBEN_03660	SA20153983_GBAKOBEN_03645	26.562	64	35	2	150	201	240	303	1.4	21.2
SA20153983_GBAKOBEN_03660	SA20153983_GBAKOBEN_03650	40.000	20	12	0	245	264	360	379	6.4	18.9
SA20153983_GBAKOBEN_03660	SA20153983_GBAKOBEN_03651	55.556	9	4	0	221	229	3773	3781	9.1	18.5
SA20153983_GBAKOBEN_03660	SA20153983_GBAKOBEN_03655	36.842	19	12	0	13	31	83	101	9.1	17.7
SA20153983_GBAKOBEN_03660	SA20153983_GBAKOBEN_03665	43.750	16	7	1	259	272	224	239	9.3	18.5
SA20153983_GBAKOBEN_03661	SA20153983_GBAKOBEN_03661	100.000	136	0	0	1	136	1	136	3.67e-96	265
SA20153983_GBAKOBEN_03661	SA20153983_GBAKOBEN_03659	38.095	21	13	0	82	102	52	72	1.9	19.2
SA20153983_GBAKOBEN_03661	SA20153983_GBAKOBEN_03663	70.000	10	3	0	112	121	475	484	5.5	17.7
SA20153983_GBAKOBEN_03661	SA20153983_GBAKOBEN_03657	28.571	35	24	1	69	102	164	198	7.9	17.3
SA20153983_GBAKOBEN_03662	SA20153983_GBAKOBEN_03662	100.000	229	0	0	1	229	1	229	6.82e-168	454
SA20153983_GBAKOBEN_03662	SA20153983_GBAKOBEN_03657	28.947	38	27	0	109	146	16	53	0.94	20.8
SA20153983_GBAKOBEN_03662	SA20153983_GBAKOBEN_03651	47.368	19	10	0	96	114	4444	4462	3.9	19.2
SA20153983_GBAKOBEN_03663	SA20153983_GBAKOBEN_03663	100.000	549	0	0	1	549	1	549	0.0	1092
SA20153983_GBAKOBEN_03663	SA20153983_GBAKOBEN_03653	39.394	33	17	1	357	389	46	75	1.4	20.8
SA20153983_GBAKOBEN_03663	SA20153983_GBAKOBEN_03645	34.783	46	24	2	197	236	227	272	1.6	21.9
SA20153983_GBAKOBEN_03663	SA20153983_GBAKOBEN_03659	33.333	21	14	0	213	233	222	242	3.0	20.8
SA20153983_GBAKOBEN_03663	SA20153983_GBAKOBEN_03651	60.000	15	6	0	366	380	5019	5033	3.6	20.8
SA20153983_GBAKOBEN_03663	SA20153983_GBAKOBEN_03658	31.579	19	13	0	384	402	11	29	5.9	20.0
SA20153983_GBAKOBEN_03663	SA20153983_GBAKOBEN_03646	35.000	20	12	1	20	39	43	61	9.1	19.2
SA20153983_GBAKOBEN_03664	SA20153983_GBAKOBEN_03664	100.000	104	0	0	1	104	1	104	1.06e-75	210
SA20153983_GBAKOBEN_03664	SA20153983_GBAKOBEN_03645	27.273	33	24	0	67	99	501	533	5.9	17.3
SA20153983_GBAKOBEN_03664	SA20153983_GBAKOBEN_03651	30.612	49	30	2	57	103	4433	4479	6.1	17.3
SA20153983_GBAKOBEN_03665	SA20153983_GBAKOBEN_03665	100.000	652	0	0	1	652	1	652	0.0	1352
