SA20160170_CHGPAPHK_01505	SA20160190_KJBEGOPM_01133	100.000	150	0	0	1	150	1	150	1.92e-113	309
SA20160170_CHGPAPHK_01505	SA20160190_KJBEGOPM_01128	20.690	29	23	0	91	119	413	441	7.5	16.5
SA20160170_CHGPAPHK_01505	SA20160190_KJBEGOPM_01113	36.842	19	12	0	90	108	268	286	8.1	16.5
SA20160170_CHGPAPHK_01505	SA20160190_KJBEGOPM_01123	50.000	24	10	2	38	59	137	160	9.3	16.2
SA20160170_CHGPAPHK_01506	SA20160190_KJBEGOPM_01132	99.432	176	1	0	1	176	1	176	4.42e-133	360
SA20160170_CHGPAPHK_01506	SA20160190_KJBEGOPM_01128	20.000	55	33	1	93	136	206	260	2.0	18.9
SA20160170_CHGPAPHK_01506	SA20160190_KJBEGOPM_01125	35.714	14	9	0	69	82	398	411	3.4	18.1
SA20160170_CHGPAPHK_01506	SA20160190_KJBEGOPM_01121	28.125	32	23	0	112	143	50	81	3.6	17.7
SA20160170_CHGPAPHK_01506	SA20160190_KJBEGOPM_01115	40.000	20	12	0	133	152	87	106	3.9	17.7
SA20160170_CHGPAPHK_01507	SA20160190_KJBEGOPM_01131	100.000	97	0	0	1	97	1	97	1.29e-68	191
SA20160170_CHGPAPHK_01507	SA20160190_KJBEGOPM_01122	32.692	52	25	2	43	84	81	132	6.8	16.2
SA20160170_CHGPAPHK_01508	SA20160190_KJBEGOPM_01130	99.609	256	1	0	1	256	1	256	0.0	522
SA20160170_CHGPAPHK_01508	SA20160190_KJBEGOPM_01113	30.303	33	23	0	55	87	200	232	1.7	19.6
SA20160170_CHGPAPHK_01508	SA20160190_KJBEGOPM_01120	34.615	26	17	0	231	256	486	511	2.1	19.2
SA20160170_CHGPAPHK_01508	SA20160190_KJBEGOPM_01125	28.571	49	33	1	5	53	178	224	2.5	19.2
SA20160170_CHGPAPHK_01508	SA20160190_KJBEGOPM_01122	26.667	45	33	0	143	187	702	746	5.6	18.1
SA20160170_CHGPAPHK_01508	SA20160190_KJBEGOPM_01128	23.529	68	42	1	91	148	162	229	8.5	17.3
SA20160170_CHGPAPHK_01509	SA20160190_KJBEGOPM_01129	100.000	180	0	0	1	180	1	180	4.65e-140	379
SA20160170_CHGPAPHK_01509	SA20160190_KJBEGOPM_01116	32.258	31	19	1	81	111	261	289	0.88	20.0
SA20160170_CHGPAPHK_01509	SA20160190_KJBEGOPM_01114	30.435	23	16	0	118	140	127	149	2.4	18.5
SA20160170_CHGPAPHK_01509	SA20160190_KJBEGOPM_01125	47.059	17	9	0	80	96	484	500	4.9	17.7
SA20160170_CHGPAPHK_01509	SA20160190_KJBEGOPM_01122	44.444	9	5	0	139	147	592	600	9.4	16.5
SA20160170_CHGPAPHK_01510	SA20160190_KJBEGOPM_01128	99.817	546	1	0	1	546	1	546	0.0	1121
SA20160170_CHGPAPHK_01510	SA20160190_KJBEGOPM_01125	36.842	38	23	1	387	423	513	550	1.3	21.2
SA20160170_CHGPAPHK_01510	SA20160190_KJBEGOPM_01121	44.444	18	10	0	496	513	57	74	2.2	20.0
SA20160170_CHGPAPHK_01510	SA20160190_KJBEGOPM_01117	29.688	64	42	2	466	526	346	409	3.4	20.0
SA20160170_CHGPAPHK_01510	SA20160190_KJBEGOPM_01132	20.000	55	33	1	206	260	93	136	7.1	18.5
SA20160170_CHGPAPHK_01511	SA20160190_KJBEGOPM_01127	98.758	161	2	0	1	161	1	161	5.31e-124	336
SA20160170_CHGPAPHK_01511	SA20160190_KJBEGOPM_01121	28.788	66	35	2	53	107	64	128	2.4	18.1
SA20160170_CHGPAPHK_01511	SA20160190_KJBEGOPM_01116	30.000	30	21	0	31	60	148	177	2.5	18.1
SA20160170_CHGPAPHK_01511	SA20160190_KJBEGOPM_01120	50.000	12	6	0	119	130	188	199	8.0	16.5
SA20160170_CHGPAPHK_01512	SA20160190_KJBEGOPM_01126	100.000	439	0	0	1	439	1	439	0.0	873
SA20160170_CHGPAPHK_01512	SA20160190_KJBEGOPM_01115	34.483	29	18	1	142	169	117	145	0.46	21.9
SA20160170_CHGPAPHK_01512	SA20160190_KJBEGOPM_01113	31.034	29	16	1	4	28	202	230	5.0	18.9
SA20160170_CHGPAPHK_01513	SA20160190_KJBEGOPM_01125	100.000	732	0	0	1	732	1	732	0.0	1524
SA20160170_CHGPAPHK_01513	SA20160190_KJBEGOPM_01115	43.478	23	13	0	702	724	145	167	0.030	26.6
SA20160170_CHGPAPHK_01513	SA20160190_KJBEGOPM_01119	22.619	84	53	3	444	527	88	159	0.51	23.1
SA20160170_CHGPAPHK_01513	SA20160190_KJBEGOPM_01128	36.842	38	23	1	513	550	387	423	1.8	21.2
SA20160170_CHGPAPHK_01513	SA20160190_KJBEGOPM_01130	28.571	49	33	1	178	224	5	53	7.2	19.2
SA20160170_CHGPAPHK_01513	SA20160190_KJBEGOPM_01132	41.176	17	10	0	475	491	124	140	7.7	18.9
SA20160170_CHGPAPHK_01514	SA20160190_KJBEGOPM_01124	100.000	34	0	0	1	34	1	34	6.93e-22	68.9
SA20160170_CHGPAPHK_01514	SA20160190_KJBEGOPM_01125	38.889	18	11	0	4	21	386	403	0.58	16.5
SA20160170_CHGPAPHK_01514	SA20160190_KJBEGOPM_01128	33.333	27	15	1	9	32	31	57	0.73	16.5
SA20160170_CHGPAPHK_01515	SA20160190_KJBEGOPM_01123	99.556	225	1	0	1	225	1	225	1.30e-167	452
SA20160170_CHGPAPHK_01515	SA20160190_KJBEGOPM_01115	38.235	34	17	1	7	36	4	37	6.3	17.3
SA20160170_CHGPAPHK_01515	SA20160190_KJBEGOPM_01125	36.111	36	22	1	16	50	136	171	8.9	17.3
SA20160170_CHGPAPHK_01516	SA20160190_KJBEGOPM_01122	99.664	894	3	0	1	894	1	894	0.0	1804
SA20160170_CHGPAPHK_01516	SA20160190_KJBEGOPM_01117	35.294	34	13	1	757	790	185	209	3.5	20.4
SA20160170_CHGPAPHK_01517	SA20160190_KJBEGOPM_01121	98.969	194	2	0	1	194	1	194	4.33e-141	382
SA20160170_CHGPAPHK_01517	SA20160190_KJBEGOPM_01128	44.444	18	10	0	57	74	496	513	0.75	20.4
SA20160170_CHGPAPHK_01517	SA20160190_KJBEGOPM_01127	28.788	66	35	2	64	128	53	107	2.7	18.1
SA20160170_CHGPAPHK_01517	SA20160190_KJBEGOPM_01113	33.333	51	25	3	32	78	194	239	3.9	18.1
SA20160170_CHGPAPHK_01517	SA20160190_KJBEGOPM_01132	28.125	32	23	0	50	81	112	143	4.2	17.7
SA20160170_CHGPAPHK_01517	SA20160190_KJBEGOPM_01120	33.333	30	17	2	8	34	45	74	4.5	17.7
SA20160170_CHGPAPHK_01517	SA20160190_KJBEGOPM_01126	37.037	27	13	1	53	79	288	310	6.2	17.3
SA20160170_CHGPAPHK_01517	SA20160190_KJBEGOPM_01118	42.857	14	8	0	63	76	41	54	9.4	16.2
SA20160170_CHGPAPHK_01517	SA20160190_KJBEGOPM_01123	37.500	48	22	3	82	121	92	139	9.9	16.5
SA20160170_CHGPAPHK_01518	SA20160190_KJBEGOPM_01120	99.707	682	2	0	1	682	1	682	0.0	1359
SA20160170_CHGPAPHK_01518	SA20160190_KJBEGOPM_01113	28.571	49	26	1	82	130	147	186	0.22	23.9
SA20160170_CHGPAPHK_01518	SA20160190_KJBEGOPM_01115	39.062	64	17	5	142	187	171	230	0.35	23.1
SA20160170_CHGPAPHK_01518	SA20160190_KJBEGOPM_01116	26.667	45	26	1	210	254	258	295	0.41	23.1
SA20160170_CHGPAPHK_01518	SA20160190_KJBEGOPM_01130	37.037	27	17	0	485	511	230	256	2.0	20.8
SA20160170_CHGPAPHK_01519	SA20160190_KJBEGOPM_01119	99.821	559	1	0	1	559	1	559	0.0	1107
SA20160170_CHGPAPHK_01519	SA20160190_KJBEGOPM_01116	31.915	47	29	1	43	86	189	235	0.22	23.9
SA20160170_CHGPAPHK_01519	SA20160190_KJBEGOPM_01125	23.404	47	29	1	88	127	444	490	0.37	23.1
SA20160170_CHGPAPHK_01519	SA20160190_KJBEGOPM_01117	31.579	38	19	2	27	59	254	289	5.8	19.2
SA20160170_CHGPAPHK_01520	SA20160190_KJBEGOPM_01118	97.059	68	2	0	1	68	1	68	8.37e-48	137
SA20160170_CHGPAPHK_01520	SA20160190_KJBEGOPM_01113	31.250	16	11	0	16	31	110	125	1.2	17.3
SA20160170_CHGPAPHK_01520	SA20160190_KJBEGOPM_01121	42.857	14	8	0	41	54	63	76	3.3	16.2
SA20160170_CHGPAPHK_01520	SA20160190_KJBEGOPM_01116	55.556	9	4	0	27	35	226	234	5.1	15.8
SA20160170_CHGPAPHK_01520	SA20160190_KJBEGOPM_01114	50.000	12	6	0	28	39	199	210	7.6	15.0
SA20160170_CHGPAPHK_01521	SA20160190_KJBEGOPM_01117	99.154	473	4	0	1	473	1	473	0.0	974
SA20160170_CHGPAPHK_01521	SA20160190_KJBEGOPM_01122	35.294	34	13	1	185	209	757	790	1.8	20.4
SA20160170_CHGPAPHK_01521	SA20160190_KJBEGOPM_01128	29.688	64	42	2	346	409	466	526	2.9	20.0
SA20160170_CHGPAPHK_01521	SA20160190_KJBEGOPM_01119	31.579	38	19	2	254	289	27	59	5.0	19.2
SA20160170_CHGPAPHK_01521	SA20160190_KJBEGOPM_01114	26.316	38	27	1	13	49	151	188	5.5	18.9
SA20160170_CHGPAPHK_01521	SA20160190_KJBEGOPM_01131	25.000	56	39	1	212	267	41	93	8.0	17.7
SA20160170_CHGPAPHK_01522	SA20160190_KJBEGOPM_01116	100.000	493	0	0	1	493	1	493	0.0	992
SA20160170_CHGPAPHK_01522	SA20160190_KJBEGOPM_01120	26.667	45	26	1	258	295	210	254	0.30	23.1
SA20160170_CHGPAPHK_01522	SA20160190_KJBEGOPM_01129	32.258	31	19	1	261	289	81	111	2.4	20.0
SA20160170_CHGPAPHK_01522	SA20160190_KJBEGOPM_01119	71.429	7	2	0	229	235	80	86	3.7	19.6
SA20160170_CHGPAPHK_01522	SA20160190_KJBEGOPM_01127	30.000	30	21	0	148	177	31	60	7.7	18.1
SA20160170_CHGPAPHK_01523	SA20160190_KJBEGOPM_01115	100.000	247	0	0	1	247	1	247	0.0	506
SA20160170_CHGPAPHK_01523	SA20160190_KJBEGOPM_01125	43.478	23	13	0	145	167	702	724	0.010	26.6
SA20160170_CHGPAPHK_01523	SA20160190_KJBEGOPM_01120	39.062	64	17	5	171	230	142	187	0.13	23.1
SA20160170_CHGPAPHK_01523	SA20160190_KJBEGOPM_01126	34.483	29	18	1	117	145	142	169	0.26	21.9
SA20160170_CHGPAPHK_01523	SA20160190_KJBEGOPM_01132	40.000	20	12	0	87	106	133	152	5.5	17.7
SA20160170_CHGPAPHK_01523	SA20160190_KJBEGOPM_01123	38.235	34	17	1	4	37	7	36	6.8	17.3
SA20160170_CHGPAPHK_01523	SA20160190_KJBEGOPM_01113	36.364	33	14	1	95	120	89	121	7.2	17.3
SA20160170_CHGPAPHK_01524	SA20160190_KJBEGOPM_01114	100.000	218	0	0	1	218	1	218	1.01e-161	436
SA20160170_CHGPAPHK_01524	SA20160190_KJBEGOPM_01117	26.316	38	27	1	151	188	13	49	2.7	18.9
SA20160170_CHGPAPHK_01524	SA20160190_KJBEGOPM_01129	30.435	23	16	0	127	149	118	140	2.9	18.5
SA20160170_CHGPAPHK_01525	SA20160190_KJBEGOPM_01113	99.677	310	1	0	1	310	1	310	0.0	635
SA20160170_CHGPAPHK_01525	SA20160190_KJBEGOPM_01120	28.571	49	26	1	147	186	82	130	0.12	23.9
SA20160170_CHGPAPHK_01525	SA20160190_KJBEGOPM_01130	30.303	33	23	0	200	232	55	87	2.0	19.6
SA20160170_CHGPAPHK_01525	SA20160190_KJBEGOPM_01126	31.034	29	16	1	202	230	4	28	3.6	18.9
SA20160170_CHGPAPHK_01525	SA20160190_KJBEGOPM_01117	47.059	17	9	0	90	106	436	452	5.7	18.1
SA20160170_CHGPAPHK_01525	SA20160190_KJBEGOPM_01121	33.333	51	25	3	194	239	32	78	6.4	18.1
SA20160170_CHGPAPHK_01525	SA20160190_KJBEGOPM_01118	44.444	9	5	0	79	87	48	56	7.5	16.9
SA20160170_CHGPAPHK_01525	SA20160190_KJBEGOPM_01115	36.364	33	14	1	89	121	95	120	8.5	17.7
SA20160170_CHGPAPHK_01525	SA20160190_KJBEGOPM_01125	30.303	33	22	1	236	267	380	412	8.8	17.7
SA20160190_KJBEGOPM_01113	SA20160190_KJBEGOPM_01113	100.000	310	0	0	1	310	1	310	0.0	639
SA20160190_KJBEGOPM_01113	SA20160190_KJBEGOPM_01120	28.571	49	26	1	147	186	82	130	0.11	23.9
SA20160190_KJBEGOPM_01113	SA20160190_KJBEGOPM_01130	30.303	33	23	0	200	232	55	87	2.0	19.6
SA20160190_KJBEGOPM_01113	SA20160190_KJBEGOPM_01126	31.034	29	16	1	202	230	4	28	3.5	18.9
SA20160190_KJBEGOPM_01113	SA20160190_KJBEGOPM_01117	47.059	17	9	0	90	106	436	452	5.6	18.1
SA20160190_KJBEGOPM_01113	SA20160190_KJBEGOPM_01121	33.333	51	25	3	194	239	32	78	6.6	17.7
SA20160190_KJBEGOPM_01113	SA20160190_KJBEGOPM_01118	44.444	9	5	0	79	87	48	56	7.5	16.9
SA20160190_KJBEGOPM_01113	SA20160190_KJBEGOPM_01125	30.303	33	22	1	236	267	380	412	9.0	17.7
SA20160190_KJBEGOPM_01113	SA20160190_KJBEGOPM_01115	36.364	33	14	1	89	121	95	120	9.1	17.3
SA20160190_KJBEGOPM_01114	SA20160190_KJBEGOPM_01114	100.000	218	0	0	1	218	1	218	1.01e-161	436
SA20160190_KJBEGOPM_01114	SA20160190_KJBEGOPM_01117	26.316	38	27	1	151	188	13	49	2.7	18.9
SA20160190_KJBEGOPM_01115	SA20160190_KJBEGOPM_01115	100.000	247	0	0	1	247	1	247	0.0	506
SA20160190_KJBEGOPM_01115	SA20160190_KJBEGOPM_01125	43.478	23	13	0	145	167	702	724	0.010	26.6
SA20160190_KJBEGOPM_01115	SA20160190_KJBEGOPM_01120	39.062	64	17	5	171	230	142	187	0.13	23.1
SA20160190_KJBEGOPM_01115	SA20160190_KJBEGOPM_01126	34.483	29	18	1	117	145	142	169	0.26	21.9
SA20160190_KJBEGOPM_01115	SA20160190_KJBEGOPM_01132	40.000	20	12	0	87	106	133	152	5.5	17.7
SA20160190_KJBEGOPM_01115	SA20160190_KJBEGOPM_01123	38.235	34	17	1	4	37	7	36	6.8	17.3
SA20160190_KJBEGOPM_01115	SA20160190_KJBEGOPM_01113	36.364	33	14	1	95	120	89	121	7.2	17.3
SA20160190_KJBEGOPM_01116	SA20160190_KJBEGOPM_01116	100.000	493	0	0	1	493	1	493	0.0	992
SA20160190_KJBEGOPM_01116	SA20160190_KJBEGOPM_01120	26.667	45	26	1	258	295	210	254	0.30	23.1
SA20160190_KJBEGOPM_01116	SA20160190_KJBEGOPM_01129	32.258	31	19	1	261	289	81	111	2.4	20.0
SA20160190_KJBEGOPM_01116	SA20160190_KJBEGOPM_01119	71.429	7	2	0	229	235	80	86	3.7	19.6
SA20160190_KJBEGOPM_01116	SA20160190_KJBEGOPM_01127	30.000	30	21	0	148	177	31	60	7.7	18.1
SA20160190_KJBEGOPM_01117	SA20160190_KJBEGOPM_01117	100.000	473	0	0	1	473	1	473	0.0	981
SA20160190_KJBEGOPM_01117	SA20160190_KJBEGOPM_01122	35.294	34	13	1	185	209	757	790	1.8	20.4
SA20160190_KJBEGOPM_01117	SA20160190_KJBEGOPM_01128	29.688	64	42	2	346	409	466	526	3.0	19.6
SA20160190_KJBEGOPM_01117	SA20160190_KJBEGOPM_01119	31.579	38	19	2	254	289	27	59	4.7	19.2
SA20160190_KJBEGOPM_01117	SA20160190_KJBEGOPM_01114	26.316	38	27	1	13	49	151	188	5.8	18.9
SA20160190_KJBEGOPM_01117	SA20160190_KJBEGOPM_01113	47.059	17	9	0	436	452	90	106	8.5	18.1
SA20160190_KJBEGOPM_01118	SA20160190_KJBEGOPM_01118	100.000	68	0	0	1	68	1	68	3.76e-50	142
SA20160190_KJBEGOPM_01118	SA20160190_KJBEGOPM_01113	44.444	9	5	0	48	56	79	87	1.6	16.9
SA20160190_KJBEGOPM_01118	SA20160190_KJBEGOPM_01121	42.857	14	8	0	41	54	63	76	3.4	16.2
SA20160190_KJBEGOPM_01118	SA20160190_KJBEGOPM_01116	55.556	9	4	0	27	35	226	234	4.6	15.8
SA20160190_KJBEGOPM_01118	SA20160190_KJBEGOPM_01114	50.000	12	6	0	28	39	199	210	7.4	15.4
SA20160190_KJBEGOPM_01118	SA20160190_KJBEGOPM_01117	23.810	21	16	0	20	40	348	368	7.8	15.0
SA20160190_KJBEGOPM_01119	SA20160190_KJBEGOPM_01119	100.000	559	0	0	1	559	1	559	0.0	1108
SA20160190_KJBEGOPM_01119	SA20160190_KJBEGOPM_01116	31.915	47	29	1	43	86	189	235	0.22	23.9
SA20160190_KJBEGOPM_01119	SA20160190_KJBEGOPM_01125	23.404	47	29	1	88	127	444	490	0.38	23.1
SA20160190_KJBEGOPM_01119	SA20160190_KJBEGOPM_01117	31.579	38	19	2	27	59	254	289	5.9	19.2
SA20160190_KJBEGOPM_01120	SA20160190_KJBEGOPM_01120	100.000	682	0	0	1	682	1	682	0.0	1360
SA20160190_KJBEGOPM_01120	SA20160190_KJBEGOPM_01113	28.571	49	26	1	82	130	147	186	0.22	23.9
SA20160190_KJBEGOPM_01120	SA20160190_KJBEGOPM_01115	39.062	64	17	5	142	187	171	230	0.35	23.1
SA20160190_KJBEGOPM_01120	SA20160190_KJBEGOPM_01116	26.667	45	26	1	210	254	258	295	0.41	23.1
SA20160190_KJBEGOPM_01120	SA20160190_KJBEGOPM_01130	37.037	27	17	0	485	511	230	256	2.0	20.8
SA20160190_KJBEGOPM_01121	SA20160190_KJBEGOPM_01121	100.000	194	0	0	1	194	1	194	1.61e-142	386
SA20160190_KJBEGOPM_01121	SA20160190_KJBEGOPM_01128	44.444	18	10	0	57	74	496	513	0.75	20.4
SA20160190_KJBEGOPM_01121	SA20160190_KJBEGOPM_01127	28.788	66	35	2	64	128	53	107	3.3	18.1
SA20160190_KJBEGOPM_01121	SA20160190_KJBEGOPM_01132	28.125	32	23	0	50	81	112	143	4.1	17.7
SA20160190_KJBEGOPM_01121	SA20160190_KJBEGOPM_01113	33.333	51	25	3	32	78	194	239	4.2	17.7
SA20160190_KJBEGOPM_01121	SA20160190_KJBEGOPM_01120	33.333	30	17	2	8	34	45	74	4.2	18.1
SA20160190_KJBEGOPM_01121	SA20160190_KJBEGOPM_01126	37.037	27	13	1	53	79	288	310	6.5	17.3
SA20160190_KJBEGOPM_01121	SA20160190_KJBEGOPM_01118	42.857	14	8	0	63	76	41	54	9.7	16.2
SA20160190_KJBEGOPM_01122	SA20160190_KJBEGOPM_01122	100.000	894	0	0	1	894	1	894	0.0	1813
SA20160190_KJBEGOPM_01122	SA20160190_KJBEGOPM_01117	35.294	34	13	1	757	790	185	209	3.5	20.4
SA20160190_KJBEGOPM_01123	SA20160190_KJBEGOPM_01123	100.000	225	0	0	1	225	1	225	3.32e-168	453
SA20160190_KJBEGOPM_01123	SA20160190_KJBEGOPM_01115	38.235	34	17	1	7	36	4	37	6.2	17.3
SA20160190_KJBEGOPM_01123	SA20160190_KJBEGOPM_01125	36.111	36	22	1	16	50	136	171	9.0	17.3
SA20160190_KJBEGOPM_01124	SA20160190_KJBEGOPM_01124	100.000	34	0	0	1	34	1	34	6.93e-22	68.9
SA20160190_KJBEGOPM_01124	SA20160190_KJBEGOPM_01125	38.889	18	11	0	4	21	386	403	0.58	16.5
SA20160190_KJBEGOPM_01124	SA20160190_KJBEGOPM_01128	33.333	27	15	1	9	32	31	57	0.73	16.5
SA20160190_KJBEGOPM_01125	SA20160190_KJBEGOPM_01125	100.000	732	0	0	1	732	1	732	0.0	1524
SA20160190_KJBEGOPM_01125	SA20160190_KJBEGOPM_01115	43.478	23	13	0	702	724	145	167	0.030	26.6
SA20160190_KJBEGOPM_01125	SA20160190_KJBEGOPM_01119	22.619	84	53	3	444	527	88	159	0.51	23.1
SA20160190_KJBEGOPM_01125	SA20160190_KJBEGOPM_01128	36.842	38	23	1	513	550	387	423	1.8	21.2
SA20160190_KJBEGOPM_01125	SA20160190_KJBEGOPM_01130	28.571	49	33	1	178	224	5	53	7.2	19.2
SA20160190_KJBEGOPM_01125	SA20160190_KJBEGOPM_01132	41.176	17	10	0	475	491	124	140	7.7	18.9
SA20160190_KJBEGOPM_01126	SA20160190_KJBEGOPM_01126	100.000	439	0	0	1	439	1	439	0.0	873
SA20160190_KJBEGOPM_01126	SA20160190_KJBEGOPM_01115	34.483	29	18	1	142	169	117	145	0.46	21.9
SA20160190_KJBEGOPM_01126	SA20160190_KJBEGOPM_01113	31.034	29	16	1	4	28	202	230	5.0	18.9
SA20160190_KJBEGOPM_01127	SA20160190_KJBEGOPM_01127	100.000	161	0	0	1	161	1	161	1.58e-125	340
SA20160190_KJBEGOPM_01127	SA20160190_KJBEGOPM_01116	30.000	30	21	0	31	60	148	177	2.5	18.1
SA20160190_KJBEGOPM_01127	SA20160190_KJBEGOPM_01121	28.788	66	35	2	53	107	64	128	2.8	18.1
SA20160190_KJBEGOPM_01127	SA20160190_KJBEGOPM_01120	50.000	12	6	0	119	130	188	199	8.0	16.5
SA20160190_KJBEGOPM_01128	SA20160190_KJBEGOPM_01128	100.000	546	0	0	1	546	1	546	0.0	1124
SA20160190_KJBEGOPM_01128	SA20160190_KJBEGOPM_01125	36.842	38	23	1	387	423	513	550	1.3	21.2
SA20160190_KJBEGOPM_01128	SA20160190_KJBEGOPM_01121	44.444	18	10	0	496	513	57	74	2.2	20.0
SA20160190_KJBEGOPM_01128	SA20160190_KJBEGOPM_01117	29.688	64	42	2	466	526	346	409	3.5	19.6
SA20160190_KJBEGOPM_01128	SA20160190_KJBEGOPM_01132	20.000	55	33	1	206	260	93	136	7.1	18.5
SA20160190_KJBEGOPM_01129	SA20160190_KJBEGOPM_01129	100.000	180	0	0	1	180	1	180	4.65e-140	379
SA20160190_KJBEGOPM_01129	SA20160190_KJBEGOPM_01116	32.258	31	19	1	81	111	261	289	0.88	20.0
SA20160190_KJBEGOPM_01129	SA20160190_KJBEGOPM_01114	30.435	23	16	0	118	140	127	149	2.4	18.5
SA20160190_KJBEGOPM_01129	SA20160190_KJBEGOPM_01125	47.059	17	9	0	80	96	484	500	4.9	17.7
SA20160190_KJBEGOPM_01129	SA20160190_KJBEGOPM_01122	44.444	9	5	0	139	147	592	600	9.4	16.5
SA20160190_KJBEGOPM_01130	SA20160190_KJBEGOPM_01130	100.000	256	0	0	1	256	1	256	0.0	523
SA20160190_KJBEGOPM_01130	SA20160190_KJBEGOPM_01113	30.303	33	23	0	55	87	200	232	1.6	19.6
SA20160190_KJBEGOPM_01130	SA20160190_KJBEGOPM_01120	34.615	26	17	0	231	256	486	511	2.1	19.2
SA20160190_KJBEGOPM_01130	SA20160190_KJBEGOPM_01125	28.571	49	33	1	5	53	178	224	2.5	19.2
SA20160190_KJBEGOPM_01130	SA20160190_KJBEGOPM_01122	26.667	45	33	0	143	187	702	746	5.2	18.1
SA20160190_KJBEGOPM_01130	SA20160190_KJBEGOPM_01128	23.529	68	42	1	91	148	162	229	9.2	17.3
SA20160190_KJBEGOPM_01131	SA20160190_KJBEGOPM_01131	100.000	97	0	0	1	97	1	97	1.29e-68	191
SA20160190_KJBEGOPM_01131	SA20160190_KJBEGOPM_01122	32.692	52	25	2	43	84	81	132	6.8	16.2
SA20160190_KJBEGOPM_01132	SA20160190_KJBEGOPM_01132	100.000	176	0	0	1	176	1	176	3.92e-133	361
SA20160190_KJBEGOPM_01132	SA20160190_KJBEGOPM_01125	41.176	17	10	0	124	140	475	491	1.9	18.9
SA20160190_KJBEGOPM_01132	SA20160190_KJBEGOPM_01128	20.000	55	33	1	93	136	206	260	2.0	18.9
SA20160190_KJBEGOPM_01132	SA20160190_KJBEGOPM_01121	28.125	32	23	0	112	143	50	81	3.7	17.7
SA20160190_KJBEGOPM_01132	SA20160190_KJBEGOPM_01115	40.000	20	12	0	133	152	87	106	3.9	17.7
SA20160190_KJBEGOPM_01133	SA20160190_KJBEGOPM_01133	100.000	150	0	0	1	150	1	150	1.92e-113	309
SA20160190_KJBEGOPM_01133	SA20160190_KJBEGOPM_01128	20.690	29	23	0	91	119	413	441	7.5	16.5
SA20160190_KJBEGOPM_01133	SA20160190_KJBEGOPM_01113	36.842	19	12	0	90	108	268	286	8.1	16.5
SA20160190_KJBEGOPM_01133	SA20160190_KJBEGOPM_01123	50.000	24	10	2	38	59	137	160	9.3	16.2
SA20160170_CHGPAPHK_01505	SA20160170_CHGPAPHK_01505	100.000	150	0	0	1	150	1	150	1.92e-113	309
SA20160170_CHGPAPHK_01505	SA20160170_CHGPAPHK_01510	20.690	29	23	0	91	119	413	441	7.6	16.5
SA20160170_CHGPAPHK_01505	SA20160170_CHGPAPHK_01525	36.842	19	12	0	90	108	268	286	8.5	16.5
SA20160170_CHGPAPHK_01505	SA20160170_CHGPAPHK_01515	50.000	24	10	2	38	59	137	160	9.3	16.2
SA20160170_CHGPAPHK_01506	SA20160170_CHGPAPHK_01506	100.000	176	0	0	1	176	1	176	2.76e-133	361
SA20160170_CHGPAPHK_01506	SA20160170_CHGPAPHK_01510	20.000	55	33	1	93	136	206	260	2.1	18.9
SA20160170_CHGPAPHK_01506	SA20160170_CHGPAPHK_01513	35.714	14	9	0	69	82	398	411	3.4	18.1
SA20160170_CHGPAPHK_01506	SA20160170_CHGPAPHK_01517	28.125	32	23	0	112	143	50	81	3.7	17.7
SA20160170_CHGPAPHK_01506	SA20160170_CHGPAPHK_01523	40.000	20	12	0	133	152	87	106	3.9	17.7
SA20160170_CHGPAPHK_01507	SA20160170_CHGPAPHK_01507	100.000	97	0	0	1	97	1	97	1.29e-68	191
SA20160170_CHGPAPHK_01507	SA20160170_CHGPAPHK_01521	25.000	56	39	1	41	93	212	267	1.6	17.7
SA20160170_CHGPAPHK_01507	SA20160170_CHGPAPHK_01516	32.692	52	25	2	43	84	81	132	6.7	16.2
SA20160170_CHGPAPHK_01508	SA20160170_CHGPAPHK_01508	100.000	256	0	0	1	256	1	256	0.0	524
SA20160170_CHGPAPHK_01508	SA20160170_CHGPAPHK_01525	30.303	33	23	0	55	87	200	232	1.7	19.6
SA20160170_CHGPAPHK_01508	SA20160170_CHGPAPHK_01518	34.615	26	17	0	231	256	486	511	2.1	19.2
SA20160170_CHGPAPHK_01508	SA20160170_CHGPAPHK_01513	28.571	49	33	1	5	53	178	224	2.5	19.2
SA20160170_CHGPAPHK_01508	SA20160170_CHGPAPHK_01516	26.667	45	33	0	143	187	702	746	5.9	18.1
SA20160170_CHGPAPHK_01508	SA20160170_CHGPAPHK_01510	23.529	68	42	1	91	148	162	229	8.1	17.3
SA20160170_CHGPAPHK_01509	SA20160170_CHGPAPHK_01509	100.000	180	0	0	1	180	1	180	4.65e-140	379
SA20160170_CHGPAPHK_01509	SA20160170_CHGPAPHK_01522	32.258	31	19	1	81	111	261	289	0.88	20.0
SA20160170_CHGPAPHK_01509	SA20160170_CHGPAPHK_01524	30.435	23	16	0	118	140	127	149	2.4	18.5
SA20160170_CHGPAPHK_01509	SA20160170_CHGPAPHK_01513	47.059	17	9	0	80	96	484	500	4.9	17.7
SA20160170_CHGPAPHK_01509	SA20160170_CHGPAPHK_01516	44.444	9	5	0	139	147	592	600	9.2	16.9
SA20160170_CHGPAPHK_01510	SA20160170_CHGPAPHK_01510	100.000	546	0	0	1	546	1	546	0.0	1123
SA20160170_CHGPAPHK_01510	SA20160170_CHGPAPHK_01513	36.842	38	23	1	387	423	513	550	1.3	21.2
SA20160170_CHGPAPHK_01510	SA20160170_CHGPAPHK_01517	44.444	18	10	0	496	513	57	74	2.1	20.4
SA20160170_CHGPAPHK_01510	SA20160170_CHGPAPHK_01521	29.688	64	42	2	466	526	346	409	3.3	20.0
SA20160170_CHGPAPHK_01510	SA20160170_CHGPAPHK_01506	20.000	55	33	1	206	260	93	136	7.3	18.5
SA20160170_CHGPAPHK_01511	SA20160170_CHGPAPHK_01511	100.000	161	0	0	1	161	1	161	1.95e-125	340
SA20160170_CHGPAPHK_01511	SA20160170_CHGPAPHK_01517	28.788	66	35	2	53	107	64	128	2.0	18.5
SA20160170_CHGPAPHK_01511	SA20160170_CHGPAPHK_01522	30.000	30	21	0	31	60	148	177	2.5	18.1
SA20160170_CHGPAPHK_01511	SA20160170_CHGPAPHK_01518	50.000	12	6	0	119	130	188	199	8.0	16.5
SA20160170_CHGPAPHK_01512	SA20160170_CHGPAPHK_01512	100.000	439	0	0	1	439	1	439	0.0	873
SA20160170_CHGPAPHK_01512	SA20160170_CHGPAPHK_01523	34.483	29	18	1	142	169	117	145	0.46	21.9
SA20160170_CHGPAPHK_01512	SA20160170_CHGPAPHK_01525	31.034	29	16	1	4	28	202	230	5.1	18.9
SA20160170_CHGPAPHK_01513	SA20160170_CHGPAPHK_01513	100.000	732	0	0	1	732	1	732	0.0	1524
SA20160170_CHGPAPHK_01513	SA20160170_CHGPAPHK_01523	43.478	23	13	0	702	724	145	167	0.030	26.6
SA20160170_CHGPAPHK_01513	SA20160170_CHGPAPHK_01519	22.619	84	53	3	444	527	88	159	0.49	23.1
SA20160170_CHGPAPHK_01513	SA20160170_CHGPAPHK_01510	36.842	38	23	1	513	550	387	423	1.7	21.2
SA20160170_CHGPAPHK_01513	SA20160170_CHGPAPHK_01508	28.571	49	33	1	178	224	5	53	7.2	19.2
SA20160170_CHGPAPHK_01514	SA20160170_CHGPAPHK_01514	100.000	34	0	0	1	34	1	34	6.93e-22	68.9
SA20160170_CHGPAPHK_01514	SA20160170_CHGPAPHK_01513	38.889	18	11	0	4	21	386	403	0.58	16.5
SA20160170_CHGPAPHK_01514	SA20160170_CHGPAPHK_01510	33.333	27	15	1	9	32	31	57	0.73	16.5
SA20160170_CHGPAPHK_01515	SA20160170_CHGPAPHK_01515	100.000	225	0	0	1	225	1	225	2.03e-168	454
SA20160170_CHGPAPHK_01515	SA20160170_CHGPAPHK_01523	38.235	34	17	1	7	36	4	37	6.3	17.3
SA20160170_CHGPAPHK_01515	SA20160170_CHGPAPHK_01513	36.111	36	22	1	16	50	136	171	8.9	17.3
SA20160170_CHGPAPHK_01516	SA20160170_CHGPAPHK_01516	100.000	894	0	0	1	894	1	894	0.0	1812
SA20160170_CHGPAPHK_01516	SA20160170_CHGPAPHK_01521	35.294	34	13	1	757	790	185	209	3.5	20.4
SA20160170_CHGPAPHK_01517	SA20160170_CHGPAPHK_01517	100.000	194	0	0	1	194	1	194	3.47e-142	385
SA20160170_CHGPAPHK_01517	SA20160170_CHGPAPHK_01510	44.444	18	10	0	57	74	496	513	0.75	20.4
SA20160170_CHGPAPHK_01517	SA20160170_CHGPAPHK_01511	28.788	66	35	2	64	128	53	107	2.4	18.5
SA20160170_CHGPAPHK_01517	SA20160170_CHGPAPHK_01525	33.333	51	25	3	32	78	194	239	3.7	18.1
SA20160170_CHGPAPHK_01517	SA20160170_CHGPAPHK_01506	28.125	32	23	0	50	81	112	143	4.1	17.7
SA20160170_CHGPAPHK_01517	SA20160170_CHGPAPHK_01518	30.769	39	24	1	152	190	416	451	4.5	17.7
SA20160170_CHGPAPHK_01517	SA20160170_CHGPAPHK_01512	37.037	27	13	1	53	79	288	310	6.2	17.3
SA20160170_CHGPAPHK_01517	SA20160170_CHGPAPHK_01515	37.500	48	22	3	82	121	92	139	9.0	16.9
SA20160170_CHGPAPHK_01517	SA20160170_CHGPAPHK_01520	42.857	14	8	0	63	76	41	54	9.1	16.2
SA20160170_CHGPAPHK_01518	SA20160170_CHGPAPHK_01518	100.000	682	0	0	1	682	1	682	0.0	1360
SA20160170_CHGPAPHK_01518	SA20160170_CHGPAPHK_01525	28.571	49	26	1	82	130	147	186	0.24	23.9
SA20160170_CHGPAPHK_01518	SA20160170_CHGPAPHK_01523	39.062	64	17	5	142	187	171	230	0.35	23.1
SA20160170_CHGPAPHK_01518	SA20160170_CHGPAPHK_01522	26.667	45	26	1	210	254	258	295	0.41	23.1
SA20160170_CHGPAPHK_01518	SA20160170_CHGPAPHK_01508	37.037	27	17	0	485	511	230	256	2.0	20.8
SA20160170_CHGPAPHK_01519	SA20160170_CHGPAPHK_01519	100.000	559	0	0	1	559	1	559	0.0	1108
SA20160170_CHGPAPHK_01519	SA20160170_CHGPAPHK_01522	31.915	47	29	1	43	86	189	235	0.22	23.9
SA20160170_CHGPAPHK_01519	SA20160170_CHGPAPHK_01513	23.404	47	29	1	88	127	444	490	0.37	23.1
SA20160170_CHGPAPHK_01519	SA20160170_CHGPAPHK_01521	31.579	38	19	2	27	59	254	289	6.2	18.9
SA20160170_CHGPAPHK_01520	SA20160170_CHGPAPHK_01520	100.000	68	0	0	1	68	1	68	2.28e-49	140
SA20160170_CHGPAPHK_01520	SA20160170_CHGPAPHK_01525	31.250	16	11	0	16	31	110	125	1.2	17.3
SA20160170_CHGPAPHK_01520	SA20160170_CHGPAPHK_01517	42.857	14	8	0	41	54	63	76	3.2	16.2
SA20160170_CHGPAPHK_01520	SA20160170_CHGPAPHK_01522	55.556	9	4	0	27	35	226	234	5.1	15.8
SA20160170_CHGPAPHK_01520	SA20160170_CHGPAPHK_01524	50.000	12	6	0	28	39	199	210	7.6	15.0
SA20160170_CHGPAPHK_01521	SA20160170_CHGPAPHK_01521	100.000	473	0	0	1	473	1	473	0.0	981
SA20160170_CHGPAPHK_01521	SA20160170_CHGPAPHK_01516	35.294	34	13	1	185	209	757	790	1.8	20.4
SA20160170_CHGPAPHK_01521	SA20160170_CHGPAPHK_01510	29.688	64	42	2	346	409	466	526	2.9	20.0
SA20160170_CHGPAPHK_01521	SA20160170_CHGPAPHK_01519	31.579	38	19	2	254	289	27	59	4.9	19.2
SA20160170_CHGPAPHK_01521	SA20160170_CHGPAPHK_01524	26.316	38	27	1	13	49	151	188	5.5	18.9
SA20160170_CHGPAPHK_01521	SA20160170_CHGPAPHK_01507	25.000	56	39	1	212	267	41	93	8.0	17.7
SA20160170_CHGPAPHK_01522	SA20160170_CHGPAPHK_01522	100.000	493	0	0	1	493	1	493	0.0	992
SA20160170_CHGPAPHK_01522	SA20160170_CHGPAPHK_01518	26.667	45	26	1	258	295	210	254	0.30	23.1
SA20160170_CHGPAPHK_01522	SA20160170_CHGPAPHK_01509	32.258	31	19	1	261	289	81	111	2.4	20.0
SA20160170_CHGPAPHK_01522	SA20160170_CHGPAPHK_01519	71.429	7	2	0	229	235	80	86	3.7	19.6
SA20160170_CHGPAPHK_01522	SA20160170_CHGPAPHK_01511	30.000	30	21	0	148	177	31	60	7.7	18.1
SA20160170_CHGPAPHK_01523	SA20160170_CHGPAPHK_01523	100.000	247	0	0	1	247	1	247	0.0	506
SA20160170_CHGPAPHK_01523	SA20160170_CHGPAPHK_01513	43.478	23	13	0	145	167	702	724	0.010	26.6
SA20160170_CHGPAPHK_01523	SA20160170_CHGPAPHK_01518	39.062	64	17	5	171	230	142	187	0.13	23.1
SA20160170_CHGPAPHK_01523	SA20160170_CHGPAPHK_01512	34.483	29	18	1	117	145	142	169	0.26	21.9
SA20160170_CHGPAPHK_01523	SA20160170_CHGPAPHK_01506	40.000	20	12	0	87	106	133	152	5.4	17.7
SA20160170_CHGPAPHK_01523	SA20160170_CHGPAPHK_01525	36.364	33	14	1	95	120	89	121	6.8	17.7
SA20160170_CHGPAPHK_01523	SA20160170_CHGPAPHK_01515	38.235	34	17	1	4	37	7	36	6.9	17.3
SA20160170_CHGPAPHK_01524	SA20160170_CHGPAPHK_01524	100.000	218	0	0	1	218	1	218	1.01e-161	436
SA20160170_CHGPAPHK_01524	SA20160170_CHGPAPHK_01521	26.316	38	27	1	151	188	13	49	2.5	18.9
SA20160170_CHGPAPHK_01525	SA20160170_CHGPAPHK_01525	100.000	310	0	0	1	310	1	310	0.0	638
SA20160170_CHGPAPHK_01525	SA20160170_CHGPAPHK_01518	28.571	49	26	1	147	186	82	130	0.12	23.9
SA20160170_CHGPAPHK_01525	SA20160170_CHGPAPHK_01508	30.303	33	23	0	200	232	55	87	2.1	19.6
SA20160170_CHGPAPHK_01525	SA20160170_CHGPAPHK_01512	31.034	29	16	1	202	230	4	28	3.6	18.9
SA20160170_CHGPAPHK_01525	SA20160170_CHGPAPHK_01520	31.250	16	11	0	110	125	16	31	5.3	17.3
SA20160170_CHGPAPHK_01525	SA20160170_CHGPAPHK_01517	33.333	51	25	3	194	239	32	78	6.0	18.1
SA20160170_CHGPAPHK_01525	SA20160170_CHGPAPHK_01521	47.059	17	9	0	90	106	436	452	7.3	18.1
SA20160170_CHGPAPHK_01525	SA20160170_CHGPAPHK_01523	36.364	33	14	1	89	121	95	120	8.5	17.7
SA20160170_CHGPAPHK_01525	SA20160170_CHGPAPHK_01513	30.303	33	22	1	236	267	380	412	8.8	17.7
