SA20153983_GBAKOBEN_00105	SA20153980_HPBJMGIL_03467	99.572	467	2	0	1	467	1	467	0.0	951
SA20153983_GBAKOBEN_00105	SA20153980_HPBJMGIL_03478	30.189	53	37	0	374	426	199	251	0.28	23.5
SA20153983_GBAKOBEN_00105	SA20153980_HPBJMGIL_03473	24.490	49	37	0	150	198	118	166	0.67	21.9
SA20153983_GBAKOBEN_00105	SA20153980_HPBJMGIL_03466	26.923	52	29	3	53	95	148	199	2.9	20.0
SA20153983_GBAKOBEN_00105	SA20153980_HPBJMGIL_03476	38.889	18	11	0	203	220	138	155	6.7	18.9
SA20153983_GBAKOBEN_00105	SA20153980_HPBJMGIL_03463	32.836	67	41	3	201	267	106	168	7.8	18.9
SA20153983_GBAKOBEN_00105	SA20153980_HPBJMGIL_03459	25.000	36	27	0	396	431	799	834	8.6	18.9
SA20153983_GBAKOBEN_00105	SA20153980_HPBJMGIL_03477	35.294	17	11	0	271	287	90	106	9.7	18.5
SA20153983_GBAKOBEN_00106	SA20153980_HPBJMGIL_03466	99.362	470	3	0	1	470	1	470	0.0	922
SA20153983_GBAKOBEN_00106	SA20153980_HPBJMGIL_03478	24.460	139	82	3	44	159	224	362	0.007	28.5
SA20153983_GBAKOBEN_00106	SA20153980_HPBJMGIL_03467	26.923	52	29	3	148	199	53	95	2.2	20.4
SA20153983_GBAKOBEN_00106	SA20153980_HPBJMGIL_03459	35.714	42	24	1	169	210	96	134	3.7	20.0
SA20153983_GBAKOBEN_00106	SA20153980_HPBJMGIL_03469	33.333	36	20	1	48	79	55	90	4.7	19.6
SA20153983_GBAKOBEN_00106	SA20153980_HPBJMGIL_03465	45.000	20	11	0	250	269	890	909	4.8	19.6
SA20153983_GBAKOBEN_00106	SA20153980_HPBJMGIL_03464	43.750	16	9	0	165	180	359	374	8.2	18.9
SA20153983_GBAKOBEN_00106	SA20153980_HPBJMGIL_03470	30.645	62	29	2	340	387	145	206	8.8	18.5
SA20153983_GBAKOBEN_00107	SA20153980_HPBJMGIL_03465	99.318	1026	7	0	1	1026	1	1026	0.0	2050
SA20153983_GBAKOBEN_00107	SA20153980_HPBJMGIL_03464	49.659	1025	507	3	6	1021	15	1039	0.0	918
SA20153983_GBAKOBEN_00107	SA20153980_HPBJMGIL_03463	24.074	54	32	1	868	912	223	276	1.4	22.3
SA20153983_GBAKOBEN_00107	SA20153980_HPBJMGIL_03469	24.000	50	31	2	156	205	208	250	1.6	22.3
SA20153983_GBAKOBEN_00107	SA20153980_HPBJMGIL_03473	34.615	26	16	1	999	1024	44	68	2.7	21.6
SA20153983_GBAKOBEN_00107	SA20153980_HPBJMGIL_03471	36.000	25	16	0	795	819	215	239	2.7	21.6
SA20153983_GBAKOBEN_00107	SA20153980_HPBJMGIL_03461	22.034	118	71	4	222	318	44	161	2.8	21.6
SA20153983_GBAKOBEN_00107	SA20153980_HPBJMGIL_03459	60.000	10	4	0	711	720	963	972	6.2	20.4
SA20153983_GBAKOBEN_00107	SA20153980_HPBJMGIL_03466	45.000	20	11	0	890	909	250	269	8.7	19.6
SA20153983_GBAKOBEN_00108	SA20153980_HPBJMGIL_03464	99.808	1040	2	0	1	1040	1	1040	0.0	2078
SA20153983_GBAKOBEN_00108	SA20153980_HPBJMGIL_03465	49.756	1025	506	3	15	1039	6	1021	0.0	929
SA20153983_GBAKOBEN_00108	SA20153980_HPBJMGIL_03463	28.571	35	25	0	882	916	223	257	1.0	22.7
SA20153983_GBAKOBEN_00108	SA20153980_HPBJMGIL_03473	56.250	16	7	0	745	760	60	75	4.7	20.8
SA20153983_GBAKOBEN_00109	SA20153980_HPBJMGIL_03463	99.031	413	4	0	1	413	1	413	0.0	824
SA20153983_GBAKOBEN_00109	SA20153980_HPBJMGIL_03464	28.571	35	25	0	223	257	882	916	0.42	22.7
SA20153983_GBAKOBEN_00109	SA20153980_HPBJMGIL_03465	24.074	54	32	1	223	276	868	912	0.74	21.9
SA20153983_GBAKOBEN_00109	SA20153980_HPBJMGIL_03467	31.944	72	35	4	106	168	201	267	1.9	20.4
SA20153983_GBAKOBEN_00109	SA20153980_HPBJMGIL_03477	47.059	17	9	0	343	359	242	258	4.1	19.2
SA20153983_GBAKOBEN_00109	SA20153980_HPBJMGIL_03459	31.579	38	25	1	107	143	638	675	6.4	18.9
SA20153983_GBAKOBEN_00109	SA20153980_HPBJMGIL_03469	40.000	20	12	0	387	406	346	365	9.8	18.1
SA20153983_GBAKOBEN_00110	SA20153980_HPBJMGIL_03462	98.462	65	1	0	1	65	1	65	7.35e-46	132
SA20153983_GBAKOBEN_00110	SA20153980_HPBJMGIL_03459	28.125	32	23	0	29	60	711	742	1.7	17.3
SA20153983_GBAKOBEN_00110	SA20153980_HPBJMGIL_03466	53.333	15	7	0	19	33	336	350	5.1	15.8
SA20153983_GBAKOBEN_00111	SA20153980_HPBJMGIL_03461	99.778	450	1	0	1	450	1	450	0.0	919
SA20153983_GBAKOBEN_00111	SA20153980_HPBJMGIL_03465	22.034	118	71	4	44	161	222	318	1.4	21.2
SA20153983_GBAKOBEN_00111	SA20153980_HPBJMGIL_03472	38.889	18	11	0	259	276	221	238	3.6	19.6
SA20153983_GBAKOBEN_00111	SA20153980_HPBJMGIL_03459	42.308	26	13	1	27	50	753	778	5.4	19.2
SA20153983_GBAKOBEN_00111	SA20153980_HPBJMGIL_03474	27.273	22	16	0	118	139	16	37	8.1	18.5
SA20153983_GBAKOBEN_00111	SA20153980_HPBJMGIL_03460	40.000	25	15	0	256	280	201	225	8.6	18.5
SA20153983_GBAKOBEN_00111	SA20153980_HPBJMGIL_03473	25.490	51	34	1	376	426	33	79	8.7	18.5
SA20153983_GBAKOBEN_00111	SA20153980_HPBJMGIL_03470	40.000	15	9	0	90	104	210	224	8.8	18.5
SA20153983_GBAKOBEN_00112	SA20153980_HPBJMGIL_03460	98.616	289	4	0	1	289	1	289	0.0	578
SA20153983_GBAKOBEN_00112	SA20153980_HPBJMGIL_03478	29.167	48	33	1	174	221	95	141	0.016	26.6
SA20153983_GBAKOBEN_00112	SA20153980_HPBJMGIL_03469	34.884	43	23	1	161	203	346	383	3.2	19.2
SA20153983_GBAKOBEN_00112	SA20153980_HPBJMGIL_03465	45.000	20	11	0	233	252	922	941	3.4	19.2
SA20153983_GBAKOBEN_00112	SA20153980_HPBJMGIL_03461	40.000	25	15	0	201	225	256	280	5.8	18.5
SA20153983_GBAKOBEN_00112	SA20153980_HPBJMGIL_03471	37.931	29	15	2	70	95	138	166	8.9	18.1
SA20153983_GBAKOBEN_00113	SA20153980_HPBJMGIL_03459	99.799	996	2	0	1	996	1	996	0.0	2036
SA20153983_GBAKOBEN_00113	SA20153980_HPBJMGIL_03458	33.333	39	24	1	484	520	24	62	2.5	21.2
SA20153983_GBAKOBEN_00113	SA20153980_HPBJMGIL_03466	35.714	42	24	1	96	134	169	210	4.0	20.8
SA20153983_GBAKOBEN_00113	SA20153980_HPBJMGIL_03465	60.000	10	4	0	963	972	711	720	5.8	20.4
SA20153983_GBAKOBEN_00113	SA20153980_HPBJMGIL_03461	42.308	26	13	1	753	778	27	50	6.4	20.0
SA20153983_GBAKOBEN_00113	SA20153980_HPBJMGIL_03477	25.000	84	45	2	607	681	269	343	8.5	19.6
SA20153983_GBAKOBEN_00113	SA20153980_HPBJMGIL_03473	41.379	29	16	1	481	508	166	194	9.6	19.6
SA20153983_GBAKOBEN_00114	SA20153980_HPBJMGIL_03458	100.000	213	0	0	1	213	1	213	1.68e-163	441
SA20153983_GBAKOBEN_00114	SA20153980_HPBJMGIL_03459	33.333	39	24	1	24	62	484	520	0.57	21.2
SA20153983_GBAKOBEN_00114	SA20153980_HPBJMGIL_03469	46.154	13	7	0	195	207	240	252	6.8	17.7
SA20153983_GBAKOBEN_00104	SA20153980_HPBJMGIL_03468	100.000	240	0	0	1	240	1	240	1.20e-180	486
SA20153983_GBAKOBEN_00104	SA20153980_HPBJMGIL_03472	30.303	33	21	1	102	134	58	88	2.5	19.2
SA20153983_GBAKOBEN_00104	SA20153980_HPBJMGIL_03465	45.455	11	6	0	81	91	41	51	4.6	18.5
SA20153983_GBAKOBEN_00104	SA20153980_HPBJMGIL_03460	62.500	8	3	0	104	111	149	156	9.7	17.3
SA20153983_GBAKOBEN_00094	SA20153980_HPBJMGIL_03478	53.846	13	6	0	26	38	127	139	1.3	20.8
SA20153983_GBAKOBEN_00094	SA20153980_HPBJMGIL_03477	32.500	40	25	1	254	291	268	307	2.0	20.0
SA20153983_GBAKOBEN_00094	SA20153980_HPBJMGIL_03461	37.500	24	14	1	107	129	9	32	2.5	20.0
SA20153983_GBAKOBEN_00094	SA20153980_HPBJMGIL_03471	33.333	18	12	0	114	131	523	540	3.8	19.2
SA20153983_GBAKOBEN_00095	SA20153980_HPBJMGIL_03478	100.000	423	0	0	1	423	1	423	0.0	852
SA20153983_GBAKOBEN_00095	SA20153980_HPBJMGIL_03466	24.460	139	82	3	224	362	44	159	0.008	28.1
SA20153983_GBAKOBEN_00095	SA20153980_HPBJMGIL_03460	29.167	48	33	1	95	141	174	221	0.021	26.6
SA20153983_GBAKOBEN_00095	SA20153980_HPBJMGIL_03467	30.189	53	37	0	199	251	374	426	0.22	23.5
SA20153983_GBAKOBEN_00095	SA20153980_HPBJMGIL_03474	30.435	23	14	1	164	186	39	59	3.5	19.2
SA20153983_GBAKOBEN_00095	SA20153980_HPBJMGIL_03464	28.125	32	23	0	140	171	124	155	4.4	19.6
SA20153983_GBAKOBEN_00095	SA20153980_HPBJMGIL_03471	60.000	10	4	0	284	293	416	425	7.1	18.9
SA20153983_GBAKOBEN_00096	SA20153980_HPBJMGIL_03477	100.000	350	0	0	1	350	1	350	0.0	723
SA20153983_GBAKOBEN_00096	SA20153980_HPBJMGIL_03459	25.000	84	45	2	269	343	607	681	3.0	19.6
SA20153983_GBAKOBEN_00096	SA20153980_HPBJMGIL_03464	50.000	22	10	1	14	34	642	663	5.7	18.9
SA20153983_GBAKOBEN_00096	SA20153980_HPBJMGIL_03467	35.294	17	11	0	90	106	271	287	7.3	18.5
SA20153983_GBAKOBEN_00096	SA20153980_HPBJMGIL_03470	37.500	16	10	0	301	316	141	156	7.7	18.1
SA20153983_GBAKOBEN_00097	SA20153980_HPBJMGIL_03476	99.331	299	2	0	1	299	1	299	0.0	602
SA20153983_GBAKOBEN_00097	SA20153980_HPBJMGIL_03472	30.000	40	25	1	190	229	409	445	4.2	18.9
SA20153983_GBAKOBEN_00097	SA20153980_HPBJMGIL_03467	38.889	18	11	0	138	155	203	220	4.4	18.9
SA20153983_GBAKOBEN_00097	SA20153980_HPBJMGIL_03464	44.444	18	10	0	39	56	236	253	4.7	18.9
SA20153983_GBAKOBEN_00098	SA20153980_HPBJMGIL_03475	93.694	111	7	0	1	111	1	111	7.00e-68	191
SA20153983_GBAKOBEN_00098	SA20153980_HPBJMGIL_03472	28.000	25	18	0	51	75	362	386	2.4	18.1
SA20153983_GBAKOBEN_00098	SA20153980_HPBJMGIL_03464	50.000	14	7	0	2	15	116	129	3.7	17.3
SA20153983_GBAKOBEN_00098	SA20153980_HPBJMGIL_03465	42.857	14	8	0	2	15	107	120	5.6	16.9
SA20153983_GBAKOBEN_00099	SA20153980_HPBJMGIL_03474	97.826	138	3	0	1	138	1	138	2.71e-101	277
SA20153983_GBAKOBEN_00099	SA20153980_HPBJMGIL_03478	30.435	23	14	1	39	59	164	186	1.3	19.2
SA20153983_GBAKOBEN_00100	SA20153980_HPBJMGIL_03472	100.000	453	0	0	1	453	1	453	0.0	952
SA20153983_GBAKOBEN_00100	SA20153980_HPBJMGIL_03461	38.889	18	11	0	221	238	259	276	3.8	19.6
SA20153983_GBAKOBEN_00100	SA20153980_HPBJMGIL_03468	30.303	33	21	1	58	88	102	134	4.4	19.2
SA20153983_GBAKOBEN_00100	SA20153980_HPBJMGIL_03470	50.000	20	10	0	322	341	93	112	4.6	19.2
SA20153983_GBAKOBEN_00100	SA20153980_HPBJMGIL_03464	46.667	15	8	0	220	234	891	905	5.0	19.2
SA20153983_GBAKOBEN_00100	SA20153980_HPBJMGIL_03459	42.857	21	12	0	146	166	503	523	7.0	18.9
SA20153983_GBAKOBEN_00100	SA20153980_HPBJMGIL_03476	30.000	40	25	1	409	445	190	229	7.1	18.9
SA20153983_GBAKOBEN_00101	SA20153980_HPBJMGIL_03471	98.009	703	14	0	1	703	1	703	0.0	1436
SA20153983_GBAKOBEN_00101	SA20153980_HPBJMGIL_03465	36.000	25	16	0	215	239	795	819	1.7	21.6
SA20153983_GBAKOBEN_00101	SA20153980_HPBJMGIL_03459	45.455	11	6	0	233	243	656	666	8.0	19.6
SA20153983_GBAKOBEN_00101	SA20153980_HPBJMGIL_03460	36.364	33	18	2	138	170	70	99	9.9	18.9
SA20153983_GBAKOBEN_00102	SA20153980_HPBJMGIL_03470	100.000	238	0	0	1	238	1	238	7.66e-180	484
SA20153983_GBAKOBEN_00102	SA20153980_HPBJMGIL_03465	34.146	41	20	3	199	234	710	748	2.0	19.6
SA20153983_GBAKOBEN_00102	SA20153980_HPBJMGIL_03472	50.000	20	10	0	93	112	322	341	2.2	19.6
SA20153983_GBAKOBEN_00102	SA20153980_HPBJMGIL_03461	40.000	15	9	0	210	224	90	104	4.6	18.5
SA20153983_GBAKOBEN_00102	SA20153980_HPBJMGIL_03477	37.500	16	10	0	141	156	301	316	5.3	18.1
SA20153983_GBAKOBEN_00103	SA20153980_HPBJMGIL_03469	98.750	400	5	0	1	400	1	400	0.0	829
SA20153983_GBAKOBEN_00103	SA20153980_HPBJMGIL_03466	33.333	36	20	1	55	90	48	79	3.5	19.6
SA20153983_GBAKOBEN_00103	SA20153980_HPBJMGIL_03459	43.478	23	13	0	300	322	407	429	6.6	18.9
SA20153983_GBAKOBEN_00103	SA20153980_HPBJMGIL_03460	45.000	20	11	0	364	383	184	203	8.4	18.5
SA20153983_GBAKOBEN_00103	SA20153980_HPBJMGIL_03472	42.105	19	11	0	278	296	17	35	9.9	18.1
