SA20160170_CHGPAPHK_00700	SA20160228_MPFEEIDI_00700	100.000	79	0	0	1	79	1	79	1.67e-57	162
SA20160170_CHGPAPHK_00700	SA20160228_MPFEEIDI_00720	37.500	16	10	0	29	44	91	106	0.54	18.5
SA20160170_CHGPAPHK_00700	SA20160228_MPFEEIDI_00717	33.333	30	18	1	47	76	199	226	0.97	17.7
SA20160170_CHGPAPHK_00700	SA20160228_MPFEEIDI_00715	28.125	32	21	1	20	51	102	131	1.9	16.9
SA20160170_CHGPAPHK_00700	SA20160228_MPFEEIDI_00710	29.412	17	12	0	34	50	349	365	9.4	15.0
SA20160170_CHGPAPHK_00701	SA20160228_MPFEEIDI_00701	100.000	422	0	0	1	422	1	422	0.0	826
SA20160170_CHGPAPHK_00701	SA20160228_MPFEEIDI_00717	34.286	35	20	1	9	40	122	156	0.98	20.8
SA20160170_CHGPAPHK_00701	SA20160228_MPFEEIDI_00709	32.143	56	28	4	312	363	107	156	1.8	19.6
SA20160170_CHGPAPHK_00701	SA20160228_MPFEEIDI_00704	24.242	66	39	2	342	407	357	411	6.1	18.5
SA20160170_CHGPAPHK_00702	SA20160228_MPFEEIDI_00702	100.000	221	0	0	1	221	1	221	2.65e-170	458
SA20160170_CHGPAPHK_00702	SA20160228_MPFEEIDI_00717	34.783	23	15	0	112	134	158	180	0.81	20.0
SA20160170_CHGPAPHK_00702	SA20160228_MPFEEIDI_00715	39.130	23	14	0	122	144	92	114	0.89	19.6
SA20160170_CHGPAPHK_00702	SA20160228_MPFEEIDI_00709	33.333	27	16	1	165	189	71	97	2.0	18.5
SA20160170_CHGPAPHK_00702	SA20160228_MPFEEIDI_00716	25.714	35	26	0	154	188	294	328	6.4	17.3
SA20160170_CHGPAPHK_00702	SA20160228_MPFEEIDI_00714	42.857	14	8	0	208	221	37	50	7.1	16.9
SA20160170_CHGPAPHK_00702	SA20160228_MPFEEIDI_00704	50.000	12	6	0	204	215	180	191	9.7	16.5
SA20160170_CHGPAPHK_00703	SA20160228_MPFEEIDI_00703	100.000	108	0	0	1	108	1	108	1.26e-80	222
SA20160170_CHGPAPHK_00703	SA20160228_MPFEEIDI_00710	43.750	16	9	0	57	72	497	512	3.8	16.5
SA20160170_CHGPAPHK_00703	SA20160228_MPFEEIDI_00701	40.000	10	6	0	57	66	378	387	8.0	15.8
SA20160170_CHGPAPHK_00704	SA20160228_MPFEEIDI_00704	100.000	477	0	0	1	477	1	477	0.0	998
SA20160170_CHGPAPHK_00704	SA20160228_MPFEEIDI_00711	47.059	17	9	0	35	51	136	152	0.95	20.8
SA20160170_CHGPAPHK_00704	SA20160228_MPFEEIDI_00710	28.571	28	20	0	444	471	292	319	3.4	19.2
SA20160170_CHGPAPHK_00704	SA20160228_MPFEEIDI_00720	45.000	20	8	1	436	455	174	190	4.9	18.9
SA20160170_CHGPAPHK_00704	SA20160228_MPFEEIDI_00701	24.242	66	39	2	357	411	342	407	6.9	18.5
SA20160170_CHGPAPHK_00705	SA20160228_MPFEEIDI_00705	100.000	94	0	0	1	94	1	94	8.25e-70	194
SA20160170_CHGPAPHK_00705	SA20160228_MPFEEIDI_00721	83.333	6	1	0	1	6	308	313	4.3	16.2
SA20160170_CHGPAPHK_00705	SA20160228_MPFEEIDI_00704	35.294	17	11	0	18	34	443	459	4.9	16.2
SA20160170_CHGPAPHK_00705	SA20160228_MPFEEIDI_00720	25.000	24	18	0	37	60	363	386	6.5	15.8
SA20160170_CHGPAPHK_00709	SA20160228_MPFEEIDI_00709	100.000	182	0	0	1	182	1	182	2.60e-133	361
SA20160170_CHGPAPHK_00709	SA20160228_MPFEEIDI_00701	32.143	56	28	4	107	156	312	363	0.79	19.6
SA20160170_CHGPAPHK_00709	SA20160228_MPFEEIDI_00702	33.333	27	16	1	71	97	165	189	1.6	18.5
SA20160170_CHGPAPHK_00709	SA20160228_MPFEEIDI_00716	22.727	22	17	0	38	59	286	307	3.0	17.7
SA20160170_CHGPAPHK_00709	SA20160228_MPFEEIDI_00715	35.714	28	15	1	61	88	80	104	3.6	17.7
SA20160170_CHGPAPHK_00709	SA20160228_MPFEEIDI_00713	25.000	20	15	0	116	135	181	200	3.9	17.3
SA20160170_CHGPAPHK_00710	SA20160228_MPFEEIDI_00710	100.000	610	0	0	1	610	1	610	0.0	1259
SA20160170_CHGPAPHK_00710	SA20160228_MPFEEIDI_00704	28.571	28	20	0	292	319	444	471	4.4	19.2
SA20160170_CHGPAPHK_00711	SA20160228_MPFEEIDI_00711	100.000	218	0	0	1	218	1	218	1.95e-167	451
SA20160170_CHGPAPHK_00711	SA20160228_MPFEEIDI_00713	28.947	76	54	0	134	209	164	239	9.48e-05	32.0
SA20160170_CHGPAPHK_00711	SA20160228_MPFEEIDI_00704	47.059	17	9	0	136	152	35	51	0.44	20.8
SA20160170_CHGPAPHK_00711	SA20160228_MPFEEIDI_00717	19.444	36	28	1	125	159	70	105	4.3	17.7
SA20160170_CHGPAPHK_00711	SA20160228_MPFEEIDI_00721	26.316	38	28	0	110	147	370	407	7.8	16.9
SA20160170_CHGPAPHK_00711	SA20160228_MPFEEIDI_00701	33.333	12	8	0	188	199	209	220	8.6	16.9
SA20160170_CHGPAPHK_00712	SA20160228_MPFEEIDI_00712	100.000	74	0	0	1	74	1	74	3.20e-53	150
SA20160170_CHGPAPHK_00712	SA20160228_MPFEEIDI_00716	39.130	23	14	0	32	54	233	255	1.5	16.9
SA20160170_CHGPAPHK_00713	SA20160228_MPFEEIDI_00713	100.000	240	0	0	1	240	1	240	0.0	505
SA20160170_CHGPAPHK_00713	SA20160228_MPFEEIDI_00711	28.947	76	54	0	164	239	134	209	1.04e-04	32.0
SA20160170_CHGPAPHK_00713	SA20160228_MPFEEIDI_00715	23.944	71	45	2	107	168	119	189	0.63	20.4
SA20160170_CHGPAPHK_00713	SA20160228_MPFEEIDI_00720	66.667	9	3	0	90	98	352	360	1.5	19.2
SA20160170_CHGPAPHK_00713	SA20160228_MPFEEIDI_00709	25.000	20	15	0	181	200	116	135	5.2	17.3
SA20160170_CHGPAPHK_00714	SA20160228_MPFEEIDI_00714	100.000	250	0	0	1	250	1	250	0.0	502
SA20160170_CHGPAPHK_00714	SA20160228_MPFEEIDI_00720	46.154	13	7	0	5	17	359	371	1.1	20.0
SA20160170_CHGPAPHK_00714	SA20160228_MPFEEIDI_00716	60.000	10	4	0	46	55	93	102	1.7	19.2
SA20160170_CHGPAPHK_00714	SA20160228_MPFEEIDI_00722	33.333	24	16	0	9	32	221	244	2.7	18.5
SA20160170_CHGPAPHK_00714	SA20160228_MPFEEIDI_00702	42.857	14	8	0	37	50	208	221	8.0	16.9
SA20160170_CHGPAPHK_00715	SA20160228_MPFEEIDI_00715	100.000	222	0	0	1	222	1	222	1.67e-163	441
SA20160170_CHGPAPHK_00715	SA20160228_MPFEEIDI_00713	23.944	71	45	2	119	189	107	168	0.58	20.4
SA20160170_CHGPAPHK_00715	SA20160228_MPFEEIDI_00702	39.130	23	14	0	92	114	122	144	0.90	19.6
SA20160170_CHGPAPHK_00715	SA20160228_MPFEEIDI_00721	28.571	84	43	5	62	129	132	214	1.6	19.2
SA20160170_CHGPAPHK_00715	SA20160228_MPFEEIDI_00709	35.714	28	15	1	80	104	61	88	4.4	17.7
SA20160170_CHGPAPHK_00715	SA20160228_MPFEEIDI_00700	28.125	32	21	1	102	131	20	51	5.3	16.9
SA20160170_CHGPAPHK_00716	SA20160228_MPFEEIDI_00716	100.000	328	0	0	1	328	1	328	0.0	664
SA20160170_CHGPAPHK_00716	SA20160228_MPFEEIDI_00714	60.000	10	4	0	93	102	46	55	2.2	19.2
SA20160170_CHGPAPHK_00716	SA20160228_MPFEEIDI_00717	50.000	14	7	0	295	308	19	32	4.6	18.1
SA20160170_CHGPAPHK_00716	SA20160228_MPFEEIDI_00712	39.130	23	14	0	233	255	32	54	6.5	16.9
SA20160170_CHGPAPHK_00716	SA20160228_MPFEEIDI_00702	25.714	35	26	0	294	328	154	188	9.5	17.3
SA20160170_CHGPAPHK_00717	SA20160228_MPFEEIDI_00717	100.000	266	0	0	1	266	1	266	0.0	531
SA20160170_CHGPAPHK_00717	SA20160228_MPFEEIDI_00701	34.286	35	20	1	122	156	9	40	0.61	20.8
SA20160170_CHGPAPHK_00717	SA20160228_MPFEEIDI_00702	34.783	23	15	0	158	180	112	134	0.98	20.0
SA20160170_CHGPAPHK_00717	SA20160228_MPFEEIDI_00723	32.000	25	17	0	124	148	2	26	1.0	19.6
SA20160170_CHGPAPHK_00717	SA20160228_MPFEEIDI_00719	28.571	42	24	2	159	194	145	186	2.2	18.9
SA20160170_CHGPAPHK_00717	SA20160228_MPFEEIDI_00700	33.333	30	18	1	199	226	47	76	3.3	17.7
SA20160170_CHGPAPHK_00717	SA20160228_MPFEEIDI_00716	50.000	14	7	0	19	32	295	308	3.8	18.1
SA20160170_CHGPAPHK_00717	SA20160228_MPFEEIDI_00711	19.444	36	28	1	70	105	125	159	5.2	17.7
SA20160170_CHGPAPHK_00718	SA20160228_MPFEEIDI_00718	100.000	183	0	0	1	183	1	183	1.32e-142	385
SA20160170_CHGPAPHK_00718	SA20160228_MPFEEIDI_00720	21.875	64	50	0	75	138	22	85	0.10	22.3
SA20160170_CHGPAPHK_00718	SA20160228_MPFEEIDI_00722	28.788	66	33	3	11	73	362	416	3.7	17.7
SA20160170_CHGPAPHK_00719	SA20160228_MPFEEIDI_00719	100.000	239	0	0	1	239	1	239	4.41e-178	479
SA20160170_CHGPAPHK_00719	SA20160228_MPFEEIDI_00717	28.571	42	24	2	145	186	159	194	2.0	18.9
SA20160170_CHGPAPHK_00719	SA20160228_MPFEEIDI_00710	50.000	14	7	0	113	126	583	596	8.6	16.9
SA20160170_CHGPAPHK_00719	SA20160228_MPFEEIDI_00722	27.419	62	39	2	137	198	200	255	9.7	16.9
SA20160170_CHGPAPHK_00720	SA20160228_MPFEEIDI_00720	100.000	401	0	0	1	401	1	401	0.0	837
SA20160170_CHGPAPHK_00720	SA20160228_MPFEEIDI_00718	21.875	64	50	0	22	85	75	138	0.22	22.3
SA20160170_CHGPAPHK_00720	SA20160228_MPFEEIDI_00714	46.154	13	7	0	359	371	5	17	1.7	20.0
SA20160170_CHGPAPHK_00720	SA20160228_MPFEEIDI_00713	66.667	9	3	0	352	360	90	98	2.6	19.2
SA20160170_CHGPAPHK_00720	SA20160228_MPFEEIDI_00700	37.500	16	10	0	91	106	29	44	2.7	18.5
SA20160170_CHGPAPHK_00720	SA20160228_MPFEEIDI_00704	45.000	20	8	1	174	190	436	455	4.2	18.9
SA20160170_CHGPAPHK_00720	SA20160228_MPFEEIDI_00722	50.000	14	7	0	342	355	17	30	6.0	18.1
SA20160170_CHGPAPHK_00720	SA20160228_MPFEEIDI_00721	57.143	14	6	0	213	226	467	480	7.1	18.1
SA20160170_CHGPAPHK_00721	SA20160228_MPFEEIDI_00721	100.000	493	0	0	1	493	1	493	0.0	969
SA20160170_CHGPAPHK_00721	SA20160228_MPFEEIDI_00720	57.143	14	6	0	467	480	213	226	9.4	18.1
SA20160170_CHGPAPHK_00722	SA20160228_MPFEEIDI_00722	100.000	467	0	0	1	467	1	467	0.0	922
SA20160170_CHGPAPHK_00722	SA20160228_MPFEEIDI_00723	39.286	28	15	1	146	171	46	73	1.6	20.0
SA20160170_CHGPAPHK_00722	SA20160228_MPFEEIDI_00714	33.333	24	16	0	221	244	9	32	5.0	18.5
SA20160170_CHGPAPHK_00722	SA20160228_MPFEEIDI_00720	50.000	14	7	0	17	30	342	355	7.1	18.1
SA20160170_CHGPAPHK_00722	SA20160228_MPFEEIDI_00718	28.788	66	33	3	362	416	11	73	9.5	17.7
SA20160170_CHGPAPHK_00723	SA20160228_MPFEEIDI_00723	100.000	135	0	0	1	135	1	135	3.35e-99	271
SA20160170_CHGPAPHK_00723	SA20160228_MPFEEIDI_00722	39.286	28	15	1	46	73	146	171	0.46	20.0
SA20160170_CHGPAPHK_00723	SA20160228_MPFEEIDI_00717	32.000	25	17	0	2	26	124	148	0.53	19.6
SA20160170_CHGPAPHK_00723	SA20160228_MPFEEIDI_00710	35.294	34	20	2	27	60	254	285	5.5	16.5
SA20160170_CHGPAPHK_00723	SA20160228_MPFEEIDI_00714	60.000	10	4	0	30	39	166	175	6.9	16.2
SA20160170_CHGPAPHK_00723	SA20160228_MPFEEIDI_00702	31.034	29	17	1	103	128	22	50	7.6	16.2
SA20160228_MPFEEIDI_00700	SA20160228_MPFEEIDI_00700	100.000	79	0	0	1	79	1	79	1.67e-57	162
SA20160228_MPFEEIDI_00700	SA20160228_MPFEEIDI_00720	37.500	16	10	0	29	44	91	106	0.54	18.5
SA20160228_MPFEEIDI_00700	SA20160228_MPFEEIDI_00717	33.333	30	18	1	47	76	199	226	0.97	17.7
SA20160228_MPFEEIDI_00700	SA20160228_MPFEEIDI_00715	28.125	32	21	1	20	51	102	131	1.9	16.9
SA20160228_MPFEEIDI_00700	SA20160228_MPFEEIDI_00710	29.412	17	12	0	34	50	349	365	9.4	15.0
SA20160228_MPFEEIDI_00701	SA20160228_MPFEEIDI_00701	100.000	422	0	0	1	422	1	422	0.0	826
SA20160228_MPFEEIDI_00701	SA20160228_MPFEEIDI_00717	34.286	35	20	1	9	40	122	156	0.98	20.8
SA20160228_MPFEEIDI_00701	SA20160228_MPFEEIDI_00709	32.143	56	28	4	312	363	107	156	1.8	19.6
SA20160228_MPFEEIDI_00701	SA20160228_MPFEEIDI_00704	24.242	66	39	2	342	407	357	411	6.1	18.5
SA20160228_MPFEEIDI_00702	SA20160228_MPFEEIDI_00702	100.000	221	0	0	1	221	1	221	2.65e-170	458
SA20160228_MPFEEIDI_00702	SA20160228_MPFEEIDI_00717	34.783	23	15	0	112	134	158	180	0.81	20.0
SA20160228_MPFEEIDI_00702	SA20160228_MPFEEIDI_00715	39.130	23	14	0	122	144	92	114	0.89	19.6
SA20160228_MPFEEIDI_00702	SA20160228_MPFEEIDI_00709	33.333	27	16	1	165	189	71	97	2.0	18.5
SA20160228_MPFEEIDI_00702	SA20160228_MPFEEIDI_00716	25.714	35	26	0	154	188	294	328	6.4	17.3
SA20160228_MPFEEIDI_00702	SA20160228_MPFEEIDI_00714	42.857	14	8	0	208	221	37	50	7.1	16.9
SA20160228_MPFEEIDI_00702	SA20160228_MPFEEIDI_00704	50.000	12	6	0	204	215	180	191	9.7	16.5
SA20160228_MPFEEIDI_00703	SA20160228_MPFEEIDI_00703	100.000	108	0	0	1	108	1	108	1.26e-80	222
SA20160228_MPFEEIDI_00703	SA20160228_MPFEEIDI_00710	43.750	16	9	0	57	72	497	512	3.8	16.5
SA20160228_MPFEEIDI_00703	SA20160228_MPFEEIDI_00701	40.000	10	6	0	57	66	378	387	8.0	15.8
SA20160228_MPFEEIDI_00704	SA20160228_MPFEEIDI_00704	100.000	477	0	0	1	477	1	477	0.0	998
SA20160228_MPFEEIDI_00704	SA20160228_MPFEEIDI_00711	47.059	17	9	0	35	51	136	152	0.95	20.8
SA20160228_MPFEEIDI_00704	SA20160228_MPFEEIDI_00710	28.571	28	20	0	444	471	292	319	3.4	19.2
SA20160228_MPFEEIDI_00704	SA20160228_MPFEEIDI_00720	45.000	20	8	1	436	455	174	190	4.9	18.9
SA20160228_MPFEEIDI_00704	SA20160228_MPFEEIDI_00701	24.242	66	39	2	357	411	342	407	6.9	18.5
SA20160228_MPFEEIDI_00705	SA20160228_MPFEEIDI_00705	100.000	94	0	0	1	94	1	94	8.25e-70	194
SA20160228_MPFEEIDI_00705	SA20160228_MPFEEIDI_00721	83.333	6	1	0	1	6	308	313	4.3	16.2
SA20160228_MPFEEIDI_00705	SA20160228_MPFEEIDI_00704	35.294	17	11	0	18	34	443	459	4.9	16.2
SA20160228_MPFEEIDI_00705	SA20160228_MPFEEIDI_00720	25.000	24	18	0	37	60	363	386	6.5	15.8
SA20160228_MPFEEIDI_00709	SA20160228_MPFEEIDI_00709	100.000	182	0	0	1	182	1	182	2.60e-133	361
SA20160228_MPFEEIDI_00709	SA20160228_MPFEEIDI_00701	32.143	56	28	4	107	156	312	363	0.79	19.6
SA20160228_MPFEEIDI_00709	SA20160228_MPFEEIDI_00702	33.333	27	16	1	71	97	165	189	1.6	18.5
SA20160228_MPFEEIDI_00709	SA20160228_MPFEEIDI_00716	22.727	22	17	0	38	59	286	307	3.0	17.7
SA20160228_MPFEEIDI_00709	SA20160228_MPFEEIDI_00715	35.714	28	15	1	61	88	80	104	3.6	17.7
SA20160228_MPFEEIDI_00709	SA20160228_MPFEEIDI_00713	25.000	20	15	0	116	135	181	200	3.9	17.3
SA20160228_MPFEEIDI_00710	SA20160228_MPFEEIDI_00710	100.000	610	0	0	1	610	1	610	0.0	1259
SA20160228_MPFEEIDI_00710	SA20160228_MPFEEIDI_00704	28.571	28	20	0	292	319	444	471	4.4	19.2
SA20160228_MPFEEIDI_00711	SA20160228_MPFEEIDI_00711	100.000	218	0	0	1	218	1	218	1.95e-167	451
SA20160228_MPFEEIDI_00711	SA20160228_MPFEEIDI_00713	28.947	76	54	0	134	209	164	239	9.48e-05	32.0
SA20160228_MPFEEIDI_00711	SA20160228_MPFEEIDI_00704	47.059	17	9	0	136	152	35	51	0.44	20.8
SA20160228_MPFEEIDI_00711	SA20160228_MPFEEIDI_00717	19.444	36	28	1	125	159	70	105	4.3	17.7
SA20160228_MPFEEIDI_00711	SA20160228_MPFEEIDI_00721	26.316	38	28	0	110	147	370	407	7.8	16.9
SA20160228_MPFEEIDI_00712	SA20160228_MPFEEIDI_00712	100.000	74	0	0	1	74	1	74	3.20e-53	150
SA20160228_MPFEEIDI_00712	SA20160228_MPFEEIDI_00716	39.130	23	14	0	32	54	233	255	1.5	16.9
SA20160228_MPFEEIDI_00713	SA20160228_MPFEEIDI_00713	100.000	240	0	0	1	240	1	240	0.0	505
SA20160228_MPFEEIDI_00713	SA20160228_MPFEEIDI_00711	28.947	76	54	0	164	239	134	209	1.04e-04	32.0
SA20160228_MPFEEIDI_00713	SA20160228_MPFEEIDI_00715	23.944	71	45	2	107	168	119	189	0.63	20.4
SA20160228_MPFEEIDI_00713	SA20160228_MPFEEIDI_00720	66.667	9	3	0	90	98	352	360	1.5	19.2
SA20160228_MPFEEIDI_00713	SA20160228_MPFEEIDI_00709	25.000	20	15	0	181	200	116	135	5.2	17.3
SA20160228_MPFEEIDI_00714	SA20160228_MPFEEIDI_00714	100.000	250	0	0	1	250	1	250	0.0	502
SA20160228_MPFEEIDI_00714	SA20160228_MPFEEIDI_00720	46.154	13	7	0	5	17	359	371	1.1	20.0
SA20160228_MPFEEIDI_00714	SA20160228_MPFEEIDI_00716	60.000	10	4	0	46	55	93	102	1.7	19.2
SA20160228_MPFEEIDI_00714	SA20160228_MPFEEIDI_00722	33.333	24	16	0	9	32	221	244	2.7	18.5
SA20160228_MPFEEIDI_00714	SA20160228_MPFEEIDI_00702	42.857	14	8	0	37	50	208	221	8.0	16.9
SA20160228_MPFEEIDI_00715	SA20160228_MPFEEIDI_00715	100.000	222	0	0	1	222	1	222	1.67e-163	441
SA20160228_MPFEEIDI_00715	SA20160228_MPFEEIDI_00713	23.944	71	45	2	119	189	107	168	0.58	20.4
SA20160228_MPFEEIDI_00715	SA20160228_MPFEEIDI_00702	39.130	23	14	0	92	114	122	144	0.90	19.6
SA20160228_MPFEEIDI_00715	SA20160228_MPFEEIDI_00709	35.714	28	15	1	80	104	61	88	4.4	17.7
SA20160228_MPFEEIDI_00715	SA20160228_MPFEEIDI_00700	28.125	32	21	1	102	131	20	51	5.3	16.9
SA20160228_MPFEEIDI_00715	SA20160228_MPFEEIDI_00721	45.455	11	6	0	95	105	341	351	8.3	16.9
SA20160228_MPFEEIDI_00716	SA20160228_MPFEEIDI_00716	100.000	328	0	0	1	328	1	328	0.0	664
SA20160228_MPFEEIDI_00716	SA20160228_MPFEEIDI_00714	60.000	10	4	0	93	102	46	55	2.2	19.2
SA20160228_MPFEEIDI_00716	SA20160228_MPFEEIDI_00717	50.000	14	7	0	295	308	19	32	4.6	18.1
SA20160228_MPFEEIDI_00716	SA20160228_MPFEEIDI_00712	39.130	23	14	0	233	255	32	54	6.5	16.9
SA20160228_MPFEEIDI_00716	SA20160228_MPFEEIDI_00702	25.714	35	26	0	294	328	154	188	9.5	17.3
SA20160228_MPFEEIDI_00717	SA20160228_MPFEEIDI_00717	100.000	266	0	0	1	266	1	266	0.0	531
SA20160228_MPFEEIDI_00717	SA20160228_MPFEEIDI_00701	34.286	35	20	1	122	156	9	40	0.61	20.8
SA20160228_MPFEEIDI_00717	SA20160228_MPFEEIDI_00702	34.783	23	15	0	158	180	112	134	0.98	20.0
SA20160228_MPFEEIDI_00717	SA20160228_MPFEEIDI_00723	32.000	25	17	0	124	148	2	26	1.0	19.6
SA20160228_MPFEEIDI_00717	SA20160228_MPFEEIDI_00700	33.333	30	18	1	199	226	47	76	3.3	17.7
SA20160228_MPFEEIDI_00717	SA20160228_MPFEEIDI_00716	50.000	14	7	0	19	32	295	308	3.8	18.1
SA20160228_MPFEEIDI_00717	SA20160228_MPFEEIDI_00711	19.444	36	28	1	70	105	125	159	5.2	17.7
SA20160228_MPFEEIDI_00718	SA20160228_MPFEEIDI_00718	100.000	183	0	0	1	183	1	183	1.32e-142	385
SA20160228_MPFEEIDI_00718	SA20160228_MPFEEIDI_00720	21.875	64	50	0	75	138	22	85	0.10	22.3
SA20160228_MPFEEIDI_00718	SA20160228_MPFEEIDI_00722	28.788	66	33	3	11	73	362	416	3.7	17.7
SA20160228_MPFEEIDI_00719	SA20160228_MPFEEIDI_00719	100.000	239	0	0	1	239	1	239	4.41e-178	479
SA20160228_MPFEEIDI_00719	SA20160228_MPFEEIDI_00710	50.000	14	7	0	113	126	583	596	8.6	16.9
SA20160228_MPFEEIDI_00719	SA20160228_MPFEEIDI_00722	27.419	62	39	2	137	198	200	255	9.7	16.9
SA20160228_MPFEEIDI_00720	SA20160228_MPFEEIDI_00720	100.000	401	0	0	1	401	1	401	0.0	837
SA20160228_MPFEEIDI_00720	SA20160228_MPFEEIDI_00718	21.875	64	50	0	22	85	75	138	0.22	22.3
SA20160228_MPFEEIDI_00720	SA20160228_MPFEEIDI_00714	46.154	13	7	0	359	371	5	17	1.7	20.0
SA20160228_MPFEEIDI_00720	SA20160228_MPFEEIDI_00713	66.667	9	3	0	352	360	90	98	2.6	19.2
SA20160228_MPFEEIDI_00720	SA20160228_MPFEEIDI_00700	37.500	16	10	0	91	106	29	44	2.7	18.5
SA20160228_MPFEEIDI_00720	SA20160228_MPFEEIDI_00704	45.000	20	8	1	174	190	436	455	4.2	18.9
SA20160228_MPFEEIDI_00720	SA20160228_MPFEEIDI_00722	50.000	14	7	0	342	355	17	30	6.0	18.1
SA20160228_MPFEEIDI_00720	SA20160228_MPFEEIDI_00721	57.143	14	6	0	213	226	467	480	7.1	18.1
SA20160228_MPFEEIDI_00721	SA20160228_MPFEEIDI_00721	100.000	493	0	0	1	493	1	493	0.0	969
SA20160228_MPFEEIDI_00721	SA20160228_MPFEEIDI_00720	57.143	14	6	0	467	480	213	226	9.4	18.1
SA20160228_MPFEEIDI_00722	SA20160228_MPFEEIDI_00722	100.000	467	0	0	1	467	1	467	0.0	922
SA20160228_MPFEEIDI_00722	SA20160228_MPFEEIDI_00723	39.286	28	15	1	146	171	46	73	1.6	20.0
SA20160228_MPFEEIDI_00722	SA20160228_MPFEEIDI_00714	33.333	24	16	0	221	244	9	32	5.0	18.5
SA20160228_MPFEEIDI_00722	SA20160228_MPFEEIDI_00720	50.000	14	7	0	17	30	342	355	7.1	18.1
SA20160228_MPFEEIDI_00723	SA20160228_MPFEEIDI_00723	100.000	135	0	0	1	135	1	135	3.35e-99	271
SA20160228_MPFEEIDI_00723	SA20160228_MPFEEIDI_00722	39.286	28	15	1	46	73	146	171	0.46	20.0
SA20160228_MPFEEIDI_00723	SA20160228_MPFEEIDI_00717	32.000	25	17	0	2	26	124	148	0.53	19.6
SA20160228_MPFEEIDI_00723	SA20160228_MPFEEIDI_00710	35.294	34	20	2	27	60	254	285	5.5	16.5
SA20160228_MPFEEIDI_00723	SA20160228_MPFEEIDI_00714	60.000	10	4	0	30	39	166	175	6.9	16.2
SA20160228_MPFEEIDI_00723	SA20160228_MPFEEIDI_00702	31.034	29	17	1	103	128	22	50	7.6	16.2
SA20160170_CHGPAPHK_00700	SA20160170_CHGPAPHK_00700	100.000	79	0	0	1	79	1	79	1.67e-57	162
SA20160170_CHGPAPHK_00700	SA20160170_CHGPAPHK_00720	37.500	16	10	0	29	44	91	106	0.54	18.5
SA20160170_CHGPAPHK_00700	SA20160170_CHGPAPHK_00717	33.333	30	18	1	47	76	199	226	0.97	17.7
SA20160170_CHGPAPHK_00700	SA20160170_CHGPAPHK_00715	28.125	32	21	1	20	51	102	131	1.9	16.9
SA20160170_CHGPAPHK_00700	SA20160170_CHGPAPHK_00710	29.412	17	12	0	34	50	349	365	9.4	15.0
SA20160170_CHGPAPHK_00701	SA20160170_CHGPAPHK_00701	100.000	422	0	0	1	422	1	422	0.0	826
SA20160170_CHGPAPHK_00701	SA20160170_CHGPAPHK_00717	34.286	35	20	1	9	40	122	156	0.98	20.8
SA20160170_CHGPAPHK_00701	SA20160170_CHGPAPHK_00709	32.143	56	28	4	312	363	107	156	1.8	19.6
SA20160170_CHGPAPHK_00701	SA20160170_CHGPAPHK_00704	24.242	66	39	2	342	407	357	411	6.1	18.5
SA20160170_CHGPAPHK_00702	SA20160170_CHGPAPHK_00702	100.000	221	0	0	1	221	1	221	2.65e-170	458
SA20160170_CHGPAPHK_00702	SA20160170_CHGPAPHK_00717	34.783	23	15	0	112	134	158	180	0.81	20.0
SA20160170_CHGPAPHK_00702	SA20160170_CHGPAPHK_00715	39.130	23	14	0	122	144	92	114	0.89	19.6
SA20160170_CHGPAPHK_00702	SA20160170_CHGPAPHK_00709	33.333	27	16	1	165	189	71	97	2.0	18.5
SA20160170_CHGPAPHK_00702	SA20160170_CHGPAPHK_00716	25.714	35	26	0	154	188	294	328	6.4	17.3
SA20160170_CHGPAPHK_00702	SA20160170_CHGPAPHK_00714	42.857	14	8	0	208	221	37	50	7.1	16.9
SA20160170_CHGPAPHK_00702	SA20160170_CHGPAPHK_00704	50.000	12	6	0	204	215	180	191	9.7	16.5
SA20160170_CHGPAPHK_00703	SA20160170_CHGPAPHK_00703	100.000	108	0	0	1	108	1	108	1.26e-80	222
SA20160170_CHGPAPHK_00703	SA20160170_CHGPAPHK_00710	43.750	16	9	0	57	72	497	512	3.8	16.5
SA20160170_CHGPAPHK_00703	SA20160170_CHGPAPHK_00701	40.000	10	6	0	57	66	378	387	8.0	15.8
SA20160170_CHGPAPHK_00704	SA20160170_CHGPAPHK_00704	100.000	477	0	0	1	477	1	477	0.0	998
SA20160170_CHGPAPHK_00704	SA20160170_CHGPAPHK_00711	47.059	17	9	0	35	51	136	152	0.95	20.8
SA20160170_CHGPAPHK_00704	SA20160170_CHGPAPHK_00710	28.571	28	20	0	444	471	292	319	3.4	19.2
SA20160170_CHGPAPHK_00704	SA20160170_CHGPAPHK_00720	45.000	20	8	1	436	455	174	190	4.9	18.9
SA20160170_CHGPAPHK_00704	SA20160170_CHGPAPHK_00701	24.242	66	39	2	357	411	342	407	6.9	18.5
SA20160170_CHGPAPHK_00705	SA20160170_CHGPAPHK_00705	100.000	94	0	0	1	94	1	94	8.25e-70	194
SA20160170_CHGPAPHK_00705	SA20160170_CHGPAPHK_00721	83.333	6	1	0	1	6	308	313	4.3	16.2
SA20160170_CHGPAPHK_00705	SA20160170_CHGPAPHK_00704	35.294	17	11	0	18	34	443	459	4.9	16.2
SA20160170_CHGPAPHK_00705	SA20160170_CHGPAPHK_00720	25.000	24	18	0	37	60	363	386	6.5	15.8
SA20160170_CHGPAPHK_00709	SA20160170_CHGPAPHK_00709	100.000	182	0	0	1	182	1	182	2.60e-133	361
SA20160170_CHGPAPHK_00709	SA20160170_CHGPAPHK_00701	32.143	56	28	4	107	156	312	363	0.79	19.6
SA20160170_CHGPAPHK_00709	SA20160170_CHGPAPHK_00702	33.333	27	16	1	71	97	165	189	1.6	18.5
SA20160170_CHGPAPHK_00709	SA20160170_CHGPAPHK_00716	22.727	22	17	0	38	59	286	307	3.0	17.7
SA20160170_CHGPAPHK_00709	SA20160170_CHGPAPHK_00715	35.714	28	15	1	61	88	80	104	3.6	17.7
SA20160170_CHGPAPHK_00709	SA20160170_CHGPAPHK_00713	25.000	20	15	0	116	135	181	200	3.9	17.3
SA20160170_CHGPAPHK_00710	SA20160170_CHGPAPHK_00710	100.000	610	0	0	1	610	1	610	0.0	1259
SA20160170_CHGPAPHK_00710	SA20160170_CHGPAPHK_00704	28.571	28	20	0	292	319	444	471	4.4	19.2
SA20160170_CHGPAPHK_00711	SA20160170_CHGPAPHK_00711	100.000	218	0	0	1	218	1	218	1.95e-167	451
SA20160170_CHGPAPHK_00711	SA20160170_CHGPAPHK_00713	28.947	76	54	0	134	209	164	239	9.48e-05	32.0
SA20160170_CHGPAPHK_00711	SA20160170_CHGPAPHK_00704	47.059	17	9	0	136	152	35	51	0.44	20.8
SA20160170_CHGPAPHK_00711	SA20160170_CHGPAPHK_00717	19.444	36	28	1	125	159	70	105	4.3	17.7
SA20160170_CHGPAPHK_00711	SA20160170_CHGPAPHK_00721	26.316	38	28	0	110	147	370	407	7.8	16.9
SA20160170_CHGPAPHK_00712	SA20160170_CHGPAPHK_00712	100.000	74	0	0	1	74	1	74	3.20e-53	150
SA20160170_CHGPAPHK_00712	SA20160170_CHGPAPHK_00716	39.130	23	14	0	32	54	233	255	1.5	16.9
SA20160170_CHGPAPHK_00713	SA20160170_CHGPAPHK_00713	100.000	240	0	0	1	240	1	240	0.0	505
SA20160170_CHGPAPHK_00713	SA20160170_CHGPAPHK_00711	28.947	76	54	0	164	239	134	209	1.04e-04	32.0
SA20160170_CHGPAPHK_00713	SA20160170_CHGPAPHK_00715	23.944	71	45	2	107	168	119	189	0.63	20.4
SA20160170_CHGPAPHK_00713	SA20160170_CHGPAPHK_00720	66.667	9	3	0	90	98	352	360	1.5	19.2
SA20160170_CHGPAPHK_00713	SA20160170_CHGPAPHK_00709	25.000	20	15	0	181	200	116	135	5.2	17.3
SA20160170_CHGPAPHK_00714	SA20160170_CHGPAPHK_00714	100.000	250	0	0	1	250	1	250	0.0	502
SA20160170_CHGPAPHK_00714	SA20160170_CHGPAPHK_00720	46.154	13	7	0	5	17	359	371	1.1	20.0
SA20160170_CHGPAPHK_00714	SA20160170_CHGPAPHK_00716	60.000	10	4	0	46	55	93	102	1.7	19.2
SA20160170_CHGPAPHK_00714	SA20160170_CHGPAPHK_00722	33.333	24	16	0	9	32	221	244	2.7	18.5
SA20160170_CHGPAPHK_00714	SA20160170_CHGPAPHK_00702	42.857	14	8	0	37	50	208	221	8.0	16.9
SA20160170_CHGPAPHK_00715	SA20160170_CHGPAPHK_00715	100.000	222	0	0	1	222	1	222	1.67e-163	441
SA20160170_CHGPAPHK_00715	SA20160170_CHGPAPHK_00713	23.944	71	45	2	119	189	107	168	0.58	20.4
SA20160170_CHGPAPHK_00715	SA20160170_CHGPAPHK_00702	39.130	23	14	0	92	114	122	144	0.90	19.6
SA20160170_CHGPAPHK_00715	SA20160170_CHGPAPHK_00709	35.714	28	15	1	80	104	61	88	4.4	17.7
SA20160170_CHGPAPHK_00715	SA20160170_CHGPAPHK_00700	28.125	32	21	1	102	131	20	51	5.3	16.9
SA20160170_CHGPAPHK_00715	SA20160170_CHGPAPHK_00721	45.455	11	6	0	95	105	341	351	8.3	16.9
SA20160170_CHGPAPHK_00716	SA20160170_CHGPAPHK_00716	100.000	328	0	0	1	328	1	328	0.0	664
SA20160170_CHGPAPHK_00716	SA20160170_CHGPAPHK_00714	60.000	10	4	0	93	102	46	55	2.2	19.2
SA20160170_CHGPAPHK_00716	SA20160170_CHGPAPHK_00717	50.000	14	7	0	295	308	19	32	4.6	18.1
SA20160170_CHGPAPHK_00716	SA20160170_CHGPAPHK_00712	39.130	23	14	0	233	255	32	54	6.5	16.9
SA20160170_CHGPAPHK_00716	SA20160170_CHGPAPHK_00702	25.714	35	26	0	294	328	154	188	9.5	17.3
SA20160170_CHGPAPHK_00717	SA20160170_CHGPAPHK_00717	100.000	266	0	0	1	266	1	266	0.0	531
SA20160170_CHGPAPHK_00717	SA20160170_CHGPAPHK_00701	34.286	35	20	1	122	156	9	40	0.61	20.8
SA20160170_CHGPAPHK_00717	SA20160170_CHGPAPHK_00702	34.783	23	15	0	158	180	112	134	0.98	20.0
SA20160170_CHGPAPHK_00717	SA20160170_CHGPAPHK_00723	32.000	25	17	0	124	148	2	26	1.0	19.6
SA20160170_CHGPAPHK_00717	SA20160170_CHGPAPHK_00700	33.333	30	18	1	199	226	47	76	3.3	17.7
SA20160170_CHGPAPHK_00717	SA20160170_CHGPAPHK_00716	50.000	14	7	0	19	32	295	308	3.8	18.1
SA20160170_CHGPAPHK_00717	SA20160170_CHGPAPHK_00711	19.444	36	28	1	70	105	125	159	5.2	17.7
SA20160170_CHGPAPHK_00718	SA20160170_CHGPAPHK_00718	100.000	183	0	0	1	183	1	183	1.32e-142	385
SA20160170_CHGPAPHK_00718	SA20160170_CHGPAPHK_00720	21.875	64	50	0	75	138	22	85	0.10	22.3
SA20160170_CHGPAPHK_00718	SA20160170_CHGPAPHK_00722	28.788	66	33	3	11	73	362	416	3.7	17.7
SA20160170_CHGPAPHK_00719	SA20160170_CHGPAPHK_00719	100.000	239	0	0	1	239	1	239	4.41e-178	479
SA20160170_CHGPAPHK_00719	SA20160170_CHGPAPHK_00710	50.000	14	7	0	113	126	583	596	8.6	16.9
SA20160170_CHGPAPHK_00719	SA20160170_CHGPAPHK_00722	27.419	62	39	2	137	198	200	255	9.7	16.9
SA20160170_CHGPAPHK_00720	SA20160170_CHGPAPHK_00720	100.000	401	0	0	1	401	1	401	0.0	837
SA20160170_CHGPAPHK_00720	SA20160170_CHGPAPHK_00718	21.875	64	50	0	22	85	75	138	0.22	22.3
SA20160170_CHGPAPHK_00720	SA20160170_CHGPAPHK_00714	46.154	13	7	0	359	371	5	17	1.7	20.0
SA20160170_CHGPAPHK_00720	SA20160170_CHGPAPHK_00713	66.667	9	3	0	352	360	90	98	2.6	19.2
SA20160170_CHGPAPHK_00720	SA20160170_CHGPAPHK_00700	37.500	16	10	0	91	106	29	44	2.7	18.5
SA20160170_CHGPAPHK_00720	SA20160170_CHGPAPHK_00704	45.000	20	8	1	174	190	436	455	4.2	18.9
SA20160170_CHGPAPHK_00720	SA20160170_CHGPAPHK_00722	50.000	14	7	0	342	355	17	30	6.0	18.1
SA20160170_CHGPAPHK_00720	SA20160170_CHGPAPHK_00721	57.143	14	6	0	213	226	467	480	7.1	18.1
SA20160170_CHGPAPHK_00721	SA20160170_CHGPAPHK_00721	100.000	493	0	0	1	493	1	493	0.0	969
SA20160170_CHGPAPHK_00721	SA20160170_CHGPAPHK_00720	57.143	14	6	0	467	480	213	226	9.4	18.1
SA20160170_CHGPAPHK_00722	SA20160170_CHGPAPHK_00722	100.000	467	0	0	1	467	1	467	0.0	922
SA20160170_CHGPAPHK_00722	SA20160170_CHGPAPHK_00723	39.286	28	15	1	146	171	46	73	1.6	20.0
SA20160170_CHGPAPHK_00722	SA20160170_CHGPAPHK_00714	33.333	24	16	0	221	244	9	32	5.0	18.5
SA20160170_CHGPAPHK_00722	SA20160170_CHGPAPHK_00720	50.000	14	7	0	17	30	342	355	7.1	18.1
SA20160170_CHGPAPHK_00723	SA20160170_CHGPAPHK_00723	100.000	135	0	0	1	135	1	135	3.35e-99	271
SA20160170_CHGPAPHK_00723	SA20160170_CHGPAPHK_00722	39.286	28	15	1	46	73	146	171	0.46	20.0
SA20160170_CHGPAPHK_00723	SA20160170_CHGPAPHK_00717	32.000	25	17	0	2	26	124	148	0.53	19.6
SA20160170_CHGPAPHK_00723	SA20160170_CHGPAPHK_00710	35.294	34	20	2	27	60	254	285	5.5	16.5
SA20160170_CHGPAPHK_00723	SA20160170_CHGPAPHK_00714	60.000	10	4	0	30	39	166	175	6.9	16.2
SA20160170_CHGPAPHK_00723	SA20160170_CHGPAPHK_00702	31.034	29	17	1	103	128	22	50	7.6	16.2
