SA20153983_GBAKOBEN_01863	SA20160323_HIEPLBCK_00839	25.000	52	28	2	3	54	163	203	2.4	18.1
SA20153983_GBAKOBEN_01863	SA20160323_HIEPLBCK_00849	85.714	7	1	0	57	63	313	319	2.6	18.1
SA20153983_GBAKOBEN_01863	SA20160323_HIEPLBCK_00829	32.000	25	13	1	97	121	116	136	4.8	17.3
SA20153983_GBAKOBEN_01863	SA20160323_HIEPLBCK_00833	40.000	20	5	1	114	133	51	63	5.8	16.9
SA20153983_GBAKOBEN_01863	SA20160323_HIEPLBCK_00834	32.143	28	14	1	54	76	292	319	8.7	16.2
SA20153983_GBAKOBEN_01864	SA20160323_HIEPLBCK_00850	100.000	79	0	0	1	79	1	79	1.67e-57	162
SA20153983_GBAKOBEN_01864	SA20160323_HIEPLBCK_00830	37.500	16	10	0	29	44	91	106	0.49	18.5
SA20153983_GBAKOBEN_01864	SA20160323_HIEPLBCK_00833	33.333	30	18	1	47	76	199	226	0.97	17.7
SA20153983_GBAKOBEN_01864	SA20160323_HIEPLBCK_00835	28.125	32	21	1	20	51	102	131	1.9	16.9
SA20153983_GBAKOBEN_01864	SA20160323_HIEPLBCK_00840	29.412	17	12	0	34	50	349	365	9.2	15.0
SA20153983_GBAKOBEN_01865	SA20160323_HIEPLBCK_00849	100.000	422	0	0	1	422	1	422	0.0	826
SA20153983_GBAKOBEN_01865	SA20160323_HIEPLBCK_00833	34.286	35	20	1	9	40	122	156	0.98	20.8
SA20153983_GBAKOBEN_01865	SA20160323_HIEPLBCK_00841	32.143	56	28	4	312	363	107	156	1.8	19.6
SA20153983_GBAKOBEN_01865	SA20160323_HIEPLBCK_00846	24.242	66	39	2	342	407	357	411	5.6	18.5
SA20153983_GBAKOBEN_01866	SA20160323_HIEPLBCK_00848	100.000	221	0	0	1	221	1	221	3.80e-170	458
SA20153983_GBAKOBEN_01866	SA20160323_HIEPLBCK_00833	34.783	23	15	0	112	134	158	180	0.83	20.0
SA20153983_GBAKOBEN_01866	SA20160323_HIEPLBCK_00835	39.130	23	14	0	122	144	92	114	0.90	19.6
SA20153983_GBAKOBEN_01866	SA20160323_HIEPLBCK_00841	33.333	27	16	1	165	189	71	97	2.0	18.5
SA20153983_GBAKOBEN_01866	SA20160323_HIEPLBCK_00834	25.714	35	26	0	154	188	294	328	6.4	17.3
SA20153983_GBAKOBEN_01866	SA20160323_HIEPLBCK_00836	42.857	14	8	0	208	221	37	50	6.9	16.9
SA20153983_GBAKOBEN_01866	SA20160323_HIEPLBCK_00846	50.000	12	6	0	204	215	180	191	10.0	16.5
SA20153983_GBAKOBEN_01867	SA20160323_HIEPLBCK_00847	100.000	108	0	0	1	108	1	108	1.26e-80	222
SA20153983_GBAKOBEN_01867	SA20160323_HIEPLBCK_00840	43.750	16	9	0	57	72	497	512	3.7	16.9
SA20153983_GBAKOBEN_01867	SA20160323_HIEPLBCK_00849	40.000	10	6	0	57	66	378	387	8.0	15.8
SA20153983_GBAKOBEN_01868	SA20160323_HIEPLBCK_00846	98.742	477	6	0	1	477	1	477	0.0	984
SA20153983_GBAKOBEN_01868	SA20160323_HIEPLBCK_00839	47.059	17	9	0	35	51	136	152	0.97	20.8
SA20153983_GBAKOBEN_01868	SA20160323_HIEPLBCK_00840	28.571	28	20	0	444	471	292	319	3.2	19.2
SA20153983_GBAKOBEN_01868	SA20160323_HIEPLBCK_00830	45.000	20	8	1	436	455	174	190	5.0	18.9
SA20153983_GBAKOBEN_01868	SA20160323_HIEPLBCK_00849	24.242	66	39	2	357	411	342	407	6.7	18.5
SA20153983_GBAKOBEN_01872	SA20160323_HIEPLBCK_00841	100.000	182	0	0	1	182	1	182	2.60e-133	361
SA20153983_GBAKOBEN_01872	SA20160323_HIEPLBCK_00849	32.143	56	28	4	107	156	312	363	0.79	19.6
SA20153983_GBAKOBEN_01872	SA20160323_HIEPLBCK_00848	33.333	27	16	1	71	97	165	189	1.6	18.5
SA20153983_GBAKOBEN_01872	SA20160323_HIEPLBCK_00834	22.727	22	17	0	38	59	286	307	3.0	17.7
SA20153983_GBAKOBEN_01872	SA20160323_HIEPLBCK_00835	35.714	28	15	1	61	88	80	104	3.6	17.7
SA20153983_GBAKOBEN_01872	SA20160323_HIEPLBCK_00837	25.000	20	15	0	116	135	181	200	4.0	17.3
SA20153983_GBAKOBEN_01873	SA20160323_HIEPLBCK_00840	99.836	610	1	0	1	610	1	610	0.0	1256
SA20153983_GBAKOBEN_01873	SA20160323_HIEPLBCK_00846	28.571	28	20	0	292	319	444	471	4.2	19.2
SA20153983_GBAKOBEN_01874	SA20160323_HIEPLBCK_00839	100.000	218	0	0	1	218	1	218	1.96e-167	451
SA20153983_GBAKOBEN_01874	SA20160323_HIEPLBCK_00837	28.947	76	54	0	134	209	164	239	7.55e-05	32.3
SA20153983_GBAKOBEN_01874	SA20160323_HIEPLBCK_00846	47.059	17	9	0	136	152	35	51	0.45	20.8
SA20153983_GBAKOBEN_01874	SA20160323_HIEPLBCK_00829	25.843	89	55	3	21	103	223	306	5.3	17.3
SA20153983_GBAKOBEN_01874	SA20160323_HIEPLBCK_00833	19.444	36	28	1	125	159	70	105	6.2	17.3
SA20153983_GBAKOBEN_01874	SA20160323_HIEPLBCK_00849	33.333	12	8	0	188	199	209	220	8.6	16.9
SA20153983_GBAKOBEN_01875	SA20160323_HIEPLBCK_00838	100.000	74	0	0	1	74	1	74	3.20e-53	150
SA20153983_GBAKOBEN_01875	SA20160323_HIEPLBCK_00834	39.130	23	14	0	32	54	233	255	1.5	16.9
SA20153983_GBAKOBEN_01876	SA20160323_HIEPLBCK_00837	99.583	240	1	0	1	240	1	240	0.0	503
SA20153983_GBAKOBEN_01876	SA20160323_HIEPLBCK_00839	28.947	76	54	0	164	239	134	209	1.04e-04	32.0
SA20153983_GBAKOBEN_01876	SA20160323_HIEPLBCK_00830	50.000	12	6	0	88	99	350	361	0.36	21.2
SA20153983_GBAKOBEN_01876	SA20160323_HIEPLBCK_00835	23.944	71	45	2	107	168	119	189	0.63	20.4
SA20153983_GBAKOBEN_01876	SA20160323_HIEPLBCK_00841	25.000	20	15	0	181	200	116	135	5.2	17.3
SA20153983_GBAKOBEN_01877	SA20160323_HIEPLBCK_00836	98.800	250	3	0	1	250	1	250	0.0	497
SA20153983_GBAKOBEN_01877	SA20160323_HIEPLBCK_00834	60.000	10	4	0	46	55	93	102	1.7	19.2
SA20153983_GBAKOBEN_01877	SA20160323_HIEPLBCK_00828	33.333	24	16	0	9	32	221	244	2.8	18.5
SA20153983_GBAKOBEN_01877	SA20160323_HIEPLBCK_00830	38.462	13	8	0	5	17	359	371	5.4	17.7
SA20153983_GBAKOBEN_01877	SA20160323_HIEPLBCK_00848	42.857	14	8	0	37	50	208	221	7.9	16.9
SA20153983_GBAKOBEN_01878	SA20160323_HIEPLBCK_00835	100.000	222	0	0	1	222	1	222	1.67e-163	441
SA20153983_GBAKOBEN_01878	SA20160323_HIEPLBCK_00848	39.130	23	14	0	92	114	122	144	0.90	19.6
SA20153983_GBAKOBEN_01878	SA20160323_HIEPLBCK_00837	24.638	69	43	2	119	187	107	166	0.92	19.6
SA20153983_GBAKOBEN_01878	SA20160323_HIEPLBCK_00841	35.714	28	15	1	80	104	61	88	4.4	17.7
SA20153983_GBAKOBEN_01878	SA20160323_HIEPLBCK_00850	28.125	32	21	1	102	131	20	51	5.3	16.9
SA20153983_GBAKOBEN_01878	SA20160323_HIEPLBCK_00829	45.455	11	6	0	95	105	343	353	8.3	16.9
SA20153983_GBAKOBEN_01879	SA20160323_HIEPLBCK_00834	100.000	328	0	0	1	328	1	328	0.0	664
SA20153983_GBAKOBEN_01879	SA20160323_HIEPLBCK_00836	60.000	10	4	0	93	102	46	55	2.2	19.2
SA20153983_GBAKOBEN_01879	SA20160323_HIEPLBCK_00833	50.000	14	7	0	295	308	19	32	4.4	18.5
SA20153983_GBAKOBEN_01879	SA20160323_HIEPLBCK_00838	39.130	23	14	0	233	255	32	54	6.5	16.9
SA20153983_GBAKOBEN_01879	SA20160323_HIEPLBCK_00840	36.842	19	12	0	310	328	268	286	9.4	17.3
SA20153983_GBAKOBEN_01879	SA20160323_HIEPLBCK_00848	25.714	35	26	0	294	328	154	188	9.5	17.3
SA20153983_GBAKOBEN_01880	SA20160323_HIEPLBCK_00833	98.872	266	3	0	1	266	1	266	0.0	527
SA20153983_GBAKOBEN_01880	SA20160323_HIEPLBCK_00849	34.286	35	20	1	122	156	9	40	0.62	20.8
SA20153983_GBAKOBEN_01880	SA20160323_HIEPLBCK_00848	34.783	23	15	0	158	180	112	134	1.0	20.0
SA20153983_GBAKOBEN_01880	SA20160323_HIEPLBCK_00827	32.000	25	17	0	124	148	2	26	1.0	19.6
SA20153983_GBAKOBEN_01880	SA20160323_HIEPLBCK_00831	28.571	42	24	2	159	194	145	186	2.2	18.9
SA20153983_GBAKOBEN_01880	SA20160323_HIEPLBCK_00850	33.333	30	18	1	199	226	47	76	3.3	17.7
SA20153983_GBAKOBEN_01880	SA20160323_HIEPLBCK_00834	50.000	14	7	0	19	32	295	308	3.8	18.1
SA20153983_GBAKOBEN_01880	SA20160323_HIEPLBCK_00839	19.444	36	28	1	70	105	125	159	5.2	17.7
SA20153983_GBAKOBEN_01881	SA20160323_HIEPLBCK_00832	100.000	183	0	0	1	183	1	183	1.32e-142	385
SA20153983_GBAKOBEN_01881	SA20160323_HIEPLBCK_00830	21.875	64	50	0	75	138	22	85	0.098	22.7
SA20153983_GBAKOBEN_01881	SA20160323_HIEPLBCK_00828	28.788	66	33	3	11	73	362	416	3.7	17.7
SA20153983_GBAKOBEN_01882	SA20160323_HIEPLBCK_00831	100.000	239	0	0	1	239	1	239	4.41e-178	479
SA20153983_GBAKOBEN_01882	SA20160323_HIEPLBCK_00833	28.571	42	24	2	145	186	159	194	1.8	18.9
SA20153983_GBAKOBEN_01882	SA20160323_HIEPLBCK_00840	50.000	14	7	0	113	126	583	596	8.8	16.9
SA20153983_GBAKOBEN_01882	SA20160323_HIEPLBCK_00828	27.419	62	39	2	137	198	200	255	9.7	16.9
SA20153983_GBAKOBEN_01883	SA20160323_HIEPLBCK_00830	85.037	401	60	0	1	401	1	401	0.0	719
SA20153983_GBAKOBEN_01883	SA20160323_HIEPLBCK_00828	50.000	18	9	0	76	93	350	367	0.65	21.2
SA20153983_GBAKOBEN_01883	SA20160323_HIEPLBCK_00836	46.154	13	7	0	359	371	5	17	1.8	19.6
SA20153983_GBAKOBEN_01883	SA20160323_HIEPLBCK_00837	66.667	9	3	0	352	360	90	98	2.4	19.2
SA20153983_GBAKOBEN_01883	SA20160323_HIEPLBCK_00832	20.312	64	51	0	22	85	75	138	8.6	17.7
SA20153983_GBAKOBEN_01884	SA20160323_HIEPLBCK_00829	78.571	196	37	2	1	196	1	191	2.08e-96	291
SA20153983_GBAKOBEN_01884	SA20160323_HIEPLBCK_00840	27.419	62	41	2	173	234	415	472	0.094	24.6
SA20153983_GBAKOBEN_01884	SA20160323_HIEPLBCK_00832	24.324	37	28	0	377	413	28	64	3.1	19.2
SA20153983_GBAKOBEN_01884	SA20160323_HIEPLBCK_00846	46.667	15	8	0	299	313	416	430	3.8	19.2
SA20153983_GBAKOBEN_01884	SA20160323_HIEPLBCK_00830	57.143	14	6	0	479	492	213	226	7.4	18.5
SA20153983_GBAKOBEN_01884	SA20160323_HIEPLBCK_00828	42.424	33	14	2	242	269	61	93	8.4	18.1
SA20153983_GBAKOBEN_01885	SA20160323_HIEPLBCK_00828	78.846	468	98	1	1	468	1	467	0.0	716
SA20153983_GBAKOBEN_01885	SA20160323_HIEPLBCK_00827	31.034	58	28	2	154	199	56	113	1.7	19.6
SA20153983_GBAKOBEN_01885	SA20160323_HIEPLBCK_00836	26.087	23	17	0	441	463	73	95	3.6	19.2
SA20153983_GBAKOBEN_01885	SA20160323_HIEPLBCK_00840	50.000	24	11	1	23	46	360	382	8.7	18.1
SA20153983_GBAKOBEN_01886	SA20160323_HIEPLBCK_00827	100.000	135	0	0	1	135	1	135	3.35e-99	271
SA20153983_GBAKOBEN_01886	SA20160323_HIEPLBCK_00828	39.286	28	15	1	46	73	146	171	0.46	20.0
SA20153983_GBAKOBEN_01886	SA20160323_HIEPLBCK_00833	32.000	25	17	0	2	26	124	148	0.54	19.6
SA20153983_GBAKOBEN_01886	SA20160323_HIEPLBCK_00840	35.294	34	20	2	27	60	254	285	5.5	16.5
SA20153983_GBAKOBEN_01886	SA20160323_HIEPLBCK_00836	60.000	10	4	0	30	39	166	175	6.8	16.2
SA20153983_GBAKOBEN_01886	SA20160323_HIEPLBCK_00848	31.034	29	17	1	103	128	22	50	8.2	16.2
SA20160323_HIEPLBCK_00827	SA20160323_HIEPLBCK_00827	100.000	135	0	0	1	135	1	135	3.35e-99	271
SA20160323_HIEPLBCK_00827	SA20160323_HIEPLBCK_00828	39.286	28	15	1	46	73	146	171	0.46	20.0
SA20160323_HIEPLBCK_00827	SA20160323_HIEPLBCK_00833	32.000	25	17	0	2	26	124	148	0.54	19.6
SA20160323_HIEPLBCK_00827	SA20160323_HIEPLBCK_00840	35.294	34	20	2	27	60	254	285	5.5	16.5
SA20160323_HIEPLBCK_00827	SA20160323_HIEPLBCK_00836	60.000	10	4	0	30	39	166	175	6.8	16.2
SA20160323_HIEPLBCK_00827	SA20160323_HIEPLBCK_00848	31.034	29	17	1	103	128	22	50	8.2	16.2
SA20160323_HIEPLBCK_00828	SA20160323_HIEPLBCK_00828	100.000	467	0	0	1	467	1	467	0.0	922
SA20160323_HIEPLBCK_00828	SA20160323_HIEPLBCK_00827	39.286	28	15	1	146	171	46	73	1.6	20.0
SA20160323_HIEPLBCK_00828	SA20160323_HIEPLBCK_00836	33.333	24	16	0	221	244	9	32	5.2	18.5
SA20160323_HIEPLBCK_00829	SA20160323_HIEPLBCK_00829	100.000	495	0	0	1	495	1	495	0.0	971
SA20160323_HIEPLBCK_00829	SA20160323_HIEPLBCK_00830	57.143	14	6	0	469	482	213	226	9.7	18.1
SA20160323_HIEPLBCK_00830	SA20160323_HIEPLBCK_00830	100.000	401	0	0	1	401	1	401	0.0	837
SA20160323_HIEPLBCK_00830	SA20160323_HIEPLBCK_00832	21.875	64	50	0	22	85	75	138	0.22	22.7
SA20160323_HIEPLBCK_00830	SA20160323_HIEPLBCK_00837	50.000	12	6	0	350	361	88	99	0.61	21.2
SA20160323_HIEPLBCK_00830	SA20160323_HIEPLBCK_00850	37.500	16	10	0	91	106	29	44	2.5	18.5
SA20160323_HIEPLBCK_00830	SA20160323_HIEPLBCK_00846	45.000	20	8	1	174	190	436	455	4.2	18.9
SA20160323_HIEPLBCK_00830	SA20160323_HIEPLBCK_00829	57.143	14	6	0	213	226	469	482	7.8	18.1
SA20160323_HIEPLBCK_00830	SA20160323_HIEPLBCK_00828	28.125	32	23	0	151	182	215	246	8.6	17.7
SA20160323_HIEPLBCK_00830	SA20160323_HIEPLBCK_00836	38.462	13	8	0	359	371	5	17	9.5	17.7
SA20160323_HIEPLBCK_00831	SA20160323_HIEPLBCK_00831	100.000	239	0	0	1	239	1	239	4.41e-178	479
SA20160323_HIEPLBCK_00831	SA20160323_HIEPLBCK_00840	50.000	14	7	0	113	126	583	596	8.8	16.9
SA20160323_HIEPLBCK_00831	SA20160323_HIEPLBCK_00828	27.419	62	39	2	137	198	200	255	9.7	16.9
SA20160323_HIEPLBCK_00832	SA20160323_HIEPLBCK_00832	100.000	183	0	0	1	183	1	183	1.32e-142	385
SA20160323_HIEPLBCK_00832	SA20160323_HIEPLBCK_00830	21.875	64	50	0	75	138	22	85	0.098	22.7
SA20160323_HIEPLBCK_00832	SA20160323_HIEPLBCK_00828	28.788	66	33	3	11	73	362	416	3.7	17.7
SA20160323_HIEPLBCK_00833	SA20160323_HIEPLBCK_00833	100.000	266	0	0	1	266	1	266	0.0	531
SA20160323_HIEPLBCK_00833	SA20160323_HIEPLBCK_00849	34.286	35	20	1	122	156	9	40	0.62	20.8
SA20160323_HIEPLBCK_00833	SA20160323_HIEPLBCK_00848	34.783	23	15	0	158	180	112	134	0.99	20.0
SA20160323_HIEPLBCK_00833	SA20160323_HIEPLBCK_00827	32.000	25	17	0	124	148	2	26	1.1	19.6
SA20160323_HIEPLBCK_00833	SA20160323_HIEPLBCK_00850	33.333	30	18	1	199	226	47	76	3.3	17.7
SA20160323_HIEPLBCK_00833	SA20160323_HIEPLBCK_00834	50.000	14	7	0	19	32	295	308	3.6	18.5
SA20160323_HIEPLBCK_00833	SA20160323_HIEPLBCK_00839	19.444	36	28	1	70	105	125	159	7.5	17.3
SA20160323_HIEPLBCK_00834	SA20160323_HIEPLBCK_00834	100.000	328	0	0	1	328	1	328	0.0	664
SA20160323_HIEPLBCK_00834	SA20160323_HIEPLBCK_00836	60.000	10	4	0	93	102	46	55	2.2	19.2
SA20160323_HIEPLBCK_00834	SA20160323_HIEPLBCK_00833	50.000	14	7	0	295	308	19	32	4.4	18.5
SA20160323_HIEPLBCK_00834	SA20160323_HIEPLBCK_00838	39.130	23	14	0	233	255	32	54	6.5	16.9
SA20160323_HIEPLBCK_00834	SA20160323_HIEPLBCK_00840	36.842	19	12	0	310	328	268	286	9.4	17.3
SA20160323_HIEPLBCK_00834	SA20160323_HIEPLBCK_00848	25.714	35	26	0	294	328	154	188	9.5	17.3
SA20160323_HIEPLBCK_00835	SA20160323_HIEPLBCK_00835	100.000	222	0	0	1	222	1	222	1.67e-163	441
SA20160323_HIEPLBCK_00835	SA20160323_HIEPLBCK_00848	39.130	23	14	0	92	114	122	144	0.90	19.6
SA20160323_HIEPLBCK_00835	SA20160323_HIEPLBCK_00837	24.638	69	43	2	119	187	107	166	0.92	19.6
SA20160323_HIEPLBCK_00835	SA20160323_HIEPLBCK_00841	35.714	28	15	1	80	104	61	88	4.4	17.7
SA20160323_HIEPLBCK_00835	SA20160323_HIEPLBCK_00850	28.125	32	21	1	102	131	20	51	5.3	16.9
SA20160323_HIEPLBCK_00835	SA20160323_HIEPLBCK_00829	45.455	11	6	0	95	105	343	353	8.3	16.9
SA20160323_HIEPLBCK_00836	SA20160323_HIEPLBCK_00836	100.000	250	0	0	1	250	1	250	0.0	502
SA20160323_HIEPLBCK_00836	SA20160323_HIEPLBCK_00834	60.000	10	4	0	46	55	93	102	1.7	19.2
SA20160323_HIEPLBCK_00836	SA20160323_HIEPLBCK_00828	33.333	24	16	0	9	32	221	244	2.8	18.5
SA20160323_HIEPLBCK_00836	SA20160323_HIEPLBCK_00830	38.462	13	8	0	5	17	359	371	5.9	17.7
SA20160323_HIEPLBCK_00836	SA20160323_HIEPLBCK_00848	42.857	14	8	0	37	50	208	221	7.8	16.9
SA20160323_HIEPLBCK_00837	SA20160323_HIEPLBCK_00837	100.000	240	0	0	1	240	1	240	0.0	505
SA20160323_HIEPLBCK_00837	SA20160323_HIEPLBCK_00839	28.947	76	54	0	164	239	134	209	8.31e-05	32.3
SA20160323_HIEPLBCK_00837	SA20160323_HIEPLBCK_00830	50.000	12	6	0	88	99	350	361	0.37	21.2
SA20160323_HIEPLBCK_00837	SA20160323_HIEPLBCK_00835	24.638	69	43	2	107	166	119	187	1.00	19.6
SA20160323_HIEPLBCK_00837	SA20160323_HIEPLBCK_00841	25.000	20	15	0	181	200	116	135	5.3	17.3
SA20160323_HIEPLBCK_00838	SA20160323_HIEPLBCK_00838	100.000	74	0	0	1	74	1	74	3.20e-53	150
SA20160323_HIEPLBCK_00838	SA20160323_HIEPLBCK_00834	39.130	23	14	0	32	54	233	255	1.5	16.9
SA20160323_HIEPLBCK_00839	SA20160323_HIEPLBCK_00839	100.000	218	0	0	1	218	1	218	1.96e-167	451
SA20160323_HIEPLBCK_00839	SA20160323_HIEPLBCK_00837	28.947	76	54	0	134	209	164	239	7.55e-05	32.3
SA20160323_HIEPLBCK_00839	SA20160323_HIEPLBCK_00846	47.059	17	9	0	136	152	35	51	0.45	20.8
SA20160323_HIEPLBCK_00839	SA20160323_HIEPLBCK_00829	25.843	89	55	3	21	103	223	306	5.3	17.3
SA20160323_HIEPLBCK_00839	SA20160323_HIEPLBCK_00833	19.444	36	28	1	125	159	70	105	6.2	17.3
SA20160323_HIEPLBCK_00840	SA20160323_HIEPLBCK_00840	100.000	610	0	0	1	610	1	610	0.0	1259
SA20160323_HIEPLBCK_00840	SA20160323_HIEPLBCK_00846	28.571	28	20	0	292	319	444	471	4.1	19.2
SA20160323_HIEPLBCK_00841	SA20160323_HIEPLBCK_00841	100.000	182	0	0	1	182	1	182	2.60e-133	361
SA20160323_HIEPLBCK_00841	SA20160323_HIEPLBCK_00849	32.143	56	28	4	107	156	312	363	0.79	19.6
SA20160323_HIEPLBCK_00841	SA20160323_HIEPLBCK_00848	33.333	27	16	1	71	97	165	189	1.6	18.5
SA20160323_HIEPLBCK_00841	SA20160323_HIEPLBCK_00834	22.727	22	17	0	38	59	286	307	3.0	17.7
SA20160323_HIEPLBCK_00841	SA20160323_HIEPLBCK_00835	35.714	28	15	1	61	88	80	104	3.6	17.7
SA20160323_HIEPLBCK_00841	SA20160323_HIEPLBCK_00837	25.000	20	15	0	116	135	181	200	4.0	17.3
SA20160323_HIEPLBCK_00845	SA20160323_HIEPLBCK_00845	100.000	94	0	0	1	94	1	94	4.09e-70	194
SA20160323_HIEPLBCK_00845	SA20160323_HIEPLBCK_00829	83.333	6	1	0	1	6	310	315	4.3	16.2
SA20160323_HIEPLBCK_00845	SA20160323_HIEPLBCK_00846	35.294	17	11	0	18	34	443	459	8.8	15.4
SA20160323_HIEPLBCK_00846	SA20160323_HIEPLBCK_00846	100.000	477	0	0	1	477	1	477	0.0	998
SA20160323_HIEPLBCK_00846	SA20160323_HIEPLBCK_00839	47.059	17	9	0	35	51	136	152	0.99	20.8
SA20160323_HIEPLBCK_00846	SA20160323_HIEPLBCK_00840	28.571	28	20	0	444	471	292	319	3.2	19.2
SA20160323_HIEPLBCK_00846	SA20160323_HIEPLBCK_00830	45.000	20	8	1	436	455	174	190	5.0	18.9
SA20160323_HIEPLBCK_00846	SA20160323_HIEPLBCK_00849	24.242	66	39	2	357	411	342	407	6.3	18.5
SA20160323_HIEPLBCK_00847	SA20160323_HIEPLBCK_00847	100.000	108	0	0	1	108	1	108	1.26e-80	222
SA20160323_HIEPLBCK_00847	SA20160323_HIEPLBCK_00840	43.750	16	9	0	57	72	497	512	3.7	16.9
SA20160323_HIEPLBCK_00847	SA20160323_HIEPLBCK_00849	40.000	10	6	0	57	66	378	387	8.0	15.8
SA20160323_HIEPLBCK_00848	SA20160323_HIEPLBCK_00848	100.000	221	0	0	1	221	1	221	3.80e-170	458
SA20160323_HIEPLBCK_00848	SA20160323_HIEPLBCK_00833	34.783	23	15	0	112	134	158	180	0.83	20.0
SA20160323_HIEPLBCK_00848	SA20160323_HIEPLBCK_00835	39.130	23	14	0	122	144	92	114	0.90	19.6
SA20160323_HIEPLBCK_00848	SA20160323_HIEPLBCK_00841	33.333	27	16	1	165	189	71	97	2.0	18.5
SA20160323_HIEPLBCK_00848	SA20160323_HIEPLBCK_00834	25.714	35	26	0	154	188	294	328	6.4	17.3
SA20160323_HIEPLBCK_00848	SA20160323_HIEPLBCK_00836	42.857	14	8	0	208	221	37	50	6.9	16.9
SA20160323_HIEPLBCK_00848	SA20160323_HIEPLBCK_00846	50.000	12	6	0	204	215	180	191	10.0	16.5
SA20160323_HIEPLBCK_00849	SA20160323_HIEPLBCK_00849	100.000	422	0	0	1	422	1	422	0.0	826
SA20160323_HIEPLBCK_00849	SA20160323_HIEPLBCK_00833	34.286	35	20	1	9	40	122	156	0.98	20.8
SA20160323_HIEPLBCK_00849	SA20160323_HIEPLBCK_00841	32.143	56	28	4	312	363	107	156	1.8	19.6
SA20160323_HIEPLBCK_00849	SA20160323_HIEPLBCK_00846	24.242	66	39	2	342	407	357	411	5.6	18.5
SA20160323_HIEPLBCK_00850	SA20160323_HIEPLBCK_00850	100.000	79	0	0	1	79	1	79	1.67e-57	162
SA20160323_HIEPLBCK_00850	SA20160323_HIEPLBCK_00830	37.500	16	10	0	29	44	91	106	0.49	18.5
SA20160323_HIEPLBCK_00850	SA20160323_HIEPLBCK_00833	33.333	30	18	1	47	76	199	226	0.97	17.7
SA20160323_HIEPLBCK_00850	SA20160323_HIEPLBCK_00835	28.125	32	21	1	20	51	102	131	1.9	16.9
SA20160323_HIEPLBCK_00850	SA20160323_HIEPLBCK_00840	29.412	17	12	0	34	50	349	365	9.2	15.0
SA20153983_GBAKOBEN_01863	SA20153983_GBAKOBEN_01863	100.000	165	0	0	1	165	1	165	2.73e-126	342
SA20153983_GBAKOBEN_01863	SA20153983_GBAKOBEN_01884	52.000	25	8	1	139	163	382	402	0.043	23.5
SA20153983_GBAKOBEN_01863	SA20153983_GBAKOBEN_01874	25.000	52	28	2	3	54	163	203	2.5	18.1
SA20153983_GBAKOBEN_01863	SA20153983_GBAKOBEN_01865	85.714	7	1	0	57	63	313	319	2.7	18.1
SA20153983_GBAKOBEN_01863	SA20153983_GBAKOBEN_01879	32.143	28	14	1	54	76	292	319	8.8	16.2
SA20153983_GBAKOBEN_01863	SA20153983_GBAKOBEN_01880	66.667	6	2	0	114	119	51	56	9.5	16.2
SA20153983_GBAKOBEN_01864	SA20153983_GBAKOBEN_01864	100.000	79	0	0	1	79	1	79	1.70e-57	162
SA20153983_GBAKOBEN_01864	SA20153983_GBAKOBEN_01880	33.333	30	18	1	47	76	199	226	0.99	17.7
SA20153983_GBAKOBEN_01864	SA20153983_GBAKOBEN_01878	28.125	32	21	1	20	51	102	131	1.9	16.9
SA20153983_GBAKOBEN_01864	SA20153983_GBAKOBEN_01873	29.412	17	12	0	34	50	349	365	9.3	15.0
SA20153983_GBAKOBEN_01865	SA20153983_GBAKOBEN_01865	100.000	422	0	0	1	422	1	422	0.0	826
SA20153983_GBAKOBEN_01865	SA20153983_GBAKOBEN_01880	34.286	35	20	1	9	40	122	156	0.99	20.8
SA20153983_GBAKOBEN_01865	SA20153983_GBAKOBEN_01872	32.143	56	28	4	312	363	107	156	1.9	19.6
SA20153983_GBAKOBEN_01865	SA20153983_GBAKOBEN_01868	24.242	66	39	2	342	407	357	411	6.0	18.5
SA20153983_GBAKOBEN_01865	SA20153983_GBAKOBEN_01863	85.714	7	1	0	313	319	57	63	6.8	18.1
SA20153983_GBAKOBEN_01866	SA20153983_GBAKOBEN_01866	100.000	221	0	0	1	221	1	221	3.86e-170	458
SA20153983_GBAKOBEN_01866	SA20153983_GBAKOBEN_01880	34.783	23	15	0	112	134	158	180	0.85	20.0
SA20153983_GBAKOBEN_01866	SA20153983_GBAKOBEN_01878	39.130	23	14	0	122	144	92	114	0.91	19.6
SA20153983_GBAKOBEN_01866	SA20153983_GBAKOBEN_01872	33.333	27	16	1	165	189	71	97	2.0	18.5
SA20153983_GBAKOBEN_01866	SA20153983_GBAKOBEN_01879	25.714	35	26	0	154	188	294	328	6.5	17.3
SA20153983_GBAKOBEN_01866	SA20153983_GBAKOBEN_01877	42.857	14	8	0	208	221	37	50	7.1	16.9
SA20153983_GBAKOBEN_01867	SA20153983_GBAKOBEN_01867	100.000	108	0	0	1	108	1	108	1.28e-80	222
SA20153983_GBAKOBEN_01867	SA20153983_GBAKOBEN_01884	66.667	9	3	0	46	54	109	117	3.9	16.5
SA20153983_GBAKOBEN_01867	SA20153983_GBAKOBEN_01865	40.000	10	6	0	57	66	378	387	8.2	15.8
SA20153983_GBAKOBEN_01868	SA20153983_GBAKOBEN_01868	100.000	477	0	0	1	477	1	477	0.0	998
SA20153983_GBAKOBEN_01868	SA20153983_GBAKOBEN_01874	47.059	17	9	0	35	51	136	152	0.99	20.8
SA20153983_GBAKOBEN_01868	SA20153983_GBAKOBEN_01873	28.571	28	20	0	444	471	292	319	3.3	19.2
SA20153983_GBAKOBEN_01868	SA20153983_GBAKOBEN_01865	24.242	66	39	2	357	411	342	407	6.8	18.5
SA20153983_GBAKOBEN_01868	SA20153983_GBAKOBEN_01884	40.000	15	9	0	416	430	299	313	8.7	18.1
SA20153983_GBAKOBEN_01872	SA20153983_GBAKOBEN_01872	100.000	182	0	0	1	182	1	182	2.63e-133	361
SA20153983_GBAKOBEN_01872	SA20153983_GBAKOBEN_01865	32.143	56	28	4	107	156	312	363	0.80	19.6
SA20153983_GBAKOBEN_01872	SA20153983_GBAKOBEN_01866	33.333	27	16	1	71	97	165	189	1.7	18.5
SA20153983_GBAKOBEN_01872	SA20153983_GBAKOBEN_01879	22.727	22	17	0	38	59	286	307	3.1	17.7
SA20153983_GBAKOBEN_01872	SA20153983_GBAKOBEN_01878	35.714	28	15	1	61	88	80	104	3.6	17.7
SA20153983_GBAKOBEN_01872	SA20153983_GBAKOBEN_01876	25.000	20	15	0	116	135	181	200	4.0	17.3
SA20153983_GBAKOBEN_01873	SA20153983_GBAKOBEN_01873	100.000	610	0	0	1	610	1	610	0.0	1258
SA20153983_GBAKOBEN_01873	SA20153983_GBAKOBEN_01884	27.419	62	41	2	415	472	173	234	0.11	24.6
SA20153983_GBAKOBEN_01873	SA20153983_GBAKOBEN_01868	28.571	28	20	0	292	319	444	471	4.2	19.2
SA20153983_GBAKOBEN_01874	SA20153983_GBAKOBEN_01874	100.000	218	0	0	1	218	1	218	1.98e-167	451
SA20153983_GBAKOBEN_01874	SA20153983_GBAKOBEN_01876	28.947	76	54	0	134	209	164	239	9.62e-05	32.0
SA20153983_GBAKOBEN_01874	SA20153983_GBAKOBEN_01868	47.059	17	9	0	136	152	35	51	0.45	20.8
SA20153983_GBAKOBEN_01874	SA20153983_GBAKOBEN_01863	25.000	52	28	2	163	203	3	54	3.3	18.1
SA20153983_GBAKOBEN_01874	SA20153983_GBAKOBEN_01880	19.444	36	28	1	125	159	70	105	4.4	17.7
SA20153983_GBAKOBEN_01874	SA20153983_GBAKOBEN_01884	33.333	24	16	0	93	116	482	505	8.5	16.9
SA20153983_GBAKOBEN_01875	SA20153983_GBAKOBEN_01875	100.000	74	0	0	1	74	1	74	3.24e-53	150
SA20153983_GBAKOBEN_01875	SA20153983_GBAKOBEN_01879	39.130	23	14	0	32	54	233	255	1.5	16.9
SA20153983_GBAKOBEN_01875	SA20153983_GBAKOBEN_01883	32.143	28	19	0	8	35	273	300	4.3	15.8
SA20153983_GBAKOBEN_01876	SA20153983_GBAKOBEN_01876	100.000	240	0	0	1	240	1	240	0.0	505
SA20153983_GBAKOBEN_01876	SA20153983_GBAKOBEN_01874	28.947	76	54	0	164	239	134	209	1.06e-04	32.0
SA20153983_GBAKOBEN_01876	SA20153983_GBAKOBEN_01878	23.944	71	45	2	107	168	119	189	0.63	20.4
SA20153983_GBAKOBEN_01876	SA20153983_GBAKOBEN_01883	66.667	9	3	0	90	98	352	360	1.4	19.2
SA20153983_GBAKOBEN_01876	SA20153983_GBAKOBEN_01872	25.000	20	15	0	181	200	116	135	5.2	17.3
SA20153983_GBAKOBEN_01877	SA20153983_GBAKOBEN_01877	100.000	250	0	0	1	250	1	250	0.0	501
SA20153983_GBAKOBEN_01877	SA20153983_GBAKOBEN_01883	46.154	13	7	0	5	17	359	371	1.0	20.0
SA20153983_GBAKOBEN_01877	SA20153983_GBAKOBEN_01879	60.000	10	4	0	46	55	93	102	1.7	19.2
SA20153983_GBAKOBEN_01877	SA20153983_GBAKOBEN_01885	26.087	23	17	0	73	95	441	463	1.9	19.2
SA20153983_GBAKOBEN_01877	SA20153983_GBAKOBEN_01866	42.857	14	8	0	37	50	208	221	8.0	16.9
SA20153983_GBAKOBEN_01878	SA20153983_GBAKOBEN_01878	100.000	222	0	0	1	222	1	222	1.70e-163	441
SA20153983_GBAKOBEN_01878	SA20153983_GBAKOBEN_01876	23.944	71	45	2	119	189	107	168	0.59	20.4
SA20153983_GBAKOBEN_01878	SA20153983_GBAKOBEN_01866	39.130	23	14	0	92	114	122	144	0.92	19.6
SA20153983_GBAKOBEN_01878	SA20153983_GBAKOBEN_01884	29.167	24	17	0	10	33	272	295	3.8	18.1
SA20153983_GBAKOBEN_01878	SA20153983_GBAKOBEN_01872	35.714	28	15	1	80	104	61	88	4.4	17.7
SA20153983_GBAKOBEN_01878	SA20153983_GBAKOBEN_01864	28.125	32	21	1	102	131	20	51	5.4	16.9
SA20153983_GBAKOBEN_01879	SA20153983_GBAKOBEN_01879	100.000	328	0	0	1	328	1	328	0.0	664
SA20153983_GBAKOBEN_01879	SA20153983_GBAKOBEN_01877	60.000	10	4	0	93	102	46	55	2.3	19.2
SA20153983_GBAKOBEN_01879	SA20153983_GBAKOBEN_01880	50.000	14	7	0	295	308	19	32	4.7	18.1
SA20153983_GBAKOBEN_01879	SA20153983_GBAKOBEN_01875	39.130	23	14	0	233	255	32	54	6.6	16.9
SA20153983_GBAKOBEN_01879	SA20153983_GBAKOBEN_01866	25.714	35	26	0	294	328	154	188	9.6	17.3
SA20153983_GBAKOBEN_01879	SA20153983_GBAKOBEN_01873	36.842	19	12	0	310	328	268	286	9.8	17.3
SA20153983_GBAKOBEN_01880	SA20153983_GBAKOBEN_01880	100.000	266	0	0	1	266	1	266	0.0	531
SA20153983_GBAKOBEN_01880	SA20153983_GBAKOBEN_01865	34.286	35	20	1	122	156	9	40	0.62	20.8
SA20153983_GBAKOBEN_01880	SA20153983_GBAKOBEN_01866	34.783	23	15	0	158	180	112	134	1.0	20.0
SA20153983_GBAKOBEN_01880	SA20153983_GBAKOBEN_01886	32.000	25	17	0	124	148	2	26	1.1	19.6
SA20153983_GBAKOBEN_01880	SA20153983_GBAKOBEN_01864	33.333	30	18	1	199	226	47	76	3.3	17.7
SA20153983_GBAKOBEN_01880	SA20153983_GBAKOBEN_01879	50.000	14	7	0	19	32	295	308	3.8	18.1
SA20153983_GBAKOBEN_01880	SA20153983_GBAKOBEN_01874	19.444	36	28	1	70	105	125	159	5.3	17.7
SA20153983_GBAKOBEN_01881	SA20153983_GBAKOBEN_01881	100.000	183	0	0	1	183	1	183	1.34e-142	385
SA20153983_GBAKOBEN_01881	SA20153983_GBAKOBEN_01884	24.324	37	28	0	28	64	377	413	1.1	19.2
SA20153983_GBAKOBEN_01881	SA20153983_GBAKOBEN_01883	20.312	64	51	0	75	138	22	85	4.0	17.7
SA20153983_GBAKOBEN_01881	SA20153983_GBAKOBEN_01885	25.806	93	55	3	37	124	378	461	9.7	16.5
SA20153983_GBAKOBEN_01882	SA20153983_GBAKOBEN_01882	100.000	239	0	0	1	239	1	239	4.47e-178	479
SA20153983_GBAKOBEN_01882	SA20153983_GBAKOBEN_01873	50.000	14	7	0	113	126	583	596	8.8	16.9
SA20153983_GBAKOBEN_01883	SA20153983_GBAKOBEN_01883	100.000	401	0	0	1	401	1	401	0.0	837
SA20153983_GBAKOBEN_01883	SA20153983_GBAKOBEN_01877	46.154	13	7	0	359	371	5	17	1.7	20.0
SA20153983_GBAKOBEN_01883	SA20153983_GBAKOBEN_01876	66.667	9	3	0	352	360	90	98	2.4	19.2
SA20153983_GBAKOBEN_01883	SA20153983_GBAKOBEN_01885	33.333	24	16	0	30	53	354	377	2.4	19.6
SA20153983_GBAKOBEN_01883	SA20153983_GBAKOBEN_01881	20.312	64	51	0	22	85	75	138	8.8	17.7
SA20153983_GBAKOBEN_01884	SA20153983_GBAKOBEN_01884	100.000	505	0	0	1	505	1	505	0.0	991
SA20153983_GBAKOBEN_01884	SA20153983_GBAKOBEN_01873	27.419	62	41	2	173	234	415	472	0.090	24.6
SA20153983_GBAKOBEN_01884	SA20153983_GBAKOBEN_01863	52.000	25	8	1	382	402	139	163	0.13	23.5
SA20153983_GBAKOBEN_01884	SA20153983_GBAKOBEN_01881	24.324	37	28	0	377	413	28	64	3.1	19.2
SA20153983_GBAKOBEN_01884	SA20153983_GBAKOBEN_01885	45.455	33	13	2	242	269	61	93	3.4	19.2
SA20153983_GBAKOBEN_01884	SA20153983_GBAKOBEN_01868	40.000	15	9	0	299	313	416	430	9.2	18.1
SA20153983_GBAKOBEN_01885	SA20153983_GBAKOBEN_01885	100.000	468	0	0	1	468	1	468	0.0	922
SA20153983_GBAKOBEN_01885	SA20153983_GBAKOBEN_01886	31.034	58	28	2	154	199	56	113	1.7	19.6
SA20153983_GBAKOBEN_01885	SA20153983_GBAKOBEN_01883	33.333	24	16	0	354	377	30	53	2.8	19.6
SA20153983_GBAKOBEN_01885	SA20153983_GBAKOBEN_01884	45.455	33	13	2	61	93	242	269	3.2	19.2
SA20153983_GBAKOBEN_01885	SA20153983_GBAKOBEN_01877	26.087	23	17	0	441	463	73	95	3.6	19.2
SA20153983_GBAKOBEN_01885	SA20153983_GBAKOBEN_01873	50.000	24	11	1	23	46	360	382	8.7	18.1
SA20153983_GBAKOBEN_01886	SA20153983_GBAKOBEN_01886	100.000	135	0	0	1	135	1	135	3.40e-99	271
SA20153983_GBAKOBEN_01886	SA20153983_GBAKOBEN_01885	31.034	58	28	2	56	113	154	199	0.50	19.6
SA20153983_GBAKOBEN_01886	SA20153983_GBAKOBEN_01880	32.000	25	17	0	2	26	124	148	0.53	19.6
SA20153983_GBAKOBEN_01886	SA20153983_GBAKOBEN_01873	35.294	34	20	2	27	60	254	285	5.6	16.5
SA20153983_GBAKOBEN_01886	SA20153983_GBAKOBEN_01877	60.000	10	4	0	30	39	166	175	6.9	16.2
SA20153983_GBAKOBEN_01886	SA20153983_GBAKOBEN_01866	31.034	29	17	1	103	128	22	50	8.3	16.2
