SA20160197_BPNLNKPL_02153	SA20160172_GPHLOGML_01160	100.000	467	0	0	1	467	1	467	0.0	947
SA20160197_BPNLNKPL_02153	SA20160172_GPHLOGML_01151	33.333	24	16	0	162	185	803	826	0.21	23.9
SA20160197_BPNLNKPL_02153	SA20160172_GPHLOGML_01153	35.714	42	23	2	430	467	48	89	0.66	21.9
SA20160197_BPNLNKPL_02153	SA20160172_GPHLOGML_01147	21.277	47	33	2	136	182	66	108	4.6	18.9
SA20160197_BPNLNKPL_02153	SA20160172_GPHLOGML_01150	35.484	31	18	1	192	222	111	139	5.2	19.2
SA20160197_BPNLNKPL_02153	SA20160172_GPHLOGML_01142	38.095	21	12	1	248	267	104	124	6.1	18.9
SA20160197_BPNLNKPL_02154	SA20160172_GPHLOGML_01159	100.000	33	0	0	1	33	1	33	9.31e-22	68.9
SA20160197_BPNLNKPL_02154	SA20160172_GPHLOGML_01157	66.667	6	2	0	4	9	493	498	4.2	14.6
SA20160197_BPNLNKPL_02154	SA20160172_GPHLOGML_01151	54.545	11	5	0	16	26	93	103	6.6	14.2
SA20160197_BPNLNKPL_02155	SA20160172_GPHLOGML_01158	100.000	990	0	0	1	990	1	990	0.0	2047
SA20160197_BPNLNKPL_02155	SA20160172_GPHLOGML_01157	57.143	14	6	0	644	657	183	196	10.0	19.2
SA20160197_BPNLNKPL_02156	SA20160172_GPHLOGML_01157	100.000	652	0	0	1	652	1	652	0.0	1353
SA20160197_BPNLNKPL_02156	SA20160172_GPHLOGML_01147	26.415	53	29	1	233	275	78	130	0.70	21.9
SA20160197_BPNLNKPL_02156	SA20160172_GPHLOGML_01140	50.000	18	9	0	535	552	207	224	0.77	22.3
SA20160197_BPNLNKPL_02156	SA20160172_GPHLOGML_01152	46.667	30	14	1	531	560	188	215	0.80	22.3
SA20160197_BPNLNKPL_02156	SA20160172_GPHLOGML_01141	38.462	39	18	2	243	275	109	147	4.1	19.6
SA20160197_BPNLNKPL_02156	SA20160172_GPHLOGML_01158	57.143	14	6	0	183	196	644	657	6.6	19.2
SA20160197_BPNLNKPL_02156	SA20160172_GPHLOGML_01150	40.000	30	18	0	446	475	74	103	8.0	18.9
SA20160197_BPNLNKPL_02156	SA20160172_GPHLOGML_01142	31.818	22	15	0	588	609	2	23	9.6	18.5
SA20160197_BPNLNKPL_02156	SA20160172_GPHLOGML_01151	42.105	19	11	0	532	550	670	688	9.6	18.9
SA20160197_BPNLNKPL_02157	SA20160172_GPHLOGML_01156	100.000	417	0	0	1	417	1	417	0.0	838
SA20160197_BPNLNKPL_02157	SA20160172_GPHLOGML_01153	45.000	20	11	0	274	293	90	109	0.37	22.7
SA20160197_BPNLNKPL_02157	SA20160172_GPHLOGML_01141	61.538	13	5	0	174	186	48	60	1.0	20.8
SA20160197_BPNLNKPL_02158	SA20160172_GPHLOGML_01155	100.000	64	0	0	1	64	1	64	3.10e-46	132
SA20160197_BPNLNKPL_02158	SA20160172_GPHLOGML_01153	30.645	62	43	0	1	62	11	72	9.55e-07	34.7
SA20160197_BPNLNKPL_02158	SA20160172_GPHLOGML_01144	31.250	16	11	0	3	18	278	293	0.25	19.2
SA20160197_BPNLNKPL_02159	SA20160172_GPHLOGML_01154	100.000	154	0	0	1	154	1	154	2.76e-117	319
SA20160197_BPNLNKPL_02159	SA20160172_GPHLOGML_01153	27.273	88	46	5	40	123	574	647	6.4	16.9
SA20160197_BPNLNKPL_02160	SA20160172_GPHLOGML_01153	100.000	762	0	0	1	762	1	762	0.0	1519
SA20160197_BPNLNKPL_02160	SA20160172_GPHLOGML_01155	30.645	62	43	0	11	72	1	62	1.14e-05	34.7
SA20160197_BPNLNKPL_02160	SA20160172_GPHLOGML_01151	48.485	33	17	0	131	163	462	494	0.097	25.8
SA20160197_BPNLNKPL_02160	SA20160172_GPHLOGML_01144	25.843	89	57	4	245	333	396	475	0.22	24.3
SA20160197_BPNLNKPL_02160	SA20160172_GPHLOGML_01156	45.000	20	11	0	90	109	274	293	0.68	22.7
SA20160197_BPNLNKPL_02160	SA20160172_GPHLOGML_01160	35.714	42	23	2	48	89	430	467	1.1	21.9
SA20160197_BPNLNKPL_02160	SA20160172_GPHLOGML_01140	38.710	31	15	2	494	521	19	48	6.3	19.6
SA20160197_BPNLNKPL_02160	SA20160172_GPHLOGML_01158	33.333	21	14	0	60	80	516	536	8.7	19.2
SA20160197_BPNLNKPL_02160	SA20160172_GPHLOGML_01148	24.242	33	24	1	681	712	90	122	8.7	18.9
SA20160197_BPNLNKPL_02161	SA20160172_GPHLOGML_01152	100.000	408	0	0	1	408	1	408	0.0	815
SA20160197_BPNLNKPL_02161	SA20160172_GPHLOGML_01157	37.209	43	19	1	173	215	526	560	0.49	22.3
SA20160197_BPNLNKPL_02161	SA20160172_GPHLOGML_01144	34.211	38	20	2	261	297	274	307	2.6	20.0
SA20160197_BPNLNKPL_02161	SA20160172_GPHLOGML_01140	23.423	111	71	5	249	345	46	156	3.2	19.6
SA20160197_BPNLNKPL_02161	SA20160172_GPHLOGML_01149	38.889	18	11	0	197	214	48	65	3.6	18.9
SA20160197_BPNLNKPL_02161	SA20160172_GPHLOGML_01153	31.915	47	24	1	326	372	243	281	9.6	18.1
SA20160197_BPNLNKPL_02162	SA20160172_GPHLOGML_01151	100.000	1055	0	0	1	1055	1	1055	0.0	2120
SA20160197_BPNLNKPL_02162	SA20160172_GPHLOGML_01153	48.485	33	17	0	462	494	131	163	0.13	25.8
SA20160197_BPNLNKPL_02162	SA20160172_GPHLOGML_01160	33.333	24	16	0	803	826	162	185	0.47	23.9
SA20160197_BPNLNKPL_02163	SA20160172_GPHLOGML_01150	99.794	485	1	0	1	485	1	485	0.0	969
SA20160197_BPNLNKPL_02163	SA20160172_GPHLOGML_01146	31.250	32	22	0	364	395	60	91	0.71	21.6
SA20160197_BPNLNKPL_02163	SA20160172_GPHLOGML_01160	35.484	31	18	1	111	139	192	222	5.3	19.2
SA20160197_BPNLNKPL_02163	SA20160172_GPHLOGML_01157	40.000	30	18	0	74	103	446	475	6.0	18.9
SA20160197_BPNLNKPL_02163	SA20160172_GPHLOGML_01151	35.294	17	11	0	172	188	912	928	8.6	18.5
SA20160197_BPNLNKPL_02164	SA20160172_GPHLOGML_01149	100.000	119	0	0	1	119	1	119	8.44e-89	244
SA20160197_BPNLNKPL_02164	SA20160172_GPHLOGML_01152	38.889	18	11	0	48	65	197	214	1.0	18.9
SA20160197_BPNLNKPL_02164	SA20160172_GPHLOGML_01144	45.455	11	6	0	81	91	447	457	4.3	17.3
SA20160197_BPNLNKPL_02164	SA20160172_GPHLOGML_01141	39.130	23	13	1	42	64	119	140	6.4	16.5
SA20160197_BPNLNKPL_02164	SA20160172_GPHLOGML_01158	31.111	45	23	2	53	89	909	953	8.8	16.2
SA20160197_BPNLNKPL_02165	SA20160172_GPHLOGML_01148	100.000	175	0	0	1	175	1	175	4.57e-135	365
SA20160197_BPNLNKPL_02165	SA20160172_GPHLOGML_01142	41.667	24	11	1	95	115	25	48	0.81	20.0
SA20160197_BPNLNKPL_02165	SA20160172_GPHLOGML_01153	24.242	33	24	1	90	122	681	712	2.0	18.9
SA20160197_BPNLNKPL_02165	SA20160172_GPHLOGML_01160	22.449	49	37	1	100	147	40	88	4.0	17.7
SA20160197_BPNLNKPL_02165	SA20160172_GPHLOGML_01158	40.000	20	11	1	27	45	633	652	9.6	16.9
SA20160197_BPNLNKPL_02166	SA20160172_GPHLOGML_01147	100.000	174	0	0	1	174	1	174	6.76e-132	357
SA20160197_BPNLNKPL_02166	SA20160172_GPHLOGML_01157	26.415	53	29	1	78	130	233	275	0.21	21.9
SA20160197_BPNLNKPL_02166	SA20160172_GPHLOGML_01160	21.277	47	33	2	66	108	136	182	1.4	19.2
SA20160197_BPNLNKPL_02166	SA20160172_GPHLOGML_01142	42.105	19	11	0	1	19	132	150	1.7	18.9
SA20160197_BPNLNKPL_02166	SA20160172_GPHLOGML_01145	30.303	33	21	1	11	41	95	127	4.3	17.7
SA20160197_BPNLNKPL_02166	SA20160172_GPHLOGML_01150	29.091	55	30	2	11	56	255	309	4.7	17.7
SA20160197_BPNLNKPL_02166	SA20160172_GPHLOGML_01151	37.500	24	15	0	144	167	217	240	4.9	17.7
SA20160197_BPNLNKPL_02166	SA20160172_GPHLOGML_01158	23.881	67	47	2	13	75	83	149	9.5	16.9
SA20160197_BPNLNKPL_02167	SA20160172_GPHLOGML_01146	100.000	162	0	0	1	162	1	162	3.51e-124	337
SA20160197_BPNLNKPL_02167	SA20160172_GPHLOGML_01143	41.463	164	91	2	1	162	1	161	1.34e-45	138
SA20160197_BPNLNKPL_02167	SA20160172_GPHLOGML_01150	31.250	32	22	0	60	91	364	395	0.22	21.6
SA20160197_BPNLNKPL_02167	SA20160172_GPHLOGML_01144	23.256	86	56	4	83	158	242	327	0.90	19.6
SA20160197_BPNLNKPL_02168	SA20160172_GPHLOGML_01145	100.000	247	0	0	1	247	1	247	0.0	512
SA20160197_BPNLNKPL_02168	SA20160172_GPHLOGML_01142	42.688	253	130	4	1	247	1	244	3.59e-70	207
SA20160197_BPNLNKPL_02168	SA20160172_GPHLOGML_01144	26.471	34	25	0	6	39	351	384	2.1	19.2
SA20160197_BPNLNKPL_02168	SA20160172_GPHLOGML_01140	33.333	39	16	2	35	63	142	180	4.4	18.1
SA20160197_BPNLNKPL_02168	SA20160172_GPHLOGML_01151	37.037	27	17	0	75	101	378	404	7.2	17.7
SA20160197_BPNLNKPL_02168	SA20160172_GPHLOGML_01157	22.000	50	39	0	6	55	561	610	7.6	17.7
SA20160197_BPNLNKPL_02168	SA20160172_GPHLOGML_01158	26.923	26	19	0	200	225	65	90	7.8	17.7
SA20160197_BPNLNKPL_02169	SA20160172_GPHLOGML_01144	100.000	524	0	0	1	524	1	524	0.0	1073
SA20160197_BPNLNKPL_02169	SA20160172_GPHLOGML_01153	25.843	89	57	4	396	475	245	333	0.14	24.3
SA20160197_BPNLNKPL_02169	SA20160172_GPHLOGML_01155	31.250	16	11	0	278	293	3	18	2.0	19.2
SA20160197_BPNLNKPL_02169	SA20160172_GPHLOGML_01152	34.211	38	20	2	274	307	261	297	2.3	20.4
SA20160197_BPNLNKPL_02169	SA20160172_GPHLOGML_01146	23.256	86	56	4	242	327	83	158	2.9	19.6
SA20160197_BPNLNKPL_02169	SA20160172_GPHLOGML_01145	26.471	34	25	0	351	384	6	39	4.6	19.2
SA20160197_BPNLNKPL_02170	SA20160172_GPHLOGML_01143	100.000	166	0	0	1	166	1	166	4.80e-125	340
SA20160197_BPNLNKPL_02170	SA20160172_GPHLOGML_01146	40.741	162	95	1	1	161	1	162	5.14e-45	137
SA20160197_BPNLNKPL_02170	SA20160172_GPHLOGML_01157	46.667	15	8	0	99	113	638	652	9.2	16.5
SA20160197_BPNLNKPL_02171	SA20160172_GPHLOGML_01142	100.000	244	0	0	1	244	1	244	0.0	504
SA20160197_BPNLNKPL_02171	SA20160172_GPHLOGML_01145	42.688	253	130	4	1	244	1	247	3.55e-70	207
SA20160197_BPNLNKPL_02171	SA20160172_GPHLOGML_01148	41.667	24	11	1	25	48	95	115	1.1	20.0
SA20160197_BPNLNKPL_02171	SA20160172_GPHLOGML_01160	38.095	21	12	1	104	124	248	267	3.2	18.9
SA20160197_BPNLNKPL_02171	SA20160172_GPHLOGML_01157	31.818	22	15	0	2	23	588	609	3.6	18.5
SA20160197_BPNLNKPL_02171	SA20160172_GPHLOGML_01151	66.667	12	4	0	83	94	200	211	4.1	18.5
SA20160197_BPNLNKPL_02172	SA20160172_GPHLOGML_01141	100.000	178	0	0	1	178	1	178	4.70e-131	356
SA20160197_BPNLNKPL_02172	SA20160172_GPHLOGML_01156	61.538	13	5	0	48	60	174	186	0.44	20.8
SA20160197_BPNLNKPL_02172	SA20160172_GPHLOGML_01157	38.462	39	18	2	109	147	243	275	1.1	19.6
SA20160197_BPNLNKPL_02172	SA20160172_GPHLOGML_01150	36.842	19	12	0	64	82	9	27	9.1	16.9
SA20160197_BPNLNKPL_02173	SA20160172_GPHLOGML_01140	100.000	253	0	0	1	253	1	253	0.0	515
SA20160197_BPNLNKPL_02173	SA20160172_GPHLOGML_01157	50.000	18	9	0	207	224	535	552	0.30	22.3
SA20160197_BPNLNKPL_02173	SA20160172_GPHLOGML_01153	38.710	31	15	2	19	48	494	521	2.1	19.6
SA20160197_BPNLNKPL_02173	SA20160172_GPHLOGML_01152	23.423	111	71	5	46	156	249	345	2.3	19.2
SA20160197_BPNLNKPL_02173	SA20160172_GPHLOGML_01145	33.333	39	16	2	142	180	35	63	4.5	18.1
SA20160172_GPHLOGML_01140	SA20160172_GPHLOGML_01140	100.000	253	0	0	1	253	1	253	0.0	515
SA20160172_GPHLOGML_01140	SA20160172_GPHLOGML_01157	50.000	18	9	0	207	224	535	552	0.30	22.3
SA20160172_GPHLOGML_01140	SA20160172_GPHLOGML_01153	38.710	31	15	2	19	48	494	521	2.1	19.6
SA20160172_GPHLOGML_01140	SA20160172_GPHLOGML_01152	23.423	111	71	5	46	156	249	345	2.3	19.2
SA20160172_GPHLOGML_01140	SA20160172_GPHLOGML_01145	33.333	39	16	2	142	180	35	63	4.5	18.1
SA20160172_GPHLOGML_01141	SA20160172_GPHLOGML_01141	100.000	178	0	0	1	178	1	178	4.70e-131	356
SA20160172_GPHLOGML_01141	SA20160172_GPHLOGML_01156	61.538	13	5	0	48	60	174	186	0.44	20.8
SA20160172_GPHLOGML_01141	SA20160172_GPHLOGML_01157	38.462	39	18	2	109	147	243	275	1.1	19.6
SA20160172_GPHLOGML_01141	SA20160172_GPHLOGML_01150	36.842	19	12	0	64	82	9	27	9.1	16.9
SA20160172_GPHLOGML_01142	SA20160172_GPHLOGML_01142	100.000	244	0	0	1	244	1	244	0.0	504
SA20160172_GPHLOGML_01142	SA20160172_GPHLOGML_01145	42.688	253	130	4	1	244	1	247	3.55e-70	207
SA20160172_GPHLOGML_01142	SA20160172_GPHLOGML_01148	41.667	24	11	1	25	48	95	115	1.1	20.0
SA20160172_GPHLOGML_01142	SA20160172_GPHLOGML_01160	38.095	21	12	1	104	124	248	267	3.2	18.9
SA20160172_GPHLOGML_01142	SA20160172_GPHLOGML_01157	31.818	22	15	0	2	23	588	609	3.6	18.5
SA20160172_GPHLOGML_01142	SA20160172_GPHLOGML_01151	66.667	12	4	0	83	94	200	211	4.1	18.5
SA20160172_GPHLOGML_01143	SA20160172_GPHLOGML_01143	100.000	166	0	0	1	166	1	166	4.80e-125	340
SA20160172_GPHLOGML_01143	SA20160172_GPHLOGML_01146	40.741	162	95	1	1	161	1	162	5.14e-45	137
SA20160172_GPHLOGML_01143	SA20160172_GPHLOGML_01157	46.667	15	8	0	99	113	638	652	9.2	16.5
SA20160172_GPHLOGML_01144	SA20160172_GPHLOGML_01144	100.000	524	0	0	1	524	1	524	0.0	1073
SA20160172_GPHLOGML_01144	SA20160172_GPHLOGML_01153	25.843	89	57	4	396	475	245	333	0.14	24.3
SA20160172_GPHLOGML_01144	SA20160172_GPHLOGML_01155	31.250	16	11	0	278	293	3	18	2.0	19.2
SA20160172_GPHLOGML_01144	SA20160172_GPHLOGML_01152	34.211	38	20	2	274	307	261	297	2.3	20.4
SA20160172_GPHLOGML_01144	SA20160172_GPHLOGML_01146	23.256	86	56	4	242	327	83	158	2.9	19.6
SA20160172_GPHLOGML_01144	SA20160172_GPHLOGML_01145	26.471	34	25	0	351	384	6	39	4.6	19.2
SA20160172_GPHLOGML_01145	SA20160172_GPHLOGML_01145	100.000	247	0	0	1	247	1	247	0.0	512
SA20160172_GPHLOGML_01145	SA20160172_GPHLOGML_01142	42.688	253	130	4	1	247	1	244	3.59e-70	207
SA20160172_GPHLOGML_01145	SA20160172_GPHLOGML_01144	26.471	34	25	0	6	39	351	384	2.1	19.2
SA20160172_GPHLOGML_01145	SA20160172_GPHLOGML_01140	33.333	39	16	2	35	63	142	180	4.4	18.1
SA20160172_GPHLOGML_01145	SA20160172_GPHLOGML_01151	37.037	27	17	0	75	101	378	404	7.2	17.7
SA20160172_GPHLOGML_01145	SA20160172_GPHLOGML_01157	22.000	50	39	0	6	55	561	610	7.6	17.7
SA20160172_GPHLOGML_01145	SA20160172_GPHLOGML_01158	26.923	26	19	0	200	225	65	90	7.8	17.7
SA20160172_GPHLOGML_01146	SA20160172_GPHLOGML_01146	100.000	162	0	0	1	162	1	162	3.51e-124	337
SA20160172_GPHLOGML_01146	SA20160172_GPHLOGML_01143	41.463	164	91	2	1	162	1	161	1.34e-45	138
SA20160172_GPHLOGML_01146	SA20160172_GPHLOGML_01150	31.250	32	22	0	60	91	364	395	0.22	21.6
SA20160172_GPHLOGML_01146	SA20160172_GPHLOGML_01144	23.256	86	56	4	83	158	242	327	0.90	19.6
SA20160172_GPHLOGML_01147	SA20160172_GPHLOGML_01147	100.000	174	0	0	1	174	1	174	6.76e-132	357
SA20160172_GPHLOGML_01147	SA20160172_GPHLOGML_01157	26.415	53	29	1	78	130	233	275	0.21	21.9
SA20160172_GPHLOGML_01147	SA20160172_GPHLOGML_01160	21.277	47	33	2	66	108	136	182	1.4	19.2
SA20160172_GPHLOGML_01147	SA20160172_GPHLOGML_01142	42.105	19	11	0	1	19	132	150	1.7	18.9
SA20160172_GPHLOGML_01147	SA20160172_GPHLOGML_01145	30.303	33	21	1	11	41	95	127	4.3	17.7
SA20160172_GPHLOGML_01147	SA20160172_GPHLOGML_01150	29.091	55	30	2	11	56	255	309	4.7	17.7
SA20160172_GPHLOGML_01147	SA20160172_GPHLOGML_01151	37.500	24	15	0	144	167	217	240	4.9	17.7
SA20160172_GPHLOGML_01147	SA20160172_GPHLOGML_01158	23.881	67	47	2	13	75	83	149	9.5	16.9
SA20160172_GPHLOGML_01148	SA20160172_GPHLOGML_01148	100.000	175	0	0	1	175	1	175	4.57e-135	365
SA20160172_GPHLOGML_01148	SA20160172_GPHLOGML_01142	41.667	24	11	1	95	115	25	48	0.81	20.0
SA20160172_GPHLOGML_01148	SA20160172_GPHLOGML_01153	24.242	33	24	1	90	122	681	712	2.0	18.9
SA20160172_GPHLOGML_01148	SA20160172_GPHLOGML_01160	22.449	49	37	1	100	147	40	88	4.0	17.7
SA20160172_GPHLOGML_01148	SA20160172_GPHLOGML_01158	40.000	20	11	1	27	45	633	652	9.6	16.9
SA20160172_GPHLOGML_01149	SA20160172_GPHLOGML_01149	100.000	119	0	0	1	119	1	119	8.44e-89	244
SA20160172_GPHLOGML_01149	SA20160172_GPHLOGML_01152	38.889	18	11	0	48	65	197	214	1.0	18.9
SA20160172_GPHLOGML_01149	SA20160172_GPHLOGML_01144	45.455	11	6	0	81	91	447	457	4.3	17.3
SA20160172_GPHLOGML_01149	SA20160172_GPHLOGML_01141	39.130	23	13	1	42	64	119	140	6.4	16.5
SA20160172_GPHLOGML_01149	SA20160172_GPHLOGML_01158	31.111	45	23	2	53	89	909	953	8.8	16.2
SA20160172_GPHLOGML_01150	SA20160172_GPHLOGML_01150	100.000	485	0	0	1	485	1	485	0.0	971
SA20160172_GPHLOGML_01150	SA20160172_GPHLOGML_01146	31.250	32	22	0	364	395	60	91	0.72	21.6
SA20160172_GPHLOGML_01150	SA20160172_GPHLOGML_01160	35.484	31	18	1	111	139	192	222	5.4	19.2
SA20160172_GPHLOGML_01150	SA20160172_GPHLOGML_01157	40.000	30	18	0	74	103	446	475	5.9	18.9
SA20160172_GPHLOGML_01150	SA20160172_GPHLOGML_01151	35.294	17	11	0	172	188	912	928	8.4	18.5
SA20160172_GPHLOGML_01151	SA20160172_GPHLOGML_01151	100.000	1055	0	0	1	1055	1	1055	0.0	2120
SA20160172_GPHLOGML_01151	SA20160172_GPHLOGML_01153	48.485	33	17	0	462	494	131	163	0.13	25.8
SA20160172_GPHLOGML_01151	SA20160172_GPHLOGML_01160	33.333	24	16	0	803	826	162	185	0.47	23.9
SA20160172_GPHLOGML_01152	SA20160172_GPHLOGML_01152	100.000	408	0	0	1	408	1	408	0.0	815
SA20160172_GPHLOGML_01152	SA20160172_GPHLOGML_01157	37.209	43	19	1	173	215	526	560	0.49	22.3
SA20160172_GPHLOGML_01152	SA20160172_GPHLOGML_01144	34.211	38	20	2	261	297	274	307	2.6	20.0
SA20160172_GPHLOGML_01152	SA20160172_GPHLOGML_01140	23.423	111	71	5	249	345	46	156	3.2	19.6
SA20160172_GPHLOGML_01152	SA20160172_GPHLOGML_01149	38.889	18	11	0	197	214	48	65	3.6	18.9
SA20160172_GPHLOGML_01152	SA20160172_GPHLOGML_01153	31.915	47	24	1	326	372	243	281	9.6	18.1
SA20160172_GPHLOGML_01153	SA20160172_GPHLOGML_01153	100.000	762	0	0	1	762	1	762	0.0	1519
SA20160172_GPHLOGML_01153	SA20160172_GPHLOGML_01155	30.645	62	43	0	11	72	1	62	1.14e-05	34.7
SA20160172_GPHLOGML_01153	SA20160172_GPHLOGML_01151	48.485	33	17	0	131	163	462	494	0.097	25.8
SA20160172_GPHLOGML_01153	SA20160172_GPHLOGML_01144	25.843	89	57	4	245	333	396	475	0.22	24.3
SA20160172_GPHLOGML_01153	SA20160172_GPHLOGML_01156	45.000	20	11	0	90	109	274	293	0.68	22.7
SA20160172_GPHLOGML_01153	SA20160172_GPHLOGML_01160	25.676	74	43	3	224	297	208	269	3.0	20.8
SA20160172_GPHLOGML_01153	SA20160172_GPHLOGML_01140	38.710	31	15	2	494	521	19	48	6.3	19.6
SA20160172_GPHLOGML_01153	SA20160172_GPHLOGML_01158	33.333	21	14	0	60	80	516	536	8.7	19.2
SA20160172_GPHLOGML_01153	SA20160172_GPHLOGML_01148	24.242	33	24	1	681	712	90	122	8.7	18.9
SA20160172_GPHLOGML_01154	SA20160172_GPHLOGML_01154	100.000	154	0	0	1	154	1	154	2.76e-117	319
SA20160172_GPHLOGML_01154	SA20160172_GPHLOGML_01153	27.273	88	46	5	40	123	574	647	6.4	16.9
SA20160172_GPHLOGML_01155	SA20160172_GPHLOGML_01155	100.000	64	0	0	1	64	1	64	3.10e-46	132
SA20160172_GPHLOGML_01155	SA20160172_GPHLOGML_01153	30.645	62	43	0	1	62	11	72	9.55e-07	34.7
SA20160172_GPHLOGML_01155	SA20160172_GPHLOGML_01144	31.250	16	11	0	3	18	278	293	0.25	19.2
SA20160172_GPHLOGML_01156	SA20160172_GPHLOGML_01156	100.000	417	0	0	1	417	1	417	0.0	838
SA20160172_GPHLOGML_01156	SA20160172_GPHLOGML_01153	45.000	20	11	0	274	293	90	109	0.37	22.7
SA20160172_GPHLOGML_01156	SA20160172_GPHLOGML_01141	61.538	13	5	0	174	186	48	60	1.0	20.8
SA20160172_GPHLOGML_01157	SA20160172_GPHLOGML_01157	100.000	652	0	0	1	652	1	652	0.0	1353
SA20160172_GPHLOGML_01157	SA20160172_GPHLOGML_01147	26.415	53	29	1	233	275	78	130	0.70	21.9
SA20160172_GPHLOGML_01157	SA20160172_GPHLOGML_01140	50.000	18	9	0	535	552	207	224	0.77	22.3
SA20160172_GPHLOGML_01157	SA20160172_GPHLOGML_01152	46.667	30	14	1	531	560	188	215	0.80	22.3
SA20160172_GPHLOGML_01157	SA20160172_GPHLOGML_01141	38.462	39	18	2	243	275	109	147	4.1	19.6
SA20160172_GPHLOGML_01157	SA20160172_GPHLOGML_01158	57.143	14	6	0	183	196	644	657	6.6	19.2
SA20160172_GPHLOGML_01157	SA20160172_GPHLOGML_01150	40.000	30	18	0	446	475	74	103	8.0	18.9
SA20160172_GPHLOGML_01157	SA20160172_GPHLOGML_01142	31.818	22	15	0	588	609	2	23	9.6	18.5
SA20160172_GPHLOGML_01157	SA20160172_GPHLOGML_01151	42.105	19	11	0	532	550	670	688	9.6	18.9
SA20160172_GPHLOGML_01158	SA20160172_GPHLOGML_01158	100.000	990	0	0	1	990	1	990	0.0	2047
SA20160172_GPHLOGML_01158	SA20160172_GPHLOGML_01157	57.143	14	6	0	644	657	183	196	10.0	19.2
SA20160172_GPHLOGML_01159	SA20160172_GPHLOGML_01159	100.000	33	0	0	1	33	1	33	9.31e-22	68.9
SA20160172_GPHLOGML_01159	SA20160172_GPHLOGML_01157	66.667	6	2	0	4	9	493	498	4.2	14.6
SA20160172_GPHLOGML_01159	SA20160172_GPHLOGML_01151	54.545	11	5	0	16	26	93	103	6.6	14.2
SA20160172_GPHLOGML_01160	SA20160172_GPHLOGML_01160	100.000	467	0	0	1	467	1	467	0.0	947
SA20160172_GPHLOGML_01160	SA20160172_GPHLOGML_01151	33.333	24	16	0	162	185	803	826	0.21	23.9
SA20160172_GPHLOGML_01160	SA20160172_GPHLOGML_01153	35.714	42	23	2	430	467	48	89	0.66	21.9
SA20160172_GPHLOGML_01160	SA20160172_GPHLOGML_01147	21.277	47	33	2	136	182	66	108	4.6	18.9
SA20160172_GPHLOGML_01160	SA20160172_GPHLOGML_01150	35.484	31	18	1	192	222	111	139	5.2	19.2
SA20160172_GPHLOGML_01160	SA20160172_GPHLOGML_01142	38.095	21	12	1	248	267	104	124	6.1	18.9
SA20160197_BPNLNKPL_02153	SA20160197_BPNLNKPL_02153	100.000	467	0	0	1	467	1	467	0.0	947
SA20160197_BPNLNKPL_02153	SA20160197_BPNLNKPL_02162	33.333	24	16	0	162	185	803	826	0.21	23.9
SA20160197_BPNLNKPL_02153	SA20160197_BPNLNKPL_02160	35.714	42	23	2	430	467	48	89	0.66	21.9
SA20160197_BPNLNKPL_02153	SA20160197_BPNLNKPL_02166	21.277	47	33	2	136	182	66	108	4.6	18.9
SA20160197_BPNLNKPL_02153	SA20160197_BPNLNKPL_02163	35.484	31	18	1	192	222	111	139	5.1	19.2
SA20160197_BPNLNKPL_02153	SA20160197_BPNLNKPL_02171	38.095	21	12	1	248	267	104	124	6.1	18.9
SA20160197_BPNLNKPL_02154	SA20160197_BPNLNKPL_02154	100.000	33	0	0	1	33	1	33	9.31e-22	68.9
SA20160197_BPNLNKPL_02154	SA20160197_BPNLNKPL_02156	66.667	6	2	0	4	9	493	498	4.2	14.6
SA20160197_BPNLNKPL_02154	SA20160197_BPNLNKPL_02162	54.545	11	5	0	16	26	93	103	6.6	14.2
SA20160197_BPNLNKPL_02155	SA20160197_BPNLNKPL_02155	100.000	990	0	0	1	990	1	990	0.0	2047
SA20160197_BPNLNKPL_02155	SA20160197_BPNLNKPL_02156	57.143	14	6	0	644	657	183	196	10.0	19.2
SA20160197_BPNLNKPL_02156	SA20160197_BPNLNKPL_02156	100.000	652	0	0	1	652	1	652	0.0	1353
SA20160197_BPNLNKPL_02156	SA20160197_BPNLNKPL_02166	26.415	53	29	1	233	275	78	130	0.70	21.9
SA20160197_BPNLNKPL_02156	SA20160197_BPNLNKPL_02173	50.000	18	9	0	535	552	207	224	0.77	22.3
SA20160197_BPNLNKPL_02156	SA20160197_BPNLNKPL_02161	46.667	30	14	1	531	560	188	215	0.80	22.3
SA20160197_BPNLNKPL_02156	SA20160197_BPNLNKPL_02172	38.462	39	18	2	243	275	109	147	4.1	19.6
SA20160197_BPNLNKPL_02156	SA20160197_BPNLNKPL_02155	57.143	14	6	0	183	196	644	657	6.6	19.2
SA20160197_BPNLNKPL_02156	SA20160197_BPNLNKPL_02163	40.000	30	18	0	446	475	74	103	8.1	18.9
SA20160197_BPNLNKPL_02156	SA20160197_BPNLNKPL_02171	31.818	22	15	0	588	609	2	23	9.6	18.5
SA20160197_BPNLNKPL_02156	SA20160197_BPNLNKPL_02162	42.105	19	11	0	532	550	670	688	9.6	18.9
SA20160197_BPNLNKPL_02157	SA20160197_BPNLNKPL_02157	100.000	417	0	0	1	417	1	417	0.0	838
SA20160197_BPNLNKPL_02157	SA20160197_BPNLNKPL_02160	45.000	20	11	0	274	293	90	109	0.37	22.7
SA20160197_BPNLNKPL_02157	SA20160197_BPNLNKPL_02172	61.538	13	5	0	174	186	48	60	1.0	20.8
SA20160197_BPNLNKPL_02158	SA20160197_BPNLNKPL_02158	100.000	64	0	0	1	64	1	64	3.10e-46	132
SA20160197_BPNLNKPL_02158	SA20160197_BPNLNKPL_02160	30.645	62	43	0	1	62	11	72	9.55e-07	34.7
SA20160197_BPNLNKPL_02158	SA20160197_BPNLNKPL_02169	31.250	16	11	0	3	18	278	293	0.25	19.2
SA20160197_BPNLNKPL_02159	SA20160197_BPNLNKPL_02159	100.000	154	0	0	1	154	1	154	2.76e-117	319
SA20160197_BPNLNKPL_02159	SA20160197_BPNLNKPL_02160	27.273	88	46	5	40	123	574	647	6.4	16.9
SA20160197_BPNLNKPL_02160	SA20160197_BPNLNKPL_02160	100.000	762	0	0	1	762	1	762	0.0	1519
SA20160197_BPNLNKPL_02160	SA20160197_BPNLNKPL_02158	30.645	62	43	0	11	72	1	62	1.14e-05	34.7
SA20160197_BPNLNKPL_02160	SA20160197_BPNLNKPL_02162	48.485	33	17	0	131	163	462	494	0.097	25.8
SA20160197_BPNLNKPL_02160	SA20160197_BPNLNKPL_02169	25.843	89	57	4	245	333	396	475	0.22	24.3
SA20160197_BPNLNKPL_02160	SA20160197_BPNLNKPL_02157	45.000	20	11	0	90	109	274	293	0.68	22.7
SA20160197_BPNLNKPL_02160	SA20160197_BPNLNKPL_02153	25.676	74	43	3	224	297	208	269	3.0	20.8
SA20160197_BPNLNKPL_02160	SA20160197_BPNLNKPL_02173	38.710	31	15	2	494	521	19	48	6.3	19.6
SA20160197_BPNLNKPL_02160	SA20160197_BPNLNKPL_02155	33.333	21	14	0	60	80	516	536	8.7	19.2
SA20160197_BPNLNKPL_02160	SA20160197_BPNLNKPL_02165	24.242	33	24	1	681	712	90	122	8.7	18.9
SA20160197_BPNLNKPL_02161	SA20160197_BPNLNKPL_02161	100.000	408	0	0	1	408	1	408	0.0	815
SA20160197_BPNLNKPL_02161	SA20160197_BPNLNKPL_02156	37.209	43	19	1	173	215	526	560	0.49	22.3
SA20160197_BPNLNKPL_02161	SA20160197_BPNLNKPL_02169	34.211	38	20	2	261	297	274	307	2.6	20.0
SA20160197_BPNLNKPL_02161	SA20160197_BPNLNKPL_02173	23.423	111	71	5	249	345	46	156	3.2	19.6
SA20160197_BPNLNKPL_02161	SA20160197_BPNLNKPL_02164	38.889	18	11	0	197	214	48	65	3.6	18.9
SA20160197_BPNLNKPL_02161	SA20160197_BPNLNKPL_02160	31.915	47	24	1	326	372	243	281	9.6	18.1
SA20160197_BPNLNKPL_02162	SA20160197_BPNLNKPL_02162	100.000	1055	0	0	1	1055	1	1055	0.0	2120
SA20160197_BPNLNKPL_02162	SA20160197_BPNLNKPL_02160	48.485	33	17	0	462	494	131	163	0.13	25.8
SA20160197_BPNLNKPL_02162	SA20160197_BPNLNKPL_02153	33.333	24	16	0	803	826	162	185	0.47	23.9
SA20160197_BPNLNKPL_02163	SA20160197_BPNLNKPL_02163	100.000	485	0	0	1	485	1	485	0.0	972
SA20160197_BPNLNKPL_02163	SA20160197_BPNLNKPL_02167	31.250	32	22	0	364	395	60	91	0.71	21.6
SA20160197_BPNLNKPL_02163	SA20160197_BPNLNKPL_02153	35.484	31	18	1	111	139	192	222	5.3	19.2
SA20160197_BPNLNKPL_02163	SA20160197_BPNLNKPL_02156	40.000	30	18	0	74	103	446	475	6.0	18.9
SA20160197_BPNLNKPL_02163	SA20160197_BPNLNKPL_02162	35.294	17	11	0	172	188	912	928	8.6	18.5
SA20160197_BPNLNKPL_02164	SA20160197_BPNLNKPL_02164	100.000	119	0	0	1	119	1	119	8.44e-89	244
SA20160197_BPNLNKPL_02164	SA20160197_BPNLNKPL_02161	38.889	18	11	0	48	65	197	214	1.0	18.9
SA20160197_BPNLNKPL_02164	SA20160197_BPNLNKPL_02169	45.455	11	6	0	81	91	447	457	4.3	17.3
SA20160197_BPNLNKPL_02164	SA20160197_BPNLNKPL_02172	39.130	23	13	1	42	64	119	140	6.4	16.5
SA20160197_BPNLNKPL_02164	SA20160197_BPNLNKPL_02155	31.111	45	23	2	53	89	909	953	8.8	16.2
SA20160197_BPNLNKPL_02165	SA20160197_BPNLNKPL_02165	100.000	175	0	0	1	175	1	175	4.57e-135	365
SA20160197_BPNLNKPL_02165	SA20160197_BPNLNKPL_02171	41.667	24	11	1	95	115	25	48	0.81	20.0
SA20160197_BPNLNKPL_02165	SA20160197_BPNLNKPL_02160	24.242	33	24	1	90	122	681	712	2.0	18.9
SA20160197_BPNLNKPL_02165	SA20160197_BPNLNKPL_02153	22.449	49	37	1	100	147	40	88	4.0	17.7
SA20160197_BPNLNKPL_02165	SA20160197_BPNLNKPL_02155	40.000	20	11	1	27	45	633	652	9.6	16.9
SA20160197_BPNLNKPL_02166	SA20160197_BPNLNKPL_02166	100.000	174	0	0	1	174	1	174	6.76e-132	357
SA20160197_BPNLNKPL_02166	SA20160197_BPNLNKPL_02156	26.415	53	29	1	78	130	233	275	0.21	21.9
SA20160197_BPNLNKPL_02166	SA20160197_BPNLNKPL_02153	21.277	47	33	2	66	108	136	182	1.4	19.2
SA20160197_BPNLNKPL_02166	SA20160197_BPNLNKPL_02171	42.105	19	11	0	1	19	132	150	1.7	18.9
SA20160197_BPNLNKPL_02166	SA20160197_BPNLNKPL_02168	30.303	33	21	1	11	41	95	127	4.3	17.7
SA20160197_BPNLNKPL_02166	SA20160197_BPNLNKPL_02162	37.500	24	15	0	144	167	217	240	4.9	17.7
SA20160197_BPNLNKPL_02166	SA20160197_BPNLNKPL_02155	23.881	67	47	2	13	75	83	149	9.5	16.9
SA20160197_BPNLNKPL_02167	SA20160197_BPNLNKPL_02167	100.000	162	0	0	1	162	1	162	3.51e-124	337
SA20160197_BPNLNKPL_02167	SA20160197_BPNLNKPL_02170	41.463	164	91	2	1	162	1	161	1.34e-45	138
SA20160197_BPNLNKPL_02167	SA20160197_BPNLNKPL_02163	31.250	32	22	0	60	91	364	395	0.23	21.6
SA20160197_BPNLNKPL_02167	SA20160197_BPNLNKPL_02169	23.256	86	56	4	83	158	242	327	0.90	19.6
SA20160197_BPNLNKPL_02168	SA20160197_BPNLNKPL_02168	100.000	247	0	0	1	247	1	247	0.0	512
SA20160197_BPNLNKPL_02168	SA20160197_BPNLNKPL_02171	42.688	253	130	4	1	247	1	244	3.59e-70	207
SA20160197_BPNLNKPL_02168	SA20160197_BPNLNKPL_02169	26.471	34	25	0	6	39	351	384	2.1	19.2
SA20160197_BPNLNKPL_02168	SA20160197_BPNLNKPL_02173	33.333	39	16	2	35	63	142	180	4.4	18.1
SA20160197_BPNLNKPL_02168	SA20160197_BPNLNKPL_02162	37.037	27	17	0	75	101	378	404	7.2	17.7
SA20160197_BPNLNKPL_02168	SA20160197_BPNLNKPL_02156	22.000	50	39	0	6	55	561	610	7.6	17.7
SA20160197_BPNLNKPL_02168	SA20160197_BPNLNKPL_02155	26.923	26	19	0	200	225	65	90	7.8	17.7
SA20160197_BPNLNKPL_02169	SA20160197_BPNLNKPL_02169	100.000	524	0	0	1	524	1	524	0.0	1073
SA20160197_BPNLNKPL_02169	SA20160197_BPNLNKPL_02160	25.843	89	57	4	396	475	245	333	0.14	24.3
SA20160197_BPNLNKPL_02169	SA20160197_BPNLNKPL_02158	31.250	16	11	0	278	293	3	18	2.0	19.2
SA20160197_BPNLNKPL_02169	SA20160197_BPNLNKPL_02161	34.211	38	20	2	274	307	261	297	2.3	20.4
SA20160197_BPNLNKPL_02169	SA20160197_BPNLNKPL_02167	23.256	86	56	4	242	327	83	158	2.9	19.6
SA20160197_BPNLNKPL_02169	SA20160197_BPNLNKPL_02168	26.471	34	25	0	351	384	6	39	4.6	19.2
SA20160197_BPNLNKPL_02170	SA20160197_BPNLNKPL_02170	100.000	166	0	0	1	166	1	166	4.80e-125	340
SA20160197_BPNLNKPL_02170	SA20160197_BPNLNKPL_02167	40.741	162	95	1	1	161	1	162	5.14e-45	137
SA20160197_BPNLNKPL_02170	SA20160197_BPNLNKPL_02156	46.667	15	8	0	99	113	638	652	9.2	16.5
SA20160197_BPNLNKPL_02171	SA20160197_BPNLNKPL_02171	100.000	244	0	0	1	244	1	244	0.0	504
SA20160197_BPNLNKPL_02171	SA20160197_BPNLNKPL_02168	42.688	253	130	4	1	244	1	247	3.55e-70	207
SA20160197_BPNLNKPL_02171	SA20160197_BPNLNKPL_02165	41.667	24	11	1	25	48	95	115	1.1	20.0
SA20160197_BPNLNKPL_02171	SA20160197_BPNLNKPL_02153	38.095	21	12	1	104	124	248	267	3.2	18.9
SA20160197_BPNLNKPL_02171	SA20160197_BPNLNKPL_02156	31.818	22	15	0	2	23	588	609	3.6	18.5
SA20160197_BPNLNKPL_02171	SA20160197_BPNLNKPL_02162	66.667	12	4	0	83	94	200	211	4.1	18.5
SA20160197_BPNLNKPL_02172	SA20160197_BPNLNKPL_02172	100.000	178	0	0	1	178	1	178	4.70e-131	356
SA20160197_BPNLNKPL_02172	SA20160197_BPNLNKPL_02157	61.538	13	5	0	48	60	174	186	0.44	20.8
SA20160197_BPNLNKPL_02172	SA20160197_BPNLNKPL_02156	38.462	39	18	2	109	147	243	275	1.1	19.6
SA20160197_BPNLNKPL_02172	SA20160197_BPNLNKPL_02163	36.842	19	12	0	64	82	9	27	9.0	16.9
SA20160197_BPNLNKPL_02173	SA20160197_BPNLNKPL_02173	100.000	253	0	0	1	253	1	253	0.0	515
SA20160197_BPNLNKPL_02173	SA20160197_BPNLNKPL_02156	50.000	18	9	0	207	224	535	552	0.30	22.3
SA20160197_BPNLNKPL_02173	SA20160197_BPNLNKPL_02160	38.710	31	15	2	19	48	494	521	2.1	19.6
SA20160197_BPNLNKPL_02173	SA20160197_BPNLNKPL_02161	23.423	111	71	5	46	156	249	345	2.3	19.2
SA20160197_BPNLNKPL_02173	SA20160197_BPNLNKPL_02168	33.333	39	16	2	142	180	35	63	4.5	18.1
