SA20160190_KJBEGOPM_01465	SA20160323_HIEPLBCK_03696	100.000	467	0	0	1	467	1	467	0.0	947
SA20160190_KJBEGOPM_01465	SA20160323_HIEPLBCK_03705	33.333	24	16	0	162	185	803	826	0.21	23.9
SA20160190_KJBEGOPM_01465	SA20160323_HIEPLBCK_03703	38.095	42	22	2	430	467	48	89	0.44	22.7
SA20160190_KJBEGOPM_01465	SA20160323_HIEPLBCK_03709	21.277	47	33	2	136	182	66	108	4.6	18.9
SA20160190_KJBEGOPM_01465	SA20160323_HIEPLBCK_03706	35.484	31	18	1	192	222	111	139	5.1	19.2
SA20160190_KJBEGOPM_01465	SA20160323_HIEPLBCK_03714	38.095	21	12	1	248	267	104	124	6.2	18.9
SA20160190_KJBEGOPM_01466	SA20160323_HIEPLBCK_03697	100.000	33	0	0	1	33	1	33	9.31e-22	68.9
SA20160190_KJBEGOPM_01466	SA20160323_HIEPLBCK_03699	66.667	6	2	0	4	9	493	498	4.4	14.6
SA20160190_KJBEGOPM_01466	SA20160323_HIEPLBCK_03705	54.545	11	5	0	16	26	93	103	6.7	14.2
SA20160190_KJBEGOPM_01467	SA20160323_HIEPLBCK_03698	100.000	990	0	0	1	990	1	990	0.0	2046
SA20160190_KJBEGOPM_01467	SA20160323_HIEPLBCK_03703	38.095	21	13	0	516	536	60	80	7.0	20.0
SA20160190_KJBEGOPM_01467	SA20160323_HIEPLBCK_03699	57.143	14	6	0	644	657	183	196	9.5	19.6
SA20160190_KJBEGOPM_01468	SA20160323_HIEPLBCK_03699	100.000	652	0	0	1	652	1	652	0.0	1352
SA20160190_KJBEGOPM_01468	SA20160323_HIEPLBCK_03709	26.415	53	29	1	233	275	78	130	0.61	22.3
SA20160190_KJBEGOPM_01468	SA20160323_HIEPLBCK_03704	46.667	30	14	1	531	560	188	215	0.70	22.3
SA20160190_KJBEGOPM_01468	SA20160323_HIEPLBCK_03716	50.000	18	9	0	535	552	207	224	0.79	21.9
SA20160190_KJBEGOPM_01468	SA20160323_HIEPLBCK_03715	38.462	39	18	2	243	275	109	147	4.0	19.6
SA20160190_KJBEGOPM_01468	SA20160323_HIEPLBCK_03705	23.684	114	78	4	1	108	796	906	5.7	19.6
SA20160190_KJBEGOPM_01468	SA20160323_HIEPLBCK_03698	57.143	14	6	0	183	196	644	657	6.3	19.6
SA20160190_KJBEGOPM_01468	SA20160323_HIEPLBCK_03706	40.000	30	18	0	446	475	74	103	8.3	18.9
SA20160190_KJBEGOPM_01468	SA20160323_HIEPLBCK_03714	31.818	22	15	0	588	609	2	23	9.5	18.5
SA20160190_KJBEGOPM_01469	SA20160323_HIEPLBCK_03700	100.000	417	0	0	1	417	1	417	0.0	838
SA20160190_KJBEGOPM_01469	SA20160323_HIEPLBCK_03703	45.000	20	11	0	274	293	90	109	0.38	22.7
SA20160190_KJBEGOPM_01469	SA20160323_HIEPLBCK_03715	61.538	13	5	0	174	186	48	60	1.0	20.8
SA20160190_KJBEGOPM_01470	SA20160323_HIEPLBCK_03701	100.000	64	0	0	1	64	1	64	3.10e-46	132
SA20160190_KJBEGOPM_01470	SA20160323_HIEPLBCK_03703	30.645	62	43	0	1	62	11	72	9.74e-07	34.3
SA20160190_KJBEGOPM_01470	SA20160323_HIEPLBCK_03712	50.000	10	5	0	5	14	405	414	8.7	15.0
SA20160190_KJBEGOPM_01471	SA20160323_HIEPLBCK_03702	100.000	154	0	0	1	154	1	154	2.76e-117	319
SA20160190_KJBEGOPM_01471	SA20160323_HIEPLBCK_03703	27.273	88	46	5	40	123	574	647	6.8	16.9
SA20160190_KJBEGOPM_01472	SA20160323_HIEPLBCK_03703	100.000	762	0	0	1	762	1	762	0.0	1519
SA20160190_KJBEGOPM_01472	SA20160323_HIEPLBCK_03701	30.645	62	43	0	11	72	1	62	1.16e-05	34.3
SA20160190_KJBEGOPM_01472	SA20160323_HIEPLBCK_03705	45.455	33	18	0	131	163	462	494	0.21	24.6
SA20160190_KJBEGOPM_01472	SA20160323_HIEPLBCK_03712	25.843	89	57	4	245	333	396	475	0.38	23.5
SA20160190_KJBEGOPM_01472	SA20160323_HIEPLBCK_03700	45.000	20	11	0	90	109	274	293	0.70	22.7
SA20160190_KJBEGOPM_01472	SA20160323_HIEPLBCK_03696	38.095	42	22	2	48	89	430	467	0.71	22.7
SA20160190_KJBEGOPM_01472	SA20160323_HIEPLBCK_03711	26.667	45	31	2	537	579	99	143	1.1	21.9
SA20160190_KJBEGOPM_01472	SA20160323_HIEPLBCK_03698	38.095	21	13	0	60	80	516	536	5.4	20.0
SA20160190_KJBEGOPM_01473	SA20160323_HIEPLBCK_03704	100.000	408	0	0	1	408	1	408	0.0	815
SA20160190_KJBEGOPM_01473	SA20160323_HIEPLBCK_03699	37.209	43	19	1	173	215	526	560	0.46	22.3
SA20160190_KJBEGOPM_01473	SA20160323_HIEPLBCK_03712	34.211	38	20	2	261	297	274	307	1.9	20.4
SA20160190_KJBEGOPM_01473	SA20160323_HIEPLBCK_03707	38.889	18	11	0	197	214	48	65	3.3	19.2
SA20160190_KJBEGOPM_01473	SA20160323_HIEPLBCK_03716	23.423	111	71	5	249	345	46	156	3.4	19.2
SA20160190_KJBEGOPM_01473	SA20160323_HIEPLBCK_03703	31.915	47	24	1	326	372	243	281	8.8	18.1
SA20160190_KJBEGOPM_01474	SA20160323_HIEPLBCK_03705	100.000	1055	0	0	1	1055	1	1055	0.0	2120
SA20160190_KJBEGOPM_01474	SA20160323_HIEPLBCK_03703	45.455	33	18	0	462	494	131	163	0.28	24.6
SA20160190_KJBEGOPM_01474	SA20160323_HIEPLBCK_03696	33.333	24	16	0	803	826	162	185	0.47	23.9
SA20160190_KJBEGOPM_01474	SA20160323_HIEPLBCK_03699	23.684	114	78	4	796	906	1	108	9.1	19.6
SA20160190_KJBEGOPM_01475	SA20160323_HIEPLBCK_03706	100.000	485	0	0	1	485	1	485	0.0	972
SA20160190_KJBEGOPM_01475	SA20160323_HIEPLBCK_03710	31.250	32	22	0	364	395	60	91	0.71	21.6
SA20160190_KJBEGOPM_01475	SA20160323_HIEPLBCK_03696	35.484	31	18	1	111	139	192	222	5.3	19.2
SA20160190_KJBEGOPM_01475	SA20160323_HIEPLBCK_03699	40.000	30	18	0	74	103	446	475	6.2	18.9
SA20160190_KJBEGOPM_01475	SA20160323_HIEPLBCK_03705	35.294	17	11	0	172	188	912	928	8.2	18.5
SA20160190_KJBEGOPM_01476	SA20160323_HIEPLBCK_03707	100.000	119	0	0	1	119	1	119	8.44e-89	244
SA20160190_KJBEGOPM_01476	SA20160323_HIEPLBCK_03704	38.889	18	11	0	48	65	197	214	0.97	18.9
SA20160190_KJBEGOPM_01476	SA20160323_HIEPLBCK_03712	45.455	11	6	0	81	91	447	457	4.3	17.3
SA20160190_KJBEGOPM_01476	SA20160323_HIEPLBCK_03715	39.130	23	13	1	42	64	119	140	6.1	16.5
SA20160190_KJBEGOPM_01476	SA20160323_HIEPLBCK_03698	31.111	45	23	2	53	89	909	953	8.8	16.2
SA20160190_KJBEGOPM_01477	SA20160323_HIEPLBCK_03708	100.000	175	0	0	1	175	1	175	1.32e-134	364
SA20160190_KJBEGOPM_01477	SA20160323_HIEPLBCK_03714	41.667	24	11	1	95	115	25	48	0.82	20.0
SA20160190_KJBEGOPM_01477	SA20160323_HIEPLBCK_03703	24.242	33	24	1	90	122	681	712	2.6	18.5
SA20160190_KJBEGOPM_01477	SA20160323_HIEPLBCK_03698	21.739	23	18	0	111	133	63	85	5.9	17.3
SA20160190_KJBEGOPM_01478	SA20160323_HIEPLBCK_03709	100.000	174	0	0	1	174	1	174	5.36e-132	358
SA20160190_KJBEGOPM_01478	SA20160323_HIEPLBCK_03699	26.415	53	29	1	78	130	233	275	0.19	21.9
SA20160190_KJBEGOPM_01478	SA20160323_HIEPLBCK_03696	21.277	47	33	2	66	108	136	182	1.4	19.2
SA20160190_KJBEGOPM_01478	SA20160323_HIEPLBCK_03706	29.091	55	30	2	11	56	255	309	4.2	17.7
SA20160190_KJBEGOPM_01478	SA20160323_HIEPLBCK_03705	37.500	24	15	0	144	167	217	240	4.9	17.7
SA20160190_KJBEGOPM_01478	SA20160323_HIEPLBCK_03698	23.881	67	47	2	13	75	83	149	10.0	16.5
SA20160190_KJBEGOPM_01479	SA20160323_HIEPLBCK_03710	100.000	162	0	0	1	162	1	162	6.56e-124	336
SA20160190_KJBEGOPM_01479	SA20160323_HIEPLBCK_03713	41.975	162	89	2	1	160	1	159	1.34e-45	138
SA20160190_KJBEGOPM_01479	SA20160323_HIEPLBCK_03706	31.250	32	22	0	60	91	364	395	0.23	21.6
SA20160190_KJBEGOPM_01479	SA20160323_HIEPLBCK_03712	23.256	86	56	4	83	158	242	327	1.7	18.9
SA20160190_KJBEGOPM_01479	SA20160323_HIEPLBCK_03711	50.000	18	9	0	101	118	116	133	4.6	17.3
SA20160190_KJBEGOPM_01480	SA20160323_HIEPLBCK_03711	100.000	247	0	0	1	247	1	247	0.0	514
SA20160190_KJBEGOPM_01480	SA20160323_HIEPLBCK_03714	42.292	253	131	4	1	247	1	244	2.05e-68	202
SA20160190_KJBEGOPM_01480	SA20160323_HIEPLBCK_03703	26.667	45	31	2	99	143	537	579	0.35	21.9
SA20160190_KJBEGOPM_01480	SA20160323_HIEPLBCK_03712	26.471	34	25	0	6	39	351	384	2.0	19.6
SA20160190_KJBEGOPM_01480	SA20160323_HIEPLBCK_03705	37.037	27	17	0	75	101	378	404	7.2	17.7
SA20160190_KJBEGOPM_01480	SA20160323_HIEPLBCK_03710	50.000	18	9	0	116	133	101	118	7.5	17.3
SA20160190_KJBEGOPM_01480	SA20160323_HIEPLBCK_03698	26.923	26	19	0	200	225	65	90	10.0	17.3
SA20160190_KJBEGOPM_01481	SA20160323_HIEPLBCK_03712	100.000	524	0	0	1	524	1	524	0.0	1076
SA20160190_KJBEGOPM_01481	SA20160323_HIEPLBCK_03703	25.843	89	57	4	396	475	245	333	0.25	23.5
SA20160190_KJBEGOPM_01481	SA20160323_HIEPLBCK_03704	34.211	38	20	2	274	307	261	297	1.7	20.8
SA20160190_KJBEGOPM_01481	SA20160323_HIEPLBCK_03711	26.471	34	25	0	351	384	6	39	4.2	19.6
SA20160190_KJBEGOPM_01481	SA20160323_HIEPLBCK_03710	23.256	86	56	4	242	327	83	158	5.9	18.9
SA20160190_KJBEGOPM_01482	SA20160323_HIEPLBCK_03713	100.000	166	0	0	1	166	1	166	4.80e-125	340
SA20160190_KJBEGOPM_01482	SA20160323_HIEPLBCK_03710	41.250	160	93	1	1	159	1	160	5.98e-45	137
SA20160190_KJBEGOPM_01482	SA20160323_HIEPLBCK_03698	29.032	31	21	1	100	129	384	414	3.4	18.1
SA20160190_KJBEGOPM_01482	SA20160323_HIEPLBCK_03699	46.667	15	8	0	99	113	638	652	9.3	16.5
SA20160190_KJBEGOPM_01483	SA20160323_HIEPLBCK_03714	99.590	244	1	0	1	244	1	244	0.0	501
SA20160190_KJBEGOPM_01483	SA20160323_HIEPLBCK_03711	42.688	253	130	4	1	244	1	247	4.88e-69	204
SA20160190_KJBEGOPM_01483	SA20160323_HIEPLBCK_03708	41.667	24	11	1	25	48	95	115	1.1	20.0
SA20160190_KJBEGOPM_01483	SA20160323_HIEPLBCK_03696	38.095	21	12	1	104	124	248	267	3.2	18.9
SA20160190_KJBEGOPM_01483	SA20160323_HIEPLBCK_03699	31.818	22	15	0	2	23	588	609	3.6	18.5
SA20160190_KJBEGOPM_01484	SA20160323_HIEPLBCK_03715	100.000	178	0	0	1	178	1	178	5.54e-131	355
SA20160190_KJBEGOPM_01484	SA20160323_HIEPLBCK_03700	61.538	13	5	0	48	60	174	186	0.45	20.8
SA20160190_KJBEGOPM_01484	SA20160323_HIEPLBCK_03699	38.462	39	18	2	109	147	243	275	1.1	19.6
SA20160190_KJBEGOPM_01484	SA20160323_HIEPLBCK_03712	31.148	61	34	4	21	78	35	90	5.2	17.7
SA20160190_KJBEGOPM_01484	SA20160323_HIEPLBCK_03706	36.842	19	12	0	64	82	9	27	9.2	16.9
SA20160190_KJBEGOPM_01484	SA20160323_HIEPLBCK_03707	39.130	23	13	1	119	140	42	64	10.0	16.5
SA20160190_KJBEGOPM_01485	SA20160323_HIEPLBCK_03716	100.000	253	0	0	1	253	1	253	0.0	515
SA20160190_KJBEGOPM_01485	SA20160323_HIEPLBCK_03699	50.000	18	9	0	207	224	535	552	0.31	21.9
SA20160190_KJBEGOPM_01485	SA20160323_HIEPLBCK_03704	23.423	111	71	5	46	156	249	345	2.5	19.2
SA20160190_KJBEGOPM_01485	SA20160323_HIEPLBCK_03703	43.750	16	9	0	19	34	494	509	5.0	18.1
SA20160323_HIEPLBCK_03696	SA20160323_HIEPLBCK_03696	100.000	467	0	0	1	467	1	467	0.0	947
SA20160323_HIEPLBCK_03696	SA20160323_HIEPLBCK_03705	33.333	24	16	0	162	185	803	826	0.21	23.9
SA20160323_HIEPLBCK_03696	SA20160323_HIEPLBCK_03703	38.095	42	22	2	430	467	48	89	0.44	22.7
SA20160323_HIEPLBCK_03696	SA20160323_HIEPLBCK_03709	21.277	47	33	2	136	182	66	108	4.6	18.9
SA20160323_HIEPLBCK_03696	SA20160323_HIEPLBCK_03706	35.484	31	18	1	192	222	111	139	5.1	19.2
SA20160323_HIEPLBCK_03696	SA20160323_HIEPLBCK_03714	38.095	21	12	1	248	267	104	124	6.2	18.9
SA20160323_HIEPLBCK_03697	SA20160323_HIEPLBCK_03697	100.000	33	0	0	1	33	1	33	9.31e-22	68.9
SA20160323_HIEPLBCK_03697	SA20160323_HIEPLBCK_03699	66.667	6	2	0	4	9	493	498	4.4	14.6
SA20160323_HIEPLBCK_03697	SA20160323_HIEPLBCK_03705	54.545	11	5	0	16	26	93	103	6.7	14.2
SA20160323_HIEPLBCK_03698	SA20160323_HIEPLBCK_03698	100.000	990	0	0	1	990	1	990	0.0	2046
SA20160323_HIEPLBCK_03698	SA20160323_HIEPLBCK_03703	38.095	21	13	0	516	536	60	80	7.0	20.0
SA20160323_HIEPLBCK_03698	SA20160323_HIEPLBCK_03699	57.143	14	6	0	644	657	183	196	9.5	19.6
SA20160323_HIEPLBCK_03699	SA20160323_HIEPLBCK_03699	100.000	652	0	0	1	652	1	652	0.0	1352
SA20160323_HIEPLBCK_03699	SA20160323_HIEPLBCK_03709	26.415	53	29	1	233	275	78	130	0.61	22.3
SA20160323_HIEPLBCK_03699	SA20160323_HIEPLBCK_03704	46.667	30	14	1	531	560	188	215	0.70	22.3
SA20160323_HIEPLBCK_03699	SA20160323_HIEPLBCK_03716	50.000	18	9	0	535	552	207	224	0.79	21.9
SA20160323_HIEPLBCK_03699	SA20160323_HIEPLBCK_03715	38.462	39	18	2	243	275	109	147	4.0	19.6
SA20160323_HIEPLBCK_03699	SA20160323_HIEPLBCK_03705	23.684	114	78	4	1	108	796	906	5.7	19.6
SA20160323_HIEPLBCK_03699	SA20160323_HIEPLBCK_03698	57.143	14	6	0	183	196	644	657	6.3	19.6
SA20160323_HIEPLBCK_03699	SA20160323_HIEPLBCK_03706	40.000	30	18	0	446	475	74	103	8.3	18.9
SA20160323_HIEPLBCK_03699	SA20160323_HIEPLBCK_03714	31.818	22	15	0	588	609	2	23	9.5	18.5
SA20160323_HIEPLBCK_03700	SA20160323_HIEPLBCK_03700	100.000	417	0	0	1	417	1	417	0.0	838
SA20160323_HIEPLBCK_03700	SA20160323_HIEPLBCK_03703	45.000	20	11	0	274	293	90	109	0.38	22.7
SA20160323_HIEPLBCK_03700	SA20160323_HIEPLBCK_03715	61.538	13	5	0	174	186	48	60	1.0	20.8
SA20160323_HIEPLBCK_03701	SA20160323_HIEPLBCK_03701	100.000	64	0	0	1	64	1	64	3.10e-46	132
SA20160323_HIEPLBCK_03701	SA20160323_HIEPLBCK_03703	30.645	62	43	0	1	62	11	72	9.74e-07	34.3
SA20160323_HIEPLBCK_03701	SA20160323_HIEPLBCK_03712	50.000	10	5	0	5	14	405	414	8.7	15.0
SA20160323_HIEPLBCK_03702	SA20160323_HIEPLBCK_03702	100.000	154	0	0	1	154	1	154	2.76e-117	319
SA20160323_HIEPLBCK_03702	SA20160323_HIEPLBCK_03703	27.273	88	46	5	40	123	574	647	6.8	16.9
SA20160323_HIEPLBCK_03703	SA20160323_HIEPLBCK_03703	100.000	762	0	0	1	762	1	762	0.0	1519
SA20160323_HIEPLBCK_03703	SA20160323_HIEPLBCK_03701	30.645	62	43	0	11	72	1	62	1.16e-05	34.3
SA20160323_HIEPLBCK_03703	SA20160323_HIEPLBCK_03705	45.455	33	18	0	131	163	462	494	0.21	24.6
SA20160323_HIEPLBCK_03703	SA20160323_HIEPLBCK_03712	25.843	89	57	4	245	333	396	475	0.38	23.5
SA20160323_HIEPLBCK_03703	SA20160323_HIEPLBCK_03700	45.000	20	11	0	90	109	274	293	0.70	22.7
SA20160323_HIEPLBCK_03703	SA20160323_HIEPLBCK_03711	26.667	45	31	2	537	579	99	143	1.1	21.9
SA20160323_HIEPLBCK_03703	SA20160323_HIEPLBCK_03696	25.676	74	43	3	224	297	208	269	3.2	20.4
SA20160323_HIEPLBCK_03703	SA20160323_HIEPLBCK_03698	38.095	21	13	0	60	80	516	536	5.4	20.0
SA20160323_HIEPLBCK_03704	SA20160323_HIEPLBCK_03704	100.000	408	0	0	1	408	1	408	0.0	815
SA20160323_HIEPLBCK_03704	SA20160323_HIEPLBCK_03699	37.209	43	19	1	173	215	526	560	0.46	22.3
SA20160323_HIEPLBCK_03704	SA20160323_HIEPLBCK_03712	34.211	38	20	2	261	297	274	307	1.9	20.4
SA20160323_HIEPLBCK_03704	SA20160323_HIEPLBCK_03707	38.889	18	11	0	197	214	48	65	3.3	19.2
SA20160323_HIEPLBCK_03704	SA20160323_HIEPLBCK_03716	23.423	111	71	5	249	345	46	156	3.4	19.2
SA20160323_HIEPLBCK_03704	SA20160323_HIEPLBCK_03703	31.915	47	24	1	326	372	243	281	8.8	18.1
SA20160323_HIEPLBCK_03705	SA20160323_HIEPLBCK_03705	100.000	1055	0	0	1	1055	1	1055	0.0	2120
SA20160323_HIEPLBCK_03705	SA20160323_HIEPLBCK_03703	45.455	33	18	0	462	494	131	163	0.28	24.6
SA20160323_HIEPLBCK_03705	SA20160323_HIEPLBCK_03696	33.333	24	16	0	803	826	162	185	0.47	23.9
SA20160323_HIEPLBCK_03705	SA20160323_HIEPLBCK_03699	23.684	114	78	4	796	906	1	108	9.1	19.6
SA20160323_HIEPLBCK_03706	SA20160323_HIEPLBCK_03706	100.000	485	0	0	1	485	1	485	0.0	972
SA20160323_HIEPLBCK_03706	SA20160323_HIEPLBCK_03710	31.250	32	22	0	364	395	60	91	0.71	21.6
SA20160323_HIEPLBCK_03706	SA20160323_HIEPLBCK_03696	35.484	31	18	1	111	139	192	222	5.3	19.2
SA20160323_HIEPLBCK_03706	SA20160323_HIEPLBCK_03699	40.000	30	18	0	74	103	446	475	6.2	18.9
SA20160323_HIEPLBCK_03706	SA20160323_HIEPLBCK_03705	35.294	17	11	0	172	188	912	928	8.2	18.5
SA20160323_HIEPLBCK_03707	SA20160323_HIEPLBCK_03707	100.000	119	0	0	1	119	1	119	8.44e-89	244
SA20160323_HIEPLBCK_03707	SA20160323_HIEPLBCK_03704	38.889	18	11	0	48	65	197	214	0.97	18.9
SA20160323_HIEPLBCK_03707	SA20160323_HIEPLBCK_03712	45.455	11	6	0	81	91	447	457	4.3	17.3
SA20160323_HIEPLBCK_03707	SA20160323_HIEPLBCK_03715	39.130	23	13	1	42	64	119	140	6.1	16.5
SA20160323_HIEPLBCK_03707	SA20160323_HIEPLBCK_03698	31.111	45	23	2	53	89	909	953	8.8	16.2
SA20160323_HIEPLBCK_03708	SA20160323_HIEPLBCK_03708	100.000	175	0	0	1	175	1	175	1.32e-134	364
SA20160323_HIEPLBCK_03708	SA20160323_HIEPLBCK_03714	41.667	24	11	1	95	115	25	48	0.82	20.0
SA20160323_HIEPLBCK_03708	SA20160323_HIEPLBCK_03703	24.242	33	24	1	90	122	681	712	2.6	18.5
SA20160323_HIEPLBCK_03708	SA20160323_HIEPLBCK_03698	21.739	23	18	0	111	133	63	85	5.9	17.3
SA20160323_HIEPLBCK_03709	SA20160323_HIEPLBCK_03709	100.000	174	0	0	1	174	1	174	5.36e-132	358
SA20160323_HIEPLBCK_03709	SA20160323_HIEPLBCK_03699	26.415	53	29	1	78	130	233	275	0.19	21.9
SA20160323_HIEPLBCK_03709	SA20160323_HIEPLBCK_03696	21.277	47	33	2	66	108	136	182	1.4	19.2
SA20160323_HIEPLBCK_03709	SA20160323_HIEPLBCK_03706	29.091	55	30	2	11	56	255	309	4.2	17.7
SA20160323_HIEPLBCK_03709	SA20160323_HIEPLBCK_03705	37.500	24	15	0	144	167	217	240	4.9	17.7
SA20160323_HIEPLBCK_03709	SA20160323_HIEPLBCK_03698	23.881	67	47	2	13	75	83	149	10.0	16.5
SA20160323_HIEPLBCK_03710	SA20160323_HIEPLBCK_03710	100.000	162	0	0	1	162	1	162	6.56e-124	336
SA20160323_HIEPLBCK_03710	SA20160323_HIEPLBCK_03713	41.975	162	89	2	1	160	1	159	1.34e-45	138
SA20160323_HIEPLBCK_03710	SA20160323_HIEPLBCK_03706	31.250	32	22	0	60	91	364	395	0.23	21.6
SA20160323_HIEPLBCK_03710	SA20160323_HIEPLBCK_03712	23.256	86	56	4	83	158	242	327	1.7	18.9
SA20160323_HIEPLBCK_03710	SA20160323_HIEPLBCK_03711	50.000	18	9	0	101	118	116	133	4.6	17.3
SA20160323_HIEPLBCK_03711	SA20160323_HIEPLBCK_03711	100.000	247	0	0	1	247	1	247	0.0	514
SA20160323_HIEPLBCK_03711	SA20160323_HIEPLBCK_03714	42.292	253	131	4	1	247	1	244	2.05e-68	202
SA20160323_HIEPLBCK_03711	SA20160323_HIEPLBCK_03703	26.667	45	31	2	99	143	537	579	0.35	21.9
SA20160323_HIEPLBCK_03711	SA20160323_HIEPLBCK_03712	26.471	34	25	0	6	39	351	384	2.0	19.6
SA20160323_HIEPLBCK_03711	SA20160323_HIEPLBCK_03705	37.037	27	17	0	75	101	378	404	7.2	17.7
SA20160323_HIEPLBCK_03711	SA20160323_HIEPLBCK_03710	50.000	18	9	0	116	133	101	118	7.5	17.3
SA20160323_HIEPLBCK_03711	SA20160323_HIEPLBCK_03698	26.923	26	19	0	200	225	65	90	10.0	17.3
SA20160323_HIEPLBCK_03712	SA20160323_HIEPLBCK_03712	100.000	524	0	0	1	524	1	524	0.0	1076
SA20160323_HIEPLBCK_03712	SA20160323_HIEPLBCK_03703	25.843	89	57	4	396	475	245	333	0.25	23.5
SA20160323_HIEPLBCK_03712	SA20160323_HIEPLBCK_03704	34.211	38	20	2	274	307	261	297	1.7	20.8
SA20160323_HIEPLBCK_03712	SA20160323_HIEPLBCK_03711	26.471	34	25	0	351	384	6	39	4.2	19.6
SA20160323_HIEPLBCK_03712	SA20160323_HIEPLBCK_03710	23.256	86	56	4	242	327	83	158	5.9	18.9
SA20160323_HIEPLBCK_03713	SA20160323_HIEPLBCK_03713	100.000	166	0	0	1	166	1	166	4.80e-125	340
SA20160323_HIEPLBCK_03713	SA20160323_HIEPLBCK_03710	41.250	160	93	1	1	159	1	160	5.98e-45	137
SA20160323_HIEPLBCK_03713	SA20160323_HIEPLBCK_03698	29.032	31	21	1	100	129	384	414	3.4	18.1
SA20160323_HIEPLBCK_03713	SA20160323_HIEPLBCK_03699	46.667	15	8	0	99	113	638	652	9.3	16.5
SA20160323_HIEPLBCK_03714	SA20160323_HIEPLBCK_03714	100.000	244	0	0	1	244	1	244	0.0	503
SA20160323_HIEPLBCK_03714	SA20160323_HIEPLBCK_03711	42.292	253	131	4	1	244	1	247	2.03e-68	202
SA20160323_HIEPLBCK_03714	SA20160323_HIEPLBCK_03708	41.667	24	11	1	25	48	95	115	1.1	20.0
SA20160323_HIEPLBCK_03714	SA20160323_HIEPLBCK_03696	38.095	21	12	1	104	124	248	267	3.2	18.9
SA20160323_HIEPLBCK_03714	SA20160323_HIEPLBCK_03699	31.818	22	15	0	2	23	588	609	3.6	18.5
SA20160323_HIEPLBCK_03715	SA20160323_HIEPLBCK_03715	100.000	178	0	0	1	178	1	178	5.54e-131	355
SA20160323_HIEPLBCK_03715	SA20160323_HIEPLBCK_03700	61.538	13	5	0	48	60	174	186	0.45	20.8
SA20160323_HIEPLBCK_03715	SA20160323_HIEPLBCK_03699	38.462	39	18	2	109	147	243	275	1.1	19.6
SA20160323_HIEPLBCK_03715	SA20160323_HIEPLBCK_03712	31.148	61	34	4	21	78	35	90	5.2	17.7
SA20160323_HIEPLBCK_03715	SA20160323_HIEPLBCK_03706	36.842	19	12	0	64	82	9	27	9.2	16.9
SA20160323_HIEPLBCK_03715	SA20160323_HIEPLBCK_03707	39.130	23	13	1	119	140	42	64	10.0	16.5
SA20160323_HIEPLBCK_03716	SA20160323_HIEPLBCK_03716	100.000	253	0	0	1	253	1	253	0.0	515
SA20160323_HIEPLBCK_03716	SA20160323_HIEPLBCK_03699	50.000	18	9	0	207	224	535	552	0.31	21.9
SA20160323_HIEPLBCK_03716	SA20160323_HIEPLBCK_03704	23.423	111	71	5	46	156	249	345	2.5	19.2
SA20160323_HIEPLBCK_03716	SA20160323_HIEPLBCK_03703	43.750	16	9	0	19	34	494	509	5.0	18.1
SA20160190_KJBEGOPM_01465	SA20160190_KJBEGOPM_01465	100.000	467	0	0	1	467	1	467	0.0	947
SA20160190_KJBEGOPM_01465	SA20160190_KJBEGOPM_01474	33.333	24	16	0	162	185	803	826	0.21	23.9
SA20160190_KJBEGOPM_01465	SA20160190_KJBEGOPM_01472	38.095	42	22	2	430	467	48	89	0.44	22.7
SA20160190_KJBEGOPM_01465	SA20160190_KJBEGOPM_01478	21.277	47	33	2	136	182	66	108	4.6	18.9
SA20160190_KJBEGOPM_01465	SA20160190_KJBEGOPM_01475	35.484	31	18	1	192	222	111	139	5.1	19.2
SA20160190_KJBEGOPM_01465	SA20160190_KJBEGOPM_01483	38.095	21	12	1	248	267	104	124	6.2	18.9
SA20160190_KJBEGOPM_01466	SA20160190_KJBEGOPM_01466	100.000	33	0	0	1	33	1	33	9.31e-22	68.9
SA20160190_KJBEGOPM_01466	SA20160190_KJBEGOPM_01468	66.667	6	2	0	4	9	493	498	4.4	14.6
SA20160190_KJBEGOPM_01466	SA20160190_KJBEGOPM_01474	54.545	11	5	0	16	26	93	103	6.7	14.2
SA20160190_KJBEGOPM_01467	SA20160190_KJBEGOPM_01467	100.000	990	0	0	1	990	1	990	0.0	2046
SA20160190_KJBEGOPM_01467	SA20160190_KJBEGOPM_01472	38.095	21	13	0	516	536	60	80	7.0	20.0
SA20160190_KJBEGOPM_01467	SA20160190_KJBEGOPM_01468	57.143	14	6	0	644	657	183	196	9.5	19.6
SA20160190_KJBEGOPM_01468	SA20160190_KJBEGOPM_01468	100.000	652	0	0	1	652	1	652	0.0	1352
SA20160190_KJBEGOPM_01468	SA20160190_KJBEGOPM_01478	26.415	53	29	1	233	275	78	130	0.61	22.3
SA20160190_KJBEGOPM_01468	SA20160190_KJBEGOPM_01473	46.667	30	14	1	531	560	188	215	0.70	22.3
SA20160190_KJBEGOPM_01468	SA20160190_KJBEGOPM_01485	50.000	18	9	0	535	552	207	224	0.79	21.9
SA20160190_KJBEGOPM_01468	SA20160190_KJBEGOPM_01484	38.462	39	18	2	243	275	109	147	4.0	19.6
SA20160190_KJBEGOPM_01468	SA20160190_KJBEGOPM_01474	23.684	114	78	4	1	108	796	906	5.7	19.6
SA20160190_KJBEGOPM_01468	SA20160190_KJBEGOPM_01467	57.143	14	6	0	183	196	644	657	6.3	19.6
SA20160190_KJBEGOPM_01468	SA20160190_KJBEGOPM_01475	40.000	30	18	0	446	475	74	103	8.3	18.9
SA20160190_KJBEGOPM_01468	SA20160190_KJBEGOPM_01483	31.818	22	15	0	588	609	2	23	9.7	18.5
SA20160190_KJBEGOPM_01469	SA20160190_KJBEGOPM_01469	100.000	417	0	0	1	417	1	417	0.0	838
SA20160190_KJBEGOPM_01469	SA20160190_KJBEGOPM_01472	45.000	20	11	0	274	293	90	109	0.38	22.7
SA20160190_KJBEGOPM_01469	SA20160190_KJBEGOPM_01484	61.538	13	5	0	174	186	48	60	1.0	20.8
SA20160190_KJBEGOPM_01470	SA20160190_KJBEGOPM_01470	100.000	64	0	0	1	64	1	64	3.10e-46	132
SA20160190_KJBEGOPM_01470	SA20160190_KJBEGOPM_01472	30.645	62	43	0	1	62	11	72	9.74e-07	34.3
SA20160190_KJBEGOPM_01470	SA20160190_KJBEGOPM_01481	50.000	10	5	0	5	14	405	414	8.7	15.0
SA20160190_KJBEGOPM_01471	SA20160190_KJBEGOPM_01471	100.000	154	0	0	1	154	1	154	2.76e-117	319
SA20160190_KJBEGOPM_01471	SA20160190_KJBEGOPM_01472	27.273	88	46	5	40	123	574	647	6.8	16.9
SA20160190_KJBEGOPM_01472	SA20160190_KJBEGOPM_01472	100.000	762	0	0	1	762	1	762	0.0	1519
SA20160190_KJBEGOPM_01472	SA20160190_KJBEGOPM_01470	30.645	62	43	0	11	72	1	62	1.16e-05	34.3
SA20160190_KJBEGOPM_01472	SA20160190_KJBEGOPM_01474	45.455	33	18	0	131	163	462	494	0.21	24.6
SA20160190_KJBEGOPM_01472	SA20160190_KJBEGOPM_01481	25.843	89	57	4	245	333	396	475	0.38	23.5
SA20160190_KJBEGOPM_01472	SA20160190_KJBEGOPM_01469	45.000	20	11	0	90	109	274	293	0.70	22.7
SA20160190_KJBEGOPM_01472	SA20160190_KJBEGOPM_01480	26.667	45	31	2	537	579	99	143	1.1	21.9
SA20160190_KJBEGOPM_01472	SA20160190_KJBEGOPM_01465	25.676	74	43	3	224	297	208	269	3.2	20.4
SA20160190_KJBEGOPM_01472	SA20160190_KJBEGOPM_01467	38.095	21	13	0	60	80	516	536	5.4	20.0
SA20160190_KJBEGOPM_01473	SA20160190_KJBEGOPM_01473	100.000	408	0	0	1	408	1	408	0.0	815
SA20160190_KJBEGOPM_01473	SA20160190_KJBEGOPM_01468	37.209	43	19	1	173	215	526	560	0.46	22.3
SA20160190_KJBEGOPM_01473	SA20160190_KJBEGOPM_01481	34.211	38	20	2	261	297	274	307	1.9	20.4
SA20160190_KJBEGOPM_01473	SA20160190_KJBEGOPM_01476	38.889	18	11	0	197	214	48	65	3.3	19.2
SA20160190_KJBEGOPM_01473	SA20160190_KJBEGOPM_01485	23.423	111	71	5	249	345	46	156	3.4	19.2
SA20160190_KJBEGOPM_01473	SA20160190_KJBEGOPM_01472	31.915	47	24	1	326	372	243	281	8.8	18.1
SA20160190_KJBEGOPM_01474	SA20160190_KJBEGOPM_01474	100.000	1055	0	0	1	1055	1	1055	0.0	2120
SA20160190_KJBEGOPM_01474	SA20160190_KJBEGOPM_01472	45.455	33	18	0	462	494	131	163	0.28	24.6
SA20160190_KJBEGOPM_01474	SA20160190_KJBEGOPM_01465	33.333	24	16	0	803	826	162	185	0.47	23.9
SA20160190_KJBEGOPM_01474	SA20160190_KJBEGOPM_01468	23.684	114	78	4	796	906	1	108	9.1	19.6
SA20160190_KJBEGOPM_01475	SA20160190_KJBEGOPM_01475	100.000	485	0	0	1	485	1	485	0.0	972
SA20160190_KJBEGOPM_01475	SA20160190_KJBEGOPM_01479	31.250	32	22	0	364	395	60	91	0.71	21.6
SA20160190_KJBEGOPM_01475	SA20160190_KJBEGOPM_01465	35.484	31	18	1	111	139	192	222	5.3	19.2
SA20160190_KJBEGOPM_01475	SA20160190_KJBEGOPM_01468	40.000	30	18	0	74	103	446	475	6.2	18.9
SA20160190_KJBEGOPM_01475	SA20160190_KJBEGOPM_01474	35.294	17	11	0	172	188	912	928	8.2	18.5
SA20160190_KJBEGOPM_01476	SA20160190_KJBEGOPM_01476	100.000	119	0	0	1	119	1	119	8.44e-89	244
SA20160190_KJBEGOPM_01476	SA20160190_KJBEGOPM_01473	38.889	18	11	0	48	65	197	214	0.97	18.9
SA20160190_KJBEGOPM_01476	SA20160190_KJBEGOPM_01481	45.455	11	6	0	81	91	447	457	4.3	17.3
SA20160190_KJBEGOPM_01476	SA20160190_KJBEGOPM_01484	39.130	23	13	1	42	64	119	140	6.1	16.5
SA20160190_KJBEGOPM_01476	SA20160190_KJBEGOPM_01467	31.111	45	23	2	53	89	909	953	8.8	16.2
SA20160190_KJBEGOPM_01477	SA20160190_KJBEGOPM_01477	100.000	175	0	0	1	175	1	175	1.32e-134	364
SA20160190_KJBEGOPM_01477	SA20160190_KJBEGOPM_01483	41.667	24	11	1	95	115	25	48	0.80	20.0
SA20160190_KJBEGOPM_01477	SA20160190_KJBEGOPM_01472	24.242	33	24	1	90	122	681	712	2.6	18.5
SA20160190_KJBEGOPM_01477	SA20160190_KJBEGOPM_01467	21.739	23	18	0	111	133	63	85	5.9	17.3
SA20160190_KJBEGOPM_01478	SA20160190_KJBEGOPM_01478	100.000	174	0	0	1	174	1	174	5.36e-132	358
SA20160190_KJBEGOPM_01478	SA20160190_KJBEGOPM_01468	26.415	53	29	1	78	130	233	275	0.19	21.9
SA20160190_KJBEGOPM_01478	SA20160190_KJBEGOPM_01465	21.277	47	33	2	66	108	136	182	1.4	19.2
SA20160190_KJBEGOPM_01478	SA20160190_KJBEGOPM_01475	29.091	55	30	2	11	56	255	309	4.2	17.7
SA20160190_KJBEGOPM_01478	SA20160190_KJBEGOPM_01474	37.500	24	15	0	144	167	217	240	4.9	17.7
SA20160190_KJBEGOPM_01478	SA20160190_KJBEGOPM_01467	23.881	67	47	2	13	75	83	149	10.0	16.5
SA20160190_KJBEGOPM_01479	SA20160190_KJBEGOPM_01479	100.000	162	0	0	1	162	1	162	6.56e-124	336
SA20160190_KJBEGOPM_01479	SA20160190_KJBEGOPM_01482	41.975	162	89	2	1	160	1	159	1.34e-45	138
SA20160190_KJBEGOPM_01479	SA20160190_KJBEGOPM_01475	31.250	32	22	0	60	91	364	395	0.23	21.6
SA20160190_KJBEGOPM_01479	SA20160190_KJBEGOPM_01481	23.256	86	56	4	83	158	242	327	1.7	18.9
SA20160190_KJBEGOPM_01479	SA20160190_KJBEGOPM_01480	50.000	18	9	0	101	118	116	133	4.6	17.3
SA20160190_KJBEGOPM_01480	SA20160190_KJBEGOPM_01480	100.000	247	0	0	1	247	1	247	0.0	514
SA20160190_KJBEGOPM_01480	SA20160190_KJBEGOPM_01483	42.688	253	130	4	1	247	1	244	4.94e-69	204
SA20160190_KJBEGOPM_01480	SA20160190_KJBEGOPM_01472	26.667	45	31	2	99	143	537	579	0.35	21.9
SA20160190_KJBEGOPM_01480	SA20160190_KJBEGOPM_01481	26.471	34	25	0	6	39	351	384	2.0	19.6
SA20160190_KJBEGOPM_01480	SA20160190_KJBEGOPM_01474	37.037	27	17	0	75	101	378	404	7.2	17.7
SA20160190_KJBEGOPM_01480	SA20160190_KJBEGOPM_01479	50.000	18	9	0	116	133	101	118	7.5	17.3
SA20160190_KJBEGOPM_01480	SA20160190_KJBEGOPM_01467	26.923	26	19	0	200	225	65	90	10.0	17.3
SA20160190_KJBEGOPM_01481	SA20160190_KJBEGOPM_01481	100.000	524	0	0	1	524	1	524	0.0	1076
SA20160190_KJBEGOPM_01481	SA20160190_KJBEGOPM_01472	25.843	89	57	4	396	475	245	333	0.25	23.5
SA20160190_KJBEGOPM_01481	SA20160190_KJBEGOPM_01473	34.211	38	20	2	274	307	261	297	1.7	20.8
SA20160190_KJBEGOPM_01481	SA20160190_KJBEGOPM_01480	26.471	34	25	0	351	384	6	39	4.2	19.6
SA20160190_KJBEGOPM_01481	SA20160190_KJBEGOPM_01479	23.256	86	56	4	242	327	83	158	5.9	18.9
SA20160190_KJBEGOPM_01482	SA20160190_KJBEGOPM_01482	100.000	166	0	0	1	166	1	166	4.80e-125	340
SA20160190_KJBEGOPM_01482	SA20160190_KJBEGOPM_01479	41.250	160	93	1	1	159	1	160	5.98e-45	137
SA20160190_KJBEGOPM_01482	SA20160190_KJBEGOPM_01467	29.032	31	21	1	100	129	384	414	3.4	18.1
SA20160190_KJBEGOPM_01482	SA20160190_KJBEGOPM_01468	46.667	15	8	0	99	113	638	652	9.3	16.5
SA20160190_KJBEGOPM_01483	SA20160190_KJBEGOPM_01483	100.000	244	0	0	1	244	1	244	0.0	504
SA20160190_KJBEGOPM_01483	SA20160190_KJBEGOPM_01480	42.688	253	130	4	1	244	1	247	4.88e-69	204
SA20160190_KJBEGOPM_01483	SA20160190_KJBEGOPM_01477	41.667	24	11	1	25	48	95	115	1.1	20.0
SA20160190_KJBEGOPM_01483	SA20160190_KJBEGOPM_01465	38.095	21	12	1	104	124	248	267	3.2	18.9
SA20160190_KJBEGOPM_01483	SA20160190_KJBEGOPM_01468	31.818	22	15	0	2	23	588	609	3.6	18.5
SA20160190_KJBEGOPM_01484	SA20160190_KJBEGOPM_01484	100.000	178	0	0	1	178	1	178	5.54e-131	355
SA20160190_KJBEGOPM_01484	SA20160190_KJBEGOPM_01469	61.538	13	5	0	48	60	174	186	0.45	20.8
SA20160190_KJBEGOPM_01484	SA20160190_KJBEGOPM_01468	38.462	39	18	2	109	147	243	275	1.1	19.6
SA20160190_KJBEGOPM_01484	SA20160190_KJBEGOPM_01481	31.148	61	34	4	21	78	35	90	5.2	17.7
SA20160190_KJBEGOPM_01484	SA20160190_KJBEGOPM_01475	36.842	19	12	0	64	82	9	27	9.2	16.9
SA20160190_KJBEGOPM_01484	SA20160190_KJBEGOPM_01476	39.130	23	13	1	119	140	42	64	10.0	16.5
SA20160190_KJBEGOPM_01485	SA20160190_KJBEGOPM_01485	100.000	253	0	0	1	253	1	253	0.0	515
SA20160190_KJBEGOPM_01485	SA20160190_KJBEGOPM_01468	50.000	18	9	0	207	224	535	552	0.31	21.9
SA20160190_KJBEGOPM_01485	SA20160190_KJBEGOPM_01473	23.423	111	71	5	46	156	249	345	2.5	19.2
SA20160190_KJBEGOPM_01485	SA20160190_KJBEGOPM_01472	43.750	16	9	0	19	34	494	509	5.0	18.1
