SA20160228_MPFEEIDI_01686	SA20153983_GBAKOBEN_02489	99.650	286	1	0	1	286	1	286	0.0	589
SA20160228_MPFEEIDI_01686	SA20153983_GBAKOBEN_02484	21.818	55	36	1	75	129	92	139	1.5	19.6
SA20160228_MPFEEIDI_01686	SA20153983_GBAKOBEN_02483	40.909	22	13	0	178	199	29	50	2.6	18.9
SA20160228_MPFEEIDI_01686	SA20153983_GBAKOBEN_02471	30.000	30	21	0	206	235	14	43	2.7	18.9
SA20160228_MPFEEIDI_01686	SA20153983_GBAKOBEN_02488	50.000	12	6	0	180	191	53	64	7.3	17.3
SA20160228_MPFEEIDI_01686	SA20153983_GBAKOBEN_02480	23.577	123	68	5	124	240	419	521	9.5	17.3
SA20160228_MPFEEIDI_01687	SA20153983_GBAKOBEN_02488	99.471	189	1	0	1	189	1	189	9.92e-135	366
SA20160228_MPFEEIDI_01687	SA20153983_GBAKOBEN_02477	25.758	66	35	1	56	121	976	1027	0.045	23.9
SA20160228_MPFEEIDI_01687	SA20153983_GBAKOBEN_02470	25.000	48	32	1	61	104	62	109	2.0	18.1
SA20160228_MPFEEIDI_01687	SA20153983_GBAKOBEN_02489	50.000	12	6	0	53	64	180	191	5.3	17.3
SA20160228_MPFEEIDI_01687	SA20153983_GBAKOBEN_02480	47.619	21	8	1	142	159	97	117	5.6	17.3
SA20160228_MPFEEIDI_01688	SA20153983_GBAKOBEN_02487	99.029	103	1	0	1	103	1	103	1.00e-73	204
SA20160228_MPFEEIDI_01688	SA20153983_GBAKOBEN_02477	26.667	60	42	1	29	88	336	393	0.40	19.6
SA20160228_MPFEEIDI_01688	SA20153983_GBAKOBEN_02483	30.000	50	32	2	35	82	2	50	1.0	18.5
SA20160228_MPFEEIDI_01688	SA20153983_GBAKOBEN_02471	27.778	18	13	0	9	26	311	328	7.1	15.8
SA20160228_MPFEEIDI_01688	SA20153983_GBAKOBEN_02476	28.000	25	16	1	52	76	124	146	9.7	15.4
SA20160228_MPFEEIDI_01689	SA20153983_GBAKOBEN_02486	99.806	516	1	0	1	516	1	516	0.0	1054
SA20160228_MPFEEIDI_01689	SA20153983_GBAKOBEN_02480	28.000	75	37	3	54	123	261	323	0.30	23.1
SA20160228_MPFEEIDI_01689	SA20153983_GBAKOBEN_02472	56.250	16	6	1	206	220	166	181	1.2	20.8
SA20160228_MPFEEIDI_01689	SA20153983_GBAKOBEN_02478	31.579	57	34	3	319	372	91	145	1.3	20.8
SA20160228_MPFEEIDI_01689	SA20153983_GBAKOBEN_02477	26.866	67	48	1	35	101	82	147	3.6	19.6
SA20160228_MPFEEIDI_01689	SA20153983_GBAKOBEN_02474	45.000	20	11	0	316	335	121	140	5.4	18.9
SA20160228_MPFEEIDI_01689	SA20153983_GBAKOBEN_02476	35.897	39	20	2	293	331	269	302	6.3	18.5
SA20160228_MPFEEIDI_01689	SA20153983_GBAKOBEN_02471	47.059	17	9	0	218	234	364	380	7.3	18.5
SA20160228_MPFEEIDI_01690	SA20153983_GBAKOBEN_02485	98.837	86	1	0	1	86	1	86	1.63e-62	175
SA20160228_MPFEEIDI_01690	SA20153983_GBAKOBEN_02480	25.806	31	23	0	1	31	313	343	1.6	17.7
SA20160228_MPFEEIDI_01690	SA20153983_GBAKOBEN_02476	46.667	15	8	0	39	53	72	86	8.2	15.4
SA20160228_MPFEEIDI_01691	SA20153983_GBAKOBEN_02484	99.359	156	1	0	1	156	1	156	4.97e-119	323
SA20160228_MPFEEIDI_01691	SA20153983_GBAKOBEN_02473	26.667	75	34	3	54	111	1	71	1.2	18.9
SA20160228_MPFEEIDI_01691	SA20153983_GBAKOBEN_02489	21.818	55	36	1	92	139	75	129	1.6	18.5
SA20160228_MPFEEIDI_01691	SA20153983_GBAKOBEN_02480	42.857	14	8	0	41	54	890	903	5.8	16.9
SA20160228_MPFEEIDI_01691	SA20153983_GBAKOBEN_02488	33.333	12	8	0	54	65	44	55	8.1	16.2
SA20160228_MPFEEIDI_01692	SA20153983_GBAKOBEN_02483	99.454	183	1	0	1	183	1	183	1.71e-139	377
SA20160228_MPFEEIDI_01692	SA20153983_GBAKOBEN_02487	32.000	50	31	2	2	50	35	82	0.39	20.4
SA20160228_MPFEEIDI_01692	SA20153983_GBAKOBEN_02479	45.000	20	11	0	138	157	343	362	0.82	19.6
SA20160228_MPFEEIDI_01692	SA20153983_GBAKOBEN_02489	40.909	22	13	0	29	50	178	199	1.6	18.9
SA20160228_MPFEEIDI_01692	SA20153983_GBAKOBEN_02477	58.333	12	5	0	128	139	944	955	1.8	18.9
SA20160228_MPFEEIDI_01693	SA20153983_GBAKOBEN_02482	100.000	72	0	0	1	72	1	72	9.91e-53	149
SA20160228_MPFEEIDI_01693	SA20153983_GBAKOBEN_02480	60.000	10	4	0	22	31	59	68	1.1	17.7
SA20160228_MPFEEIDI_01694	SA20153983_GBAKOBEN_02481	100.000	124	0	0	1	124	1	124	2.28e-95	261
SA20160228_MPFEEIDI_01694	SA20153983_GBAKOBEN_02477	22.667	75	41	1	29	103	396	453	0.69	19.2
SA20160228_MPFEEIDI_01694	SA20153983_GBAKOBEN_02486	38.889	18	11	0	41	58	52	69	5.3	16.5
SA20160228_MPFEEIDI_01695	SA20153983_GBAKOBEN_02480	100.000	1049	0	0	1	1049	1	1049	0.0	2133
SA20160228_MPFEEIDI_01695	SA20153983_GBAKOBEN_02486	28.000	75	37	3	261	323	54	123	0.66	23.1
SA20160228_MPFEEIDI_01696	SA20153983_GBAKOBEN_02479	100.000	397	0	0	1	397	1	397	0.0	793
SA20160228_MPFEEIDI_01696	SA20153983_GBAKOBEN_02483	45.000	20	11	0	343	362	138	157	1.8	19.6
SA20160228_MPFEEIDI_01696	SA20153983_GBAKOBEN_02471	33.333	33	20	1	210	242	520	550	2.5	19.6
SA20160228_MPFEEIDI_01696	SA20153983_GBAKOBEN_02486	36.364	22	14	0	163	184	278	299	2.8	19.6
SA20160228_MPFEEIDI_01696	SA20153983_GBAKOBEN_02477	24.000	50	36	1	25	74	141	188	3.1	19.2
SA20160228_MPFEEIDI_01696	SA20153983_GBAKOBEN_02480	58.333	12	5	0	368	379	637	648	7.7	18.1
SA20160228_MPFEEIDI_01697	SA20153983_GBAKOBEN_02478	99.539	217	1	0	1	217	1	217	7.46e-166	447
SA20160228_MPFEEIDI_01697	SA20153983_GBAKOBEN_02472	31.081	74	48	2	35	106	72	144	0.10	22.7
SA20160228_MPFEEIDI_01697	SA20153983_GBAKOBEN_02486	31.373	51	30	3	91	139	319	366	2.8	18.5
SA20160228_MPFEEIDI_01698	SA20153983_GBAKOBEN_02477	99.821	1120	2	0	1	1120	1	1120	0.0	2258
SA20160228_MPFEEIDI_01698	SA20153983_GBAKOBEN_02488	25.758	66	35	1	976	1027	56	121	0.27	23.9
SA20160228_MPFEEIDI_01698	SA20153983_GBAKOBEN_02471	38.710	31	18	1	520	549	595	625	1.1	22.3
SA20160228_MPFEEIDI_01698	SA20153983_GBAKOBEN_02481	22.667	75	41	1	396	453	29	103	5.9	19.6
SA20160228_MPFEEIDI_01698	SA20153983_GBAKOBEN_02487	26.667	60	42	1	336	393	29	88	7.1	19.2
SA20160228_MPFEEIDI_01698	SA20153983_GBAKOBEN_02486	30.000	70	41	2	736	805	285	346	8.6	19.6
SA20160228_MPFEEIDI_01699	SA20153983_GBAKOBEN_02476	97.590	166	4	0	2	167	146	311	4.30e-116	322
SA20160228_MPFEEIDI_01699	SA20153983_GBAKOBEN_02471	28.947	38	27	0	2	39	603	640	0.68	20.0
SA20160228_MPFEEIDI_01699	SA20153983_GBAKOBEN_02489	50.000	14	7	0	68	81	101	114	3.4	17.7
SA20160228_MPFEEIDI_01699	SA20153983_GBAKOBEN_02486	35.897	39	20	2	125	158	293	331	3.9	17.7
SA20160228_MPFEEIDI_01700	SA20153983_GBAKOBEN_02476	98.658	149	2	0	1	149	1	149	2.11e-112	312
SA20160228_MPFEEIDI_01700	SA20153983_GBAKOBEN_02471	35.294	17	10	1	37	53	74	89	2.9	17.7
SA20160228_MPFEEIDI_01700	SA20153983_GBAKOBEN_02482	29.167	24	17	0	108	131	47	70	3.9	16.9
SA20160228_MPFEEIDI_01700	SA20153983_GBAKOBEN_02486	34.483	29	18	1	25	53	423	450	8.0	16.5
SA20160228_MPFEEIDI_01701	SA20153983_GBAKOBEN_02475	100.000	55	0	0	1	55	1	55	1.15e-36	107
SA20160228_MPFEEIDI_01701	SA20153983_GBAKOBEN_02472	26.471	34	25	0	3	36	69	102	0.32	18.5
SA20160228_MPFEEIDI_01701	SA20153983_GBAKOBEN_02479	83.333	6	1	0	25	30	56	61	3.7	15.4
SA20160228_MPFEEIDI_01702	SA20153983_GBAKOBEN_02474	98.830	171	2	0	1	171	1	171	7.33e-121	329
SA20160228_MPFEEIDI_01702	SA20153983_GBAKOBEN_02486	45.000	20	11	0	121	140	316	335	1.9	18.5
SA20160228_MPFEEIDI_01702	SA20153983_GBAKOBEN_02477	36.000	25	16	0	136	160	227	251	6.9	16.9
SA20160228_MPFEEIDI_01702	SA20153983_GBAKOBEN_02471	30.357	56	34	2	30	85	131	181	9.1	16.5
SA20160228_MPFEEIDI_01703	SA20153983_GBAKOBEN_02473	100.000	125	0	0	1	125	1	125	6.27e-89	244
SA20160228_MPFEEIDI_01703	SA20153983_GBAKOBEN_02477	25.397	63	44	2	63	124	473	533	3.1	17.3
SA20160228_MPFEEIDI_01703	SA20153983_GBAKOBEN_02486	29.268	41	25	1	81	121	18	54	3.4	17.3
SA20160228_MPFEEIDI_01703	SA20153983_GBAKOBEN_02489	62.500	8	3	0	45	52	240	247	6.4	16.5
SA20160228_MPFEEIDI_01703	SA20153983_GBAKOBEN_02469	38.889	18	11	0	41	58	23	40	8.1	16.2
SA20160228_MPFEEIDI_01704	SA20153983_GBAKOBEN_02472	99.454	183	1	0	1	183	1	183	1.04e-134	365
SA20160228_MPFEEIDI_01704	SA20153983_GBAKOBEN_02486	56.250	16	6	1	166	181	206	220	0.38	20.8
SA20160228_MPFEEIDI_01704	SA20153983_GBAKOBEN_02478	29.730	74	49	2	72	144	35	106	0.41	20.8
SA20160228_MPFEEIDI_01704	SA20153983_GBAKOBEN_02477	40.625	32	17	2	107	138	1089	1118	3.3	18.1
SA20160228_MPFEEIDI_01704	SA20153983_GBAKOBEN_02475	28.571	28	20	0	69	96	3	30	3.5	16.9
SA20160228_MPFEEIDI_01704	SA20153983_GBAKOBEN_02469	29.231	65	37	3	103	164	122	180	4.8	17.3
SA20160228_MPFEEIDI_01705	SA20153983_GBAKOBEN_02471	99.688	642	2	0	1	642	1	642	0.0	1300
SA20160228_MPFEEIDI_01705	SA20153983_GBAKOBEN_02477	35.484	31	19	1	595	625	520	549	1.6	21.2
SA20160228_MPFEEIDI_01705	SA20153983_GBAKOBEN_02469	24.194	62	36	1	63	124	59	109	2.8	20.0
SA20160228_MPFEEIDI_01705	SA20153983_GBAKOBEN_02479	33.333	33	20	1	520	550	210	242	3.2	20.0
SA20160228_MPFEEIDI_01705	SA20153983_GBAKOBEN_02476	28.947	38	27	0	603	640	146	183	5.3	19.2
SA20160228_MPFEEIDI_01705	SA20153983_GBAKOBEN_02489	30.000	30	21	0	14	43	206	235	5.9	19.2
SA20160228_MPFEEIDI_01706	SA20153983_GBAKOBEN_02470	100.000	109	0	0	1	109	1	109	2.37e-80	222
SA20160228_MPFEEIDI_01706	SA20153983_GBAKOBEN_02488	25.000	48	32	1	62	109	61	104	1.2	18.1
SA20160228_MPFEEIDI_01706	SA20153983_GBAKOBEN_02477	46.154	13	7	0	19	31	79	91	1.2	18.5
SA20160228_MPFEEIDI_01706	SA20153983_GBAKOBEN_02480	30.435	23	16	0	14	36	580	602	4.7	16.5
SA20153983_GBAKOBEN_02469	SA20153983_GBAKOBEN_02469	100.000	201	0	0	1	201	1	201	6.32e-153	412
SA20153983_GBAKOBEN_02469	SA20153983_GBAKOBEN_02471	24.194	62	36	1	59	109	63	124	0.91	20.0
SA20153983_GBAKOBEN_02469	SA20153983_GBAKOBEN_02480	33.333	18	12	0	174	191	675	692	4.1	17.7
SA20153983_GBAKOBEN_02469	SA20153983_GBAKOBEN_02472	29.231	65	37	3	122	180	103	164	5.2	17.3
SA20153983_GBAKOBEN_02469	SA20153983_GBAKOBEN_02479	21.918	73	52	2	32	102	194	263	9.9	16.5
SA20153983_GBAKOBEN_02470	SA20153983_GBAKOBEN_02470	100.000	109	0	0	1	109	1	109	2.37e-80	222
SA20153983_GBAKOBEN_02470	SA20153983_GBAKOBEN_02488	25.000	48	32	1	62	109	61	104	1.2	18.1
SA20153983_GBAKOBEN_02470	SA20153983_GBAKOBEN_02477	46.154	13	7	0	19	31	79	91	1.2	18.5
SA20153983_GBAKOBEN_02470	SA20153983_GBAKOBEN_02480	30.435	23	16	0	14	36	580	602	4.7	16.5
SA20153983_GBAKOBEN_02471	SA20153983_GBAKOBEN_02471	100.000	642	0	0	1	642	1	642	0.0	1305
SA20153983_GBAKOBEN_02471	SA20153983_GBAKOBEN_02477	35.484	31	19	1	595	625	520	549	1.7	21.2
SA20153983_GBAKOBEN_02471	SA20153983_GBAKOBEN_02469	30.769	26	18	0	63	88	59	84	2.8	20.0
SA20153983_GBAKOBEN_02471	SA20153983_GBAKOBEN_02479	33.333	33	20	1	520	550	210	242	3.3	20.0
SA20153983_GBAKOBEN_02471	SA20153983_GBAKOBEN_02476	28.947	38	27	0	603	640	146	183	5.2	19.2
SA20153983_GBAKOBEN_02471	SA20153983_GBAKOBEN_02489	30.000	30	21	0	14	43	206	235	5.8	19.2
SA20153983_GBAKOBEN_02471	SA20153983_GBAKOBEN_02486	47.059	17	9	0	364	380	218	234	8.9	18.5
SA20153983_GBAKOBEN_02472	SA20153983_GBAKOBEN_02472	100.000	183	0	0	1	183	1	183	1.63e-135	367
SA20153983_GBAKOBEN_02472	SA20153983_GBAKOBEN_02478	31.081	74	48	2	72	144	35	106	0.079	22.7
SA20153983_GBAKOBEN_02472	SA20153983_GBAKOBEN_02486	56.250	16	6	1	166	181	206	220	0.39	20.8
SA20153983_GBAKOBEN_02472	SA20153983_GBAKOBEN_02475	26.471	34	25	0	69	102	3	36	1.0	18.5
SA20153983_GBAKOBEN_02472	SA20153983_GBAKOBEN_02477	40.625	32	17	2	107	138	1089	1118	3.3	18.1
SA20153983_GBAKOBEN_02472	SA20153983_GBAKOBEN_02469	29.231	65	37	3	103	164	122	180	4.8	17.3
SA20153983_GBAKOBEN_02473	SA20153983_GBAKOBEN_02473	100.000	125	0	0	1	125	1	125	6.27e-89	244
SA20153983_GBAKOBEN_02473	SA20153983_GBAKOBEN_02477	25.397	63	44	2	63	124	473	533	3.1	17.3
SA20153983_GBAKOBEN_02473	SA20153983_GBAKOBEN_02486	29.268	41	25	1	81	121	18	54	3.4	17.3
SA20153983_GBAKOBEN_02473	SA20153983_GBAKOBEN_02489	62.500	8	3	0	45	52	240	247	6.4	16.5
SA20153983_GBAKOBEN_02473	SA20153983_GBAKOBEN_02469	38.889	18	11	0	41	58	23	40	8.1	16.2
SA20153983_GBAKOBEN_02474	SA20153983_GBAKOBEN_02474	100.000	171	0	0	1	171	1	171	1.66e-122	333
SA20153983_GBAKOBEN_02474	SA20153983_GBAKOBEN_02477	21.429	70	44	2	87	156	907	965	1.8	18.9
SA20153983_GBAKOBEN_02474	SA20153983_GBAKOBEN_02486	45.000	20	11	0	121	140	316	335	1.8	18.5
SA20153983_GBAKOBEN_02475	SA20153983_GBAKOBEN_02475	100.000	55	0	0	1	55	1	55	1.15e-36	107
SA20153983_GBAKOBEN_02475	SA20153983_GBAKOBEN_02472	26.471	34	25	0	3	36	69	102	0.32	18.5
SA20153983_GBAKOBEN_02475	SA20153983_GBAKOBEN_02479	83.333	6	1	0	25	30	56	61	3.7	15.4
SA20153983_GBAKOBEN_02476	SA20153983_GBAKOBEN_02476	100.000	311	0	0	1	311	1	311	0.0	639
SA20153983_GBAKOBEN_02476	SA20153983_GBAKOBEN_02471	28.947	38	27	0	146	183	603	640	2.5	19.2
SA20153983_GBAKOBEN_02476	SA20153983_GBAKOBEN_02486	35.897	39	20	2	269	302	293	331	3.8	18.5
SA20153983_GBAKOBEN_02477	SA20153983_GBAKOBEN_02477	100.000	1120	0	0	1	1120	1	1120	0.0	2261
SA20153983_GBAKOBEN_02477	SA20153983_GBAKOBEN_02488	25.758	66	35	1	976	1027	56	121	0.27	23.9
SA20153983_GBAKOBEN_02477	SA20153983_GBAKOBEN_02471	35.484	31	19	1	520	549	595	625	2.8	21.2
SA20153983_GBAKOBEN_02477	SA20153983_GBAKOBEN_02481	22.667	75	41	1	396	453	29	103	5.9	19.6
SA20153983_GBAKOBEN_02477	SA20153983_GBAKOBEN_02487	26.667	60	42	1	336	393	29	88	7.2	18.9
SA20153983_GBAKOBEN_02478	SA20153983_GBAKOBEN_02478	100.000	217	0	0	1	217	1	217	8.49e-167	449
SA20153983_GBAKOBEN_02478	SA20153983_GBAKOBEN_02472	31.081	74	48	2	35	106	72	144	0.093	22.7
SA20153983_GBAKOBEN_02478	SA20153983_GBAKOBEN_02486	31.373	51	30	3	91	139	319	366	2.9	18.5
SA20153983_GBAKOBEN_02479	SA20153983_GBAKOBEN_02479	100.000	397	0	0	1	397	1	397	0.0	793
SA20153983_GBAKOBEN_02479	SA20153983_GBAKOBEN_02483	45.000	20	11	0	343	362	138	157	1.8	19.6
SA20153983_GBAKOBEN_02479	SA20153983_GBAKOBEN_02471	33.333	33	20	1	210	242	520	550	2.5	19.6
SA20153983_GBAKOBEN_02479	SA20153983_GBAKOBEN_02486	36.364	22	14	0	163	184	278	299	2.8	19.6
SA20153983_GBAKOBEN_02479	SA20153983_GBAKOBEN_02477	24.000	50	36	1	25	74	141	188	3.1	19.2
SA20153983_GBAKOBEN_02479	SA20153983_GBAKOBEN_02480	58.333	12	5	0	368	379	637	648	7.7	18.1
SA20153983_GBAKOBEN_02480	SA20153983_GBAKOBEN_02480	100.000	1049	0	0	1	1049	1	1049	0.0	2133
SA20153983_GBAKOBEN_02480	SA20153983_GBAKOBEN_02486	28.000	75	37	3	261	323	54	123	0.66	23.1
SA20153983_GBAKOBEN_02481	SA20153983_GBAKOBEN_02481	100.000	124	0	0	1	124	1	124	2.28e-95	261
SA20153983_GBAKOBEN_02481	SA20153983_GBAKOBEN_02477	22.667	75	41	1	29	103	396	453	0.69	19.2
SA20153983_GBAKOBEN_02481	SA20153983_GBAKOBEN_02486	38.889	18	11	0	41	58	52	69	5.3	16.5
SA20153983_GBAKOBEN_02482	SA20153983_GBAKOBEN_02482	100.000	72	0	0	1	72	1	72	9.91e-53	149
SA20153983_GBAKOBEN_02482	SA20153983_GBAKOBEN_02480	60.000	10	4	0	22	31	59	68	1.1	17.7
SA20153983_GBAKOBEN_02483	SA20153983_GBAKOBEN_02483	100.000	183	0	0	1	183	1	183	2.32e-140	379
SA20153983_GBAKOBEN_02483	SA20153983_GBAKOBEN_02487	32.000	50	31	2	2	50	35	82	0.38	20.4
SA20153983_GBAKOBEN_02483	SA20153983_GBAKOBEN_02479	45.000	20	11	0	138	157	343	362	0.83	19.6
SA20153983_GBAKOBEN_02483	SA20153983_GBAKOBEN_02489	40.909	22	13	0	29	50	178	199	1.6	18.9
SA20153983_GBAKOBEN_02483	SA20153983_GBAKOBEN_02477	58.333	12	5	0	128	139	944	955	1.8	18.9
SA20153983_GBAKOBEN_02484	SA20153983_GBAKOBEN_02484	100.000	156	0	0	1	156	1	156	2.75e-119	324
SA20153983_GBAKOBEN_02484	SA20153983_GBAKOBEN_02473	26.667	75	34	3	54	111	1	71	1.2	18.5
SA20153983_GBAKOBEN_02484	SA20153983_GBAKOBEN_02489	22.581	62	41	1	92	146	75	136	1.5	18.5
SA20153983_GBAKOBEN_02484	SA20153983_GBAKOBEN_02480	42.857	14	8	0	41	54	890	903	5.7	16.9
SA20153983_GBAKOBEN_02484	SA20153983_GBAKOBEN_02488	33.333	12	8	0	54	65	44	55	8.0	16.2
SA20153983_GBAKOBEN_02485	SA20153983_GBAKOBEN_02485	100.000	86	0	0	1	86	1	86	2.50e-63	177
SA20153983_GBAKOBEN_02485	SA20153983_GBAKOBEN_02480	25.806	31	23	0	1	31	313	343	3.5	16.5
SA20153983_GBAKOBEN_02485	SA20153983_GBAKOBEN_02476	46.667	15	8	0	39	53	72	86	8.2	15.4
SA20153983_GBAKOBEN_02486	SA20153983_GBAKOBEN_02486	100.000	516	0	0	1	516	1	516	0.0	1056
SA20153983_GBAKOBEN_02486	SA20153983_GBAKOBEN_02480	28.000	75	37	3	54	123	261	323	0.30	23.1
SA20153983_GBAKOBEN_02486	SA20153983_GBAKOBEN_02478	31.579	57	34	3	319	372	91	145	1.4	20.8
SA20153983_GBAKOBEN_02486	SA20153983_GBAKOBEN_02472	50.000	20	6	1	401	416	37	56	2.5	19.6
SA20153983_GBAKOBEN_02486	SA20153983_GBAKOBEN_02477	26.866	67	48	1	35	101	82	147	3.7	19.6
SA20153983_GBAKOBEN_02486	SA20153983_GBAKOBEN_02474	45.000	20	11	0	316	335	121	140	5.6	18.5
SA20153983_GBAKOBEN_02486	SA20153983_GBAKOBEN_02476	35.897	39	20	2	293	331	269	302	6.1	18.9
SA20153983_GBAKOBEN_02486	SA20153983_GBAKOBEN_02471	47.059	17	9	0	218	234	364	380	7.2	18.5
SA20153983_GBAKOBEN_02487	SA20153983_GBAKOBEN_02487	100.000	103	0	0	1	103	1	103	2.51e-74	206
SA20153983_GBAKOBEN_02487	SA20153983_GBAKOBEN_02483	32.000	50	31	2	35	82	2	50	0.22	20.4
SA20153983_GBAKOBEN_02487	SA20153983_GBAKOBEN_02477	26.667	60	42	1	29	88	336	393	0.59	19.2
SA20153983_GBAKOBEN_02487	SA20153983_GBAKOBEN_02471	27.778	18	13	0	9	26	311	328	7.5	15.8
SA20153983_GBAKOBEN_02488	SA20153983_GBAKOBEN_02488	100.000	189	0	0	1	189	1	189	9.18e-136	368
SA20153983_GBAKOBEN_02488	SA20153983_GBAKOBEN_02477	25.758	66	35	1	56	121	976	1027	0.045	23.9
SA20153983_GBAKOBEN_02488	SA20153983_GBAKOBEN_02470	25.000	48	32	1	61	104	62	109	2.1	18.1
SA20153983_GBAKOBEN_02488	SA20153983_GBAKOBEN_02489	50.000	12	6	0	53	64	180	191	5.2	17.3
SA20153983_GBAKOBEN_02488	SA20153983_GBAKOBEN_02480	47.619	21	8	1	142	159	97	117	5.7	17.3
SA20153983_GBAKOBEN_02489	SA20153983_GBAKOBEN_02489	100.000	286	0	0	1	286	1	286	0.0	591
SA20153983_GBAKOBEN_02489	SA20153983_GBAKOBEN_02484	21.818	55	36	1	75	129	92	139	2.1	18.9
SA20153983_GBAKOBEN_02489	SA20153983_GBAKOBEN_02483	40.909	22	13	0	178	199	29	50	2.5	18.9
SA20153983_GBAKOBEN_02489	SA20153983_GBAKOBEN_02471	30.000	30	21	0	206	235	14	43	2.7	18.9
SA20153983_GBAKOBEN_02489	SA20153983_GBAKOBEN_02488	50.000	12	6	0	180	191	53	64	7.3	17.3
SA20160228_MPFEEIDI_01686	SA20160228_MPFEEIDI_01686	100.000	286	0	0	1	286	1	286	0.0	591
SA20160228_MPFEEIDI_01686	SA20160228_MPFEEIDI_01691	21.818	55	36	1	75	129	92	139	1.4	19.6
SA20160228_MPFEEIDI_01686	SA20160228_MPFEEIDI_01692	40.909	22	13	0	178	199	29	50	2.5	18.9
SA20160228_MPFEEIDI_01686	SA20160228_MPFEEIDI_01705	30.000	30	21	0	206	235	14	43	2.7	18.9
SA20160228_MPFEEIDI_01686	SA20160228_MPFEEIDI_01699	50.000	14	7	0	101	114	68	81	5.8	17.7
SA20160228_MPFEEIDI_01686	SA20160228_MPFEEIDI_01687	50.000	12	6	0	180	191	53	64	7.1	17.3
SA20160228_MPFEEIDI_01686	SA20160228_MPFEEIDI_01695	23.577	123	68	5	124	240	419	521	9.2	17.3
SA20160228_MPFEEIDI_01687	SA20160228_MPFEEIDI_01687	100.000	189	0	0	1	189	1	189	8.06e-136	369
SA20160228_MPFEEIDI_01687	SA20160228_MPFEEIDI_01698	25.758	66	35	1	56	121	976	1027	0.043	23.9
SA20160228_MPFEEIDI_01687	SA20160228_MPFEEIDI_01706	25.000	48	32	1	61	104	62	109	1.9	18.1
SA20160228_MPFEEIDI_01687	SA20160228_MPFEEIDI_01686	50.000	12	6	0	53	64	180	191	5.2	17.3
SA20160228_MPFEEIDI_01687	SA20160228_MPFEEIDI_01695	47.619	21	8	1	142	159	97	117	5.5	17.3
SA20160228_MPFEEIDI_01688	SA20160228_MPFEEIDI_01688	100.000	103	0	0	1	103	1	103	7.77e-75	207
SA20160228_MPFEEIDI_01688	SA20160228_MPFEEIDI_01698	26.667	60	42	1	29	88	336	393	0.38	19.6
SA20160228_MPFEEIDI_01688	SA20160228_MPFEEIDI_01692	30.000	50	32	2	35	82	2	50	1.0	18.1
SA20160228_MPFEEIDI_01688	SA20160228_MPFEEIDI_01705	27.778	18	13	0	9	26	311	328	6.9	15.8
SA20160228_MPFEEIDI_01688	SA20160228_MPFEEIDI_01700	26.923	26	17	1	51	76	123	146	8.0	15.4
SA20160228_MPFEEIDI_01689	SA20160228_MPFEEIDI_01689	100.000	516	0	0	1	516	1	516	0.0	1056
SA20160228_MPFEEIDI_01689	SA20160228_MPFEEIDI_01695	28.000	75	37	3	54	123	261	323	0.29	23.1
SA20160228_MPFEEIDI_01689	SA20160228_MPFEEIDI_01697	31.579	57	34	3	319	372	91	145	1.2	20.8
SA20160228_MPFEEIDI_01689	SA20160228_MPFEEIDI_01704	50.000	20	6	1	401	416	37	56	2.5	19.6
SA20160228_MPFEEIDI_01689	SA20160228_MPFEEIDI_01698	26.866	67	48	1	35	101	82	147	3.6	19.6
SA20160228_MPFEEIDI_01689	SA20160228_MPFEEIDI_01702	45.000	20	11	0	316	335	121	140	5.4	18.5
SA20160228_MPFEEIDI_01690	SA20160228_MPFEEIDI_01690	100.000	86	0	0	1	86	1	86	2.32e-63	177
SA20160228_MPFEEIDI_01690	SA20160228_MPFEEIDI_01695	25.806	31	23	0	1	31	313	343	1.5	17.7
SA20160228_MPFEEIDI_01691	SA20160228_MPFEEIDI_01691	100.000	156	0	0	1	156	1	156	2.91e-119	324
SA20160228_MPFEEIDI_01691	SA20160228_MPFEEIDI_01686	22.581	62	41	1	92	146	75	136	1.1	19.2
SA20160228_MPFEEIDI_01691	SA20160228_MPFEEIDI_01703	26.667	75	34	3	54	111	1	71	1.2	18.9
SA20160228_MPFEEIDI_01691	SA20160228_MPFEEIDI_01695	42.857	14	8	0	41	54	890	903	5.7	16.9
SA20160228_MPFEEIDI_01691	SA20160228_MPFEEIDI_01687	33.333	12	8	0	54	65	44	55	8.0	16.2
SA20160228_MPFEEIDI_01692	SA20160228_MPFEEIDI_01692	100.000	183	0	0	1	183	1	183	4.15e-140	379
SA20160228_MPFEEIDI_01692	SA20160228_MPFEEIDI_01696	45.000	20	11	0	138	157	343	362	0.80	19.6
SA20160228_MPFEEIDI_01692	SA20160228_MPFEEIDI_01686	40.909	22	13	0	29	50	178	199	1.6	18.9
SA20160228_MPFEEIDI_01692	SA20160228_MPFEEIDI_01698	58.333	12	5	0	128	139	944	955	1.8	18.9
SA20160228_MPFEEIDI_01692	SA20160228_MPFEEIDI_01688	30.000	50	32	2	2	50	35	82	1.8	18.1
SA20160228_MPFEEIDI_01693	SA20160228_MPFEEIDI_01693	100.000	72	0	0	1	72	1	72	9.60e-53	149
SA20160228_MPFEEIDI_01693	SA20160228_MPFEEIDI_01695	60.000	10	4	0	22	31	59	68	1.1	17.7
SA20160228_MPFEEIDI_01693	SA20160228_MPFEEIDI_01700	29.167	24	17	0	47	70	108	131	1.8	16.9
SA20160228_MPFEEIDI_01694	SA20160228_MPFEEIDI_01694	100.000	124	0	0	1	124	1	124	2.21e-95	261
SA20160228_MPFEEIDI_01694	SA20160228_MPFEEIDI_01698	22.667	75	41	1	29	103	396	453	0.66	19.2
SA20160228_MPFEEIDI_01694	SA20160228_MPFEEIDI_01689	38.889	18	11	0	41	58	52	69	5.1	16.5
SA20160228_MPFEEIDI_01695	SA20160228_MPFEEIDI_01695	100.000	1049	0	0	1	1049	1	1049	0.0	2133
SA20160228_MPFEEIDI_01695	SA20160228_MPFEEIDI_01689	28.000	75	37	3	261	323	54	123	0.66	23.1
SA20160228_MPFEEIDI_01696	SA20160228_MPFEEIDI_01696	100.000	397	0	0	1	397	1	397	0.0	793
SA20160228_MPFEEIDI_01696	SA20160228_MPFEEIDI_01692	45.000	20	11	0	343	362	138	157	1.8	19.6
SA20160228_MPFEEIDI_01696	SA20160228_MPFEEIDI_01705	33.333	33	20	1	210	242	520	550	2.4	19.6
SA20160228_MPFEEIDI_01696	SA20160228_MPFEEIDI_01689	36.364	22	14	0	163	184	278	299	2.7	19.6
SA20160228_MPFEEIDI_01696	SA20160228_MPFEEIDI_01698	24.000	50	36	1	25	74	141	188	3.0	19.2
SA20160228_MPFEEIDI_01696	SA20160228_MPFEEIDI_01695	58.333	12	5	0	368	379	637	648	7.5	18.1
SA20160228_MPFEEIDI_01697	SA20160228_MPFEEIDI_01697	100.000	217	0	0	1	217	1	217	1.00e-166	449
SA20160228_MPFEEIDI_01697	SA20160228_MPFEEIDI_01704	29.730	74	49	2	35	106	72	144	0.55	20.4
SA20160228_MPFEEIDI_01697	SA20160228_MPFEEIDI_01689	31.373	51	30	3	91	139	319	366	2.7	18.5
SA20160228_MPFEEIDI_01698	SA20160228_MPFEEIDI_01698	100.000	1120	0	0	1	1120	1	1120	0.0	2264
SA20160228_MPFEEIDI_01698	SA20160228_MPFEEIDI_01687	25.758	66	35	1	976	1027	56	121	0.27	23.9
SA20160228_MPFEEIDI_01698	SA20160228_MPFEEIDI_01705	38.710	31	18	1	520	549	595	625	1.0	22.3
SA20160228_MPFEEIDI_01698	SA20160228_MPFEEIDI_01688	26.667	60	42	1	336	393	29	88	5.2	19.2
SA20160228_MPFEEIDI_01698	SA20160228_MPFEEIDI_01694	22.667	75	41	1	396	453	29	103	5.8	19.6
SA20160228_MPFEEIDI_01699	SA20160228_MPFEEIDI_01699	100.000	167	0	0	1	167	1	167	3.06e-122	332
SA20160228_MPFEEIDI_01699	SA20160228_MPFEEIDI_01705	28.947	38	27	0	2	39	603	640	0.67	20.0
SA20160228_MPFEEIDI_01699	SA20160228_MPFEEIDI_01686	50.000	14	7	0	68	81	101	114	3.2	17.7
SA20160228_MPFEEIDI_01699	SA20160228_MPFEEIDI_01689	35.897	39	20	2	125	158	293	331	3.7	17.7
SA20160228_MPFEEIDI_01700	SA20160228_MPFEEIDI_01700	100.000	151	0	0	1	151	1	151	3.02e-115	313
SA20160228_MPFEEIDI_01700	SA20160228_MPFEEIDI_01705	35.294	17	10	1	37	53	74	89	2.7	17.7
SA20160228_MPFEEIDI_01700	SA20160228_MPFEEIDI_01693	29.167	24	17	0	108	131	47	70	3.7	16.9
SA20160228_MPFEEIDI_01700	SA20160228_MPFEEIDI_01689	34.483	29	18	1	25	53	423	450	7.9	16.5
SA20160228_MPFEEIDI_01701	SA20160228_MPFEEIDI_01701	100.000	55	0	0	1	55	1	55	1.11e-36	107
SA20160228_MPFEEIDI_01701	SA20160228_MPFEEIDI_01704	28.571	28	20	0	3	30	69	96	1.0	16.9
SA20160228_MPFEEIDI_01701	SA20160228_MPFEEIDI_01696	83.333	6	1	0	25	30	56	61	3.6	15.4
SA20160228_MPFEEIDI_01702	SA20160228_MPFEEIDI_01702	100.000	171	0	0	1	171	1	171	1.28e-122	333
SA20160228_MPFEEIDI_01702	SA20160228_MPFEEIDI_01689	45.000	20	11	0	121	140	316	335	1.8	18.5
SA20160228_MPFEEIDI_01702	SA20160228_MPFEEIDI_01698	36.000	25	16	0	136	160	227	251	6.8	16.9
SA20160228_MPFEEIDI_01702	SA20160228_MPFEEIDI_01705	30.357	56	34	2	30	85	131	181	8.5	16.5
SA20160228_MPFEEIDI_01703	SA20160228_MPFEEIDI_01703	100.000	125	0	0	1	125	1	125	6.08e-89	244
SA20160228_MPFEEIDI_01703	SA20160228_MPFEEIDI_01698	25.397	63	44	2	63	124	473	533	3.0	17.3
SA20160228_MPFEEIDI_01703	SA20160228_MPFEEIDI_01689	29.268	41	25	1	81	121	18	54	3.3	17.3
SA20160228_MPFEEIDI_01703	SA20160228_MPFEEIDI_01686	62.500	8	3	0	45	52	240	247	6.1	16.5
SA20160228_MPFEEIDI_01704	SA20160228_MPFEEIDI_01704	100.000	183	0	0	1	183	1	183	1.30e-135	367
SA20160228_MPFEEIDI_01704	SA20160228_MPFEEIDI_01689	56.250	16	6	1	166	181	206	220	0.37	20.8
SA20160228_MPFEEIDI_01704	SA20160228_MPFEEIDI_01697	29.730	74	49	2	72	144	35	106	0.46	20.4
SA20160228_MPFEEIDI_01704	SA20160228_MPFEEIDI_01698	40.625	32	17	2	107	138	1089	1118	3.2	18.1
SA20160228_MPFEEIDI_01704	SA20160228_MPFEEIDI_01701	28.571	28	20	0	69	96	3	30	3.4	16.9
SA20160228_MPFEEIDI_01705	SA20160228_MPFEEIDI_01705	100.000	642	0	0	1	642	1	642	0.0	1305
SA20160228_MPFEEIDI_01705	SA20160228_MPFEEIDI_01698	38.710	31	18	1	595	625	520	549	0.61	22.3
SA20160228_MPFEEIDI_01705	SA20160228_MPFEEIDI_01699	28.947	38	27	0	603	640	2	39	2.4	20.0
SA20160228_MPFEEIDI_01705	SA20160228_MPFEEIDI_01696	33.333	33	20	1	520	550	210	242	3.1	20.0
SA20160228_MPFEEIDI_01705	SA20160228_MPFEEIDI_01686	30.000	30	21	0	14	43	206	235	5.8	18.9
SA20160228_MPFEEIDI_01706	SA20160228_MPFEEIDI_01706	100.000	109	0	0	1	109	1	109	2.29e-80	222
SA20160228_MPFEEIDI_01706	SA20160228_MPFEEIDI_01687	25.000	48	32	1	62	109	61	104	1.1	18.5
SA20160228_MPFEEIDI_01706	SA20160228_MPFEEIDI_01698	46.154	13	7	0	19	31	79	91	1.1	18.5
SA20160228_MPFEEIDI_01706	SA20160228_MPFEEIDI_01695	30.435	23	16	0	14	36	580	602	4.5	16.5
