SA20153980_HPBJMGIL_01395	SA20160326_NMHJDFNH_01157	100.000	244	0	0	1	244	1	244	0.0	504
SA20153980_HPBJMGIL_01395	SA20160326_NMHJDFNH_01160	42.688	253	130	4	1	244	1	247	3.53e-70	207
SA20153980_HPBJMGIL_01395	SA20160326_NMHJDFNH_01163	41.667	24	11	1	25	48	95	115	1.1	20.0
SA20153980_HPBJMGIL_01395	SA20160326_NMHJDFNH_01175	38.095	21	12	1	104	124	248	267	3.2	18.9
SA20153980_HPBJMGIL_01395	SA20160326_NMHJDFNH_01172	31.818	22	15	0	2	23	588	609	3.6	18.5
SA20153980_HPBJMGIL_01395	SA20160326_NMHJDFNH_01166	66.667	12	4	0	83	94	200	211	4.0	18.5
SA20153980_HPBJMGIL_01396	SA20160326_NMHJDFNH_01158	100.000	166	0	0	1	166	1	166	4.77e-125	340
SA20153980_HPBJMGIL_01396	SA20160326_NMHJDFNH_01161	40.741	162	95	1	1	161	1	162	5.10e-45	137
SA20153980_HPBJMGIL_01396	SA20160326_NMHJDFNH_01172	46.667	15	8	0	99	113	638	652	9.1	16.5
SA20153980_HPBJMGIL_01397	SA20160326_NMHJDFNH_01159	100.000	524	0	0	1	524	1	524	0.0	1073
SA20153980_HPBJMGIL_01397	SA20160326_NMHJDFNH_01168	25.843	89	57	4	396	475	245	333	0.14	24.3
SA20153980_HPBJMGIL_01397	SA20160326_NMHJDFNH_01170	31.250	16	11	0	278	293	3	18	2.0	19.2
SA20153980_HPBJMGIL_01397	SA20160326_NMHJDFNH_01167	34.211	38	20	2	274	307	261	297	2.3	20.4
SA20153980_HPBJMGIL_01397	SA20160326_NMHJDFNH_01161	23.256	86	56	4	242	327	83	158	2.9	19.6
SA20153980_HPBJMGIL_01397	SA20160326_NMHJDFNH_01160	26.471	34	25	0	351	384	6	39	4.5	19.2
SA20153980_HPBJMGIL_01398	SA20160326_NMHJDFNH_01160	100.000	247	0	0	1	247	1	247	0.0	512
SA20153980_HPBJMGIL_01398	SA20160326_NMHJDFNH_01157	42.688	253	130	4	1	247	1	244	3.57e-70	207
SA20153980_HPBJMGIL_01398	SA20160326_NMHJDFNH_01159	26.471	34	25	0	6	39	351	384	2.1	19.2
SA20153980_HPBJMGIL_01398	SA20160326_NMHJDFNH_01166	37.037	27	17	0	75	101	378	404	7.2	17.7
SA20153980_HPBJMGIL_01398	SA20160326_NMHJDFNH_01172	22.000	50	39	0	6	55	561	610	7.5	17.7
SA20153980_HPBJMGIL_01398	SA20160326_NMHJDFNH_01173	26.923	26	19	0	200	225	65	90	7.8	17.7
SA20153980_HPBJMGIL_01399	SA20160326_NMHJDFNH_01161	100.000	162	0	0	1	162	1	162	3.48e-124	337
SA20153980_HPBJMGIL_01399	SA20160326_NMHJDFNH_01158	41.463	164	91	2	1	162	1	161	1.33e-45	138
SA20153980_HPBJMGIL_01399	SA20160326_NMHJDFNH_01165	31.250	32	22	0	60	91	364	395	0.22	21.6
SA20153980_HPBJMGIL_01399	SA20160326_NMHJDFNH_01159	23.256	86	56	4	83	158	242	327	0.90	19.6
SA20153980_HPBJMGIL_01400	SA20160326_NMHJDFNH_01162	100.000	174	0	0	1	174	1	174	6.71e-132	357
SA20153980_HPBJMGIL_01400	SA20160326_NMHJDFNH_01172	26.415	53	29	1	78	130	233	275	0.21	21.9
SA20153980_HPBJMGIL_01400	SA20160326_NMHJDFNH_01175	21.277	47	33	2	66	108	136	182	1.4	19.2
SA20153980_HPBJMGIL_01400	SA20160326_NMHJDFNH_01157	42.105	19	11	0	1	19	132	150	1.7	18.9
SA20153980_HPBJMGIL_01400	SA20160326_NMHJDFNH_01176	25.000	28	21	0	40	67	37	64	2.2	18.5
SA20153980_HPBJMGIL_01400	SA20160326_NMHJDFNH_01160	30.303	33	21	1	11	41	95	127	4.3	17.7
SA20153980_HPBJMGIL_01400	SA20160326_NMHJDFNH_01165	29.091	55	30	2	11	56	255	309	4.7	17.7
SA20153980_HPBJMGIL_01400	SA20160326_NMHJDFNH_01166	37.500	24	15	0	144	167	217	240	4.9	17.7
SA20153980_HPBJMGIL_01400	SA20160326_NMHJDFNH_01173	23.881	67	47	2	13	75	83	149	9.5	16.9
SA20153980_HPBJMGIL_01401	SA20160326_NMHJDFNH_01163	100.000	175	0	0	1	175	1	175	4.54e-135	365
SA20153980_HPBJMGIL_01401	SA20160326_NMHJDFNH_01157	41.667	24	11	1	95	115	25	48	0.81	20.0
SA20153980_HPBJMGIL_01401	SA20160326_NMHJDFNH_01168	24.242	33	24	1	90	122	681	712	2.0	18.9
SA20153980_HPBJMGIL_01401	SA20160326_NMHJDFNH_01175	22.449	49	37	1	100	147	40	88	4.0	17.7
SA20153980_HPBJMGIL_01401	SA20160326_NMHJDFNH_01173	40.000	20	11	1	27	45	633	652	9.5	16.9
SA20153980_HPBJMGIL_01402	SA20160326_NMHJDFNH_01164	100.000	119	0	0	1	119	1	119	8.38e-89	244
SA20153980_HPBJMGIL_01402	SA20160326_NMHJDFNH_01167	38.889	18	11	0	48	65	197	214	1.0	18.9
SA20153980_HPBJMGIL_01402	SA20160326_NMHJDFNH_01159	45.455	11	6	0	81	91	447	457	4.2	17.3
SA20153980_HPBJMGIL_01402	SA20160326_NMHJDFNH_01173	31.111	45	23	2	53	89	909	953	8.8	16.2
SA20153980_HPBJMGIL_01403	SA20160326_NMHJDFNH_01165	100.000	485	0	0	1	485	1	485	0.0	971
SA20153980_HPBJMGIL_01403	SA20160326_NMHJDFNH_01161	31.250	32	22	0	364	395	60	91	0.72	21.6
SA20153980_HPBJMGIL_01403	SA20160326_NMHJDFNH_01175	35.484	31	18	1	111	139	192	222	5.4	19.2
SA20153980_HPBJMGIL_01403	SA20160326_NMHJDFNH_01172	40.000	30	18	0	74	103	446	475	5.9	18.9
SA20153980_HPBJMGIL_01403	SA20160326_NMHJDFNH_01166	35.294	17	11	0	172	188	912	928	8.3	18.5
SA20153980_HPBJMGIL_01404	SA20160326_NMHJDFNH_01166	100.000	1055	0	0	1	1055	1	1055	0.0	2120
SA20153980_HPBJMGIL_01404	SA20160326_NMHJDFNH_01168	48.485	33	17	0	462	494	131	163	0.13	25.8
SA20153980_HPBJMGIL_01404	SA20160326_NMHJDFNH_01175	33.333	24	16	0	803	826	162	185	0.47	23.9
SA20153980_HPBJMGIL_01404	SA20160326_NMHJDFNH_01160	37.931	29	18	0	378	406	75	103	9.9	19.2
SA20153980_HPBJMGIL_01405	SA20160326_NMHJDFNH_01167	100.000	408	0	0	1	408	1	408	0.0	815
SA20153980_HPBJMGIL_01405	SA20160326_NMHJDFNH_01172	37.209	43	19	1	173	215	526	560	0.49	22.3
SA20153980_HPBJMGIL_01405	SA20160326_NMHJDFNH_01159	34.211	38	20	2	261	297	274	307	2.6	20.0
SA20153980_HPBJMGIL_01405	SA20160326_NMHJDFNH_01164	38.889	18	11	0	197	214	48	65	3.6	18.9
SA20153980_HPBJMGIL_01405	SA20160326_NMHJDFNH_01168	31.915	47	24	1	326	372	243	281	9.5	18.1
SA20153980_HPBJMGIL_01406	SA20160326_NMHJDFNH_01168	100.000	762	0	0	1	762	1	762	0.0	1519
SA20153980_HPBJMGIL_01406	SA20160326_NMHJDFNH_01170	30.645	62	43	0	11	72	1	62	1.13e-05	34.7
SA20153980_HPBJMGIL_01406	SA20160326_NMHJDFNH_01166	48.485	33	17	0	131	163	462	494	0.096	25.8
SA20153980_HPBJMGIL_01406	SA20160326_NMHJDFNH_01159	25.843	89	57	4	245	333	396	475	0.22	24.3
SA20153980_HPBJMGIL_01406	SA20160326_NMHJDFNH_01171	45.000	20	11	0	90	109	274	293	0.67	22.7
SA20153980_HPBJMGIL_01406	SA20160326_NMHJDFNH_01175	35.714	42	23	2	48	89	430	467	1.1	21.9
SA20153980_HPBJMGIL_01406	SA20160326_NMHJDFNH_01173	33.333	21	14	0	60	80	516	536	8.6	19.2
SA20153980_HPBJMGIL_01406	SA20160326_NMHJDFNH_01163	24.242	33	24	1	681	712	90	122	8.6	18.9
SA20153980_HPBJMGIL_01407	SA20160326_NMHJDFNH_01169	100.000	154	0	0	1	154	1	154	2.74e-117	319
SA20153980_HPBJMGIL_01407	SA20160326_NMHJDFNH_01168	27.273	88	46	5	40	123	574	647	6.3	16.9
SA20153980_HPBJMGIL_01408	SA20160326_NMHJDFNH_01170	100.000	64	0	0	1	64	1	64	3.08e-46	132
SA20153980_HPBJMGIL_01408	SA20160326_NMHJDFNH_01168	30.645	62	43	0	1	62	11	72	9.49e-07	34.7
SA20153980_HPBJMGIL_01408	SA20160326_NMHJDFNH_01159	31.250	16	11	0	3	18	278	293	0.24	19.2
SA20153980_HPBJMGIL_01409	SA20160326_NMHJDFNH_01171	100.000	417	0	0	1	417	1	417	0.0	838
SA20153980_HPBJMGIL_01409	SA20160326_NMHJDFNH_01168	45.000	20	11	0	274	293	90	109	0.37	22.7
SA20153980_HPBJMGIL_01410	SA20160326_NMHJDFNH_01172	100.000	652	0	0	1	652	1	652	0.0	1353
SA20153980_HPBJMGIL_01410	SA20160326_NMHJDFNH_01162	26.415	53	29	1	233	275	78	130	0.70	21.9
SA20153980_HPBJMGIL_01410	SA20160326_NMHJDFNH_01167	46.667	30	14	1	531	560	188	215	0.79	22.3
SA20153980_HPBJMGIL_01410	SA20160326_NMHJDFNH_01173	57.143	14	6	0	183	196	644	657	6.5	19.2
SA20153980_HPBJMGIL_01410	SA20160326_NMHJDFNH_01165	40.000	30	18	0	446	475	74	103	7.9	18.9
SA20153980_HPBJMGIL_01410	SA20160326_NMHJDFNH_01157	31.818	22	15	0	588	609	2	23	9.6	18.5
SA20153980_HPBJMGIL_01410	SA20160326_NMHJDFNH_01166	42.105	19	11	0	532	550	670	688	9.6	18.9
SA20153980_HPBJMGIL_01411	SA20160326_NMHJDFNH_01173	100.000	990	0	0	1	990	1	990	0.0	2047
SA20153980_HPBJMGIL_01411	SA20160326_NMHJDFNH_01172	57.143	14	6	0	644	657	183	196	9.9	19.2
SA20153980_HPBJMGIL_01412	SA20160326_NMHJDFNH_01174	100.000	33	0	0	1	33	1	33	9.25e-22	68.9
SA20153980_HPBJMGIL_01412	SA20160326_NMHJDFNH_01172	66.667	6	2	0	4	9	493	498	4.1	14.6
SA20153980_HPBJMGIL_01412	SA20160326_NMHJDFNH_01166	54.545	11	5	0	16	26	93	103	6.5	14.2
SA20153980_HPBJMGIL_01413	SA20160326_NMHJDFNH_01175	100.000	467	0	0	1	467	1	467	0.0	947
SA20153980_HPBJMGIL_01413	SA20160326_NMHJDFNH_01166	33.333	24	16	0	162	185	803	826	0.21	23.9
SA20153980_HPBJMGIL_01413	SA20160326_NMHJDFNH_01168	35.714	42	23	2	430	467	48	89	0.66	21.9
SA20153980_HPBJMGIL_01413	SA20160326_NMHJDFNH_01162	21.277	47	33	2	136	182	66	108	4.6	18.9
SA20153980_HPBJMGIL_01413	SA20160326_NMHJDFNH_01165	35.484	31	18	1	192	222	111	139	5.2	19.2
SA20153980_HPBJMGIL_01413	SA20160326_NMHJDFNH_01157	38.095	21	12	1	248	267	104	124	6.1	18.9
SA20153980_HPBJMGIL_01413	SA20160326_NMHJDFNH_01176	37.500	16	10	0	343	358	247	262	6.6	18.9
SA20153980_HPBJMGIL_01414	SA20160326_NMHJDFNH_01176	100.000	336	0	0	1	336	1	336	0.0	667
SA20153980_HPBJMGIL_01414	SA20160326_NMHJDFNH_01175	37.500	16	10	0	247	262	343	358	4.0	18.9
SA20153980_HPBJMGIL_01414	SA20160326_NMHJDFNH_01162	25.000	28	21	0	37	64	40	67	5.1	18.5
SA20153980_HPBJMGIL_01414	SA20160326_NMHJDFNH_01168	36.667	30	17	1	112	139	282	311	6.0	18.5
SA20153980_HPBJMGIL_01414	SA20160326_NMHJDFNH_01167	60.000	10	4	0	113	122	27	36	9.6	17.7
SA20153980_HPBJMGIL_01415	SA20160326_NMHJDFNH_01177	100.000	43	0	0	1	43	1	43	4.48e-27	82.8
SA20153980_HPBJMGIL_01415	SA20160326_NMHJDFNH_01176	29.032	31	16	1	11	35	7	37	2.6	15.4
SA20160326_NMHJDFNH_01157	SA20160326_NMHJDFNH_01157	100.000	244	0	0	1	244	1	244	0.0	504
SA20160326_NMHJDFNH_01157	SA20160326_NMHJDFNH_01160	42.688	253	130	4	1	244	1	247	3.53e-70	207
SA20160326_NMHJDFNH_01157	SA20160326_NMHJDFNH_01163	41.667	24	11	1	25	48	95	115	1.1	20.0
SA20160326_NMHJDFNH_01157	SA20160326_NMHJDFNH_01175	38.095	21	12	1	104	124	248	267	3.2	18.9
SA20160326_NMHJDFNH_01157	SA20160326_NMHJDFNH_01172	31.818	22	15	0	2	23	588	609	3.6	18.5
SA20160326_NMHJDFNH_01157	SA20160326_NMHJDFNH_01166	66.667	12	4	0	83	94	200	211	4.0	18.5
SA20160326_NMHJDFNH_01158	SA20160326_NMHJDFNH_01158	100.000	166	0	0	1	166	1	166	4.77e-125	340
SA20160326_NMHJDFNH_01158	SA20160326_NMHJDFNH_01161	40.741	162	95	1	1	161	1	162	5.10e-45	137
SA20160326_NMHJDFNH_01158	SA20160326_NMHJDFNH_01172	46.667	15	8	0	99	113	638	652	9.1	16.5
SA20160326_NMHJDFNH_01159	SA20160326_NMHJDFNH_01159	100.000	524	0	0	1	524	1	524	0.0	1073
SA20160326_NMHJDFNH_01159	SA20160326_NMHJDFNH_01168	25.843	89	57	4	396	475	245	333	0.14	24.3
SA20160326_NMHJDFNH_01159	SA20160326_NMHJDFNH_01170	31.250	16	11	0	278	293	3	18	2.0	19.2
SA20160326_NMHJDFNH_01159	SA20160326_NMHJDFNH_01167	34.211	38	20	2	274	307	261	297	2.3	20.4
SA20160326_NMHJDFNH_01159	SA20160326_NMHJDFNH_01161	23.256	86	56	4	242	327	83	158	2.9	19.6
SA20160326_NMHJDFNH_01159	SA20160326_NMHJDFNH_01160	26.471	34	25	0	351	384	6	39	4.5	19.2
SA20160326_NMHJDFNH_01160	SA20160326_NMHJDFNH_01160	100.000	247	0	0	1	247	1	247	0.0	512
SA20160326_NMHJDFNH_01160	SA20160326_NMHJDFNH_01157	42.688	253	130	4	1	247	1	244	3.57e-70	207
SA20160326_NMHJDFNH_01160	SA20160326_NMHJDFNH_01159	26.471	34	25	0	6	39	351	384	2.1	19.2
SA20160326_NMHJDFNH_01160	SA20160326_NMHJDFNH_01166	37.037	27	17	0	75	101	378	404	7.2	17.7
SA20160326_NMHJDFNH_01160	SA20160326_NMHJDFNH_01172	22.000	50	39	0	6	55	561	610	7.5	17.7
SA20160326_NMHJDFNH_01160	SA20160326_NMHJDFNH_01173	26.923	26	19	0	200	225	65	90	7.8	17.7
SA20160326_NMHJDFNH_01161	SA20160326_NMHJDFNH_01161	100.000	162	0	0	1	162	1	162	3.48e-124	337
SA20160326_NMHJDFNH_01161	SA20160326_NMHJDFNH_01158	41.463	164	91	2	1	162	1	161	1.33e-45	138
SA20160326_NMHJDFNH_01161	SA20160326_NMHJDFNH_01165	31.250	32	22	0	60	91	364	395	0.22	21.6
SA20160326_NMHJDFNH_01161	SA20160326_NMHJDFNH_01159	23.256	86	56	4	83	158	242	327	0.90	19.6
SA20160326_NMHJDFNH_01162	SA20160326_NMHJDFNH_01162	100.000	174	0	0	1	174	1	174	6.71e-132	357
SA20160326_NMHJDFNH_01162	SA20160326_NMHJDFNH_01172	26.415	53	29	1	78	130	233	275	0.21	21.9
SA20160326_NMHJDFNH_01162	SA20160326_NMHJDFNH_01175	21.277	47	33	2	66	108	136	182	1.4	19.2
SA20160326_NMHJDFNH_01162	SA20160326_NMHJDFNH_01157	42.105	19	11	0	1	19	132	150	1.7	18.9
SA20160326_NMHJDFNH_01162	SA20160326_NMHJDFNH_01176	25.000	28	21	0	40	67	37	64	2.2	18.5
SA20160326_NMHJDFNH_01162	SA20160326_NMHJDFNH_01160	30.303	33	21	1	11	41	95	127	4.3	17.7
SA20160326_NMHJDFNH_01162	SA20160326_NMHJDFNH_01165	29.091	55	30	2	11	56	255	309	4.7	17.7
SA20160326_NMHJDFNH_01162	SA20160326_NMHJDFNH_01166	37.500	24	15	0	144	167	217	240	4.9	17.7
SA20160326_NMHJDFNH_01162	SA20160326_NMHJDFNH_01173	23.881	67	47	2	13	75	83	149	9.5	16.9
SA20160326_NMHJDFNH_01163	SA20160326_NMHJDFNH_01163	100.000	175	0	0	1	175	1	175	4.54e-135	365
SA20160326_NMHJDFNH_01163	SA20160326_NMHJDFNH_01157	41.667	24	11	1	95	115	25	48	0.81	20.0
SA20160326_NMHJDFNH_01163	SA20160326_NMHJDFNH_01168	24.242	33	24	1	90	122	681	712	2.0	18.9
SA20160326_NMHJDFNH_01163	SA20160326_NMHJDFNH_01175	22.449	49	37	1	100	147	40	88	4.0	17.7
SA20160326_NMHJDFNH_01163	SA20160326_NMHJDFNH_01173	40.000	20	11	1	27	45	633	652	9.5	16.9
SA20160326_NMHJDFNH_01164	SA20160326_NMHJDFNH_01164	100.000	119	0	0	1	119	1	119	8.38e-89	244
SA20160326_NMHJDFNH_01164	SA20160326_NMHJDFNH_01167	38.889	18	11	0	48	65	197	214	1.0	18.9
SA20160326_NMHJDFNH_01164	SA20160326_NMHJDFNH_01159	45.455	11	6	0	81	91	447	457	4.2	17.3
SA20160326_NMHJDFNH_01164	SA20160326_NMHJDFNH_01173	31.111	45	23	2	53	89	909	953	8.8	16.2
SA20160326_NMHJDFNH_01165	SA20160326_NMHJDFNH_01165	100.000	485	0	0	1	485	1	485	0.0	971
SA20160326_NMHJDFNH_01165	SA20160326_NMHJDFNH_01161	31.250	32	22	0	364	395	60	91	0.72	21.6
SA20160326_NMHJDFNH_01165	SA20160326_NMHJDFNH_01175	35.484	31	18	1	111	139	192	222	5.4	19.2
SA20160326_NMHJDFNH_01165	SA20160326_NMHJDFNH_01172	40.000	30	18	0	74	103	446	475	5.9	18.9
SA20160326_NMHJDFNH_01165	SA20160326_NMHJDFNH_01166	35.294	17	11	0	172	188	912	928	8.3	18.5
SA20160326_NMHJDFNH_01166	SA20160326_NMHJDFNH_01166	100.000	1055	0	0	1	1055	1	1055	0.0	2120
SA20160326_NMHJDFNH_01166	SA20160326_NMHJDFNH_01168	48.485	33	17	0	462	494	131	163	0.13	25.8
SA20160326_NMHJDFNH_01166	SA20160326_NMHJDFNH_01175	33.333	24	16	0	803	826	162	185	0.47	23.9
SA20160326_NMHJDFNH_01166	SA20160326_NMHJDFNH_01160	37.931	29	18	0	378	406	75	103	9.9	19.2
SA20160326_NMHJDFNH_01167	SA20160326_NMHJDFNH_01167	100.000	408	0	0	1	408	1	408	0.0	815
SA20160326_NMHJDFNH_01167	SA20160326_NMHJDFNH_01172	37.209	43	19	1	173	215	526	560	0.49	22.3
SA20160326_NMHJDFNH_01167	SA20160326_NMHJDFNH_01159	34.211	38	20	2	261	297	274	307	2.6	20.0
SA20160326_NMHJDFNH_01167	SA20160326_NMHJDFNH_01164	38.889	18	11	0	197	214	48	65	3.6	18.9
SA20160326_NMHJDFNH_01167	SA20160326_NMHJDFNH_01168	31.915	47	24	1	326	372	243	281	9.5	18.1
SA20160326_NMHJDFNH_01168	SA20160326_NMHJDFNH_01168	100.000	762	0	0	1	762	1	762	0.0	1519
SA20160326_NMHJDFNH_01168	SA20160326_NMHJDFNH_01170	30.645	62	43	0	11	72	1	62	1.13e-05	34.7
SA20160326_NMHJDFNH_01168	SA20160326_NMHJDFNH_01166	48.485	33	17	0	131	163	462	494	0.096	25.8
SA20160326_NMHJDFNH_01168	SA20160326_NMHJDFNH_01159	25.843	89	57	4	245	333	396	475	0.22	24.3
SA20160326_NMHJDFNH_01168	SA20160326_NMHJDFNH_01171	45.000	20	11	0	90	109	274	293	0.67	22.7
SA20160326_NMHJDFNH_01168	SA20160326_NMHJDFNH_01175	25.676	74	43	3	224	297	208	269	3.0	20.8
SA20160326_NMHJDFNH_01168	SA20160326_NMHJDFNH_01173	33.333	21	14	0	60	80	516	536	8.6	19.2
SA20160326_NMHJDFNH_01168	SA20160326_NMHJDFNH_01163	24.242	33	24	1	681	712	90	122	8.6	18.9
SA20160326_NMHJDFNH_01169	SA20160326_NMHJDFNH_01169	100.000	154	0	0	1	154	1	154	2.74e-117	319
SA20160326_NMHJDFNH_01169	SA20160326_NMHJDFNH_01168	27.273	88	46	5	40	123	574	647	6.3	16.9
SA20160326_NMHJDFNH_01170	SA20160326_NMHJDFNH_01170	100.000	64	0	0	1	64	1	64	3.08e-46	132
SA20160326_NMHJDFNH_01170	SA20160326_NMHJDFNH_01168	30.645	62	43	0	1	62	11	72	9.49e-07	34.7
SA20160326_NMHJDFNH_01170	SA20160326_NMHJDFNH_01159	31.250	16	11	0	3	18	278	293	0.24	19.2
SA20160326_NMHJDFNH_01171	SA20160326_NMHJDFNH_01171	100.000	417	0	0	1	417	1	417	0.0	838
SA20160326_NMHJDFNH_01171	SA20160326_NMHJDFNH_01168	45.000	20	11	0	274	293	90	109	0.37	22.7
SA20160326_NMHJDFNH_01172	SA20160326_NMHJDFNH_01172	100.000	652	0	0	1	652	1	652	0.0	1353
SA20160326_NMHJDFNH_01172	SA20160326_NMHJDFNH_01162	26.415	53	29	1	233	275	78	130	0.70	21.9
SA20160326_NMHJDFNH_01172	SA20160326_NMHJDFNH_01167	46.667	30	14	1	531	560	188	215	0.79	22.3
SA20160326_NMHJDFNH_01172	SA20160326_NMHJDFNH_01173	57.143	14	6	0	183	196	644	657	6.5	19.2
SA20160326_NMHJDFNH_01172	SA20160326_NMHJDFNH_01165	40.000	30	18	0	446	475	74	103	7.9	18.9
SA20160326_NMHJDFNH_01172	SA20160326_NMHJDFNH_01157	31.818	22	15	0	588	609	2	23	9.6	18.5
SA20160326_NMHJDFNH_01172	SA20160326_NMHJDFNH_01166	42.105	19	11	0	532	550	670	688	9.6	18.9
SA20160326_NMHJDFNH_01173	SA20160326_NMHJDFNH_01173	100.000	990	0	0	1	990	1	990	0.0	2047
SA20160326_NMHJDFNH_01173	SA20160326_NMHJDFNH_01172	57.143	14	6	0	644	657	183	196	9.9	19.2
SA20160326_NMHJDFNH_01174	SA20160326_NMHJDFNH_01174	100.000	33	0	0	1	33	1	33	9.25e-22	68.9
SA20160326_NMHJDFNH_01174	SA20160326_NMHJDFNH_01172	66.667	6	2	0	4	9	493	498	4.1	14.6
SA20160326_NMHJDFNH_01174	SA20160326_NMHJDFNH_01166	54.545	11	5	0	16	26	93	103	6.5	14.2
SA20160326_NMHJDFNH_01175	SA20160326_NMHJDFNH_01175	100.000	467	0	0	1	467	1	467	0.0	947
SA20160326_NMHJDFNH_01175	SA20160326_NMHJDFNH_01166	33.333	24	16	0	162	185	803	826	0.21	23.9
SA20160326_NMHJDFNH_01175	SA20160326_NMHJDFNH_01168	35.714	42	23	2	430	467	48	89	0.66	21.9
SA20160326_NMHJDFNH_01175	SA20160326_NMHJDFNH_01162	21.277	47	33	2	136	182	66	108	4.6	18.9
SA20160326_NMHJDFNH_01175	SA20160326_NMHJDFNH_01165	35.484	31	18	1	192	222	111	139	5.2	19.2
SA20160326_NMHJDFNH_01175	SA20160326_NMHJDFNH_01157	38.095	21	12	1	248	267	104	124	6.1	18.9
SA20160326_NMHJDFNH_01175	SA20160326_NMHJDFNH_01176	37.500	16	10	0	343	358	247	262	6.6	18.9
SA20160326_NMHJDFNH_01176	SA20160326_NMHJDFNH_01176	100.000	336	0	0	1	336	1	336	0.0	667
SA20160326_NMHJDFNH_01176	SA20160326_NMHJDFNH_01175	37.500	16	10	0	247	262	343	358	4.0	18.9
SA20160326_NMHJDFNH_01176	SA20160326_NMHJDFNH_01162	25.000	28	21	0	37	64	40	67	5.1	18.5
SA20160326_NMHJDFNH_01176	SA20160326_NMHJDFNH_01168	36.667	30	17	1	112	139	282	311	6.0	18.5
SA20160326_NMHJDFNH_01176	SA20160326_NMHJDFNH_01167	60.000	10	4	0	113	122	27	36	9.6	17.7
SA20160326_NMHJDFNH_01177	SA20160326_NMHJDFNH_01177	100.000	43	0	0	1	43	1	43	4.48e-27	82.8
SA20160326_NMHJDFNH_01177	SA20160326_NMHJDFNH_01176	29.032	31	16	1	11	35	7	37	2.6	15.4
SA20153980_HPBJMGIL_01395	SA20153980_HPBJMGIL_01395	100.000	244	0	0	1	244	1	244	0.0	504
SA20153980_HPBJMGIL_01395	SA20153980_HPBJMGIL_01398	42.688	253	130	4	1	244	1	247	3.53e-70	207
SA20153980_HPBJMGIL_01395	SA20153980_HPBJMGIL_01401	41.667	24	11	1	25	48	95	115	1.1	20.0
SA20153980_HPBJMGIL_01395	SA20153980_HPBJMGIL_01413	38.095	21	12	1	104	124	248	267	3.2	18.9
SA20153980_HPBJMGIL_01395	SA20153980_HPBJMGIL_01410	31.818	22	15	0	2	23	588	609	3.6	18.5
SA20153980_HPBJMGIL_01395	SA20153980_HPBJMGIL_01404	66.667	12	4	0	83	94	200	211	4.0	18.5
SA20153980_HPBJMGIL_01396	SA20153980_HPBJMGIL_01396	100.000	166	0	0	1	166	1	166	4.77e-125	340
SA20153980_HPBJMGIL_01396	SA20153980_HPBJMGIL_01399	40.741	162	95	1	1	161	1	162	5.10e-45	137
SA20153980_HPBJMGIL_01396	SA20153980_HPBJMGIL_01410	46.667	15	8	0	99	113	638	652	9.1	16.5
SA20153980_HPBJMGIL_01397	SA20153980_HPBJMGIL_01397	100.000	524	0	0	1	524	1	524	0.0	1073
SA20153980_HPBJMGIL_01397	SA20153980_HPBJMGIL_01406	25.843	89	57	4	396	475	245	333	0.14	24.3
SA20153980_HPBJMGIL_01397	SA20153980_HPBJMGIL_01408	31.250	16	11	0	278	293	3	18	2.0	19.2
SA20153980_HPBJMGIL_01397	SA20153980_HPBJMGIL_01405	34.211	38	20	2	274	307	261	297	2.3	20.4
SA20153980_HPBJMGIL_01397	SA20153980_HPBJMGIL_01399	23.256	86	56	4	242	327	83	158	2.9	19.6
SA20153980_HPBJMGIL_01397	SA20153980_HPBJMGIL_01398	26.471	34	25	0	351	384	6	39	4.5	19.2
SA20153980_HPBJMGIL_01398	SA20153980_HPBJMGIL_01398	100.000	247	0	0	1	247	1	247	0.0	512
SA20153980_HPBJMGIL_01398	SA20153980_HPBJMGIL_01395	42.688	253	130	4	1	247	1	244	3.57e-70	207
SA20153980_HPBJMGIL_01398	SA20153980_HPBJMGIL_01397	26.471	34	25	0	6	39	351	384	2.1	19.2
SA20153980_HPBJMGIL_01398	SA20153980_HPBJMGIL_01404	37.037	27	17	0	75	101	378	404	7.2	17.7
SA20153980_HPBJMGIL_01398	SA20153980_HPBJMGIL_01410	22.000	50	39	0	6	55	561	610	7.5	17.7
SA20153980_HPBJMGIL_01398	SA20153980_HPBJMGIL_01411	26.923	26	19	0	200	225	65	90	7.8	17.7
SA20153980_HPBJMGIL_01399	SA20153980_HPBJMGIL_01399	100.000	162	0	0	1	162	1	162	3.48e-124	337
SA20153980_HPBJMGIL_01399	SA20153980_HPBJMGIL_01396	41.463	164	91	2	1	162	1	161	1.33e-45	138
SA20153980_HPBJMGIL_01399	SA20153980_HPBJMGIL_01403	31.250	32	22	0	60	91	364	395	0.22	21.6
SA20153980_HPBJMGIL_01399	SA20153980_HPBJMGIL_01397	23.256	86	56	4	83	158	242	327	0.90	19.6
SA20153980_HPBJMGIL_01400	SA20153980_HPBJMGIL_01400	100.000	174	0	0	1	174	1	174	6.71e-132	357
SA20153980_HPBJMGIL_01400	SA20153980_HPBJMGIL_01410	26.415	53	29	1	78	130	233	275	0.21	21.9
SA20153980_HPBJMGIL_01400	SA20153980_HPBJMGIL_01413	21.277	47	33	2	66	108	136	182	1.4	19.2
SA20153980_HPBJMGIL_01400	SA20153980_HPBJMGIL_01395	42.105	19	11	0	1	19	132	150	1.7	18.9
SA20153980_HPBJMGIL_01400	SA20153980_HPBJMGIL_01414	25.000	28	21	0	40	67	37	64	2.2	18.5
SA20153980_HPBJMGIL_01400	SA20153980_HPBJMGIL_01398	30.303	33	21	1	11	41	95	127	4.3	17.7
SA20153980_HPBJMGIL_01400	SA20153980_HPBJMGIL_01403	29.091	55	30	2	11	56	255	309	4.7	17.7
SA20153980_HPBJMGIL_01400	SA20153980_HPBJMGIL_01404	37.500	24	15	0	144	167	217	240	4.9	17.7
SA20153980_HPBJMGIL_01400	SA20153980_HPBJMGIL_01411	23.881	67	47	2	13	75	83	149	9.5	16.9
SA20153980_HPBJMGIL_01401	SA20153980_HPBJMGIL_01401	100.000	175	0	0	1	175	1	175	4.54e-135	365
SA20153980_HPBJMGIL_01401	SA20153980_HPBJMGIL_01395	41.667	24	11	1	95	115	25	48	0.81	20.0
SA20153980_HPBJMGIL_01401	SA20153980_HPBJMGIL_01406	24.242	33	24	1	90	122	681	712	2.0	18.9
SA20153980_HPBJMGIL_01401	SA20153980_HPBJMGIL_01413	22.449	49	37	1	100	147	40	88	4.0	17.7
SA20153980_HPBJMGIL_01401	SA20153980_HPBJMGIL_01411	40.000	20	11	1	27	45	633	652	9.5	16.9
SA20153980_HPBJMGIL_01402	SA20153980_HPBJMGIL_01402	100.000	119	0	0	1	119	1	119	8.38e-89	244
SA20153980_HPBJMGIL_01402	SA20153980_HPBJMGIL_01405	38.889	18	11	0	48	65	197	214	1.0	18.9
SA20153980_HPBJMGIL_01402	SA20153980_HPBJMGIL_01397	45.455	11	6	0	81	91	447	457	4.2	17.3
SA20153980_HPBJMGIL_01402	SA20153980_HPBJMGIL_01411	31.111	45	23	2	53	89	909	953	8.8	16.2
SA20153980_HPBJMGIL_01403	SA20153980_HPBJMGIL_01403	100.000	485	0	0	1	485	1	485	0.0	971
SA20153980_HPBJMGIL_01403	SA20153980_HPBJMGIL_01399	31.250	32	22	0	364	395	60	91	0.72	21.6
SA20153980_HPBJMGIL_01403	SA20153980_HPBJMGIL_01413	35.484	31	18	1	111	139	192	222	5.4	19.2
SA20153980_HPBJMGIL_01403	SA20153980_HPBJMGIL_01410	40.000	30	18	0	74	103	446	475	5.9	18.9
SA20153980_HPBJMGIL_01403	SA20153980_HPBJMGIL_01404	35.294	17	11	0	172	188	912	928	8.3	18.5
SA20153980_HPBJMGIL_01404	SA20153980_HPBJMGIL_01404	100.000	1055	0	0	1	1055	1	1055	0.0	2120
SA20153980_HPBJMGIL_01404	SA20153980_HPBJMGIL_01406	48.485	33	17	0	462	494	131	163	0.13	25.8
SA20153980_HPBJMGIL_01404	SA20153980_HPBJMGIL_01413	33.333	24	16	0	803	826	162	185	0.47	23.9
SA20153980_HPBJMGIL_01404	SA20153980_HPBJMGIL_01398	37.931	29	18	0	378	406	75	103	9.9	19.2
SA20153980_HPBJMGIL_01405	SA20153980_HPBJMGIL_01405	100.000	408	0	0	1	408	1	408	0.0	815
SA20153980_HPBJMGIL_01405	SA20153980_HPBJMGIL_01410	37.209	43	19	1	173	215	526	560	0.49	22.3
SA20153980_HPBJMGIL_01405	SA20153980_HPBJMGIL_01397	34.211	38	20	2	261	297	274	307	2.6	20.0
SA20153980_HPBJMGIL_01405	SA20153980_HPBJMGIL_01402	38.889	18	11	0	197	214	48	65	3.6	18.9
SA20153980_HPBJMGIL_01405	SA20153980_HPBJMGIL_01406	31.915	47	24	1	326	372	243	281	9.5	18.1
SA20153980_HPBJMGIL_01406	SA20153980_HPBJMGIL_01406	100.000	762	0	0	1	762	1	762	0.0	1519
SA20153980_HPBJMGIL_01406	SA20153980_HPBJMGIL_01408	30.645	62	43	0	11	72	1	62	1.13e-05	34.7
SA20153980_HPBJMGIL_01406	SA20153980_HPBJMGIL_01404	48.485	33	17	0	131	163	462	494	0.096	25.8
SA20153980_HPBJMGIL_01406	SA20153980_HPBJMGIL_01397	25.843	89	57	4	245	333	396	475	0.22	24.3
SA20153980_HPBJMGIL_01406	SA20153980_HPBJMGIL_01409	45.000	20	11	0	90	109	274	293	0.67	22.7
SA20153980_HPBJMGIL_01406	SA20153980_HPBJMGIL_01413	25.676	74	43	3	224	297	208	269	3.0	20.8
SA20153980_HPBJMGIL_01406	SA20153980_HPBJMGIL_01411	33.333	21	14	0	60	80	516	536	8.6	19.2
SA20153980_HPBJMGIL_01406	SA20153980_HPBJMGIL_01401	24.242	33	24	1	681	712	90	122	8.6	18.9
SA20153980_HPBJMGIL_01407	SA20153980_HPBJMGIL_01407	100.000	154	0	0	1	154	1	154	2.74e-117	319
SA20153980_HPBJMGIL_01407	SA20153980_HPBJMGIL_01406	27.273	88	46	5	40	123	574	647	6.3	16.9
SA20153980_HPBJMGIL_01408	SA20153980_HPBJMGIL_01408	100.000	64	0	0	1	64	1	64	3.08e-46	132
SA20153980_HPBJMGIL_01408	SA20153980_HPBJMGIL_01406	30.645	62	43	0	1	62	11	72	9.49e-07	34.7
SA20153980_HPBJMGIL_01408	SA20153980_HPBJMGIL_01397	31.250	16	11	0	3	18	278	293	0.24	19.2
SA20153980_HPBJMGIL_01409	SA20153980_HPBJMGIL_01409	100.000	417	0	0	1	417	1	417	0.0	838
SA20153980_HPBJMGIL_01409	SA20153980_HPBJMGIL_01406	45.000	20	11	0	274	293	90	109	0.37	22.7
SA20153980_HPBJMGIL_01410	SA20153980_HPBJMGIL_01410	100.000	652	0	0	1	652	1	652	0.0	1353
SA20153980_HPBJMGIL_01410	SA20153980_HPBJMGIL_01400	26.415	53	29	1	233	275	78	130	0.70	21.9
SA20153980_HPBJMGIL_01410	SA20153980_HPBJMGIL_01405	46.667	30	14	1	531	560	188	215	0.79	22.3
SA20153980_HPBJMGIL_01410	SA20153980_HPBJMGIL_01411	57.143	14	6	0	183	196	644	657	6.5	19.2
SA20153980_HPBJMGIL_01410	SA20153980_HPBJMGIL_01403	40.000	30	18	0	446	475	74	103	7.9	18.9
SA20153980_HPBJMGIL_01410	SA20153980_HPBJMGIL_01395	31.818	22	15	0	588	609	2	23	9.6	18.5
SA20153980_HPBJMGIL_01410	SA20153980_HPBJMGIL_01404	42.105	19	11	0	532	550	670	688	9.6	18.9
SA20153980_HPBJMGIL_01411	SA20153980_HPBJMGIL_01411	100.000	990	0	0	1	990	1	990	0.0	2047
SA20153980_HPBJMGIL_01411	SA20153980_HPBJMGIL_01410	57.143	14	6	0	644	657	183	196	9.9	19.2
SA20153980_HPBJMGIL_01412	SA20153980_HPBJMGIL_01412	100.000	33	0	0	1	33	1	33	9.25e-22	68.9
SA20153980_HPBJMGIL_01412	SA20153980_HPBJMGIL_01410	66.667	6	2	0	4	9	493	498	4.1	14.6
SA20153980_HPBJMGIL_01412	SA20153980_HPBJMGIL_01404	54.545	11	5	0	16	26	93	103	6.5	14.2
SA20153980_HPBJMGIL_01413	SA20153980_HPBJMGIL_01413	100.000	467	0	0	1	467	1	467	0.0	947
SA20153980_HPBJMGIL_01413	SA20153980_HPBJMGIL_01404	33.333	24	16	0	162	185	803	826	0.21	23.9
SA20153980_HPBJMGIL_01413	SA20153980_HPBJMGIL_01406	35.714	42	23	2	430	467	48	89	0.66	21.9
SA20153980_HPBJMGIL_01413	SA20153980_HPBJMGIL_01400	21.277	47	33	2	136	182	66	108	4.6	18.9
SA20153980_HPBJMGIL_01413	SA20153980_HPBJMGIL_01403	35.484	31	18	1	192	222	111	139	5.2	19.2
SA20153980_HPBJMGIL_01413	SA20153980_HPBJMGIL_01395	38.095	21	12	1	248	267	104	124	6.1	18.9
SA20153980_HPBJMGIL_01413	SA20153980_HPBJMGIL_01414	37.500	16	10	0	343	358	247	262	6.6	18.9
SA20153980_HPBJMGIL_01414	SA20153980_HPBJMGIL_01414	100.000	336	0	0	1	336	1	336	0.0	667
SA20153980_HPBJMGIL_01414	SA20153980_HPBJMGIL_01413	37.500	16	10	0	247	262	343	358	4.0	18.9
SA20153980_HPBJMGIL_01414	SA20153980_HPBJMGIL_01400	25.000	28	21	0	37	64	40	67	5.1	18.5
SA20153980_HPBJMGIL_01414	SA20153980_HPBJMGIL_01406	36.667	30	17	1	112	139	282	311	6.0	18.5
SA20153980_HPBJMGIL_01414	SA20153980_HPBJMGIL_01405	60.000	10	4	0	113	122	27	36	9.6	17.7
SA20153980_HPBJMGIL_01415	SA20153980_HPBJMGIL_01415	100.000	43	0	0	1	43	1	43	4.48e-27	82.8
SA20153980_HPBJMGIL_01415	SA20153980_HPBJMGIL_01414	29.032	31	16	1	11	35	7	37	2.6	15.4
