SA20160190_KJBEGOPM_01461	SA20160323_HIEPLBCK_03692	100.000	696	0	0	1	696	1	696	0.0	1434
SA20160190_KJBEGOPM_01461	SA20160323_HIEPLBCK_03699	39.130	46	20	2	625	662	603	648	0.16	24.6
SA20160190_KJBEGOPM_01461	SA20160323_HIEPLBCK_03703	38.462	39	17	1	602	633	8	46	0.24	24.3
SA20160190_KJBEGOPM_01461	SA20160323_HIEPLBCK_03704	38.095	21	13	0	421	441	177	197	0.36	23.5
SA20160190_KJBEGOPM_01461	SA20160323_HIEPLBCK_03705	30.000	40	23	1	347	386	643	677	1.9	21.2
SA20160190_KJBEGOPM_01461	SA20160323_HIEPLBCK_03693	40.909	22	13	0	634	655	39	60	7.8	19.2
SA20160190_KJBEGOPM_01462	SA20160323_HIEPLBCK_03693	100.000	334	0	0	1	334	1	334	0.0	690
SA20160190_KJBEGOPM_01462	SA20160323_HIEPLBCK_03692	40.909	22	13	0	39	60	634	655	3.7	19.2
SA20160190_KJBEGOPM_01462	SA20160323_HIEPLBCK_03698	54.545	11	5	0	31	41	267	277	4.8	18.9
SA20160190_KJBEGOPM_01462	SA20160323_HIEPLBCK_03699	57.143	14	6	0	224	237	189	202	6.5	18.5
SA20160190_KJBEGOPM_01462	SA20160323_HIEPLBCK_03706	41.176	17	10	0	131	147	462	478	9.0	18.1
SA20160190_KJBEGOPM_01462	SA20160323_HIEPLBCK_03703	30.303	33	23	0	11	43	166	198	9.8	17.7
SA20160190_KJBEGOPM_01463	SA20160323_HIEPLBCK_03694	100.000	43	0	0	1	43	1	43	4.85e-27	82.8
SA20160190_KJBEGOPM_01463	SA20160323_HIEPLBCK_03695	29.032	31	16	1	11	35	7	37	2.8	15.8
SA20160190_KJBEGOPM_01463	SA20160323_HIEPLBCK_03693	26.087	23	16	1	6	28	156	177	9.2	14.2
SA20160190_KJBEGOPM_01464	SA20160323_HIEPLBCK_03695	100.000	336	0	0	1	336	1	336	0.0	668
SA20160190_KJBEGOPM_01464	SA20160323_HIEPLBCK_03696	37.500	16	10	0	247	262	343	358	4.3	18.9
SA20160190_KJBEGOPM_01464	SA20160323_HIEPLBCK_03709	25.000	28	21	0	37	64	40	67	6.0	18.5
SA20160190_KJBEGOPM_01464	SA20160323_HIEPLBCK_03703	36.667	30	17	1	112	139	282	311	6.5	18.5
SA20160190_KJBEGOPM_01464	SA20160323_HIEPLBCK_03704	60.000	10	4	0	113	122	27	36	7.9	18.1
SA20160190_KJBEGOPM_01465	SA20160323_HIEPLBCK_03696	100.000	467	0	0	1	467	1	467	0.0	947
SA20160190_KJBEGOPM_01465	SA20160323_HIEPLBCK_03705	33.333	24	16	0	162	185	803	826	0.22	23.9
SA20160190_KJBEGOPM_01465	SA20160323_HIEPLBCK_03703	38.095	42	22	2	430	467	48	89	0.47	22.7
SA20160190_KJBEGOPM_01465	SA20160323_HIEPLBCK_03709	21.277	47	33	2	136	182	66	108	4.9	18.9
SA20160190_KJBEGOPM_01465	SA20160323_HIEPLBCK_03706	35.484	31	18	1	192	222	111	139	5.5	19.2
SA20160190_KJBEGOPM_01465	SA20160323_HIEPLBCK_03695	38.889	18	11	0	341	358	245	262	6.7	18.9
SA20160190_KJBEGOPM_01466	SA20160323_HIEPLBCK_03697	100.000	33	0	0	1	33	1	33	9.99e-22	68.9
SA20160190_KJBEGOPM_01466	SA20160323_HIEPLBCK_03699	66.667	6	2	0	4	9	493	498	4.7	14.6
SA20160190_KJBEGOPM_01466	SA20160323_HIEPLBCK_03705	54.545	11	5	0	16	26	93	103	7.1	14.2
SA20160190_KJBEGOPM_01467	SA20160323_HIEPLBCK_03698	100.000	990	0	0	1	990	1	990	0.0	2046
SA20160190_KJBEGOPM_01467	SA20160323_HIEPLBCK_03703	38.095	21	13	0	516	536	60	80	7.6	20.0
SA20160190_KJBEGOPM_01468	SA20160323_HIEPLBCK_03699	100.000	652	0	0	1	652	1	652	0.0	1352
SA20160190_KJBEGOPM_01468	SA20160323_HIEPLBCK_03692	39.130	46	20	2	603	648	625	662	0.15	24.6
SA20160190_KJBEGOPM_01468	SA20160323_HIEPLBCK_03709	26.415	53	29	1	233	275	78	130	0.66	22.3
SA20160190_KJBEGOPM_01468	SA20160323_HIEPLBCK_03704	46.667	30	14	1	531	560	188	215	0.75	22.3
SA20160190_KJBEGOPM_01468	SA20160323_HIEPLBCK_03705	23.684	114	78	4	1	108	796	906	6.1	19.6
SA20160190_KJBEGOPM_01468	SA20160323_HIEPLBCK_03698	57.143	14	6	0	183	196	644	657	6.7	19.6
SA20160190_KJBEGOPM_01468	SA20160323_HIEPLBCK_03706	40.000	30	18	0	446	475	74	103	9.0	18.9
SA20160190_KJBEGOPM_01469	SA20160323_HIEPLBCK_03700	100.000	417	0	0	1	417	1	417	0.0	838
SA20160190_KJBEGOPM_01469	SA20160323_HIEPLBCK_03703	45.000	20	11	0	274	293	90	109	0.41	22.7
SA20160190_KJBEGOPM_01470	SA20160323_HIEPLBCK_03701	100.000	64	0	0	1	64	1	64	3.33e-46	132
SA20160190_KJBEGOPM_01470	SA20160323_HIEPLBCK_03703	30.645	62	43	0	1	62	11	72	1.05e-06	34.3
SA20160190_KJBEGOPM_01470	SA20160323_HIEPLBCK_03712	50.000	10	5	0	5	14	405	414	9.3	15.0
SA20160190_KJBEGOPM_01471	SA20160323_HIEPLBCK_03702	100.000	154	0	0	1	154	1	154	2.96e-117	319
SA20160190_KJBEGOPM_01471	SA20160323_HIEPLBCK_03703	27.273	88	46	5	40	123	574	647	7.3	16.9
SA20160190_KJBEGOPM_01472	SA20160323_HIEPLBCK_03703	100.000	762	0	0	1	762	1	762	0.0	1519
SA20160190_KJBEGOPM_01472	SA20160323_HIEPLBCK_03701	30.645	62	43	0	11	72	1	62	1.25e-05	34.3
SA20160190_KJBEGOPM_01472	SA20160323_HIEPLBCK_03705	45.455	33	18	0	131	163	462	494	0.23	24.6
SA20160190_KJBEGOPM_01472	SA20160323_HIEPLBCK_03692	38.462	39	17	1	8	46	602	633	0.27	24.3
SA20160190_KJBEGOPM_01472	SA20160323_HIEPLBCK_03712	25.843	89	57	4	245	333	396	475	0.41	23.5
SA20160190_KJBEGOPM_01472	SA20160323_HIEPLBCK_03700	45.000	20	11	0	90	109	274	293	0.75	22.7
SA20160190_KJBEGOPM_01472	SA20160323_HIEPLBCK_03696	38.095	42	22	2	48	89	430	467	0.77	22.7
SA20160190_KJBEGOPM_01472	SA20160323_HIEPLBCK_03711	26.667	45	31	2	537	579	99	143	1.2	21.9
SA20160190_KJBEGOPM_01472	SA20160323_HIEPLBCK_03698	38.095	21	13	0	60	80	516	536	5.8	20.0
SA20160190_KJBEGOPM_01473	SA20160323_HIEPLBCK_03704	100.000	408	0	0	1	408	1	408	0.0	815
SA20160190_KJBEGOPM_01473	SA20160323_HIEPLBCK_03692	38.095	21	13	0	177	197	421	441	0.16	23.9
SA20160190_KJBEGOPM_01473	SA20160323_HIEPLBCK_03699	37.209	43	19	1	173	215	526	560	0.50	22.3
SA20160190_KJBEGOPM_01473	SA20160323_HIEPLBCK_03712	34.211	38	20	2	261	297	274	307	2.0	20.4
SA20160190_KJBEGOPM_01473	SA20160323_HIEPLBCK_03707	38.889	18	11	0	197	214	48	65	3.6	19.2
SA20160190_KJBEGOPM_01473	SA20160323_HIEPLBCK_03703	31.915	47	24	1	326	372	243	281	9.5	18.1
SA20160190_KJBEGOPM_01473	SA20160323_HIEPLBCK_03695	60.000	10	4	0	27	36	113	122	9.9	18.1
SA20160190_KJBEGOPM_01474	SA20160323_HIEPLBCK_03705	100.000	1055	0	0	1	1055	1	1055	0.0	2120
SA20160190_KJBEGOPM_01474	SA20160323_HIEPLBCK_03703	45.455	33	18	0	462	494	131	163	0.30	24.6
SA20160190_KJBEGOPM_01474	SA20160323_HIEPLBCK_03696	33.333	24	16	0	803	826	162	185	0.50	23.9
SA20160190_KJBEGOPM_01474	SA20160323_HIEPLBCK_03692	30.000	40	23	1	643	677	347	386	2.9	21.2
SA20160190_KJBEGOPM_01474	SA20160323_HIEPLBCK_03699	23.684	114	78	4	796	906	1	108	9.7	19.6
SA20160190_KJBEGOPM_01475	SA20160323_HIEPLBCK_03706	100.000	485	0	0	1	485	1	485	0.0	972
SA20160190_KJBEGOPM_01475	SA20160323_HIEPLBCK_03710	31.250	32	22	0	364	395	60	91	0.76	21.6
SA20160190_KJBEGOPM_01475	SA20160323_HIEPLBCK_03696	35.484	31	18	1	111	139	192	222	5.7	19.2
SA20160190_KJBEGOPM_01475	SA20160323_HIEPLBCK_03699	40.000	30	18	0	74	103	446	475	6.7	18.9
SA20160190_KJBEGOPM_01475	SA20160323_HIEPLBCK_03705	35.294	17	11	0	172	188	912	928	8.8	18.5
SA20160190_KJBEGOPM_01476	SA20160323_HIEPLBCK_03707	100.000	119	0	0	1	119	1	119	9.06e-89	244
SA20160190_KJBEGOPM_01476	SA20160323_HIEPLBCK_03704	38.889	18	11	0	48	65	197	214	1.0	18.9
SA20160190_KJBEGOPM_01476	SA20160323_HIEPLBCK_03712	45.455	11	6	0	81	91	447	457	4.6	17.3
SA20160190_KJBEGOPM_01476	SA20160323_HIEPLBCK_03698	31.111	45	23	2	53	89	909	953	9.5	16.2
SA20160190_KJBEGOPM_01477	SA20160323_HIEPLBCK_03708	100.000	175	0	0	1	175	1	175	1.42e-134	364
SA20160190_KJBEGOPM_01477	SA20160323_HIEPLBCK_03703	24.242	33	24	1	90	122	681	712	2.8	18.5
SA20160190_KJBEGOPM_01477	SA20160323_HIEPLBCK_03698	21.739	23	18	0	111	133	63	85	6.3	17.3
SA20160190_KJBEGOPM_01477	SA20160323_HIEPLBCK_03695	38.889	18	11	0	91	108	44	61	8.3	16.9
SA20160190_KJBEGOPM_01478	SA20160323_HIEPLBCK_03709	100.000	174	0	0	1	174	1	174	5.76e-132	358
SA20160190_KJBEGOPM_01478	SA20160323_HIEPLBCK_03699	26.415	53	29	1	78	130	233	275	0.21	21.9
SA20160190_KJBEGOPM_01478	SA20160323_HIEPLBCK_03696	21.277	47	33	2	66	108	136	182	1.6	19.2
SA20160190_KJBEGOPM_01478	SA20160323_HIEPLBCK_03695	25.000	28	21	0	40	67	37	64	2.6	18.5
SA20160190_KJBEGOPM_01478	SA20160323_HIEPLBCK_03706	29.091	55	30	2	11	56	255	309	4.5	17.7
SA20160190_KJBEGOPM_01478	SA20160323_HIEPLBCK_03705	37.500	24	15	0	144	167	217	240	5.3	17.7
SA20160190_KJBEGOPM_01479	SA20160323_HIEPLBCK_03710	100.000	162	0	0	1	162	1	162	7.04e-124	336
SA20160190_KJBEGOPM_01479	SA20160323_HIEPLBCK_03706	31.250	32	22	0	60	91	364	395	0.25	21.6
SA20160190_KJBEGOPM_01479	SA20160323_HIEPLBCK_03712	23.256	86	56	4	83	158	242	327	1.9	18.9
SA20160190_KJBEGOPM_01479	SA20160323_HIEPLBCK_03711	50.000	18	9	0	101	118	116	133	4.9	17.3
SA20160190_KJBEGOPM_01479	SA20160323_HIEPLBCK_03692	35.714	14	9	0	101	114	81	94	9.6	16.5
SA20160190_KJBEGOPM_01480	SA20160323_HIEPLBCK_03711	100.000	247	0	0	1	247	1	247	0.0	514
SA20160190_KJBEGOPM_01480	SA20160323_HIEPLBCK_03703	26.667	45	31	2	99	143	537	579	0.38	21.9
SA20160190_KJBEGOPM_01480	SA20160323_HIEPLBCK_03712	26.471	34	25	0	6	39	351	384	2.1	19.6
SA20160190_KJBEGOPM_01480	SA20160323_HIEPLBCK_03705	37.037	27	17	0	75	101	378	404	7.8	17.7
SA20160190_KJBEGOPM_01480	SA20160323_HIEPLBCK_03710	50.000	18	9	0	116	133	101	118	8.0	17.3
SA20160190_KJBEGOPM_01481	SA20160323_HIEPLBCK_03712	100.000	524	0	0	1	524	1	524	0.0	1076
SA20160190_KJBEGOPM_01481	SA20160323_HIEPLBCK_03703	25.843	89	57	4	396	475	245	333	0.27	23.5
SA20160190_KJBEGOPM_01481	SA20160323_HIEPLBCK_03704	34.211	38	20	2	274	307	261	297	1.9	20.8
SA20160190_KJBEGOPM_01481	SA20160323_HIEPLBCK_03711	26.471	34	25	0	351	384	6	39	4.5	19.6
SA20160190_KJBEGOPM_01481	SA20160323_HIEPLBCK_03710	23.256	86	56	4	242	327	83	158	6.3	18.9
SA20160323_HIEPLBCK_03692	SA20160323_HIEPLBCK_03692	100.000	696	0	0	1	696	1	696	0.0	1434
SA20160323_HIEPLBCK_03692	SA20160323_HIEPLBCK_03699	39.130	46	20	2	625	662	603	648	0.16	24.6
SA20160323_HIEPLBCK_03692	SA20160323_HIEPLBCK_03703	38.462	39	17	1	602	633	8	46	0.24	24.3
SA20160323_HIEPLBCK_03692	SA20160323_HIEPLBCK_03704	38.095	21	13	0	421	441	177	197	0.36	23.5
SA20160323_HIEPLBCK_03692	SA20160323_HIEPLBCK_03705	30.000	40	23	1	347	386	643	677	1.9	21.2
SA20160323_HIEPLBCK_03692	SA20160323_HIEPLBCK_03693	40.909	22	13	0	634	655	39	60	7.8	19.2
SA20160323_HIEPLBCK_03693	SA20160323_HIEPLBCK_03693	100.000	334	0	0	1	334	1	334	0.0	690
SA20160323_HIEPLBCK_03693	SA20160323_HIEPLBCK_03692	40.909	22	13	0	39	60	634	655	3.7	19.2
SA20160323_HIEPLBCK_03693	SA20160323_HIEPLBCK_03698	54.545	11	5	0	31	41	267	277	4.8	18.9
SA20160323_HIEPLBCK_03693	SA20160323_HIEPLBCK_03699	57.143	14	6	0	224	237	189	202	6.5	18.5
SA20160323_HIEPLBCK_03693	SA20160323_HIEPLBCK_03706	41.176	17	10	0	131	147	462	478	9.0	18.1
SA20160323_HIEPLBCK_03693	SA20160323_HIEPLBCK_03703	30.303	33	23	0	11	43	166	198	9.8	17.7
SA20160323_HIEPLBCK_03694	SA20160323_HIEPLBCK_03694	100.000	43	0	0	1	43	1	43	4.85e-27	82.8
SA20160323_HIEPLBCK_03694	SA20160323_HIEPLBCK_03695	29.032	31	16	1	11	35	7	37	2.8	15.8
SA20160323_HIEPLBCK_03694	SA20160323_HIEPLBCK_03693	26.087	23	16	1	6	28	156	177	9.2	14.2
SA20160323_HIEPLBCK_03695	SA20160323_HIEPLBCK_03695	100.000	336	0	0	1	336	1	336	0.0	668
SA20160323_HIEPLBCK_03695	SA20160323_HIEPLBCK_03696	37.500	16	10	0	247	262	343	358	4.3	18.9
SA20160323_HIEPLBCK_03695	SA20160323_HIEPLBCK_03709	25.000	28	21	0	37	64	40	67	6.0	18.5
SA20160323_HIEPLBCK_03695	SA20160323_HIEPLBCK_03703	36.667	30	17	1	112	139	282	311	6.5	18.5
SA20160323_HIEPLBCK_03695	SA20160323_HIEPLBCK_03704	60.000	10	4	0	113	122	27	36	7.9	18.1
SA20160323_HIEPLBCK_03696	SA20160323_HIEPLBCK_03696	100.000	467	0	0	1	467	1	467	0.0	947
SA20160323_HIEPLBCK_03696	SA20160323_HIEPLBCK_03705	33.333	24	16	0	162	185	803	826	0.22	23.9
SA20160323_HIEPLBCK_03696	SA20160323_HIEPLBCK_03703	38.095	42	22	2	430	467	48	89	0.47	22.7
SA20160323_HIEPLBCK_03696	SA20160323_HIEPLBCK_03709	21.277	47	33	2	136	182	66	108	4.9	18.9
SA20160323_HIEPLBCK_03696	SA20160323_HIEPLBCK_03706	35.484	31	18	1	192	222	111	139	5.5	19.2
SA20160323_HIEPLBCK_03696	SA20160323_HIEPLBCK_03695	38.889	18	11	0	341	358	245	262	6.7	18.9
SA20160323_HIEPLBCK_03697	SA20160323_HIEPLBCK_03697	100.000	33	0	0	1	33	1	33	9.99e-22	68.9
SA20160323_HIEPLBCK_03697	SA20160323_HIEPLBCK_03699	66.667	6	2	0	4	9	493	498	4.7	14.6
SA20160323_HIEPLBCK_03697	SA20160323_HIEPLBCK_03705	54.545	11	5	0	16	26	93	103	7.1	14.2
SA20160323_HIEPLBCK_03698	SA20160323_HIEPLBCK_03698	100.000	990	0	0	1	990	1	990	0.0	2046
SA20160323_HIEPLBCK_03698	SA20160323_HIEPLBCK_03703	38.095	21	13	0	516	536	60	80	7.6	20.0
SA20160323_HIEPLBCK_03699	SA20160323_HIEPLBCK_03699	100.000	652	0	0	1	652	1	652	0.0	1352
SA20160323_HIEPLBCK_03699	SA20160323_HIEPLBCK_03692	39.130	46	20	2	603	648	625	662	0.15	24.6
SA20160323_HIEPLBCK_03699	SA20160323_HIEPLBCK_03709	26.415	53	29	1	233	275	78	130	0.66	22.3
SA20160323_HIEPLBCK_03699	SA20160323_HIEPLBCK_03704	46.667	30	14	1	531	560	188	215	0.75	22.3
SA20160323_HIEPLBCK_03699	SA20160323_HIEPLBCK_03705	23.684	114	78	4	1	108	796	906	6.1	19.6
SA20160323_HIEPLBCK_03699	SA20160323_HIEPLBCK_03698	57.143	14	6	0	183	196	644	657	6.7	19.6
SA20160323_HIEPLBCK_03699	SA20160323_HIEPLBCK_03706	40.000	30	18	0	446	475	74	103	9.0	18.9
SA20160323_HIEPLBCK_03700	SA20160323_HIEPLBCK_03700	100.000	417	0	0	1	417	1	417	0.0	838
SA20160323_HIEPLBCK_03700	SA20160323_HIEPLBCK_03703	45.000	20	11	0	274	293	90	109	0.41	22.7
SA20160323_HIEPLBCK_03701	SA20160323_HIEPLBCK_03701	100.000	64	0	0	1	64	1	64	3.33e-46	132
SA20160323_HIEPLBCK_03701	SA20160323_HIEPLBCK_03703	30.645	62	43	0	1	62	11	72	1.05e-06	34.3
SA20160323_HIEPLBCK_03701	SA20160323_HIEPLBCK_03712	50.000	10	5	0	5	14	405	414	9.3	15.0
SA20160323_HIEPLBCK_03702	SA20160323_HIEPLBCK_03702	100.000	154	0	0	1	154	1	154	2.96e-117	319
SA20160323_HIEPLBCK_03702	SA20160323_HIEPLBCK_03703	27.273	88	46	5	40	123	574	647	7.3	16.9
SA20160323_HIEPLBCK_03703	SA20160323_HIEPLBCK_03703	100.000	762	0	0	1	762	1	762	0.0	1519
SA20160323_HIEPLBCK_03703	SA20160323_HIEPLBCK_03701	30.645	62	43	0	11	72	1	62	1.25e-05	34.3
SA20160323_HIEPLBCK_03703	SA20160323_HIEPLBCK_03705	45.455	33	18	0	131	163	462	494	0.23	24.6
SA20160323_HIEPLBCK_03703	SA20160323_HIEPLBCK_03692	38.462	39	17	1	8	46	602	633	0.27	24.3
SA20160323_HIEPLBCK_03703	SA20160323_HIEPLBCK_03712	25.843	89	57	4	245	333	396	475	0.41	23.5
SA20160323_HIEPLBCK_03703	SA20160323_HIEPLBCK_03700	45.000	20	11	0	90	109	274	293	0.75	22.7
SA20160323_HIEPLBCK_03703	SA20160323_HIEPLBCK_03711	26.667	45	31	2	537	579	99	143	1.2	21.9
SA20160323_HIEPLBCK_03703	SA20160323_HIEPLBCK_03696	25.676	74	43	3	224	297	208	269	3.5	20.4
SA20160323_HIEPLBCK_03703	SA20160323_HIEPLBCK_03698	38.095	21	13	0	60	80	516	536	5.8	20.0
SA20160323_HIEPLBCK_03704	SA20160323_HIEPLBCK_03704	100.000	408	0	0	1	408	1	408	0.0	815
SA20160323_HIEPLBCK_03704	SA20160323_HIEPLBCK_03692	38.095	21	13	0	177	197	421	441	0.16	23.9
SA20160323_HIEPLBCK_03704	SA20160323_HIEPLBCK_03699	37.209	43	19	1	173	215	526	560	0.50	22.3
SA20160323_HIEPLBCK_03704	SA20160323_HIEPLBCK_03712	34.211	38	20	2	261	297	274	307	2.0	20.4
SA20160323_HIEPLBCK_03704	SA20160323_HIEPLBCK_03707	38.889	18	11	0	197	214	48	65	3.6	19.2
SA20160323_HIEPLBCK_03704	SA20160323_HIEPLBCK_03703	31.915	47	24	1	326	372	243	281	9.5	18.1
SA20160323_HIEPLBCK_03704	SA20160323_HIEPLBCK_03695	60.000	10	4	0	27	36	113	122	9.9	18.1
SA20160323_HIEPLBCK_03705	SA20160323_HIEPLBCK_03705	100.000	1055	0	0	1	1055	1	1055	0.0	2120
SA20160323_HIEPLBCK_03705	SA20160323_HIEPLBCK_03703	45.455	33	18	0	462	494	131	163	0.30	24.6
SA20160323_HIEPLBCK_03705	SA20160323_HIEPLBCK_03696	33.333	24	16	0	803	826	162	185	0.50	23.9
SA20160323_HIEPLBCK_03705	SA20160323_HIEPLBCK_03692	30.000	40	23	1	643	677	347	386	2.9	21.2
SA20160323_HIEPLBCK_03705	SA20160323_HIEPLBCK_03699	23.684	114	78	4	796	906	1	108	9.7	19.6
SA20160323_HIEPLBCK_03706	SA20160323_HIEPLBCK_03706	100.000	485	0	0	1	485	1	485	0.0	972
SA20160323_HIEPLBCK_03706	SA20160323_HIEPLBCK_03710	31.250	32	22	0	364	395	60	91	0.76	21.6
SA20160323_HIEPLBCK_03706	SA20160323_HIEPLBCK_03696	35.484	31	18	1	111	139	192	222	5.7	19.2
SA20160323_HIEPLBCK_03706	SA20160323_HIEPLBCK_03699	40.000	30	18	0	74	103	446	475	6.7	18.9
SA20160323_HIEPLBCK_03706	SA20160323_HIEPLBCK_03705	35.294	17	11	0	172	188	912	928	8.8	18.5
SA20160323_HIEPLBCK_03707	SA20160323_HIEPLBCK_03707	100.000	119	0	0	1	119	1	119	9.06e-89	244
SA20160323_HIEPLBCK_03707	SA20160323_HIEPLBCK_03704	38.889	18	11	0	48	65	197	214	1.0	18.9
SA20160323_HIEPLBCK_03707	SA20160323_HIEPLBCK_03712	45.455	11	6	0	81	91	447	457	4.6	17.3
SA20160323_HIEPLBCK_03707	SA20160323_HIEPLBCK_03698	31.111	45	23	2	53	89	909	953	9.5	16.2
SA20160323_HIEPLBCK_03708	SA20160323_HIEPLBCK_03708	100.000	175	0	0	1	175	1	175	1.42e-134	364
SA20160323_HIEPLBCK_03708	SA20160323_HIEPLBCK_03703	24.242	33	24	1	90	122	681	712	2.8	18.5
SA20160323_HIEPLBCK_03708	SA20160323_HIEPLBCK_03698	21.739	23	18	0	111	133	63	85	6.3	17.3
SA20160323_HIEPLBCK_03708	SA20160323_HIEPLBCK_03695	38.889	18	11	0	91	108	44	61	8.3	16.9
SA20160323_HIEPLBCK_03709	SA20160323_HIEPLBCK_03709	100.000	174	0	0	1	174	1	174	5.76e-132	358
SA20160323_HIEPLBCK_03709	SA20160323_HIEPLBCK_03699	26.415	53	29	1	78	130	233	275	0.21	21.9
SA20160323_HIEPLBCK_03709	SA20160323_HIEPLBCK_03696	21.277	47	33	2	66	108	136	182	1.6	19.2
SA20160323_HIEPLBCK_03709	SA20160323_HIEPLBCK_03695	25.000	28	21	0	40	67	37	64	2.6	18.5
SA20160323_HIEPLBCK_03709	SA20160323_HIEPLBCK_03706	29.091	55	30	2	11	56	255	309	4.5	17.7
SA20160323_HIEPLBCK_03709	SA20160323_HIEPLBCK_03705	37.500	24	15	0	144	167	217	240	5.3	17.7
SA20160323_HIEPLBCK_03710	SA20160323_HIEPLBCK_03710	100.000	162	0	0	1	162	1	162	7.04e-124	336
SA20160323_HIEPLBCK_03710	SA20160323_HIEPLBCK_03706	31.250	32	22	0	60	91	364	395	0.25	21.6
SA20160323_HIEPLBCK_03710	SA20160323_HIEPLBCK_03712	23.256	86	56	4	83	158	242	327	1.9	18.9
SA20160323_HIEPLBCK_03710	SA20160323_HIEPLBCK_03711	50.000	18	9	0	101	118	116	133	4.9	17.3
SA20160323_HIEPLBCK_03710	SA20160323_HIEPLBCK_03692	35.714	14	9	0	101	114	81	94	9.6	16.5
SA20160323_HIEPLBCK_03711	SA20160323_HIEPLBCK_03711	100.000	247	0	0	1	247	1	247	0.0	514
SA20160323_HIEPLBCK_03711	SA20160323_HIEPLBCK_03703	26.667	45	31	2	99	143	537	579	0.38	21.9
SA20160323_HIEPLBCK_03711	SA20160323_HIEPLBCK_03712	26.471	34	25	0	6	39	351	384	2.1	19.6
SA20160323_HIEPLBCK_03711	SA20160323_HIEPLBCK_03705	37.037	27	17	0	75	101	378	404	7.8	17.7
SA20160323_HIEPLBCK_03711	SA20160323_HIEPLBCK_03710	50.000	18	9	0	116	133	101	118	8.0	17.3
SA20160323_HIEPLBCK_03712	SA20160323_HIEPLBCK_03712	100.000	524	0	0	1	524	1	524	0.0	1076
SA20160323_HIEPLBCK_03712	SA20160323_HIEPLBCK_03703	25.843	89	57	4	396	475	245	333	0.27	23.5
SA20160323_HIEPLBCK_03712	SA20160323_HIEPLBCK_03704	34.211	38	20	2	274	307	261	297	1.9	20.8
SA20160323_HIEPLBCK_03712	SA20160323_HIEPLBCK_03711	26.471	34	25	0	351	384	6	39	4.5	19.6
SA20160323_HIEPLBCK_03712	SA20160323_HIEPLBCK_03710	23.256	86	56	4	242	327	83	158	6.3	18.9
SA20160190_KJBEGOPM_01461	SA20160190_KJBEGOPM_01461	100.000	696	0	0	1	696	1	696	0.0	1434
SA20160190_KJBEGOPM_01461	SA20160190_KJBEGOPM_01468	39.130	46	20	2	625	662	603	648	0.16	24.6
SA20160190_KJBEGOPM_01461	SA20160190_KJBEGOPM_01472	38.462	39	17	1	602	633	8	46	0.24	24.3
SA20160190_KJBEGOPM_01461	SA20160190_KJBEGOPM_01473	38.095	21	13	0	421	441	177	197	0.36	23.5
SA20160190_KJBEGOPM_01461	SA20160190_KJBEGOPM_01474	30.000	40	23	1	347	386	643	677	1.9	21.2
SA20160190_KJBEGOPM_01461	SA20160190_KJBEGOPM_01462	40.909	22	13	0	634	655	39	60	7.8	19.2
SA20160190_KJBEGOPM_01462	SA20160190_KJBEGOPM_01462	100.000	334	0	0	1	334	1	334	0.0	690
SA20160190_KJBEGOPM_01462	SA20160190_KJBEGOPM_01461	40.909	22	13	0	39	60	634	655	3.7	19.2
SA20160190_KJBEGOPM_01462	SA20160190_KJBEGOPM_01467	54.545	11	5	0	31	41	267	277	4.8	18.9
SA20160190_KJBEGOPM_01462	SA20160190_KJBEGOPM_01468	57.143	14	6	0	224	237	189	202	6.5	18.5
SA20160190_KJBEGOPM_01462	SA20160190_KJBEGOPM_01475	41.176	17	10	0	131	147	462	478	9.0	18.1
SA20160190_KJBEGOPM_01462	SA20160190_KJBEGOPM_01472	30.303	33	23	0	11	43	166	198	9.8	17.7
SA20160190_KJBEGOPM_01463	SA20160190_KJBEGOPM_01463	100.000	43	0	0	1	43	1	43	4.85e-27	82.8
SA20160190_KJBEGOPM_01463	SA20160190_KJBEGOPM_01464	29.032	31	16	1	11	35	7	37	2.8	15.8
SA20160190_KJBEGOPM_01463	SA20160190_KJBEGOPM_01462	26.087	23	16	1	6	28	156	177	9.2	14.2
SA20160190_KJBEGOPM_01464	SA20160190_KJBEGOPM_01464	100.000	336	0	0	1	336	1	336	0.0	668
SA20160190_KJBEGOPM_01464	SA20160190_KJBEGOPM_01465	37.500	16	10	0	247	262	343	358	4.3	18.9
SA20160190_KJBEGOPM_01464	SA20160190_KJBEGOPM_01478	25.000	28	21	0	37	64	40	67	6.0	18.5
SA20160190_KJBEGOPM_01464	SA20160190_KJBEGOPM_01472	36.667	30	17	1	112	139	282	311	6.5	18.5
SA20160190_KJBEGOPM_01464	SA20160190_KJBEGOPM_01473	60.000	10	4	0	113	122	27	36	7.9	18.1
SA20160190_KJBEGOPM_01465	SA20160190_KJBEGOPM_01465	100.000	467	0	0	1	467	1	467	0.0	947
SA20160190_KJBEGOPM_01465	SA20160190_KJBEGOPM_01474	33.333	24	16	0	162	185	803	826	0.22	23.9
SA20160190_KJBEGOPM_01465	SA20160190_KJBEGOPM_01472	38.095	42	22	2	430	467	48	89	0.47	22.7
SA20160190_KJBEGOPM_01465	SA20160190_KJBEGOPM_01478	21.277	47	33	2	136	182	66	108	4.9	18.9
SA20160190_KJBEGOPM_01465	SA20160190_KJBEGOPM_01475	35.484	31	18	1	192	222	111	139	5.5	19.2
SA20160190_KJBEGOPM_01465	SA20160190_KJBEGOPM_01464	38.889	18	11	0	341	358	245	262	6.7	18.9
SA20160190_KJBEGOPM_01466	SA20160190_KJBEGOPM_01466	100.000	33	0	0	1	33	1	33	9.99e-22	68.9
SA20160190_KJBEGOPM_01466	SA20160190_KJBEGOPM_01468	66.667	6	2	0	4	9	493	498	4.7	14.6
SA20160190_KJBEGOPM_01466	SA20160190_KJBEGOPM_01474	54.545	11	5	0	16	26	93	103	7.1	14.2
SA20160190_KJBEGOPM_01467	SA20160190_KJBEGOPM_01467	100.000	990	0	0	1	990	1	990	0.0	2046
SA20160190_KJBEGOPM_01467	SA20160190_KJBEGOPM_01472	38.095	21	13	0	516	536	60	80	7.6	20.0
SA20160190_KJBEGOPM_01468	SA20160190_KJBEGOPM_01468	100.000	652	0	0	1	652	1	652	0.0	1352
SA20160190_KJBEGOPM_01468	SA20160190_KJBEGOPM_01461	39.130	46	20	2	603	648	625	662	0.15	24.6
SA20160190_KJBEGOPM_01468	SA20160190_KJBEGOPM_01478	26.415	53	29	1	233	275	78	130	0.66	22.3
SA20160190_KJBEGOPM_01468	SA20160190_KJBEGOPM_01473	46.667	30	14	1	531	560	188	215	0.75	22.3
SA20160190_KJBEGOPM_01468	SA20160190_KJBEGOPM_01474	23.684	114	78	4	1	108	796	906	6.1	19.6
SA20160190_KJBEGOPM_01468	SA20160190_KJBEGOPM_01467	57.143	14	6	0	183	196	644	657	6.7	19.6
SA20160190_KJBEGOPM_01468	SA20160190_KJBEGOPM_01475	40.000	30	18	0	446	475	74	103	9.0	18.9
SA20160190_KJBEGOPM_01469	SA20160190_KJBEGOPM_01469	100.000	417	0	0	1	417	1	417	0.0	838
SA20160190_KJBEGOPM_01469	SA20160190_KJBEGOPM_01472	45.000	20	11	0	274	293	90	109	0.41	22.7
SA20160190_KJBEGOPM_01470	SA20160190_KJBEGOPM_01470	100.000	64	0	0	1	64	1	64	3.33e-46	132
SA20160190_KJBEGOPM_01470	SA20160190_KJBEGOPM_01472	30.645	62	43	0	1	62	11	72	1.05e-06	34.3
SA20160190_KJBEGOPM_01470	SA20160190_KJBEGOPM_01481	50.000	10	5	0	5	14	405	414	9.3	15.0
SA20160190_KJBEGOPM_01471	SA20160190_KJBEGOPM_01471	100.000	154	0	0	1	154	1	154	2.96e-117	319
SA20160190_KJBEGOPM_01471	SA20160190_KJBEGOPM_01472	27.273	88	46	5	40	123	574	647	7.3	16.9
SA20160190_KJBEGOPM_01472	SA20160190_KJBEGOPM_01472	100.000	762	0	0	1	762	1	762	0.0	1519
SA20160190_KJBEGOPM_01472	SA20160190_KJBEGOPM_01470	30.645	62	43	0	11	72	1	62	1.25e-05	34.3
SA20160190_KJBEGOPM_01472	SA20160190_KJBEGOPM_01474	45.455	33	18	0	131	163	462	494	0.23	24.6
SA20160190_KJBEGOPM_01472	SA20160190_KJBEGOPM_01461	38.462	39	17	1	8	46	602	633	0.27	24.3
SA20160190_KJBEGOPM_01472	SA20160190_KJBEGOPM_01481	25.843	89	57	4	245	333	396	475	0.41	23.5
SA20160190_KJBEGOPM_01472	SA20160190_KJBEGOPM_01469	45.000	20	11	0	90	109	274	293	0.75	22.7
SA20160190_KJBEGOPM_01472	SA20160190_KJBEGOPM_01480	26.667	45	31	2	537	579	99	143	1.2	21.9
SA20160190_KJBEGOPM_01472	SA20160190_KJBEGOPM_01465	25.676	74	43	3	224	297	208	269	3.5	20.4
SA20160190_KJBEGOPM_01472	SA20160190_KJBEGOPM_01467	38.095	21	13	0	60	80	516	536	5.8	20.0
SA20160190_KJBEGOPM_01473	SA20160190_KJBEGOPM_01473	100.000	408	0	0	1	408	1	408	0.0	815
SA20160190_KJBEGOPM_01473	SA20160190_KJBEGOPM_01461	38.095	21	13	0	177	197	421	441	0.16	23.9
SA20160190_KJBEGOPM_01473	SA20160190_KJBEGOPM_01468	37.209	43	19	1	173	215	526	560	0.50	22.3
SA20160190_KJBEGOPM_01473	SA20160190_KJBEGOPM_01481	34.211	38	20	2	261	297	274	307	2.0	20.4
SA20160190_KJBEGOPM_01473	SA20160190_KJBEGOPM_01476	38.889	18	11	0	197	214	48	65	3.6	19.2
SA20160190_KJBEGOPM_01473	SA20160190_KJBEGOPM_01472	31.915	47	24	1	326	372	243	281	9.5	18.1
SA20160190_KJBEGOPM_01473	SA20160190_KJBEGOPM_01464	60.000	10	4	0	27	36	113	122	9.9	18.1
SA20160190_KJBEGOPM_01474	SA20160190_KJBEGOPM_01474	100.000	1055	0	0	1	1055	1	1055	0.0	2120
SA20160190_KJBEGOPM_01474	SA20160190_KJBEGOPM_01472	45.455	33	18	0	462	494	131	163	0.30	24.6
SA20160190_KJBEGOPM_01474	SA20160190_KJBEGOPM_01465	33.333	24	16	0	803	826	162	185	0.50	23.9
SA20160190_KJBEGOPM_01474	SA20160190_KJBEGOPM_01461	30.000	40	23	1	643	677	347	386	2.9	21.2
SA20160190_KJBEGOPM_01474	SA20160190_KJBEGOPM_01468	23.684	114	78	4	796	906	1	108	9.7	19.6
SA20160190_KJBEGOPM_01475	SA20160190_KJBEGOPM_01475	100.000	485	0	0	1	485	1	485	0.0	972
SA20160190_KJBEGOPM_01475	SA20160190_KJBEGOPM_01479	31.250	32	22	0	364	395	60	91	0.76	21.6
SA20160190_KJBEGOPM_01475	SA20160190_KJBEGOPM_01465	35.484	31	18	1	111	139	192	222	5.7	19.2
SA20160190_KJBEGOPM_01475	SA20160190_KJBEGOPM_01468	40.000	30	18	0	74	103	446	475	6.7	18.9
SA20160190_KJBEGOPM_01475	SA20160190_KJBEGOPM_01474	35.294	17	11	0	172	188	912	928	8.8	18.5
SA20160190_KJBEGOPM_01476	SA20160190_KJBEGOPM_01476	100.000	119	0	0	1	119	1	119	9.06e-89	244
SA20160190_KJBEGOPM_01476	SA20160190_KJBEGOPM_01473	38.889	18	11	0	48	65	197	214	1.0	18.9
SA20160190_KJBEGOPM_01476	SA20160190_KJBEGOPM_01481	45.455	11	6	0	81	91	447	457	4.6	17.3
SA20160190_KJBEGOPM_01476	SA20160190_KJBEGOPM_01467	31.111	45	23	2	53	89	909	953	9.5	16.2
SA20160190_KJBEGOPM_01477	SA20160190_KJBEGOPM_01477	100.000	175	0	0	1	175	1	175	1.42e-134	364
SA20160190_KJBEGOPM_01477	SA20160190_KJBEGOPM_01472	24.242	33	24	1	90	122	681	712	2.8	18.5
SA20160190_KJBEGOPM_01477	SA20160190_KJBEGOPM_01467	21.739	23	18	0	111	133	63	85	6.3	17.3
SA20160190_KJBEGOPM_01477	SA20160190_KJBEGOPM_01464	38.889	18	11	0	91	108	44	61	8.3	16.9
SA20160190_KJBEGOPM_01478	SA20160190_KJBEGOPM_01478	100.000	174	0	0	1	174	1	174	5.76e-132	358
SA20160190_KJBEGOPM_01478	SA20160190_KJBEGOPM_01468	26.415	53	29	1	78	130	233	275	0.21	21.9
SA20160190_KJBEGOPM_01478	SA20160190_KJBEGOPM_01465	21.277	47	33	2	66	108	136	182	1.6	19.2
SA20160190_KJBEGOPM_01478	SA20160190_KJBEGOPM_01464	25.000	28	21	0	40	67	37	64	2.6	18.5
SA20160190_KJBEGOPM_01478	SA20160190_KJBEGOPM_01475	29.091	55	30	2	11	56	255	309	4.5	17.7
SA20160190_KJBEGOPM_01478	SA20160190_KJBEGOPM_01474	37.500	24	15	0	144	167	217	240	5.3	17.7
SA20160190_KJBEGOPM_01479	SA20160190_KJBEGOPM_01479	100.000	162	0	0	1	162	1	162	7.04e-124	336
SA20160190_KJBEGOPM_01479	SA20160190_KJBEGOPM_01475	31.250	32	22	0	60	91	364	395	0.25	21.6
SA20160190_KJBEGOPM_01479	SA20160190_KJBEGOPM_01481	23.256	86	56	4	83	158	242	327	1.9	18.9
SA20160190_KJBEGOPM_01479	SA20160190_KJBEGOPM_01480	50.000	18	9	0	101	118	116	133	4.9	17.3
SA20160190_KJBEGOPM_01479	SA20160190_KJBEGOPM_01461	35.714	14	9	0	101	114	81	94	9.6	16.5
SA20160190_KJBEGOPM_01480	SA20160190_KJBEGOPM_01480	100.000	247	0	0	1	247	1	247	0.0	514
SA20160190_KJBEGOPM_01480	SA20160190_KJBEGOPM_01472	26.667	45	31	2	99	143	537	579	0.38	21.9
SA20160190_KJBEGOPM_01480	SA20160190_KJBEGOPM_01481	26.471	34	25	0	6	39	351	384	2.1	19.6
SA20160190_KJBEGOPM_01480	SA20160190_KJBEGOPM_01474	37.037	27	17	0	75	101	378	404	7.8	17.7
SA20160190_KJBEGOPM_01480	SA20160190_KJBEGOPM_01479	50.000	18	9	0	116	133	101	118	8.0	17.3
SA20160190_KJBEGOPM_01481	SA20160190_KJBEGOPM_01481	100.000	524	0	0	1	524	1	524	0.0	1076
SA20160190_KJBEGOPM_01481	SA20160190_KJBEGOPM_01472	25.843	89	57	4	396	475	245	333	0.27	23.5
SA20160190_KJBEGOPM_01481	SA20160190_KJBEGOPM_01473	34.211	38	20	2	274	307	261	297	1.9	20.8
SA20160190_KJBEGOPM_01481	SA20160190_KJBEGOPM_01480	26.471	34	25	0	351	384	6	39	4.5	19.6
SA20160190_KJBEGOPM_01481	SA20160190_KJBEGOPM_01479	23.256	86	56	4	242	327	83	158	6.3	18.9
