SA20160326_NMHJDFNH_01159	SA20160209_CPEIOPNK_01158	100.000	524	0	0	1	524	1	524	0.0	1073
SA20160326_NMHJDFNH_01159	SA20160209_CPEIOPNK_01167	25.843	89	57	4	396	475	245	333	0.15	24.3
SA20160326_NMHJDFNH_01159	SA20160209_CPEIOPNK_01169	31.250	16	11	0	278	293	3	18	2.1	19.2
SA20160326_NMHJDFNH_01159	SA20160209_CPEIOPNK_01166	34.211	38	20	2	274	307	261	297	2.5	20.4
SA20160326_NMHJDFNH_01159	SA20160209_CPEIOPNK_01160	23.256	86	56	4	242	327	83	158	3.1	19.6
SA20160326_NMHJDFNH_01159	SA20160209_CPEIOPNK_01159	26.471	34	25	0	351	384	6	39	4.9	19.2
SA20160326_NMHJDFNH_01159	SA20160209_CPEIOPNK_01178	26.027	73	43	4	406	474	246	311	9.9	18.5
SA20160326_NMHJDFNH_01160	SA20160209_CPEIOPNK_01159	100.000	247	0	0	1	247	1	247	0.0	512
SA20160326_NMHJDFNH_01160	SA20160209_CPEIOPNK_01158	26.471	34	25	0	6	39	351	384	2.3	19.2
SA20160326_NMHJDFNH_01160	SA20160209_CPEIOPNK_01178	31.250	32	22	0	28	59	366	397	4.9	18.5
SA20160326_NMHJDFNH_01160	SA20160209_CPEIOPNK_01165	37.037	27	17	0	75	101	378	404	7.8	17.7
SA20160326_NMHJDFNH_01160	SA20160209_CPEIOPNK_01171	22.000	50	39	0	6	55	561	610	8.2	17.7
SA20160326_NMHJDFNH_01160	SA20160209_CPEIOPNK_01172	26.923	26	19	0	200	225	65	90	8.4	17.7
SA20160326_NMHJDFNH_01161	SA20160209_CPEIOPNK_01160	100.000	162	0	0	1	162	1	162	3.77e-124	337
SA20160326_NMHJDFNH_01161	SA20160209_CPEIOPNK_01164	31.250	32	22	0	60	91	364	395	0.24	21.6
SA20160326_NMHJDFNH_01161	SA20160209_CPEIOPNK_01158	23.256	86	56	4	83	158	242	327	0.97	19.6
SA20160326_NMHJDFNH_01162	SA20160209_CPEIOPNK_01161	100.000	174	0	0	1	174	1	174	7.25e-132	357
SA20160326_NMHJDFNH_01162	SA20160209_CPEIOPNK_01171	26.415	53	29	1	78	130	233	275	0.22	21.9
SA20160326_NMHJDFNH_01162	SA20160209_CPEIOPNK_01174	21.277	47	33	2	66	108	136	182	1.5	19.2
SA20160326_NMHJDFNH_01162	SA20160209_CPEIOPNK_01175	25.000	28	21	0	40	67	37	64	2.4	18.5
SA20160326_NMHJDFNH_01162	SA20160209_CPEIOPNK_01159	30.303	33	21	1	11	41	95	127	4.6	17.7
SA20160326_NMHJDFNH_01162	SA20160209_CPEIOPNK_01164	29.091	55	30	2	11	56	255	309	5.0	17.7
SA20160326_NMHJDFNH_01162	SA20160209_CPEIOPNK_01165	37.500	24	15	0	144	167	217	240	5.3	17.7
SA20160326_NMHJDFNH_01163	SA20160209_CPEIOPNK_01162	100.000	175	0	0	1	175	1	175	4.90e-135	365
SA20160326_NMHJDFNH_01163	SA20160209_CPEIOPNK_01167	24.242	33	24	1	90	122	681	712	2.1	18.9
SA20160326_NMHJDFNH_01163	SA20160209_CPEIOPNK_01174	22.449	49	37	1	100	147	40	88	4.3	17.7
SA20160326_NMHJDFNH_01164	SA20160209_CPEIOPNK_01163	100.000	119	0	0	1	119	1	119	9.06e-89	244
SA20160326_NMHJDFNH_01164	SA20160209_CPEIOPNK_01166	38.889	18	11	0	48	65	197	214	1.1	18.9
SA20160326_NMHJDFNH_01164	SA20160209_CPEIOPNK_01158	45.455	11	6	0	81	91	447	457	4.6	17.3
SA20160326_NMHJDFNH_01164	SA20160209_CPEIOPNK_01172	31.111	45	23	2	53	89	909	953	9.5	16.2
SA20160326_NMHJDFNH_01165	SA20160209_CPEIOPNK_01164	100.000	485	0	0	1	485	1	485	0.0	971
SA20160326_NMHJDFNH_01165	SA20160209_CPEIOPNK_01160	31.250	32	22	0	364	395	60	91	0.78	21.6
SA20160326_NMHJDFNH_01165	SA20160209_CPEIOPNK_01174	35.484	31	18	1	111	139	192	222	5.8	19.2
SA20160326_NMHJDFNH_01165	SA20160209_CPEIOPNK_01171	40.000	30	18	0	74	103	446	475	6.4	18.9
SA20160326_NMHJDFNH_01165	SA20160209_CPEIOPNK_01165	35.294	17	11	0	172	188	912	928	8.8	18.5
SA20160326_NMHJDFNH_01166	SA20160209_CPEIOPNK_01165	99.905	1055	1	0	1	1055	1	1055	0.0	2118
SA20160326_NMHJDFNH_01166	SA20160209_CPEIOPNK_01167	48.485	33	17	0	462	494	131	163	0.14	25.8
SA20160326_NMHJDFNH_01166	SA20160209_CPEIOPNK_01174	33.333	24	16	0	803	826	162	185	0.51	23.9
SA20160326_NMHJDFNH_01166	SA20160209_CPEIOPNK_01178	30.000	40	23	1	643	677	347	386	3.1	21.2
SA20160326_NMHJDFNH_01167	SA20160209_CPEIOPNK_01166	100.000	408	0	0	1	408	1	408	0.0	815
SA20160326_NMHJDFNH_01167	SA20160209_CPEIOPNK_01178	31.111	45	23	1	177	213	421	465	0.13	24.3
SA20160326_NMHJDFNH_01167	SA20160209_CPEIOPNK_01171	37.209	43	19	1	173	215	526	560	0.53	22.3
SA20160326_NMHJDFNH_01167	SA20160209_CPEIOPNK_01158	34.211	38	20	2	261	297	274	307	2.8	20.0
SA20160326_NMHJDFNH_01167	SA20160209_CPEIOPNK_01163	38.889	18	11	0	197	214	48	65	3.9	18.9
SA20160326_NMHJDFNH_01168	SA20160209_CPEIOPNK_01167	100.000	762	0	0	1	762	1	762	0.0	1519
SA20160326_NMHJDFNH_01168	SA20160209_CPEIOPNK_01169	30.645	62	43	0	11	72	1	62	1.22e-05	34.7
SA20160326_NMHJDFNH_01168	SA20160209_CPEIOPNK_01165	48.485	33	17	0	131	163	462	494	0.10	25.4
SA20160326_NMHJDFNH_01168	SA20160209_CPEIOPNK_01158	25.843	89	57	4	245	333	396	475	0.24	24.3
SA20160326_NMHJDFNH_01168	SA20160209_CPEIOPNK_01178	38.462	39	17	1	8	46	602	633	0.27	24.3
SA20160326_NMHJDFNH_01168	SA20160209_CPEIOPNK_01170	45.000	20	11	0	90	109	274	293	0.73	22.7
SA20160326_NMHJDFNH_01168	SA20160209_CPEIOPNK_01174	35.714	42	23	2	48	89	430	467	1.2	21.9
SA20160326_NMHJDFNH_01168	SA20160209_CPEIOPNK_01172	33.333	21	14	0	60	80	516	536	9.3	19.2
SA20160326_NMHJDFNH_01168	SA20160209_CPEIOPNK_01162	24.242	33	24	1	681	712	90	122	9.3	18.9
SA20160326_NMHJDFNH_01169	SA20160209_CPEIOPNK_01168	100.000	154	0	0	1	154	1	154	2.96e-117	319
SA20160326_NMHJDFNH_01169	SA20160209_CPEIOPNK_01167	27.273	88	46	5	40	123	574	647	6.8	16.9
SA20160326_NMHJDFNH_01170	SA20160209_CPEIOPNK_01169	100.000	64	0	0	1	64	1	64	3.33e-46	132
SA20160326_NMHJDFNH_01170	SA20160209_CPEIOPNK_01167	30.645	62	43	0	1	62	11	72	1.03e-06	34.7
SA20160326_NMHJDFNH_01170	SA20160209_CPEIOPNK_01158	31.250	16	11	0	3	18	278	293	0.26	19.2
SA20160326_NMHJDFNH_01171	SA20160209_CPEIOPNK_01170	100.000	417	0	0	1	417	1	417	0.0	838
SA20160326_NMHJDFNH_01171	SA20160209_CPEIOPNK_01167	45.000	20	11	0	274	293	90	109	0.40	22.7
SA20160326_NMHJDFNH_01172	SA20160209_CPEIOPNK_01171	100.000	652	0	0	1	652	1	652	0.0	1353
SA20160326_NMHJDFNH_01172	SA20160209_CPEIOPNK_01178	39.130	46	20	2	603	648	625	662	0.15	24.6
SA20160326_NMHJDFNH_01172	SA20160209_CPEIOPNK_01161	26.415	53	29	1	233	275	78	130	0.76	21.9
SA20160326_NMHJDFNH_01172	SA20160209_CPEIOPNK_01166	46.667	30	14	1	531	560	188	215	0.85	22.3
SA20160326_NMHJDFNH_01172	SA20160209_CPEIOPNK_01172	57.143	14	6	0	183	196	644	657	7.0	19.2
SA20160326_NMHJDFNH_01172	SA20160209_CPEIOPNK_01164	40.000	30	18	0	446	475	74	103	8.6	18.9
SA20160326_NMHJDFNH_01173	SA20160209_CPEIOPNK_01172	100.000	990	0	0	1	990	1	990	0.0	2047
SA20160326_NMHJDFNH_01174	SA20160209_CPEIOPNK_01173	100.000	33	0	0	1	33	1	33	9.99e-22	68.9
SA20160326_NMHJDFNH_01174	SA20160209_CPEIOPNK_01171	66.667	6	2	0	4	9	493	498	4.5	14.6
SA20160326_NMHJDFNH_01174	SA20160209_CPEIOPNK_01165	54.545	11	5	0	16	26	93	103	7.1	14.2
SA20160326_NMHJDFNH_01175	SA20160209_CPEIOPNK_01174	100.000	467	0	0	1	467	1	467	0.0	947
SA20160326_NMHJDFNH_01175	SA20160209_CPEIOPNK_01165	33.333	24	16	0	162	185	803	826	0.22	23.9
SA20160326_NMHJDFNH_01175	SA20160209_CPEIOPNK_01167	35.714	42	23	2	430	467	48	89	0.71	21.9
SA20160326_NMHJDFNH_01175	SA20160209_CPEIOPNK_01161	21.277	47	33	2	136	182	66	108	5.0	18.9
SA20160326_NMHJDFNH_01175	SA20160209_CPEIOPNK_01164	35.484	31	18	1	192	222	111	139	5.6	19.2
SA20160326_NMHJDFNH_01175	SA20160209_CPEIOPNK_01175	37.500	16	10	0	343	358	247	262	7.2	18.9
SA20160326_NMHJDFNH_01176	SA20160209_CPEIOPNK_01175	100.000	336	0	0	1	336	1	336	0.0	667
SA20160326_NMHJDFNH_01176	SA20160209_CPEIOPNK_01174	37.500	16	10	0	247	262	343	358	4.3	18.9
SA20160326_NMHJDFNH_01176	SA20160209_CPEIOPNK_01161	25.000	28	21	0	37	64	40	67	5.5	18.5
SA20160326_NMHJDFNH_01176	SA20160209_CPEIOPNK_01167	36.667	30	17	1	112	139	282	311	6.5	18.5
SA20160326_NMHJDFNH_01177	SA20160209_CPEIOPNK_01176	100.000	43	0	0	1	43	1	43	4.85e-27	82.8
SA20160326_NMHJDFNH_01177	SA20160209_CPEIOPNK_01175	29.032	31	16	1	11	35	7	37	2.9	15.4
SA20160326_NMHJDFNH_01178	SA20160209_CPEIOPNK_01177	100.000	334	0	0	1	334	1	334	0.0	691
SA20160326_NMHJDFNH_01178	SA20160209_CPEIOPNK_01178	40.909	22	13	0	39	60	634	655	4.0	19.2
SA20160326_NMHJDFNH_01178	SA20160209_CPEIOPNK_01172	54.545	11	5	0	31	41	267	277	5.0	18.9
SA20160326_NMHJDFNH_01178	SA20160209_CPEIOPNK_01171	23.256	43	21	2	140	171	288	329	5.6	18.5
SA20160326_NMHJDFNH_01178	SA20160209_CPEIOPNK_01164	41.176	17	10	0	131	147	462	478	9.3	17.7
SA20160326_NMHJDFNH_01179	SA20160209_CPEIOPNK_01178	100.000	696	0	0	1	696	1	696	0.0	1435
SA20160326_NMHJDFNH_01179	SA20160209_CPEIOPNK_01171	39.130	46	20	2	625	662	603	648	0.16	24.6
SA20160326_NMHJDFNH_01179	SA20160209_CPEIOPNK_01167	38.462	39	17	1	602	633	8	46	0.24	24.3
SA20160326_NMHJDFNH_01179	SA20160209_CPEIOPNK_01166	31.111	45	23	1	421	465	177	213	0.29	23.9
SA20160326_NMHJDFNH_01179	SA20160209_CPEIOPNK_01165	30.000	40	23	1	347	386	643	677	2.1	21.2
SA20160326_NMHJDFNH_01179	SA20160209_CPEIOPNK_01177	40.909	22	13	0	634	655	39	60	8.4	19.2
SA20160209_CPEIOPNK_01158	SA20160209_CPEIOPNK_01158	100.000	524	0	0	1	524	1	524	0.0	1073
SA20160209_CPEIOPNK_01158	SA20160209_CPEIOPNK_01167	25.843	89	57	4	396	475	245	333	0.15	24.3
SA20160209_CPEIOPNK_01158	SA20160209_CPEIOPNK_01169	31.250	16	11	0	278	293	3	18	2.1	19.2
SA20160209_CPEIOPNK_01158	SA20160209_CPEIOPNK_01166	34.211	38	20	2	274	307	261	297	2.5	20.4
SA20160209_CPEIOPNK_01158	SA20160209_CPEIOPNK_01160	23.256	86	56	4	242	327	83	158	3.1	19.6
SA20160209_CPEIOPNK_01158	SA20160209_CPEIOPNK_01159	26.471	34	25	0	351	384	6	39	4.9	19.2
SA20160209_CPEIOPNK_01159	SA20160209_CPEIOPNK_01159	100.000	247	0	0	1	247	1	247	0.0	512
SA20160209_CPEIOPNK_01159	SA20160209_CPEIOPNK_01158	26.471	34	25	0	6	39	351	384	2.3	19.2
SA20160209_CPEIOPNK_01159	SA20160209_CPEIOPNK_01178	31.250	32	22	0	28	59	366	397	4.9	18.5
SA20160209_CPEIOPNK_01159	SA20160209_CPEIOPNK_01165	37.037	27	17	0	75	101	378	404	7.8	17.7
SA20160209_CPEIOPNK_01159	SA20160209_CPEIOPNK_01171	22.000	50	39	0	6	55	561	610	8.2	17.7
SA20160209_CPEIOPNK_01159	SA20160209_CPEIOPNK_01172	26.923	26	19	0	200	225	65	90	8.4	17.7
SA20160209_CPEIOPNK_01160	SA20160209_CPEIOPNK_01160	100.000	162	0	0	1	162	1	162	3.77e-124	337
SA20160209_CPEIOPNK_01160	SA20160209_CPEIOPNK_01164	31.250	32	22	0	60	91	364	395	0.24	21.6
SA20160209_CPEIOPNK_01160	SA20160209_CPEIOPNK_01158	23.256	86	56	4	83	158	242	327	0.97	19.6
SA20160209_CPEIOPNK_01161	SA20160209_CPEIOPNK_01161	100.000	174	0	0	1	174	1	174	7.25e-132	357
SA20160209_CPEIOPNK_01161	SA20160209_CPEIOPNK_01171	26.415	53	29	1	78	130	233	275	0.22	21.9
SA20160209_CPEIOPNK_01161	SA20160209_CPEIOPNK_01174	21.277	47	33	2	66	108	136	182	1.5	19.2
SA20160209_CPEIOPNK_01161	SA20160209_CPEIOPNK_01175	25.000	28	21	0	40	67	37	64	2.4	18.5
SA20160209_CPEIOPNK_01161	SA20160209_CPEIOPNK_01159	30.303	33	21	1	11	41	95	127	4.6	17.7
SA20160209_CPEIOPNK_01161	SA20160209_CPEIOPNK_01164	29.091	55	30	2	11	56	255	309	5.0	17.7
SA20160209_CPEIOPNK_01161	SA20160209_CPEIOPNK_01165	37.500	24	15	0	144	167	217	240	5.3	17.7
SA20160209_CPEIOPNK_01162	SA20160209_CPEIOPNK_01162	100.000	175	0	0	1	175	1	175	4.90e-135	365
SA20160209_CPEIOPNK_01162	SA20160209_CPEIOPNK_01167	24.242	33	24	1	90	122	681	712	2.1	18.9
SA20160209_CPEIOPNK_01162	SA20160209_CPEIOPNK_01174	22.449	49	37	1	100	147	40	88	4.3	17.7
SA20160209_CPEIOPNK_01163	SA20160209_CPEIOPNK_01163	100.000	119	0	0	1	119	1	119	9.06e-89	244
SA20160209_CPEIOPNK_01163	SA20160209_CPEIOPNK_01166	38.889	18	11	0	48	65	197	214	1.1	18.9
SA20160209_CPEIOPNK_01163	SA20160209_CPEIOPNK_01158	45.455	11	6	0	81	91	447	457	4.6	17.3
SA20160209_CPEIOPNK_01163	SA20160209_CPEIOPNK_01172	31.111	45	23	2	53	89	909	953	9.5	16.2
SA20160209_CPEIOPNK_01164	SA20160209_CPEIOPNK_01164	100.000	485	0	0	1	485	1	485	0.0	971
SA20160209_CPEIOPNK_01164	SA20160209_CPEIOPNK_01160	31.250	32	22	0	364	395	60	91	0.78	21.6
SA20160209_CPEIOPNK_01164	SA20160209_CPEIOPNK_01174	35.484	31	18	1	111	139	192	222	5.8	19.2
SA20160209_CPEIOPNK_01164	SA20160209_CPEIOPNK_01171	40.000	30	18	0	74	103	446	475	6.4	18.9
SA20160209_CPEIOPNK_01164	SA20160209_CPEIOPNK_01165	35.294	17	11	0	172	188	912	928	8.8	18.5
SA20160209_CPEIOPNK_01165	SA20160209_CPEIOPNK_01165	100.000	1055	0	0	1	1055	1	1055	0.0	2122
SA20160209_CPEIOPNK_01165	SA20160209_CPEIOPNK_01167	48.485	33	17	0	462	494	131	163	0.14	25.8
SA20160209_CPEIOPNK_01165	SA20160209_CPEIOPNK_01174	33.333	24	16	0	803	826	162	185	0.52	23.9
SA20160209_CPEIOPNK_01165	SA20160209_CPEIOPNK_01178	30.000	40	23	1	643	677	347	386	3.1	21.2
SA20160209_CPEIOPNK_01166	SA20160209_CPEIOPNK_01166	100.000	408	0	0	1	408	1	408	0.0	815
SA20160209_CPEIOPNK_01166	SA20160209_CPEIOPNK_01178	31.111	45	23	1	177	213	421	465	0.13	24.3
SA20160209_CPEIOPNK_01166	SA20160209_CPEIOPNK_01171	37.209	43	19	1	173	215	526	560	0.53	22.3
SA20160209_CPEIOPNK_01166	SA20160209_CPEIOPNK_01158	34.211	38	20	2	261	297	274	307	2.8	20.0
SA20160209_CPEIOPNK_01166	SA20160209_CPEIOPNK_01163	38.889	18	11	0	197	214	48	65	3.9	18.9
SA20160209_CPEIOPNK_01167	SA20160209_CPEIOPNK_01167	100.000	762	0	0	1	762	1	762	0.0	1519
SA20160209_CPEIOPNK_01167	SA20160209_CPEIOPNK_01169	30.645	62	43	0	11	72	1	62	1.22e-05	34.7
SA20160209_CPEIOPNK_01167	SA20160209_CPEIOPNK_01165	48.485	33	17	0	131	163	462	494	0.10	25.4
SA20160209_CPEIOPNK_01167	SA20160209_CPEIOPNK_01158	25.843	89	57	4	245	333	396	475	0.24	24.3
SA20160209_CPEIOPNK_01167	SA20160209_CPEIOPNK_01178	38.462	39	17	1	8	46	602	633	0.27	24.3
SA20160209_CPEIOPNK_01167	SA20160209_CPEIOPNK_01170	45.000	20	11	0	90	109	274	293	0.73	22.7
SA20160209_CPEIOPNK_01167	SA20160209_CPEIOPNK_01174	25.676	74	43	3	224	297	208	269	3.2	20.8
SA20160209_CPEIOPNK_01167	SA20160209_CPEIOPNK_01172	33.333	21	14	0	60	80	516	536	9.3	19.2
SA20160209_CPEIOPNK_01167	SA20160209_CPEIOPNK_01162	24.242	33	24	1	681	712	90	122	9.3	18.9
SA20160209_CPEIOPNK_01168	SA20160209_CPEIOPNK_01168	100.000	154	0	0	1	154	1	154	2.96e-117	319
SA20160209_CPEIOPNK_01168	SA20160209_CPEIOPNK_01167	27.273	88	46	5	40	123	574	647	6.8	16.9
SA20160209_CPEIOPNK_01169	SA20160209_CPEIOPNK_01169	100.000	64	0	0	1	64	1	64	3.33e-46	132
SA20160209_CPEIOPNK_01169	SA20160209_CPEIOPNK_01167	30.645	62	43	0	1	62	11	72	1.03e-06	34.7
SA20160209_CPEIOPNK_01169	SA20160209_CPEIOPNK_01158	31.250	16	11	0	3	18	278	293	0.26	19.2
SA20160209_CPEIOPNK_01170	SA20160209_CPEIOPNK_01170	100.000	417	0	0	1	417	1	417	0.0	838
SA20160209_CPEIOPNK_01170	SA20160209_CPEIOPNK_01167	45.000	20	11	0	274	293	90	109	0.40	22.7
SA20160209_CPEIOPNK_01171	SA20160209_CPEIOPNK_01171	100.000	652	0	0	1	652	1	652	0.0	1353
SA20160209_CPEIOPNK_01171	SA20160209_CPEIOPNK_01178	39.130	46	20	2	603	648	625	662	0.15	24.6
SA20160209_CPEIOPNK_01171	SA20160209_CPEIOPNK_01161	26.415	53	29	1	233	275	78	130	0.76	21.9
SA20160209_CPEIOPNK_01171	SA20160209_CPEIOPNK_01166	46.667	30	14	1	531	560	188	215	0.85	22.3
SA20160209_CPEIOPNK_01171	SA20160209_CPEIOPNK_01172	57.143	14	6	0	183	196	644	657	7.0	19.2
SA20160209_CPEIOPNK_01171	SA20160209_CPEIOPNK_01164	40.000	30	18	0	446	475	74	103	8.6	18.9
SA20160209_CPEIOPNK_01172	SA20160209_CPEIOPNK_01172	100.000	990	0	0	1	990	1	990	0.0	2047
SA20160209_CPEIOPNK_01173	SA20160209_CPEIOPNK_01173	100.000	33	0	0	1	33	1	33	9.99e-22	68.9
SA20160209_CPEIOPNK_01173	SA20160209_CPEIOPNK_01171	66.667	6	2	0	4	9	493	498	4.5	14.6
SA20160209_CPEIOPNK_01173	SA20160209_CPEIOPNK_01165	54.545	11	5	0	16	26	93	103	7.1	14.2
SA20160209_CPEIOPNK_01174	SA20160209_CPEIOPNK_01174	100.000	467	0	0	1	467	1	467	0.0	947
SA20160209_CPEIOPNK_01174	SA20160209_CPEIOPNK_01165	33.333	24	16	0	162	185	803	826	0.22	23.9
SA20160209_CPEIOPNK_01174	SA20160209_CPEIOPNK_01167	35.714	42	23	2	430	467	48	89	0.71	21.9
SA20160209_CPEIOPNK_01174	SA20160209_CPEIOPNK_01161	21.277	47	33	2	136	182	66	108	5.0	18.9
SA20160209_CPEIOPNK_01174	SA20160209_CPEIOPNK_01164	35.484	31	18	1	192	222	111	139	5.6	19.2
SA20160209_CPEIOPNK_01174	SA20160209_CPEIOPNK_01175	37.500	16	10	0	343	358	247	262	7.2	18.9
SA20160209_CPEIOPNK_01175	SA20160209_CPEIOPNK_01175	100.000	336	0	0	1	336	1	336	0.0	667
SA20160209_CPEIOPNK_01175	SA20160209_CPEIOPNK_01174	37.500	16	10	0	247	262	343	358	4.3	18.9
SA20160209_CPEIOPNK_01175	SA20160209_CPEIOPNK_01161	25.000	28	21	0	37	64	40	67	5.5	18.5
SA20160209_CPEIOPNK_01175	SA20160209_CPEIOPNK_01167	36.667	30	17	1	112	139	282	311	6.5	18.5
SA20160209_CPEIOPNK_01176	SA20160209_CPEIOPNK_01176	100.000	43	0	0	1	43	1	43	4.85e-27	82.8
SA20160209_CPEIOPNK_01176	SA20160209_CPEIOPNK_01175	29.032	31	16	1	11	35	7	37	2.9	15.4
SA20160209_CPEIOPNK_01177	SA20160209_CPEIOPNK_01177	100.000	334	0	0	1	334	1	334	0.0	691
SA20160209_CPEIOPNK_01177	SA20160209_CPEIOPNK_01178	40.909	22	13	0	39	60	634	655	4.0	19.2
SA20160209_CPEIOPNK_01177	SA20160209_CPEIOPNK_01172	54.545	11	5	0	31	41	267	277	5.0	18.9
SA20160209_CPEIOPNK_01177	SA20160209_CPEIOPNK_01171	23.256	43	21	2	140	171	288	329	5.6	18.5
SA20160209_CPEIOPNK_01177	SA20160209_CPEIOPNK_01164	41.176	17	10	0	131	147	462	478	9.3	17.7
SA20160209_CPEIOPNK_01178	SA20160209_CPEIOPNK_01178	100.000	696	0	0	1	696	1	696	0.0	1435
SA20160209_CPEIOPNK_01178	SA20160209_CPEIOPNK_01171	39.130	46	20	2	625	662	603	648	0.16	24.6
SA20160209_CPEIOPNK_01178	SA20160209_CPEIOPNK_01167	38.462	39	17	1	602	633	8	46	0.24	24.3
SA20160209_CPEIOPNK_01178	SA20160209_CPEIOPNK_01166	31.111	45	23	1	421	465	177	213	0.29	23.9
SA20160209_CPEIOPNK_01178	SA20160209_CPEIOPNK_01165	30.000	40	23	1	347	386	643	677	2.1	21.2
SA20160209_CPEIOPNK_01178	SA20160209_CPEIOPNK_01177	40.909	22	13	0	634	655	39	60	8.4	19.2
SA20160326_NMHJDFNH_01159	SA20160326_NMHJDFNH_01159	100.000	524	0	0	1	524	1	524	0.0	1073
SA20160326_NMHJDFNH_01159	SA20160326_NMHJDFNH_01168	25.843	89	57	4	396	475	245	333	0.15	24.3
SA20160326_NMHJDFNH_01159	SA20160326_NMHJDFNH_01170	31.250	16	11	0	278	293	3	18	2.1	19.2
SA20160326_NMHJDFNH_01159	SA20160326_NMHJDFNH_01167	34.211	38	20	2	274	307	261	297	2.5	20.4
SA20160326_NMHJDFNH_01159	SA20160326_NMHJDFNH_01161	23.256	86	56	4	242	327	83	158	3.1	19.6
SA20160326_NMHJDFNH_01159	SA20160326_NMHJDFNH_01160	26.471	34	25	0	351	384	6	39	4.9	19.2
SA20160326_NMHJDFNH_01160	SA20160326_NMHJDFNH_01160	100.000	247	0	0	1	247	1	247	0.0	512
SA20160326_NMHJDFNH_01160	SA20160326_NMHJDFNH_01159	26.471	34	25	0	6	39	351	384	2.3	19.2
SA20160326_NMHJDFNH_01160	SA20160326_NMHJDFNH_01179	31.250	32	22	0	28	59	366	397	4.9	18.5
SA20160326_NMHJDFNH_01160	SA20160326_NMHJDFNH_01166	37.037	27	17	0	75	101	378	404	7.8	17.7
SA20160326_NMHJDFNH_01160	SA20160326_NMHJDFNH_01172	22.000	50	39	0	6	55	561	610	8.2	17.7
SA20160326_NMHJDFNH_01160	SA20160326_NMHJDFNH_01173	26.923	26	19	0	200	225	65	90	8.4	17.7
SA20160326_NMHJDFNH_01161	SA20160326_NMHJDFNH_01161	100.000	162	0	0	1	162	1	162	3.77e-124	337
SA20160326_NMHJDFNH_01161	SA20160326_NMHJDFNH_01165	31.250	32	22	0	60	91	364	395	0.24	21.6
SA20160326_NMHJDFNH_01161	SA20160326_NMHJDFNH_01159	23.256	86	56	4	83	158	242	327	0.97	19.6
SA20160326_NMHJDFNH_01162	SA20160326_NMHJDFNH_01162	100.000	174	0	0	1	174	1	174	7.25e-132	357
SA20160326_NMHJDFNH_01162	SA20160326_NMHJDFNH_01172	26.415	53	29	1	78	130	233	275	0.22	21.9
SA20160326_NMHJDFNH_01162	SA20160326_NMHJDFNH_01175	21.277	47	33	2	66	108	136	182	1.5	19.2
SA20160326_NMHJDFNH_01162	SA20160326_NMHJDFNH_01176	25.000	28	21	0	40	67	37	64	2.4	18.5
SA20160326_NMHJDFNH_01162	SA20160326_NMHJDFNH_01160	30.303	33	21	1	11	41	95	127	4.6	17.7
SA20160326_NMHJDFNH_01162	SA20160326_NMHJDFNH_01165	29.091	55	30	2	11	56	255	309	5.0	17.7
SA20160326_NMHJDFNH_01162	SA20160326_NMHJDFNH_01166	37.500	24	15	0	144	167	217	240	5.3	17.7
SA20160326_NMHJDFNH_01163	SA20160326_NMHJDFNH_01163	100.000	175	0	0	1	175	1	175	4.90e-135	365
SA20160326_NMHJDFNH_01163	SA20160326_NMHJDFNH_01168	24.242	33	24	1	90	122	681	712	2.1	18.9
SA20160326_NMHJDFNH_01163	SA20160326_NMHJDFNH_01175	22.449	49	37	1	100	147	40	88	4.3	17.7
SA20160326_NMHJDFNH_01164	SA20160326_NMHJDFNH_01164	100.000	119	0	0	1	119	1	119	9.06e-89	244
SA20160326_NMHJDFNH_01164	SA20160326_NMHJDFNH_01167	38.889	18	11	0	48	65	197	214	1.1	18.9
SA20160326_NMHJDFNH_01164	SA20160326_NMHJDFNH_01159	45.455	11	6	0	81	91	447	457	4.6	17.3
SA20160326_NMHJDFNH_01164	SA20160326_NMHJDFNH_01173	31.111	45	23	2	53	89	909	953	9.5	16.2
SA20160326_NMHJDFNH_01165	SA20160326_NMHJDFNH_01165	100.000	485	0	0	1	485	1	485	0.0	971
SA20160326_NMHJDFNH_01165	SA20160326_NMHJDFNH_01161	31.250	32	22	0	364	395	60	91	0.78	21.6
SA20160326_NMHJDFNH_01165	SA20160326_NMHJDFNH_01175	35.484	31	18	1	111	139	192	222	5.8	19.2
SA20160326_NMHJDFNH_01165	SA20160326_NMHJDFNH_01172	40.000	30	18	0	74	103	446	475	6.4	18.9
SA20160326_NMHJDFNH_01165	SA20160326_NMHJDFNH_01166	35.294	17	11	0	172	188	912	928	9.0	18.5
SA20160326_NMHJDFNH_01166	SA20160326_NMHJDFNH_01166	100.000	1055	0	0	1	1055	1	1055	0.0	2120
SA20160326_NMHJDFNH_01166	SA20160326_NMHJDFNH_01168	48.485	33	17	0	462	494	131	163	0.14	25.8
SA20160326_NMHJDFNH_01166	SA20160326_NMHJDFNH_01175	33.333	24	16	0	803	826	162	185	0.51	23.9
SA20160326_NMHJDFNH_01166	SA20160326_NMHJDFNH_01179	30.000	40	23	1	643	677	347	386	3.1	21.2
SA20160326_NMHJDFNH_01167	SA20160326_NMHJDFNH_01167	100.000	408	0	0	1	408	1	408	0.0	815
SA20160326_NMHJDFNH_01167	SA20160326_NMHJDFNH_01179	31.111	45	23	1	177	213	421	465	0.13	24.3
SA20160326_NMHJDFNH_01167	SA20160326_NMHJDFNH_01172	37.209	43	19	1	173	215	526	560	0.53	22.3
SA20160326_NMHJDFNH_01167	SA20160326_NMHJDFNH_01159	34.211	38	20	2	261	297	274	307	2.8	20.0
SA20160326_NMHJDFNH_01167	SA20160326_NMHJDFNH_01164	38.889	18	11	0	197	214	48	65	3.9	18.9
SA20160326_NMHJDFNH_01168	SA20160326_NMHJDFNH_01168	100.000	762	0	0	1	762	1	762	0.0	1519
SA20160326_NMHJDFNH_01168	SA20160326_NMHJDFNH_01170	30.645	62	43	0	11	72	1	62	1.22e-05	34.7
SA20160326_NMHJDFNH_01168	SA20160326_NMHJDFNH_01166	48.485	33	17	0	131	163	462	494	0.10	25.8
SA20160326_NMHJDFNH_01168	SA20160326_NMHJDFNH_01159	25.843	89	57	4	245	333	396	475	0.24	24.3
SA20160326_NMHJDFNH_01168	SA20160326_NMHJDFNH_01179	38.462	39	17	1	8	46	602	633	0.27	24.3
SA20160326_NMHJDFNH_01168	SA20160326_NMHJDFNH_01171	45.000	20	11	0	90	109	274	293	0.73	22.7
SA20160326_NMHJDFNH_01168	SA20160326_NMHJDFNH_01175	25.676	74	43	3	224	297	208	269	3.2	20.8
SA20160326_NMHJDFNH_01168	SA20160326_NMHJDFNH_01173	33.333	21	14	0	60	80	516	536	9.3	19.2
SA20160326_NMHJDFNH_01168	SA20160326_NMHJDFNH_01163	24.242	33	24	1	681	712	90	122	9.3	18.9
SA20160326_NMHJDFNH_01169	SA20160326_NMHJDFNH_01169	100.000	154	0	0	1	154	1	154	2.96e-117	319
SA20160326_NMHJDFNH_01169	SA20160326_NMHJDFNH_01168	27.273	88	46	5	40	123	574	647	6.8	16.9
SA20160326_NMHJDFNH_01170	SA20160326_NMHJDFNH_01170	100.000	64	0	0	1	64	1	64	3.33e-46	132
SA20160326_NMHJDFNH_01170	SA20160326_NMHJDFNH_01168	30.645	62	43	0	1	62	11	72	1.03e-06	34.7
SA20160326_NMHJDFNH_01170	SA20160326_NMHJDFNH_01159	31.250	16	11	0	3	18	278	293	0.26	19.2
SA20160326_NMHJDFNH_01171	SA20160326_NMHJDFNH_01171	100.000	417	0	0	1	417	1	417	0.0	838
SA20160326_NMHJDFNH_01171	SA20160326_NMHJDFNH_01168	45.000	20	11	0	274	293	90	109	0.40	22.7
SA20160326_NMHJDFNH_01172	SA20160326_NMHJDFNH_01172	100.000	652	0	0	1	652	1	652	0.0	1353
SA20160326_NMHJDFNH_01172	SA20160326_NMHJDFNH_01179	39.130	46	20	2	603	648	625	662	0.15	24.6
SA20160326_NMHJDFNH_01172	SA20160326_NMHJDFNH_01162	26.415	53	29	1	233	275	78	130	0.76	21.9
SA20160326_NMHJDFNH_01172	SA20160326_NMHJDFNH_01167	46.667	30	14	1	531	560	188	215	0.85	22.3
SA20160326_NMHJDFNH_01172	SA20160326_NMHJDFNH_01173	57.143	14	6	0	183	196	644	657	7.0	19.2
SA20160326_NMHJDFNH_01172	SA20160326_NMHJDFNH_01165	40.000	30	18	0	446	475	74	103	8.6	18.9
SA20160326_NMHJDFNH_01173	SA20160326_NMHJDFNH_01173	100.000	990	0	0	1	990	1	990	0.0	2047
SA20160326_NMHJDFNH_01174	SA20160326_NMHJDFNH_01174	100.000	33	0	0	1	33	1	33	9.99e-22	68.9
SA20160326_NMHJDFNH_01174	SA20160326_NMHJDFNH_01172	66.667	6	2	0	4	9	493	498	4.5	14.6
SA20160326_NMHJDFNH_01174	SA20160326_NMHJDFNH_01166	54.545	11	5	0	16	26	93	103	7.1	14.2
SA20160326_NMHJDFNH_01175	SA20160326_NMHJDFNH_01175	100.000	467	0	0	1	467	1	467	0.0	947
SA20160326_NMHJDFNH_01175	SA20160326_NMHJDFNH_01166	33.333	24	16	0	162	185	803	826	0.22	23.9
SA20160326_NMHJDFNH_01175	SA20160326_NMHJDFNH_01168	35.714	42	23	2	430	467	48	89	0.71	21.9
SA20160326_NMHJDFNH_01175	SA20160326_NMHJDFNH_01162	21.277	47	33	2	136	182	66	108	5.0	18.9
SA20160326_NMHJDFNH_01175	SA20160326_NMHJDFNH_01165	35.484	31	18	1	192	222	111	139	5.6	19.2
SA20160326_NMHJDFNH_01175	SA20160326_NMHJDFNH_01176	37.500	16	10	0	343	358	247	262	7.2	18.9
SA20160326_NMHJDFNH_01176	SA20160326_NMHJDFNH_01176	100.000	336	0	0	1	336	1	336	0.0	667
SA20160326_NMHJDFNH_01176	SA20160326_NMHJDFNH_01175	37.500	16	10	0	247	262	343	358	4.3	18.9
SA20160326_NMHJDFNH_01176	SA20160326_NMHJDFNH_01162	25.000	28	21	0	37	64	40	67	5.5	18.5
SA20160326_NMHJDFNH_01176	SA20160326_NMHJDFNH_01168	36.667	30	17	1	112	139	282	311	6.5	18.5
SA20160326_NMHJDFNH_01177	SA20160326_NMHJDFNH_01177	100.000	43	0	0	1	43	1	43	4.85e-27	82.8
SA20160326_NMHJDFNH_01177	SA20160326_NMHJDFNH_01176	29.032	31	16	1	11	35	7	37	2.9	15.4
SA20160326_NMHJDFNH_01178	SA20160326_NMHJDFNH_01178	100.000	334	0	0	1	334	1	334	0.0	691
SA20160326_NMHJDFNH_01178	SA20160326_NMHJDFNH_01179	40.909	22	13	0	39	60	634	655	4.0	19.2
SA20160326_NMHJDFNH_01178	SA20160326_NMHJDFNH_01173	54.545	11	5	0	31	41	267	277	5.0	18.9
SA20160326_NMHJDFNH_01178	SA20160326_NMHJDFNH_01172	23.256	43	21	2	140	171	288	329	5.6	18.5
SA20160326_NMHJDFNH_01178	SA20160326_NMHJDFNH_01165	41.176	17	10	0	131	147	462	478	9.3	17.7
SA20160326_NMHJDFNH_01179	SA20160326_NMHJDFNH_01179	100.000	696	0	0	1	696	1	696	0.0	1435
SA20160326_NMHJDFNH_01179	SA20160326_NMHJDFNH_01172	39.130	46	20	2	625	662	603	648	0.16	24.6
SA20160326_NMHJDFNH_01179	SA20160326_NMHJDFNH_01168	38.462	39	17	1	602	633	8	46	0.24	24.3
SA20160326_NMHJDFNH_01179	SA20160326_NMHJDFNH_01167	31.111	45	23	1	421	465	177	213	0.29	23.9
SA20160326_NMHJDFNH_01179	SA20160326_NMHJDFNH_01166	30.000	40	23	1	347	386	643	677	2.1	21.2
SA20160326_NMHJDFNH_01179	SA20160326_NMHJDFNH_01178	40.909	22	13	0	634	655	39	60	8.4	19.2
