SA20160200_AKBDPEOC_01993	SA20160197_BPNLNKPL_02149	100.000	696	0	0	1	696	1	696	0.0	1435
SA20160200_AKBDPEOC_01993	SA20160197_BPNLNKPL_02156	39.130	46	20	2	625	662	603	648	0.16	24.6
SA20160200_AKBDPEOC_01993	SA20160197_BPNLNKPL_02160	38.462	39	17	1	602	633	8	46	0.24	24.3
SA20160200_AKBDPEOC_01993	SA20160197_BPNLNKPL_02161	31.111	45	23	1	421	465	177	213	0.29	23.9
SA20160200_AKBDPEOC_01993	SA20160197_BPNLNKPL_02162	30.000	40	23	1	347	386	643	677	2.1	21.2
SA20160200_AKBDPEOC_01993	SA20160197_BPNLNKPL_02150	40.909	22	13	0	634	655	39	60	8.4	19.2
SA20160200_AKBDPEOC_01994	SA20160197_BPNLNKPL_02150	100.000	334	0	0	1	334	1	334	0.0	691
SA20160200_AKBDPEOC_01994	SA20160197_BPNLNKPL_02149	40.909	22	13	0	39	60	634	655	4.0	19.2
SA20160200_AKBDPEOC_01994	SA20160197_BPNLNKPL_02155	54.545	11	5	0	31	41	267	277	5.0	18.9
SA20160200_AKBDPEOC_01994	SA20160197_BPNLNKPL_02156	23.256	43	21	2	140	171	288	329	5.6	18.5
SA20160200_AKBDPEOC_01994	SA20160197_BPNLNKPL_02163	100.000	5	0	0	143	147	474	478	9.4	17.7
SA20160200_AKBDPEOC_01995	SA20160197_BPNLNKPL_02151	100.000	43	0	0	1	43	1	43	4.85e-27	82.8
SA20160200_AKBDPEOC_01995	SA20160197_BPNLNKPL_02152	29.032	31	16	1	11	35	7	37	2.9	15.4
SA20160200_AKBDPEOC_01996	SA20160197_BPNLNKPL_02152	100.000	336	0	0	1	336	1	336	0.0	667
SA20160200_AKBDPEOC_01996	SA20160197_BPNLNKPL_02153	37.500	16	10	0	247	262	343	358	4.3	18.9
SA20160200_AKBDPEOC_01996	SA20160197_BPNLNKPL_02166	25.000	28	21	0	37	64	40	67	5.5	18.5
SA20160200_AKBDPEOC_01996	SA20160197_BPNLNKPL_02160	36.667	30	17	1	112	139	282	311	6.5	18.5
SA20160200_AKBDPEOC_01997	SA20160197_BPNLNKPL_02153	100.000	467	0	0	1	467	1	467	0.0	947
SA20160200_AKBDPEOC_01997	SA20160197_BPNLNKPL_02162	33.333	24	16	0	162	185	803	826	0.22	23.9
SA20160200_AKBDPEOC_01997	SA20160197_BPNLNKPL_02160	35.714	42	23	2	430	467	48	89	0.71	21.9
SA20160200_AKBDPEOC_01997	SA20160197_BPNLNKPL_02166	21.277	47	33	2	136	182	66	108	5.0	18.9
SA20160200_AKBDPEOC_01997	SA20160197_BPNLNKPL_02163	35.484	31	18	1	192	222	111	139	5.5	19.2
SA20160200_AKBDPEOC_01997	SA20160197_BPNLNKPL_02152	37.500	16	10	0	343	358	247	262	7.2	18.9
SA20160200_AKBDPEOC_01998	SA20160197_BPNLNKPL_02154	100.000	33	0	0	1	33	1	33	9.99e-22	68.9
SA20160200_AKBDPEOC_01998	SA20160197_BPNLNKPL_02156	66.667	6	2	0	4	9	493	498	4.5	14.6
SA20160200_AKBDPEOC_01998	SA20160197_BPNLNKPL_02162	54.545	11	5	0	16	26	93	103	7.1	14.2
SA20160200_AKBDPEOC_01999	SA20160197_BPNLNKPL_02155	100.000	990	0	0	1	990	1	990	0.0	2047
SA20160200_AKBDPEOC_02000	SA20160197_BPNLNKPL_02156	100.000	652	0	0	1	652	1	652	0.0	1353
SA20160200_AKBDPEOC_02000	SA20160197_BPNLNKPL_02149	39.130	46	20	2	603	648	625	662	0.15	24.6
SA20160200_AKBDPEOC_02000	SA20160197_BPNLNKPL_02166	26.415	53	29	1	233	275	78	130	0.76	21.9
SA20160200_AKBDPEOC_02000	SA20160197_BPNLNKPL_02161	46.667	30	14	1	531	560	188	215	0.85	22.3
SA20160200_AKBDPEOC_02000	SA20160197_BPNLNKPL_02155	57.143	14	6	0	183	196	644	657	7.0	19.2
SA20160200_AKBDPEOC_02000	SA20160197_BPNLNKPL_02163	40.000	30	18	0	446	475	74	103	8.7	18.9
SA20160200_AKBDPEOC_02001	SA20160197_BPNLNKPL_02157	100.000	417	0	0	1	417	1	417	0.0	838
SA20160200_AKBDPEOC_02001	SA20160197_BPNLNKPL_02160	45.000	20	11	0	274	293	90	109	0.40	22.7
SA20160200_AKBDPEOC_02002	SA20160197_BPNLNKPL_02158	100.000	64	0	0	1	64	1	64	3.33e-46	132
SA20160200_AKBDPEOC_02002	SA20160197_BPNLNKPL_02160	30.645	62	43	0	1	62	11	72	1.03e-06	34.7
SA20160200_AKBDPEOC_02002	SA20160197_BPNLNKPL_02169	31.250	16	11	0	3	18	278	293	0.26	19.2
SA20160200_AKBDPEOC_02003	SA20160197_BPNLNKPL_02159	100.000	154	0	0	1	154	1	154	2.96e-117	319
SA20160200_AKBDPEOC_02003	SA20160197_BPNLNKPL_02160	27.273	88	46	5	40	123	574	647	6.8	16.9
SA20160200_AKBDPEOC_02004	SA20160197_BPNLNKPL_02160	100.000	762	0	0	1	762	1	762	0.0	1519
SA20160200_AKBDPEOC_02004	SA20160197_BPNLNKPL_02158	30.645	62	43	0	11	72	1	62	1.22e-05	34.7
SA20160200_AKBDPEOC_02004	SA20160197_BPNLNKPL_02162	48.485	33	17	0	131	163	462	494	0.10	25.8
SA20160200_AKBDPEOC_02004	SA20160197_BPNLNKPL_02169	25.843	89	57	4	245	333	396	475	0.24	24.3
SA20160200_AKBDPEOC_02004	SA20160197_BPNLNKPL_02149	38.462	39	17	1	8	46	602	633	0.27	24.3
SA20160200_AKBDPEOC_02004	SA20160197_BPNLNKPL_02157	45.000	20	11	0	90	109	274	293	0.73	22.7
SA20160200_AKBDPEOC_02004	SA20160197_BPNLNKPL_02153	35.714	42	23	2	48	89	430	467	1.2	21.9
SA20160200_AKBDPEOC_02004	SA20160197_BPNLNKPL_02155	33.333	21	14	0	60	80	516	536	9.3	19.2
SA20160200_AKBDPEOC_02004	SA20160197_BPNLNKPL_02165	24.242	33	24	1	681	712	90	122	9.3	18.9
SA20160200_AKBDPEOC_02005	SA20160197_BPNLNKPL_02161	100.000	408	0	0	1	408	1	408	0.0	815
SA20160200_AKBDPEOC_02005	SA20160197_BPNLNKPL_02149	31.111	45	23	1	177	213	421	465	0.13	24.3
SA20160200_AKBDPEOC_02005	SA20160197_BPNLNKPL_02156	37.209	43	19	1	173	215	526	560	0.53	22.3
SA20160200_AKBDPEOC_02005	SA20160197_BPNLNKPL_02169	34.211	38	20	2	261	297	274	307	2.8	20.0
SA20160200_AKBDPEOC_02005	SA20160197_BPNLNKPL_02164	38.889	18	11	0	197	214	48	65	3.9	18.9
SA20160200_AKBDPEOC_02006	SA20160197_BPNLNKPL_02162	100.000	1055	0	0	1	1055	1	1055	0.0	2120
SA20160200_AKBDPEOC_02006	SA20160197_BPNLNKPL_02160	48.485	33	17	0	462	494	131	163	0.14	25.8
SA20160200_AKBDPEOC_02006	SA20160197_BPNLNKPL_02153	33.333	24	16	0	803	826	162	185	0.51	23.9
SA20160200_AKBDPEOC_02006	SA20160197_BPNLNKPL_02149	30.000	40	23	1	643	677	347	386	3.1	21.2
SA20160200_AKBDPEOC_02007	SA20160197_BPNLNKPL_02163	99.794	485	1	0	1	485	1	485	0.0	969
SA20160200_AKBDPEOC_02007	SA20160197_BPNLNKPL_02167	31.250	32	22	0	364	395	60	91	0.78	21.6
SA20160200_AKBDPEOC_02007	SA20160197_BPNLNKPL_02153	35.484	31	18	1	111	139	192	222	5.8	19.2
SA20160200_AKBDPEOC_02007	SA20160197_BPNLNKPL_02156	40.000	30	18	0	74	103	446	475	6.4	18.9
SA20160200_AKBDPEOC_02007	SA20160197_BPNLNKPL_02162	35.294	17	11	0	172	188	912	928	9.0	18.5
SA20160200_AKBDPEOC_02008	SA20160197_BPNLNKPL_02164	100.000	119	0	0	1	119	1	119	9.06e-89	244
SA20160200_AKBDPEOC_02008	SA20160197_BPNLNKPL_02161	38.889	18	11	0	48	65	197	214	1.1	18.9
SA20160200_AKBDPEOC_02008	SA20160197_BPNLNKPL_02169	45.455	11	6	0	81	91	447	457	4.6	17.3
SA20160200_AKBDPEOC_02008	SA20160197_BPNLNKPL_02155	31.111	45	23	2	53	89	909	953	9.5	16.2
SA20160200_AKBDPEOC_02009	SA20160197_BPNLNKPL_02165	100.000	175	0	0	1	175	1	175	4.90e-135	365
SA20160200_AKBDPEOC_02009	SA20160197_BPNLNKPL_02160	24.242	33	24	1	90	122	681	712	2.1	18.9
SA20160200_AKBDPEOC_02009	SA20160197_BPNLNKPL_02153	22.449	49	37	1	100	147	40	88	4.3	17.7
SA20160200_AKBDPEOC_02010	SA20160197_BPNLNKPL_02166	100.000	174	0	0	1	174	1	174	7.25e-132	357
SA20160200_AKBDPEOC_02010	SA20160197_BPNLNKPL_02156	26.415	53	29	1	78	130	233	275	0.22	21.9
SA20160200_AKBDPEOC_02010	SA20160197_BPNLNKPL_02153	21.277	47	33	2	66	108	136	182	1.5	19.2
SA20160200_AKBDPEOC_02010	SA20160197_BPNLNKPL_02152	25.000	28	21	0	40	67	37	64	2.4	18.5
SA20160200_AKBDPEOC_02010	SA20160197_BPNLNKPL_02168	30.303	33	21	1	11	41	95	127	4.6	17.7
SA20160200_AKBDPEOC_02010	SA20160197_BPNLNKPL_02162	37.500	24	15	0	144	167	217	240	5.3	17.7
SA20160200_AKBDPEOC_02011	SA20160197_BPNLNKPL_02167	100.000	162	0	0	1	162	1	162	3.77e-124	337
SA20160200_AKBDPEOC_02011	SA20160197_BPNLNKPL_02163	31.250	32	22	0	60	91	364	395	0.24	21.6
SA20160200_AKBDPEOC_02011	SA20160197_BPNLNKPL_02169	23.256	86	56	4	83	158	242	327	0.97	19.6
SA20160200_AKBDPEOC_02012	SA20160197_BPNLNKPL_02168	100.000	247	0	0	1	247	1	247	0.0	512
SA20160200_AKBDPEOC_02012	SA20160197_BPNLNKPL_02169	26.471	34	25	0	6	39	351	384	2.3	19.2
SA20160200_AKBDPEOC_02012	SA20160197_BPNLNKPL_02149	31.250	32	22	0	28	59	366	397	4.9	18.5
SA20160200_AKBDPEOC_02012	SA20160197_BPNLNKPL_02162	37.037	27	17	0	75	101	378	404	7.8	17.7
SA20160200_AKBDPEOC_02012	SA20160197_BPNLNKPL_02156	22.000	50	39	0	6	55	561	610	8.2	17.7
SA20160200_AKBDPEOC_02012	SA20160197_BPNLNKPL_02155	26.923	26	19	0	200	225	65	90	8.4	17.7
SA20160200_AKBDPEOC_02013	SA20160197_BPNLNKPL_02169	100.000	524	0	0	1	524	1	524	0.0	1073
SA20160200_AKBDPEOC_02013	SA20160197_BPNLNKPL_02160	25.843	89	57	4	396	475	245	333	0.15	24.3
SA20160200_AKBDPEOC_02013	SA20160197_BPNLNKPL_02158	31.250	16	11	0	278	293	3	18	2.1	19.2
SA20160200_AKBDPEOC_02013	SA20160197_BPNLNKPL_02161	34.211	38	20	2	274	307	261	297	2.5	20.4
SA20160200_AKBDPEOC_02013	SA20160197_BPNLNKPL_02167	23.256	86	56	4	242	327	83	158	3.1	19.6
SA20160200_AKBDPEOC_02013	SA20160197_BPNLNKPL_02168	26.471	34	25	0	351	384	6	39	4.9	19.2
SA20160200_AKBDPEOC_02013	SA20160197_BPNLNKPL_02149	26.027	73	43	4	406	474	246	311	9.9	18.5
SA20160197_BPNLNKPL_02149	SA20160197_BPNLNKPL_02149	100.000	696	0	0	1	696	1	696	0.0	1435
SA20160197_BPNLNKPL_02149	SA20160197_BPNLNKPL_02156	39.130	46	20	2	625	662	603	648	0.16	24.6
SA20160197_BPNLNKPL_02149	SA20160197_BPNLNKPL_02160	38.462	39	17	1	602	633	8	46	0.24	24.3
SA20160197_BPNLNKPL_02149	SA20160197_BPNLNKPL_02161	31.111	45	23	1	421	465	177	213	0.29	23.9
SA20160197_BPNLNKPL_02149	SA20160197_BPNLNKPL_02162	30.000	40	23	1	347	386	643	677	2.1	21.2
SA20160197_BPNLNKPL_02149	SA20160197_BPNLNKPL_02150	40.909	22	13	0	634	655	39	60	8.4	19.2
SA20160197_BPNLNKPL_02150	SA20160197_BPNLNKPL_02150	100.000	334	0	0	1	334	1	334	0.0	691
SA20160197_BPNLNKPL_02150	SA20160197_BPNLNKPL_02149	40.909	22	13	0	39	60	634	655	4.0	19.2
SA20160197_BPNLNKPL_02150	SA20160197_BPNLNKPL_02155	54.545	11	5	0	31	41	267	277	5.0	18.9
SA20160197_BPNLNKPL_02150	SA20160197_BPNLNKPL_02156	23.256	43	21	2	140	171	288	329	5.6	18.5
SA20160197_BPNLNKPL_02150	SA20160197_BPNLNKPL_02163	100.000	5	0	0	143	147	474	478	9.4	17.7
SA20160197_BPNLNKPL_02151	SA20160197_BPNLNKPL_02151	100.000	43	0	0	1	43	1	43	4.85e-27	82.8
SA20160197_BPNLNKPL_02151	SA20160197_BPNLNKPL_02152	29.032	31	16	1	11	35	7	37	2.9	15.4
SA20160197_BPNLNKPL_02152	SA20160197_BPNLNKPL_02152	100.000	336	0	0	1	336	1	336	0.0	667
SA20160197_BPNLNKPL_02152	SA20160197_BPNLNKPL_02153	37.500	16	10	0	247	262	343	358	4.3	18.9
SA20160197_BPNLNKPL_02152	SA20160197_BPNLNKPL_02166	25.000	28	21	0	37	64	40	67	5.5	18.5
SA20160197_BPNLNKPL_02152	SA20160197_BPNLNKPL_02160	36.667	30	17	1	112	139	282	311	6.5	18.5
SA20160197_BPNLNKPL_02153	SA20160197_BPNLNKPL_02153	100.000	467	0	0	1	467	1	467	0.0	947
SA20160197_BPNLNKPL_02153	SA20160197_BPNLNKPL_02162	33.333	24	16	0	162	185	803	826	0.22	23.9
SA20160197_BPNLNKPL_02153	SA20160197_BPNLNKPL_02160	35.714	42	23	2	430	467	48	89	0.71	21.9
SA20160197_BPNLNKPL_02153	SA20160197_BPNLNKPL_02166	21.277	47	33	2	136	182	66	108	5.0	18.9
SA20160197_BPNLNKPL_02153	SA20160197_BPNLNKPL_02163	35.484	31	18	1	192	222	111	139	5.5	19.2
SA20160197_BPNLNKPL_02153	SA20160197_BPNLNKPL_02152	37.500	16	10	0	343	358	247	262	7.2	18.9
SA20160197_BPNLNKPL_02154	SA20160197_BPNLNKPL_02154	100.000	33	0	0	1	33	1	33	9.99e-22	68.9
SA20160197_BPNLNKPL_02154	SA20160197_BPNLNKPL_02156	66.667	6	2	0	4	9	493	498	4.5	14.6
SA20160197_BPNLNKPL_02154	SA20160197_BPNLNKPL_02162	54.545	11	5	0	16	26	93	103	7.1	14.2
SA20160197_BPNLNKPL_02155	SA20160197_BPNLNKPL_02155	100.000	990	0	0	1	990	1	990	0.0	2047
SA20160197_BPNLNKPL_02156	SA20160197_BPNLNKPL_02156	100.000	652	0	0	1	652	1	652	0.0	1353
SA20160197_BPNLNKPL_02156	SA20160197_BPNLNKPL_02149	39.130	46	20	2	603	648	625	662	0.15	24.6
SA20160197_BPNLNKPL_02156	SA20160197_BPNLNKPL_02166	26.415	53	29	1	233	275	78	130	0.76	21.9
SA20160197_BPNLNKPL_02156	SA20160197_BPNLNKPL_02161	46.667	30	14	1	531	560	188	215	0.85	22.3
SA20160197_BPNLNKPL_02156	SA20160197_BPNLNKPL_02155	57.143	14	6	0	183	196	644	657	7.0	19.2
SA20160197_BPNLNKPL_02156	SA20160197_BPNLNKPL_02163	40.000	30	18	0	446	475	74	103	8.7	18.9
SA20160197_BPNLNKPL_02157	SA20160197_BPNLNKPL_02157	100.000	417	0	0	1	417	1	417	0.0	838
SA20160197_BPNLNKPL_02157	SA20160197_BPNLNKPL_02160	45.000	20	11	0	274	293	90	109	0.40	22.7
SA20160197_BPNLNKPL_02158	SA20160197_BPNLNKPL_02158	100.000	64	0	0	1	64	1	64	3.33e-46	132
SA20160197_BPNLNKPL_02158	SA20160197_BPNLNKPL_02160	30.645	62	43	0	1	62	11	72	1.03e-06	34.7
SA20160197_BPNLNKPL_02158	SA20160197_BPNLNKPL_02169	31.250	16	11	0	3	18	278	293	0.26	19.2
SA20160197_BPNLNKPL_02159	SA20160197_BPNLNKPL_02159	100.000	154	0	0	1	154	1	154	2.96e-117	319
SA20160197_BPNLNKPL_02159	SA20160197_BPNLNKPL_02160	27.273	88	46	5	40	123	574	647	6.8	16.9
SA20160197_BPNLNKPL_02160	SA20160197_BPNLNKPL_02160	100.000	762	0	0	1	762	1	762	0.0	1519
SA20160197_BPNLNKPL_02160	SA20160197_BPNLNKPL_02158	30.645	62	43	0	11	72	1	62	1.22e-05	34.7
SA20160197_BPNLNKPL_02160	SA20160197_BPNLNKPL_02162	48.485	33	17	0	131	163	462	494	0.10	25.8
SA20160197_BPNLNKPL_02160	SA20160197_BPNLNKPL_02169	25.843	89	57	4	245	333	396	475	0.24	24.3
SA20160197_BPNLNKPL_02160	SA20160197_BPNLNKPL_02149	38.462	39	17	1	8	46	602	633	0.27	24.3
SA20160197_BPNLNKPL_02160	SA20160197_BPNLNKPL_02157	45.000	20	11	0	90	109	274	293	0.73	22.7
SA20160197_BPNLNKPL_02160	SA20160197_BPNLNKPL_02153	25.676	74	43	3	224	297	208	269	3.2	20.8
SA20160197_BPNLNKPL_02160	SA20160197_BPNLNKPL_02155	33.333	21	14	0	60	80	516	536	9.3	19.2
SA20160197_BPNLNKPL_02160	SA20160197_BPNLNKPL_02165	24.242	33	24	1	681	712	90	122	9.3	18.9
SA20160197_BPNLNKPL_02161	SA20160197_BPNLNKPL_02161	100.000	408	0	0	1	408	1	408	0.0	815
SA20160197_BPNLNKPL_02161	SA20160197_BPNLNKPL_02149	31.111	45	23	1	177	213	421	465	0.13	24.3
SA20160197_BPNLNKPL_02161	SA20160197_BPNLNKPL_02156	37.209	43	19	1	173	215	526	560	0.53	22.3
SA20160197_BPNLNKPL_02161	SA20160197_BPNLNKPL_02169	34.211	38	20	2	261	297	274	307	2.8	20.0
SA20160197_BPNLNKPL_02161	SA20160197_BPNLNKPL_02164	38.889	18	11	0	197	214	48	65	3.9	18.9
SA20160197_BPNLNKPL_02162	SA20160197_BPNLNKPL_02162	100.000	1055	0	0	1	1055	1	1055	0.0	2120
SA20160197_BPNLNKPL_02162	SA20160197_BPNLNKPL_02160	48.485	33	17	0	462	494	131	163	0.14	25.8
SA20160197_BPNLNKPL_02162	SA20160197_BPNLNKPL_02153	33.333	24	16	0	803	826	162	185	0.51	23.9
SA20160197_BPNLNKPL_02162	SA20160197_BPNLNKPL_02149	30.000	40	23	1	643	677	347	386	3.1	21.2
SA20160197_BPNLNKPL_02163	SA20160197_BPNLNKPL_02163	100.000	485	0	0	1	485	1	485	0.0	972
SA20160197_BPNLNKPL_02163	SA20160197_BPNLNKPL_02167	31.250	32	22	0	364	395	60	91	0.76	21.6
SA20160197_BPNLNKPL_02163	SA20160197_BPNLNKPL_02153	35.484	31	18	1	111	139	192	222	5.7	19.2
SA20160197_BPNLNKPL_02163	SA20160197_BPNLNKPL_02156	40.000	30	18	0	74	103	446	475	6.4	18.9
SA20160197_BPNLNKPL_02163	SA20160197_BPNLNKPL_02162	35.294	17	11	0	172	188	912	928	9.2	18.5
SA20160197_BPNLNKPL_02164	SA20160197_BPNLNKPL_02164	100.000	119	0	0	1	119	1	119	9.06e-89	244
SA20160197_BPNLNKPL_02164	SA20160197_BPNLNKPL_02161	38.889	18	11	0	48	65	197	214	1.1	18.9
SA20160197_BPNLNKPL_02164	SA20160197_BPNLNKPL_02169	45.455	11	6	0	81	91	447	457	4.6	17.3
SA20160197_BPNLNKPL_02164	SA20160197_BPNLNKPL_02155	31.111	45	23	2	53	89	909	953	9.5	16.2
SA20160197_BPNLNKPL_02165	SA20160197_BPNLNKPL_02165	100.000	175	0	0	1	175	1	175	4.90e-135	365
SA20160197_BPNLNKPL_02165	SA20160197_BPNLNKPL_02160	24.242	33	24	1	90	122	681	712	2.1	18.9
SA20160197_BPNLNKPL_02165	SA20160197_BPNLNKPL_02153	22.449	49	37	1	100	147	40	88	4.3	17.7
SA20160197_BPNLNKPL_02166	SA20160197_BPNLNKPL_02166	100.000	174	0	0	1	174	1	174	7.25e-132	357
SA20160197_BPNLNKPL_02166	SA20160197_BPNLNKPL_02156	26.415	53	29	1	78	130	233	275	0.22	21.9
SA20160197_BPNLNKPL_02166	SA20160197_BPNLNKPL_02153	21.277	47	33	2	66	108	136	182	1.5	19.2
SA20160197_BPNLNKPL_02166	SA20160197_BPNLNKPL_02152	25.000	28	21	0	40	67	37	64	2.4	18.5
SA20160197_BPNLNKPL_02166	SA20160197_BPNLNKPL_02168	30.303	33	21	1	11	41	95	127	4.6	17.7
SA20160197_BPNLNKPL_02166	SA20160197_BPNLNKPL_02162	37.500	24	15	0	144	167	217	240	5.3	17.7
SA20160197_BPNLNKPL_02167	SA20160197_BPNLNKPL_02167	100.000	162	0	0	1	162	1	162	3.77e-124	337
SA20160197_BPNLNKPL_02167	SA20160197_BPNLNKPL_02163	31.250	32	22	0	60	91	364	395	0.24	21.6
SA20160197_BPNLNKPL_02167	SA20160197_BPNLNKPL_02169	23.256	86	56	4	83	158	242	327	0.97	19.6
SA20160197_BPNLNKPL_02168	SA20160197_BPNLNKPL_02168	100.000	247	0	0	1	247	1	247	0.0	512
SA20160197_BPNLNKPL_02168	SA20160197_BPNLNKPL_02169	26.471	34	25	0	6	39	351	384	2.3	19.2
SA20160197_BPNLNKPL_02168	SA20160197_BPNLNKPL_02149	31.250	32	22	0	28	59	366	397	4.9	18.5
SA20160197_BPNLNKPL_02168	SA20160197_BPNLNKPL_02162	37.037	27	17	0	75	101	378	404	7.8	17.7
SA20160197_BPNLNKPL_02168	SA20160197_BPNLNKPL_02156	22.000	50	39	0	6	55	561	610	8.2	17.7
SA20160197_BPNLNKPL_02168	SA20160197_BPNLNKPL_02155	26.923	26	19	0	200	225	65	90	8.4	17.7
SA20160197_BPNLNKPL_02169	SA20160197_BPNLNKPL_02169	100.000	524	0	0	1	524	1	524	0.0	1073
SA20160197_BPNLNKPL_02169	SA20160197_BPNLNKPL_02160	25.843	89	57	4	396	475	245	333	0.15	24.3
SA20160197_BPNLNKPL_02169	SA20160197_BPNLNKPL_02158	31.250	16	11	0	278	293	3	18	2.1	19.2
SA20160197_BPNLNKPL_02169	SA20160197_BPNLNKPL_02161	34.211	38	20	2	274	307	261	297	2.5	20.4
SA20160197_BPNLNKPL_02169	SA20160197_BPNLNKPL_02167	23.256	86	56	4	242	327	83	158	3.1	19.6
SA20160197_BPNLNKPL_02169	SA20160197_BPNLNKPL_02168	26.471	34	25	0	351	384	6	39	4.9	19.2
SA20160200_AKBDPEOC_01993	SA20160200_AKBDPEOC_01993	100.000	696	0	0	1	696	1	696	0.0	1435
SA20160200_AKBDPEOC_01993	SA20160200_AKBDPEOC_02000	39.130	46	20	2	625	662	603	648	0.16	24.6
SA20160200_AKBDPEOC_01993	SA20160200_AKBDPEOC_02004	38.462	39	17	1	602	633	8	46	0.24	24.3
SA20160200_AKBDPEOC_01993	SA20160200_AKBDPEOC_02005	31.111	45	23	1	421	465	177	213	0.29	23.9
SA20160200_AKBDPEOC_01993	SA20160200_AKBDPEOC_02006	30.000	40	23	1	347	386	643	677	2.1	21.2
SA20160200_AKBDPEOC_01993	SA20160200_AKBDPEOC_01994	40.909	22	13	0	634	655	39	60	8.4	19.2
SA20160200_AKBDPEOC_01994	SA20160200_AKBDPEOC_01994	100.000	334	0	0	1	334	1	334	0.0	691
SA20160200_AKBDPEOC_01994	SA20160200_AKBDPEOC_01993	40.909	22	13	0	39	60	634	655	4.0	19.2
SA20160200_AKBDPEOC_01994	SA20160200_AKBDPEOC_01999	54.545	11	5	0	31	41	267	277	5.0	18.9
SA20160200_AKBDPEOC_01994	SA20160200_AKBDPEOC_02000	23.256	43	21	2	140	171	288	329	5.6	18.5
SA20160200_AKBDPEOC_01994	SA20160200_AKBDPEOC_02007	41.176	17	10	0	131	147	462	478	9.3	17.7
SA20160200_AKBDPEOC_01995	SA20160200_AKBDPEOC_01995	100.000	43	0	0	1	43	1	43	4.85e-27	82.8
SA20160200_AKBDPEOC_01995	SA20160200_AKBDPEOC_01996	29.032	31	16	1	11	35	7	37	2.9	15.4
SA20160200_AKBDPEOC_01996	SA20160200_AKBDPEOC_01996	100.000	336	0	0	1	336	1	336	0.0	667
SA20160200_AKBDPEOC_01996	SA20160200_AKBDPEOC_01997	37.500	16	10	0	247	262	343	358	4.3	18.9
SA20160200_AKBDPEOC_01996	SA20160200_AKBDPEOC_02010	25.000	28	21	0	37	64	40	67	5.5	18.5
SA20160200_AKBDPEOC_01996	SA20160200_AKBDPEOC_02004	36.667	30	17	1	112	139	282	311	6.5	18.5
SA20160200_AKBDPEOC_01997	SA20160200_AKBDPEOC_01997	100.000	467	0	0	1	467	1	467	0.0	947
SA20160200_AKBDPEOC_01997	SA20160200_AKBDPEOC_02006	33.333	24	16	0	162	185	803	826	0.22	23.9
SA20160200_AKBDPEOC_01997	SA20160200_AKBDPEOC_02004	35.714	42	23	2	430	467	48	89	0.71	21.9
SA20160200_AKBDPEOC_01997	SA20160200_AKBDPEOC_02010	21.277	47	33	2	136	182	66	108	5.0	18.9
SA20160200_AKBDPEOC_01997	SA20160200_AKBDPEOC_02007	35.484	31	18	1	192	222	111	139	5.6	19.2
SA20160200_AKBDPEOC_01997	SA20160200_AKBDPEOC_01996	37.500	16	10	0	343	358	247	262	7.2	18.9
SA20160200_AKBDPEOC_01998	SA20160200_AKBDPEOC_01998	100.000	33	0	0	1	33	1	33	9.99e-22	68.9
SA20160200_AKBDPEOC_01998	SA20160200_AKBDPEOC_02000	66.667	6	2	0	4	9	493	498	4.5	14.6
SA20160200_AKBDPEOC_01998	SA20160200_AKBDPEOC_02006	54.545	11	5	0	16	26	93	103	7.1	14.2
SA20160200_AKBDPEOC_01999	SA20160200_AKBDPEOC_01999	100.000	990	0	0	1	990	1	990	0.0	2047
SA20160200_AKBDPEOC_02000	SA20160200_AKBDPEOC_02000	100.000	652	0	0	1	652	1	652	0.0	1353
SA20160200_AKBDPEOC_02000	SA20160200_AKBDPEOC_01993	39.130	46	20	2	603	648	625	662	0.15	24.6
SA20160200_AKBDPEOC_02000	SA20160200_AKBDPEOC_02010	26.415	53	29	1	233	275	78	130	0.76	21.9
SA20160200_AKBDPEOC_02000	SA20160200_AKBDPEOC_02005	46.667	30	14	1	531	560	188	215	0.85	22.3
SA20160200_AKBDPEOC_02000	SA20160200_AKBDPEOC_01999	57.143	14	6	0	183	196	644	657	7.0	19.2
SA20160200_AKBDPEOC_02000	SA20160200_AKBDPEOC_02007	40.000	30	18	0	446	475	74	103	8.6	18.9
SA20160200_AKBDPEOC_02001	SA20160200_AKBDPEOC_02001	100.000	417	0	0	1	417	1	417	0.0	838
SA20160200_AKBDPEOC_02001	SA20160200_AKBDPEOC_02004	45.000	20	11	0	274	293	90	109	0.40	22.7
SA20160200_AKBDPEOC_02002	SA20160200_AKBDPEOC_02002	100.000	64	0	0	1	64	1	64	3.33e-46	132
SA20160200_AKBDPEOC_02002	SA20160200_AKBDPEOC_02004	30.645	62	43	0	1	62	11	72	1.03e-06	34.7
SA20160200_AKBDPEOC_02002	SA20160200_AKBDPEOC_02013	31.250	16	11	0	3	18	278	293	0.26	19.2
SA20160200_AKBDPEOC_02003	SA20160200_AKBDPEOC_02003	100.000	154	0	0	1	154	1	154	2.96e-117	319
SA20160200_AKBDPEOC_02003	SA20160200_AKBDPEOC_02004	27.273	88	46	5	40	123	574	647	6.8	16.9
SA20160200_AKBDPEOC_02004	SA20160200_AKBDPEOC_02004	100.000	762	0	0	1	762	1	762	0.0	1519
SA20160200_AKBDPEOC_02004	SA20160200_AKBDPEOC_02002	30.645	62	43	0	11	72	1	62	1.22e-05	34.7
SA20160200_AKBDPEOC_02004	SA20160200_AKBDPEOC_02006	48.485	33	17	0	131	163	462	494	0.10	25.8
SA20160200_AKBDPEOC_02004	SA20160200_AKBDPEOC_02013	25.843	89	57	4	245	333	396	475	0.24	24.3
SA20160200_AKBDPEOC_02004	SA20160200_AKBDPEOC_01993	38.462	39	17	1	8	46	602	633	0.27	24.3
SA20160200_AKBDPEOC_02004	SA20160200_AKBDPEOC_02001	45.000	20	11	0	90	109	274	293	0.73	22.7
SA20160200_AKBDPEOC_02004	SA20160200_AKBDPEOC_01997	25.676	74	43	3	224	297	208	269	3.2	20.8
SA20160200_AKBDPEOC_02004	SA20160200_AKBDPEOC_01999	33.333	21	14	0	60	80	516	536	9.3	19.2
SA20160200_AKBDPEOC_02004	SA20160200_AKBDPEOC_02009	24.242	33	24	1	681	712	90	122	9.3	18.9
SA20160200_AKBDPEOC_02005	SA20160200_AKBDPEOC_02005	100.000	408	0	0	1	408	1	408	0.0	815
SA20160200_AKBDPEOC_02005	SA20160200_AKBDPEOC_01993	31.111	45	23	1	177	213	421	465	0.13	24.3
SA20160200_AKBDPEOC_02005	SA20160200_AKBDPEOC_02000	37.209	43	19	1	173	215	526	560	0.53	22.3
SA20160200_AKBDPEOC_02005	SA20160200_AKBDPEOC_02013	34.211	38	20	2	261	297	274	307	2.8	20.0
SA20160200_AKBDPEOC_02005	SA20160200_AKBDPEOC_02008	38.889	18	11	0	197	214	48	65	3.9	18.9
SA20160200_AKBDPEOC_02006	SA20160200_AKBDPEOC_02006	100.000	1055	0	0	1	1055	1	1055	0.0	2120
SA20160200_AKBDPEOC_02006	SA20160200_AKBDPEOC_02004	48.485	33	17	0	462	494	131	163	0.14	25.8
SA20160200_AKBDPEOC_02006	SA20160200_AKBDPEOC_01997	33.333	24	16	0	803	826	162	185	0.51	23.9
SA20160200_AKBDPEOC_02006	SA20160200_AKBDPEOC_01993	30.000	40	23	1	643	677	347	386	3.1	21.2
SA20160200_AKBDPEOC_02007	SA20160200_AKBDPEOC_02007	100.000	485	0	0	1	485	1	485	0.0	971
SA20160200_AKBDPEOC_02007	SA20160200_AKBDPEOC_02011	31.250	32	22	0	364	395	60	91	0.78	21.6
SA20160200_AKBDPEOC_02007	SA20160200_AKBDPEOC_01997	35.484	31	18	1	111	139	192	222	5.8	19.2
SA20160200_AKBDPEOC_02007	SA20160200_AKBDPEOC_02000	40.000	30	18	0	74	103	446	475	6.4	18.9
SA20160200_AKBDPEOC_02007	SA20160200_AKBDPEOC_02006	35.294	17	11	0	172	188	912	928	9.0	18.5
SA20160200_AKBDPEOC_02008	SA20160200_AKBDPEOC_02008	100.000	119	0	0	1	119	1	119	9.06e-89	244
SA20160200_AKBDPEOC_02008	SA20160200_AKBDPEOC_02005	38.889	18	11	0	48	65	197	214	1.1	18.9
SA20160200_AKBDPEOC_02008	SA20160200_AKBDPEOC_02013	45.455	11	6	0	81	91	447	457	4.6	17.3
SA20160200_AKBDPEOC_02008	SA20160200_AKBDPEOC_01999	31.111	45	23	2	53	89	909	953	9.5	16.2
SA20160200_AKBDPEOC_02009	SA20160200_AKBDPEOC_02009	100.000	175	0	0	1	175	1	175	4.90e-135	365
SA20160200_AKBDPEOC_02009	SA20160200_AKBDPEOC_02004	24.242	33	24	1	90	122	681	712	2.1	18.9
SA20160200_AKBDPEOC_02009	SA20160200_AKBDPEOC_01997	22.449	49	37	1	100	147	40	88	4.3	17.7
SA20160200_AKBDPEOC_02010	SA20160200_AKBDPEOC_02010	100.000	174	0	0	1	174	1	174	7.25e-132	357
SA20160200_AKBDPEOC_02010	SA20160200_AKBDPEOC_02000	26.415	53	29	1	78	130	233	275	0.22	21.9
SA20160200_AKBDPEOC_02010	SA20160200_AKBDPEOC_01997	21.277	47	33	2	66	108	136	182	1.5	19.2
SA20160200_AKBDPEOC_02010	SA20160200_AKBDPEOC_01996	25.000	28	21	0	40	67	37	64	2.4	18.5
SA20160200_AKBDPEOC_02010	SA20160200_AKBDPEOC_02012	30.303	33	21	1	11	41	95	127	4.6	17.7
SA20160200_AKBDPEOC_02010	SA20160200_AKBDPEOC_02007	29.091	55	30	2	11	56	255	309	5.0	17.7
SA20160200_AKBDPEOC_02010	SA20160200_AKBDPEOC_02006	37.500	24	15	0	144	167	217	240	5.3	17.7
SA20160200_AKBDPEOC_02011	SA20160200_AKBDPEOC_02011	100.000	162	0	0	1	162	1	162	3.77e-124	337
SA20160200_AKBDPEOC_02011	SA20160200_AKBDPEOC_02007	31.250	32	22	0	60	91	364	395	0.24	21.6
SA20160200_AKBDPEOC_02011	SA20160200_AKBDPEOC_02013	23.256	86	56	4	83	158	242	327	0.97	19.6
SA20160200_AKBDPEOC_02012	SA20160200_AKBDPEOC_02012	100.000	247	0	0	1	247	1	247	0.0	512
SA20160200_AKBDPEOC_02012	SA20160200_AKBDPEOC_02013	26.471	34	25	0	6	39	351	384	2.3	19.2
SA20160200_AKBDPEOC_02012	SA20160200_AKBDPEOC_01993	31.250	32	22	0	28	59	366	397	4.9	18.5
SA20160200_AKBDPEOC_02012	SA20160200_AKBDPEOC_02006	37.037	27	17	0	75	101	378	404	7.8	17.7
SA20160200_AKBDPEOC_02012	SA20160200_AKBDPEOC_02000	22.000	50	39	0	6	55	561	610	8.2	17.7
SA20160200_AKBDPEOC_02012	SA20160200_AKBDPEOC_01999	26.923	26	19	0	200	225	65	90	8.4	17.7
SA20160200_AKBDPEOC_02013	SA20160200_AKBDPEOC_02013	100.000	524	0	0	1	524	1	524	0.0	1073
SA20160200_AKBDPEOC_02013	SA20160200_AKBDPEOC_02004	25.843	89	57	4	396	475	245	333	0.15	24.3
SA20160200_AKBDPEOC_02013	SA20160200_AKBDPEOC_02002	31.250	16	11	0	278	293	3	18	2.1	19.2
SA20160200_AKBDPEOC_02013	SA20160200_AKBDPEOC_02005	34.211	38	20	2	274	307	261	297	2.5	20.4
SA20160200_AKBDPEOC_02013	SA20160200_AKBDPEOC_02011	23.256	86	56	4	242	327	83	158	3.1	19.6
SA20160200_AKBDPEOC_02013	SA20160200_AKBDPEOC_02012	26.471	34	25	0	351	384	6	39	4.9	19.2
