SA20160201_IJJBCCFE_00153	SA20160323_HIEPLBCK_03712	98.282	524	9	0	1	524	1	524	0.0	1058
SA20160201_IJJBCCFE_00153	SA20160323_HIEPLBCK_03703	25.843	89	57	4	396	475	245	333	0.18	24.3
SA20160201_IJJBCCFE_00153	SA20160323_HIEPLBCK_03701	31.250	16	11	0	278	293	3	18	2.1	19.2
SA20160201_IJJBCCFE_00153	SA20160323_HIEPLBCK_03704	34.211	38	20	2	274	307	261	297	2.6	20.4
SA20160201_IJJBCCFE_00153	SA20160323_HIEPLBCK_03710	23.256	86	56	4	242	327	83	158	3.2	19.6
SA20160201_IJJBCCFE_00153	SA20160323_HIEPLBCK_03711	26.471	34	25	0	351	384	6	39	4.8	19.2
SA20160201_IJJBCCFE_00154	SA20160323_HIEPLBCK_03711	98.381	247	4	0	1	247	1	247	0.0	505
SA20160201_IJJBCCFE_00154	SA20160323_HIEPLBCK_03712	26.471	34	25	0	6	39	351	384	2.1	19.6
SA20160201_IJJBCCFE_00154	SA20160323_HIEPLBCK_03692	31.250	32	22	0	28	59	366	397	5.2	18.1
SA20160201_IJJBCCFE_00154	SA20160323_HIEPLBCK_03705	37.037	27	17	0	75	101	378	404	7.8	17.7
SA20160201_IJJBCCFE_00155	SA20160323_HIEPLBCK_03710	99.383	162	1	0	1	162	1	162	2.20e-123	335
SA20160201_IJJBCCFE_00155	SA20160323_HIEPLBCK_03706	31.250	32	22	0	60	91	364	395	0.24	21.6
SA20160201_IJJBCCFE_00155	SA20160323_HIEPLBCK_03712	23.256	86	56	4	83	158	242	327	1.8	18.9
SA20160201_IJJBCCFE_00155	SA20160323_HIEPLBCK_03711	50.000	18	9	0	101	118	116	133	5.1	17.3
SA20160201_IJJBCCFE_00155	SA20160323_HIEPLBCK_03692	35.714	14	9	0	101	114	81	94	9.9	16.5
SA20160201_IJJBCCFE_00156	SA20160323_HIEPLBCK_03709	99.425	174	1	0	1	174	1	174	2.51e-131	356
SA20160201_IJJBCCFE_00156	SA20160323_HIEPLBCK_03699	26.415	53	29	1	78	130	233	275	0.22	21.9
SA20160201_IJJBCCFE_00156	SA20160323_HIEPLBCK_03696	21.277	47	33	2	66	108	136	182	1.5	19.2
SA20160201_IJJBCCFE_00156	SA20160323_HIEPLBCK_03695	25.000	28	21	0	40	67	37	64	2.5	18.5
SA20160201_IJJBCCFE_00156	SA20160323_HIEPLBCK_03706	29.091	55	30	2	11	56	255	309	4.8	17.7
SA20160201_IJJBCCFE_00156	SA20160323_HIEPLBCK_03705	37.500	24	15	0	144	167	217	240	5.3	17.7
SA20160201_IJJBCCFE_00157	SA20160323_HIEPLBCK_03708	98.857	175	2	0	1	175	1	175	1.10e-133	362
SA20160201_IJJBCCFE_00157	SA20160323_HIEPLBCK_03703	24.242	33	24	1	90	122	681	712	2.1	18.9
SA20160201_IJJBCCFE_00157	SA20160323_HIEPLBCK_03696	23.077	52	39	1	97	147	37	88	4.2	18.1
SA20160201_IJJBCCFE_00157	SA20160323_HIEPLBCK_03698	21.739	23	18	0	111	133	63	85	5.5	17.7
SA20160201_IJJBCCFE_00158	SA20160323_HIEPLBCK_03707	100.000	119	0	0	1	119	1	119	9.06e-89	244
SA20160201_IJJBCCFE_00158	SA20160323_HIEPLBCK_03704	38.889	18	11	0	48	65	197	214	1.0	18.9
SA20160201_IJJBCCFE_00158	SA20160323_HIEPLBCK_03712	45.455	11	6	0	81	91	447	457	4.6	17.3
SA20160201_IJJBCCFE_00158	SA20160323_HIEPLBCK_03698	31.111	45	23	2	53	89	909	953	9.5	16.2
SA20160201_IJJBCCFE_00159	SA20160323_HIEPLBCK_03706	99.381	485	3	0	1	485	1	485	0.0	965
SA20160201_IJJBCCFE_00159	SA20160323_HIEPLBCK_03710	31.250	32	22	0	364	395	60	91	0.77	21.6
SA20160201_IJJBCCFE_00159	SA20160323_HIEPLBCK_03696	35.484	31	18	1	111	139	192	222	5.8	19.2
SA20160201_IJJBCCFE_00159	SA20160323_HIEPLBCK_03699	40.000	30	18	0	74	103	446	475	6.6	18.9
SA20160201_IJJBCCFE_00159	SA20160323_HIEPLBCK_03705	35.294	17	11	0	172	188	912	928	9.0	18.5
SA20160201_IJJBCCFE_00160	SA20160323_HIEPLBCK_03705	99.716	1055	3	0	1	1055	1	1055	0.0	2116
SA20160201_IJJBCCFE_00160	SA20160323_HIEPLBCK_03703	45.455	33	18	0	462	494	131	163	0.30	24.6
SA20160201_IJJBCCFE_00160	SA20160323_HIEPLBCK_03696	33.333	24	16	0	803	826	162	185	0.51	23.9
SA20160201_IJJBCCFE_00160	SA20160323_HIEPLBCK_03692	30.000	40	23	1	643	677	347	386	2.9	21.2
SA20160201_IJJBCCFE_00161	SA20160323_HIEPLBCK_03704	99.020	408	4	0	1	408	1	408	0.0	807
SA20160201_IJJBCCFE_00161	SA20160323_HIEPLBCK_03692	38.095	21	13	0	177	197	421	441	0.16	23.9
SA20160201_IJJBCCFE_00161	SA20160323_HIEPLBCK_03699	37.209	43	19	1	173	215	526	560	0.51	22.3
SA20160201_IJJBCCFE_00161	SA20160323_HIEPLBCK_03712	34.211	38	20	2	261	297	274	307	2.1	20.4
SA20160201_IJJBCCFE_00161	SA20160323_HIEPLBCK_03707	38.889	18	11	0	197	214	48	65	3.9	18.9
SA20160201_IJJBCCFE_00161	SA20160323_HIEPLBCK_03703	31.915	47	24	1	326	372	243	281	9.8	18.1
SA20160201_IJJBCCFE_00162	SA20160323_HIEPLBCK_03703	99.475	762	4	0	1	762	1	762	0.0	1513
SA20160201_IJJBCCFE_00162	SA20160323_HIEPLBCK_03701	30.645	62	43	0	11	72	1	62	1.22e-05	34.7
SA20160201_IJJBCCFE_00162	SA20160323_HIEPLBCK_03705	48.485	33	17	0	131	163	462	494	0.10	25.8
SA20160201_IJJBCCFE_00162	SA20160323_HIEPLBCK_03692	38.462	39	17	1	8	46	602	633	0.27	24.3
SA20160201_IJJBCCFE_00162	SA20160323_HIEPLBCK_03712	25.843	89	57	4	245	333	396	475	0.39	23.5
SA20160201_IJJBCCFE_00162	SA20160323_HIEPLBCK_03700	45.000	20	11	0	90	109	274	293	0.76	22.7
SA20160201_IJJBCCFE_00162	SA20160323_HIEPLBCK_03696	35.714	42	23	2	48	89	430	467	1.1	21.9
SA20160201_IJJBCCFE_00162	SA20160323_HIEPLBCK_03711	26.667	45	31	2	537	579	99	143	1.2	21.9
SA20160201_IJJBCCFE_00162	SA20160323_HIEPLBCK_03698	33.333	21	14	0	60	80	516	536	9.2	19.2
SA20160201_IJJBCCFE_00163	SA20160323_HIEPLBCK_03702	100.000	154	0	0	1	154	1	154	2.96e-117	319
SA20160201_IJJBCCFE_00163	SA20160323_HIEPLBCK_03703	27.273	88	46	5	40	123	574	647	7.3	16.9
SA20160201_IJJBCCFE_00164	SA20160323_HIEPLBCK_03701	100.000	64	0	0	1	64	1	64	3.33e-46	132
SA20160201_IJJBCCFE_00164	SA20160323_HIEPLBCK_03703	30.645	62	43	0	1	62	11	72	1.05e-06	34.3
SA20160201_IJJBCCFE_00164	SA20160323_HIEPLBCK_03712	50.000	10	5	0	5	14	405	414	9.3	15.0
SA20160201_IJJBCCFE_00165	SA20160323_HIEPLBCK_03700	99.520	417	2	0	1	417	1	417	0.0	836
SA20160201_IJJBCCFE_00165	SA20160323_HIEPLBCK_03703	45.000	20	11	0	274	293	90	109	0.40	22.7
SA20160201_IJJBCCFE_00166	SA20160323_HIEPLBCK_03699	99.540	652	3	0	1	652	1	652	0.0	1345
SA20160201_IJJBCCFE_00166	SA20160323_HIEPLBCK_03692	39.130	46	20	2	603	648	625	662	0.15	24.6
SA20160201_IJJBCCFE_00166	SA20160323_HIEPLBCK_03709	26.415	53	29	1	233	275	78	130	0.66	22.3
SA20160201_IJJBCCFE_00166	SA20160323_HIEPLBCK_03704	46.667	30	14	1	531	560	188	215	0.78	22.3
SA20160201_IJJBCCFE_00166	SA20160323_HIEPLBCK_03698	57.143	14	6	0	183	196	644	657	6.9	19.2
SA20160201_IJJBCCFE_00166	SA20160323_HIEPLBCK_03706	40.000	30	18	0	446	475	74	103	8.9	18.9
SA20160201_IJJBCCFE_00167	SA20160323_HIEPLBCK_03698	99.394	990	6	0	1	990	1	990	0.0	2034
SA20160201_IJJBCCFE_00167	SA20160323_HIEPLBCK_03703	38.095	21	13	0	516	536	60	80	7.4	20.0
SA20160201_IJJBCCFE_00168	SA20160323_HIEPLBCK_03697	100.000	33	0	0	1	33	1	33	9.99e-22	68.9
SA20160201_IJJBCCFE_00168	SA20160323_HIEPLBCK_03699	66.667	6	2	0	4	9	493	498	4.7	14.6
SA20160201_IJJBCCFE_00168	SA20160323_HIEPLBCK_03705	54.545	11	5	0	16	26	93	103	7.1	14.2
SA20160201_IJJBCCFE_00169	SA20160323_HIEPLBCK_03696	99.786	467	1	0	1	467	1	467	0.0	946
SA20160201_IJJBCCFE_00169	SA20160323_HIEPLBCK_03705	33.333	24	16	0	162	185	803	826	0.22	23.9
SA20160201_IJJBCCFE_00169	SA20160323_HIEPLBCK_03703	38.095	42	22	2	430	467	48	89	0.47	22.7
SA20160201_IJJBCCFE_00169	SA20160323_HIEPLBCK_03709	21.277	47	33	2	136	182	66	108	4.9	18.9
SA20160201_IJJBCCFE_00169	SA20160323_HIEPLBCK_03706	35.484	31	18	1	192	222	111	139	5.4	19.2
SA20160201_IJJBCCFE_00169	SA20160323_HIEPLBCK_03695	37.500	16	10	0	343	358	247	262	7.1	18.9
SA20160201_IJJBCCFE_00170	SA20160323_HIEPLBCK_03695	99.702	336	1	0	1	336	1	336	0.0	665
SA20160201_IJJBCCFE_00170	SA20160323_HIEPLBCK_03696	37.500	16	10	0	247	262	343	358	4.3	18.9
SA20160201_IJJBCCFE_00170	SA20160323_HIEPLBCK_03709	25.000	28	21	0	37	64	40	67	6.0	18.5
SA20160201_IJJBCCFE_00170	SA20160323_HIEPLBCK_03703	36.667	30	17	1	112	139	282	311	6.5	18.5
SA20160201_IJJBCCFE_00170	SA20160323_HIEPLBCK_03704	60.000	10	4	0	113	122	27	36	7.9	18.1
SA20160201_IJJBCCFE_00171	SA20160323_HIEPLBCK_03694	100.000	43	0	0	1	43	1	43	4.85e-27	82.8
SA20160201_IJJBCCFE_00171	SA20160323_HIEPLBCK_03695	29.032	31	16	1	11	35	7	37	2.8	15.8
SA20160201_IJJBCCFE_00171	SA20160323_HIEPLBCK_03693	26.087	23	16	1	6	28	156	177	9.2	14.2
SA20160201_IJJBCCFE_00172	SA20160323_HIEPLBCK_03693	99.401	334	2	0	1	334	1	334	0.0	687
SA20160201_IJJBCCFE_00172	SA20160323_HIEPLBCK_03692	40.909	22	13	0	39	60	634	655	3.8	19.2
SA20160201_IJJBCCFE_00172	SA20160323_HIEPLBCK_03698	54.545	11	5	0	31	41	267	277	4.8	18.9
SA20160201_IJJBCCFE_00172	SA20160323_HIEPLBCK_03699	23.256	43	21	2	140	171	288	329	5.5	18.5
SA20160201_IJJBCCFE_00172	SA20160323_HIEPLBCK_03706	41.176	17	10	0	131	147	462	478	9.3	17.7
SA20160201_IJJBCCFE_00173	SA20160323_HIEPLBCK_03692	98.851	696	8	0	1	696	1	696	0.0	1418
SA20160201_IJJBCCFE_00173	SA20160323_HIEPLBCK_03699	39.130	46	20	2	625	662	603	648	0.16	24.6
SA20160201_IJJBCCFE_00173	SA20160323_HIEPLBCK_03703	38.462	39	17	1	602	633	8	46	0.24	24.3
SA20160201_IJJBCCFE_00173	SA20160323_HIEPLBCK_03704	31.111	45	23	1	421	465	177	213	0.32	23.9
SA20160201_IJJBCCFE_00173	SA20160323_HIEPLBCK_03705	30.000	40	23	1	347	386	643	677	2.1	21.2
SA20160201_IJJBCCFE_00173	SA20160323_HIEPLBCK_03693	40.909	22	13	0	634	655	39	60	8.2	19.2
SA20160323_HIEPLBCK_03692	SA20160323_HIEPLBCK_03692	100.000	696	0	0	1	696	1	696	0.0	1434
SA20160323_HIEPLBCK_03692	SA20160323_HIEPLBCK_03699	39.130	46	20	2	625	662	603	648	0.16	24.6
SA20160323_HIEPLBCK_03692	SA20160323_HIEPLBCK_03703	38.462	39	17	1	602	633	8	46	0.24	24.3
SA20160323_HIEPLBCK_03692	SA20160323_HIEPLBCK_03704	38.095	21	13	0	421	441	177	197	0.36	23.5
SA20160323_HIEPLBCK_03692	SA20160323_HIEPLBCK_03705	30.000	40	23	1	347	386	643	677	1.9	21.2
SA20160323_HIEPLBCK_03692	SA20160323_HIEPLBCK_03693	40.909	22	13	0	634	655	39	60	7.8	19.2
SA20160323_HIEPLBCK_03693	SA20160323_HIEPLBCK_03693	100.000	334	0	0	1	334	1	334	0.0	690
SA20160323_HIEPLBCK_03693	SA20160323_HIEPLBCK_03692	40.909	22	13	0	39	60	634	655	3.7	19.2
SA20160323_HIEPLBCK_03693	SA20160323_HIEPLBCK_03698	54.545	11	5	0	31	41	267	277	4.8	18.9
SA20160323_HIEPLBCK_03693	SA20160323_HIEPLBCK_03699	57.143	14	6	0	224	237	189	202	6.5	18.5
SA20160323_HIEPLBCK_03693	SA20160323_HIEPLBCK_03706	41.176	17	10	0	131	147	462	478	9.0	18.1
SA20160323_HIEPLBCK_03693	SA20160323_HIEPLBCK_03703	30.303	33	23	0	11	43	166	198	9.8	17.7
SA20160323_HIEPLBCK_03694	SA20160323_HIEPLBCK_03694	100.000	43	0	0	1	43	1	43	4.85e-27	82.8
SA20160323_HIEPLBCK_03694	SA20160323_HIEPLBCK_03695	29.032	31	16	1	11	35	7	37	2.8	15.8
SA20160323_HIEPLBCK_03694	SA20160323_HIEPLBCK_03693	26.087	23	16	1	6	28	156	177	9.2	14.2
SA20160323_HIEPLBCK_03695	SA20160323_HIEPLBCK_03695	100.000	336	0	0	1	336	1	336	0.0	668
SA20160323_HIEPLBCK_03695	SA20160323_HIEPLBCK_03696	37.500	16	10	0	247	262	343	358	4.3	18.9
SA20160323_HIEPLBCK_03695	SA20160323_HIEPLBCK_03709	25.000	28	21	0	37	64	40	67	6.0	18.5
SA20160323_HIEPLBCK_03695	SA20160323_HIEPLBCK_03703	36.667	30	17	1	112	139	282	311	6.5	18.5
SA20160323_HIEPLBCK_03695	SA20160323_HIEPLBCK_03704	60.000	10	4	0	113	122	27	36	7.9	18.1
SA20160323_HIEPLBCK_03696	SA20160323_HIEPLBCK_03696	100.000	467	0	0	1	467	1	467	0.0	947
SA20160323_HIEPLBCK_03696	SA20160323_HIEPLBCK_03705	33.333	24	16	0	162	185	803	826	0.22	23.9
SA20160323_HIEPLBCK_03696	SA20160323_HIEPLBCK_03703	38.095	42	22	2	430	467	48	89	0.47	22.7
SA20160323_HIEPLBCK_03696	SA20160323_HIEPLBCK_03709	21.277	47	33	2	136	182	66	108	4.9	18.9
SA20160323_HIEPLBCK_03696	SA20160323_HIEPLBCK_03706	35.484	31	18	1	192	222	111	139	5.5	19.2
SA20160323_HIEPLBCK_03696	SA20160323_HIEPLBCK_03695	38.889	18	11	0	341	358	245	262	6.7	18.9
SA20160323_HIEPLBCK_03697	SA20160323_HIEPLBCK_03697	100.000	33	0	0	1	33	1	33	9.99e-22	68.9
SA20160323_HIEPLBCK_03697	SA20160323_HIEPLBCK_03699	66.667	6	2	0	4	9	493	498	4.7	14.6
SA20160323_HIEPLBCK_03697	SA20160323_HIEPLBCK_03705	54.545	11	5	0	16	26	93	103	7.1	14.2
SA20160323_HIEPLBCK_03698	SA20160323_HIEPLBCK_03698	100.000	990	0	0	1	990	1	990	0.0	2046
SA20160323_HIEPLBCK_03698	SA20160323_HIEPLBCK_03703	38.095	21	13	0	516	536	60	80	7.6	20.0
SA20160323_HIEPLBCK_03699	SA20160323_HIEPLBCK_03699	100.000	652	0	0	1	652	1	652	0.0	1352
SA20160323_HIEPLBCK_03699	SA20160323_HIEPLBCK_03692	39.130	46	20	2	603	648	625	662	0.15	24.6
SA20160323_HIEPLBCK_03699	SA20160323_HIEPLBCK_03709	26.415	53	29	1	233	275	78	130	0.66	22.3
SA20160323_HIEPLBCK_03699	SA20160323_HIEPLBCK_03704	46.667	30	14	1	531	560	188	215	0.75	22.3
SA20160323_HIEPLBCK_03699	SA20160323_HIEPLBCK_03705	23.684	114	78	4	1	108	796	906	6.1	19.6
SA20160323_HIEPLBCK_03699	SA20160323_HIEPLBCK_03698	57.143	14	6	0	183	196	644	657	6.7	19.6
SA20160323_HIEPLBCK_03699	SA20160323_HIEPLBCK_03706	40.000	30	18	0	446	475	74	103	9.0	18.9
SA20160323_HIEPLBCK_03700	SA20160323_HIEPLBCK_03700	100.000	417	0	0	1	417	1	417	0.0	838
SA20160323_HIEPLBCK_03700	SA20160323_HIEPLBCK_03703	45.000	20	11	0	274	293	90	109	0.41	22.7
SA20160323_HIEPLBCK_03701	SA20160323_HIEPLBCK_03701	100.000	64	0	0	1	64	1	64	3.33e-46	132
SA20160323_HIEPLBCK_03701	SA20160323_HIEPLBCK_03703	30.645	62	43	0	1	62	11	72	1.05e-06	34.3
SA20160323_HIEPLBCK_03701	SA20160323_HIEPLBCK_03712	50.000	10	5	0	5	14	405	414	9.3	15.0
SA20160323_HIEPLBCK_03702	SA20160323_HIEPLBCK_03702	100.000	154	0	0	1	154	1	154	2.96e-117	319
SA20160323_HIEPLBCK_03702	SA20160323_HIEPLBCK_03703	27.273	88	46	5	40	123	574	647	7.3	16.9
SA20160323_HIEPLBCK_03703	SA20160323_HIEPLBCK_03703	100.000	762	0	0	1	762	1	762	0.0	1519
SA20160323_HIEPLBCK_03703	SA20160323_HIEPLBCK_03701	30.645	62	43	0	11	72	1	62	1.25e-05	34.3
SA20160323_HIEPLBCK_03703	SA20160323_HIEPLBCK_03705	45.455	33	18	0	131	163	462	494	0.23	24.6
SA20160323_HIEPLBCK_03703	SA20160323_HIEPLBCK_03692	38.462	39	17	1	8	46	602	633	0.27	24.3
SA20160323_HIEPLBCK_03703	SA20160323_HIEPLBCK_03712	25.843	89	57	4	245	333	396	475	0.41	23.5
SA20160323_HIEPLBCK_03703	SA20160323_HIEPLBCK_03700	45.000	20	11	0	90	109	274	293	0.75	22.7
SA20160323_HIEPLBCK_03703	SA20160323_HIEPLBCK_03711	26.667	45	31	2	537	579	99	143	1.2	21.9
SA20160323_HIEPLBCK_03703	SA20160323_HIEPLBCK_03696	25.676	74	43	3	224	297	208	269	3.5	20.4
SA20160323_HIEPLBCK_03703	SA20160323_HIEPLBCK_03698	38.095	21	13	0	60	80	516	536	5.8	20.0
SA20160323_HIEPLBCK_03704	SA20160323_HIEPLBCK_03704	100.000	408	0	0	1	408	1	408	0.0	815
SA20160323_HIEPLBCK_03704	SA20160323_HIEPLBCK_03692	38.095	21	13	0	177	197	421	441	0.16	23.9
SA20160323_HIEPLBCK_03704	SA20160323_HIEPLBCK_03699	37.209	43	19	1	173	215	526	560	0.50	22.3
SA20160323_HIEPLBCK_03704	SA20160323_HIEPLBCK_03712	34.211	38	20	2	261	297	274	307	2.0	20.4
SA20160323_HIEPLBCK_03704	SA20160323_HIEPLBCK_03707	38.889	18	11	0	197	214	48	65	3.6	19.2
SA20160323_HIEPLBCK_03704	SA20160323_HIEPLBCK_03703	31.915	47	24	1	326	372	243	281	9.5	18.1
SA20160323_HIEPLBCK_03704	SA20160323_HIEPLBCK_03695	60.000	10	4	0	27	36	113	122	9.9	18.1
SA20160323_HIEPLBCK_03705	SA20160323_HIEPLBCK_03705	100.000	1055	0	0	1	1055	1	1055	0.0	2120
SA20160323_HIEPLBCK_03705	SA20160323_HIEPLBCK_03703	45.455	33	18	0	462	494	131	163	0.30	24.6
SA20160323_HIEPLBCK_03705	SA20160323_HIEPLBCK_03696	33.333	24	16	0	803	826	162	185	0.50	23.9
SA20160323_HIEPLBCK_03705	SA20160323_HIEPLBCK_03692	30.000	40	23	1	643	677	347	386	2.9	21.2
SA20160323_HIEPLBCK_03705	SA20160323_HIEPLBCK_03699	23.684	114	78	4	796	906	1	108	9.7	19.6
SA20160323_HIEPLBCK_03706	SA20160323_HIEPLBCK_03706	100.000	485	0	0	1	485	1	485	0.0	972
SA20160323_HIEPLBCK_03706	SA20160323_HIEPLBCK_03710	31.250	32	22	0	364	395	60	91	0.76	21.6
SA20160323_HIEPLBCK_03706	SA20160323_HIEPLBCK_03696	35.484	31	18	1	111	139	192	222	5.7	19.2
SA20160323_HIEPLBCK_03706	SA20160323_HIEPLBCK_03699	40.000	30	18	0	74	103	446	475	6.7	18.9
SA20160323_HIEPLBCK_03706	SA20160323_HIEPLBCK_03705	35.294	17	11	0	172	188	912	928	8.8	18.5
SA20160323_HIEPLBCK_03707	SA20160323_HIEPLBCK_03707	100.000	119	0	0	1	119	1	119	9.06e-89	244
SA20160323_HIEPLBCK_03707	SA20160323_HIEPLBCK_03704	38.889	18	11	0	48	65	197	214	1.0	18.9
SA20160323_HIEPLBCK_03707	SA20160323_HIEPLBCK_03712	45.455	11	6	0	81	91	447	457	4.6	17.3
SA20160323_HIEPLBCK_03707	SA20160323_HIEPLBCK_03698	31.111	45	23	2	53	89	909	953	9.5	16.2
SA20160323_HIEPLBCK_03708	SA20160323_HIEPLBCK_03708	100.000	175	0	0	1	175	1	175	1.42e-134	364
SA20160323_HIEPLBCK_03708	SA20160323_HIEPLBCK_03703	24.242	33	24	1	90	122	681	712	2.8	18.5
SA20160323_HIEPLBCK_03708	SA20160323_HIEPLBCK_03698	21.739	23	18	0	111	133	63	85	6.3	17.3
SA20160323_HIEPLBCK_03708	SA20160323_HIEPLBCK_03695	38.889	18	11	0	91	108	44	61	8.3	16.9
SA20160323_HIEPLBCK_03709	SA20160323_HIEPLBCK_03709	100.000	174	0	0	1	174	1	174	5.76e-132	358
SA20160323_HIEPLBCK_03709	SA20160323_HIEPLBCK_03699	26.415	53	29	1	78	130	233	275	0.21	21.9
SA20160323_HIEPLBCK_03709	SA20160323_HIEPLBCK_03696	21.277	47	33	2	66	108	136	182	1.6	19.2
SA20160323_HIEPLBCK_03709	SA20160323_HIEPLBCK_03695	25.000	28	21	0	40	67	37	64	2.6	18.5
SA20160323_HIEPLBCK_03709	SA20160323_HIEPLBCK_03706	29.091	55	30	2	11	56	255	309	4.5	17.7
SA20160323_HIEPLBCK_03709	SA20160323_HIEPLBCK_03705	37.500	24	15	0	144	167	217	240	5.3	17.7
SA20160323_HIEPLBCK_03710	SA20160323_HIEPLBCK_03710	100.000	162	0	0	1	162	1	162	7.04e-124	336
SA20160323_HIEPLBCK_03710	SA20160323_HIEPLBCK_03706	31.250	32	22	0	60	91	364	395	0.25	21.6
SA20160323_HIEPLBCK_03710	SA20160323_HIEPLBCK_03712	23.256	86	56	4	83	158	242	327	1.9	18.9
SA20160323_HIEPLBCK_03710	SA20160323_HIEPLBCK_03711	50.000	18	9	0	101	118	116	133	4.9	17.3
SA20160323_HIEPLBCK_03710	SA20160323_HIEPLBCK_03692	35.714	14	9	0	101	114	81	94	9.6	16.5
SA20160323_HIEPLBCK_03711	SA20160323_HIEPLBCK_03711	100.000	247	0	0	1	247	1	247	0.0	514
SA20160323_HIEPLBCK_03711	SA20160323_HIEPLBCK_03703	26.667	45	31	2	99	143	537	579	0.38	21.9
SA20160323_HIEPLBCK_03711	SA20160323_HIEPLBCK_03712	26.471	34	25	0	6	39	351	384	2.1	19.6
SA20160323_HIEPLBCK_03711	SA20160323_HIEPLBCK_03705	37.037	27	17	0	75	101	378	404	7.8	17.7
SA20160323_HIEPLBCK_03711	SA20160323_HIEPLBCK_03710	50.000	18	9	0	116	133	101	118	8.0	17.3
SA20160323_HIEPLBCK_03712	SA20160323_HIEPLBCK_03712	100.000	524	0	0	1	524	1	524	0.0	1076
SA20160323_HIEPLBCK_03712	SA20160323_HIEPLBCK_03703	25.843	89	57	4	396	475	245	333	0.27	23.5
SA20160323_HIEPLBCK_03712	SA20160323_HIEPLBCK_03704	34.211	38	20	2	274	307	261	297	1.9	20.8
SA20160323_HIEPLBCK_03712	SA20160323_HIEPLBCK_03711	26.471	34	25	0	351	384	6	39	4.5	19.6
SA20160323_HIEPLBCK_03712	SA20160323_HIEPLBCK_03710	23.256	86	56	4	242	327	83	158	6.3	18.9
SA20160201_IJJBCCFE_00153	SA20160201_IJJBCCFE_00153	100.000	524	0	0	1	524	1	524	0.0	1073
SA20160201_IJJBCCFE_00153	SA20160201_IJJBCCFE_00162	25.843	89	57	4	396	475	245	333	0.15	24.3
SA20160201_IJJBCCFE_00153	SA20160201_IJJBCCFE_00164	31.250	16	11	0	278	293	3	18	2.1	19.2
SA20160201_IJJBCCFE_00153	SA20160201_IJJBCCFE_00161	34.211	38	20	2	274	307	261	297	2.5	20.4
SA20160201_IJJBCCFE_00153	SA20160201_IJJBCCFE_00155	23.256	86	56	4	242	327	83	158	3.1	19.6
SA20160201_IJJBCCFE_00153	SA20160201_IJJBCCFE_00154	26.471	34	25	0	351	384	6	39	4.9	19.2
SA20160201_IJJBCCFE_00154	SA20160201_IJJBCCFE_00154	100.000	247	0	0	1	247	1	247	0.0	512
SA20160201_IJJBCCFE_00154	SA20160201_IJJBCCFE_00153	26.471	34	25	0	6	39	351	384	2.3	19.2
SA20160201_IJJBCCFE_00154	SA20160201_IJJBCCFE_00173	31.250	32	22	0	28	59	366	397	4.9	18.5
SA20160201_IJJBCCFE_00154	SA20160201_IJJBCCFE_00160	37.037	27	17	0	75	101	378	404	7.8	17.7
SA20160201_IJJBCCFE_00154	SA20160201_IJJBCCFE_00166	22.000	50	39	0	6	55	561	610	8.2	17.7
SA20160201_IJJBCCFE_00154	SA20160201_IJJBCCFE_00167	26.923	26	19	0	200	225	65	90	8.4	17.7
SA20160201_IJJBCCFE_00155	SA20160201_IJJBCCFE_00155	100.000	162	0	0	1	162	1	162	3.77e-124	337
SA20160201_IJJBCCFE_00155	SA20160201_IJJBCCFE_00159	31.250	32	22	0	60	91	364	395	0.24	21.6
SA20160201_IJJBCCFE_00155	SA20160201_IJJBCCFE_00153	23.256	86	56	4	83	158	242	327	0.97	19.6
SA20160201_IJJBCCFE_00156	SA20160201_IJJBCCFE_00156	100.000	174	0	0	1	174	1	174	7.25e-132	357
SA20160201_IJJBCCFE_00156	SA20160201_IJJBCCFE_00166	26.415	53	29	1	78	130	233	275	0.22	21.9
SA20160201_IJJBCCFE_00156	SA20160201_IJJBCCFE_00169	21.277	47	33	2	66	108	136	182	1.5	19.2
SA20160201_IJJBCCFE_00156	SA20160201_IJJBCCFE_00170	25.000	28	21	0	40	67	37	64	2.4	18.5
SA20160201_IJJBCCFE_00156	SA20160201_IJJBCCFE_00154	30.303	33	21	1	11	41	95	127	4.6	17.7
SA20160201_IJJBCCFE_00156	SA20160201_IJJBCCFE_00159	29.091	55	30	2	11	56	255	309	5.0	17.7
SA20160201_IJJBCCFE_00156	SA20160201_IJJBCCFE_00160	37.500	24	15	0	144	167	217	240	5.3	17.7
SA20160201_IJJBCCFE_00157	SA20160201_IJJBCCFE_00157	100.000	175	0	0	1	175	1	175	4.90e-135	365
SA20160201_IJJBCCFE_00157	SA20160201_IJJBCCFE_00162	24.242	33	24	1	90	122	681	712	2.1	18.9
SA20160201_IJJBCCFE_00157	SA20160201_IJJBCCFE_00169	22.449	49	37	1	100	147	40	88	4.3	17.7
SA20160201_IJJBCCFE_00158	SA20160201_IJJBCCFE_00158	100.000	119	0	0	1	119	1	119	9.06e-89	244
SA20160201_IJJBCCFE_00158	SA20160201_IJJBCCFE_00161	38.889	18	11	0	48	65	197	214	1.1	18.9
SA20160201_IJJBCCFE_00158	SA20160201_IJJBCCFE_00153	45.455	11	6	0	81	91	447	457	4.6	17.3
SA20160201_IJJBCCFE_00158	SA20160201_IJJBCCFE_00167	31.111	45	23	2	53	89	909	953	9.5	16.2
SA20160201_IJJBCCFE_00159	SA20160201_IJJBCCFE_00159	100.000	485	0	0	1	485	1	485	0.0	971
SA20160201_IJJBCCFE_00159	SA20160201_IJJBCCFE_00155	31.250	32	22	0	364	395	60	91	0.78	21.6
SA20160201_IJJBCCFE_00159	SA20160201_IJJBCCFE_00169	35.484	31	18	1	111	139	192	222	5.8	19.2
SA20160201_IJJBCCFE_00159	SA20160201_IJJBCCFE_00166	40.000	30	18	0	74	103	446	475	6.4	18.9
SA20160201_IJJBCCFE_00159	SA20160201_IJJBCCFE_00160	35.294	17	11	0	172	188	912	928	9.0	18.5
SA20160201_IJJBCCFE_00160	SA20160201_IJJBCCFE_00160	100.000	1055	0	0	1	1055	1	1055	0.0	2120
SA20160201_IJJBCCFE_00160	SA20160201_IJJBCCFE_00162	48.485	33	17	0	462	494	131	163	0.14	25.8
SA20160201_IJJBCCFE_00160	SA20160201_IJJBCCFE_00169	33.333	24	16	0	803	826	162	185	0.51	23.9
SA20160201_IJJBCCFE_00160	SA20160201_IJJBCCFE_00173	30.000	40	23	1	643	677	347	386	3.1	21.2
SA20160201_IJJBCCFE_00161	SA20160201_IJJBCCFE_00161	100.000	408	0	0	1	408	1	408	0.0	815
SA20160201_IJJBCCFE_00161	SA20160201_IJJBCCFE_00173	31.111	45	23	1	177	213	421	465	0.13	24.3
SA20160201_IJJBCCFE_00161	SA20160201_IJJBCCFE_00166	37.209	43	19	1	173	215	526	560	0.53	22.3
SA20160201_IJJBCCFE_00161	SA20160201_IJJBCCFE_00153	34.211	38	20	2	261	297	274	307	2.8	20.0
SA20160201_IJJBCCFE_00161	SA20160201_IJJBCCFE_00158	38.889	18	11	0	197	214	48	65	3.9	18.9
SA20160201_IJJBCCFE_00162	SA20160201_IJJBCCFE_00162	100.000	762	0	0	1	762	1	762	0.0	1519
SA20160201_IJJBCCFE_00162	SA20160201_IJJBCCFE_00164	30.645	62	43	0	11	72	1	62	1.22e-05	34.7
SA20160201_IJJBCCFE_00162	SA20160201_IJJBCCFE_00160	48.485	33	17	0	131	163	462	494	0.10	25.8
SA20160201_IJJBCCFE_00162	SA20160201_IJJBCCFE_00153	25.843	89	57	4	245	333	396	475	0.24	24.3
SA20160201_IJJBCCFE_00162	SA20160201_IJJBCCFE_00173	38.462	39	17	1	8	46	602	633	0.27	24.3
SA20160201_IJJBCCFE_00162	SA20160201_IJJBCCFE_00165	45.000	20	11	0	90	109	274	293	0.73	22.7
SA20160201_IJJBCCFE_00162	SA20160201_IJJBCCFE_00169	25.676	74	43	3	224	297	208	269	3.2	20.8
SA20160201_IJJBCCFE_00162	SA20160201_IJJBCCFE_00167	33.333	21	14	0	60	80	516	536	9.3	19.2
SA20160201_IJJBCCFE_00162	SA20160201_IJJBCCFE_00157	24.242	33	24	1	681	712	90	122	9.3	18.9
SA20160201_IJJBCCFE_00163	SA20160201_IJJBCCFE_00163	100.000	154	0	0	1	154	1	154	2.96e-117	319
SA20160201_IJJBCCFE_00163	SA20160201_IJJBCCFE_00162	27.273	88	46	5	40	123	574	647	6.8	16.9
SA20160201_IJJBCCFE_00164	SA20160201_IJJBCCFE_00164	100.000	64	0	0	1	64	1	64	3.33e-46	132
SA20160201_IJJBCCFE_00164	SA20160201_IJJBCCFE_00162	30.645	62	43	0	1	62	11	72	1.03e-06	34.7
SA20160201_IJJBCCFE_00164	SA20160201_IJJBCCFE_00153	31.250	16	11	0	3	18	278	293	0.26	19.2
SA20160201_IJJBCCFE_00165	SA20160201_IJJBCCFE_00165	100.000	417	0	0	1	417	1	417	0.0	838
SA20160201_IJJBCCFE_00165	SA20160201_IJJBCCFE_00162	45.000	20	11	0	274	293	90	109	0.40	22.7
SA20160201_IJJBCCFE_00166	SA20160201_IJJBCCFE_00166	100.000	652	0	0	1	652	1	652	0.0	1353
SA20160201_IJJBCCFE_00166	SA20160201_IJJBCCFE_00173	39.130	46	20	2	603	648	625	662	0.15	24.6
SA20160201_IJJBCCFE_00166	SA20160201_IJJBCCFE_00156	26.415	53	29	1	233	275	78	130	0.76	21.9
SA20160201_IJJBCCFE_00166	SA20160201_IJJBCCFE_00161	46.667	30	14	1	531	560	188	215	0.85	22.3
SA20160201_IJJBCCFE_00166	SA20160201_IJJBCCFE_00167	57.143	14	6	0	183	196	644	657	7.0	19.2
SA20160201_IJJBCCFE_00166	SA20160201_IJJBCCFE_00159	40.000	30	18	0	446	475	74	103	8.6	18.9
SA20160201_IJJBCCFE_00167	SA20160201_IJJBCCFE_00167	100.000	990	0	0	1	990	1	990	0.0	2047
SA20160201_IJJBCCFE_00168	SA20160201_IJJBCCFE_00168	100.000	33	0	0	1	33	1	33	9.99e-22	68.9
SA20160201_IJJBCCFE_00168	SA20160201_IJJBCCFE_00166	66.667	6	2	0	4	9	493	498	4.5	14.6
SA20160201_IJJBCCFE_00168	SA20160201_IJJBCCFE_00160	54.545	11	5	0	16	26	93	103	7.1	14.2
SA20160201_IJJBCCFE_00169	SA20160201_IJJBCCFE_00169	100.000	467	0	0	1	467	1	467	0.0	947
SA20160201_IJJBCCFE_00169	SA20160201_IJJBCCFE_00160	33.333	24	16	0	162	185	803	826	0.22	23.9
SA20160201_IJJBCCFE_00169	SA20160201_IJJBCCFE_00162	35.714	42	23	2	430	467	48	89	0.71	21.9
SA20160201_IJJBCCFE_00169	SA20160201_IJJBCCFE_00156	21.277	47	33	2	136	182	66	108	5.0	18.9
SA20160201_IJJBCCFE_00169	SA20160201_IJJBCCFE_00159	35.484	31	18	1	192	222	111	139	5.6	19.2
SA20160201_IJJBCCFE_00169	SA20160201_IJJBCCFE_00170	37.500	16	10	0	343	358	247	262	7.2	18.9
SA20160201_IJJBCCFE_00170	SA20160201_IJJBCCFE_00170	100.000	336	0	0	1	336	1	336	0.0	667
SA20160201_IJJBCCFE_00170	SA20160201_IJJBCCFE_00169	37.500	16	10	0	247	262	343	358	4.3	18.9
SA20160201_IJJBCCFE_00170	SA20160201_IJJBCCFE_00156	25.000	28	21	0	37	64	40	67	5.5	18.5
SA20160201_IJJBCCFE_00170	SA20160201_IJJBCCFE_00162	36.667	30	17	1	112	139	282	311	6.5	18.5
SA20160201_IJJBCCFE_00171	SA20160201_IJJBCCFE_00171	100.000	43	0	0	1	43	1	43	4.85e-27	82.8
SA20160201_IJJBCCFE_00171	SA20160201_IJJBCCFE_00170	29.032	31	16	1	11	35	7	37	2.9	15.4
SA20160201_IJJBCCFE_00172	SA20160201_IJJBCCFE_00172	100.000	334	0	0	1	334	1	334	0.0	691
SA20160201_IJJBCCFE_00172	SA20160201_IJJBCCFE_00173	40.909	22	13	0	39	60	634	655	4.0	19.2
SA20160201_IJJBCCFE_00172	SA20160201_IJJBCCFE_00167	54.545	11	5	0	31	41	267	277	5.0	18.9
SA20160201_IJJBCCFE_00172	SA20160201_IJJBCCFE_00166	23.256	43	21	2	140	171	288	329	5.6	18.5
SA20160201_IJJBCCFE_00172	SA20160201_IJJBCCFE_00159	41.176	17	10	0	131	147	462	478	9.3	17.7
SA20160201_IJJBCCFE_00173	SA20160201_IJJBCCFE_00173	100.000	696	0	0	1	696	1	696	0.0	1435
SA20160201_IJJBCCFE_00173	SA20160201_IJJBCCFE_00166	39.130	46	20	2	625	662	603	648	0.16	24.6
SA20160201_IJJBCCFE_00173	SA20160201_IJJBCCFE_00162	38.462	39	17	1	602	633	8	46	0.24	24.3
SA20160201_IJJBCCFE_00173	SA20160201_IJJBCCFE_00161	31.111	45	23	1	421	465	177	213	0.29	23.9
SA20160201_IJJBCCFE_00173	SA20160201_IJJBCCFE_00160	30.000	40	23	1	347	386	643	677	2.1	21.2
SA20160201_IJJBCCFE_00173	SA20160201_IJJBCCFE_00172	40.909	22	13	0	634	655	39	60	8.4	19.2
