SA20160190_KJBEGOPM_01461	SA20153983_GBAKOBEN_02589	99.138	696	6	0	1	696	1	696	0.0	1420
SA20160190_KJBEGOPM_01461	SA20153983_GBAKOBEN_02596	39.130	46	20	2	625	662	603	648	0.16	24.6
SA20160190_KJBEGOPM_01461	SA20153983_GBAKOBEN_02600	38.462	39	17	1	602	633	8	46	0.25	24.3
SA20160190_KJBEGOPM_01461	SA20153983_GBAKOBEN_02601	38.095	21	13	0	421	441	177	197	0.35	23.5
SA20160190_KJBEGOPM_01461	SA20153983_GBAKOBEN_02602	30.000	40	23	1	347	386	643	677	1.9	21.2
SA20160190_KJBEGOPM_01461	SA20153983_GBAKOBEN_02590	40.909	22	13	0	634	655	40	61	8.1	19.2
SA20160190_KJBEGOPM_01462	SA20153983_GBAKOBEN_02590	99.401	334	2	0	1	334	2	335	0.0	686
SA20160190_KJBEGOPM_01462	SA20153983_GBAKOBEN_02589	40.909	22	13	0	39	60	634	655	3.7	19.2
SA20160190_KJBEGOPM_01462	SA20153983_GBAKOBEN_02595	54.545	11	5	0	31	41	267	277	4.7	18.9
SA20160190_KJBEGOPM_01462	SA20153983_GBAKOBEN_02596	57.143	14	6	0	224	237	189	202	6.8	18.5
SA20160190_KJBEGOPM_01462	SA20153983_GBAKOBEN_02603	41.176	17	10	0	131	147	462	478	9.0	18.1
SA20160190_KJBEGOPM_01462	SA20153983_GBAKOBEN_02600	30.303	33	23	0	11	43	166	198	9.5	18.1
SA20160190_KJBEGOPM_01463	SA20153983_GBAKOBEN_02591	100.000	43	0	0	1	43	1	43	4.85e-27	82.8
SA20160190_KJBEGOPM_01463	SA20153983_GBAKOBEN_02592	29.032	31	16	1	11	35	7	37	2.7	15.8
SA20160190_KJBEGOPM_01464	SA20153983_GBAKOBEN_02592	99.702	336	1	0	1	336	1	336	0.0	667
SA20160190_KJBEGOPM_01464	SA20153983_GBAKOBEN_02593	37.500	16	10	0	247	262	343	358	4.3	18.9
SA20160190_KJBEGOPM_01464	SA20153983_GBAKOBEN_02606	25.000	28	21	0	37	64	40	67	5.5	18.5
SA20160190_KJBEGOPM_01464	SA20153983_GBAKOBEN_02600	36.667	30	17	1	112	139	282	311	6.2	18.5
SA20160190_KJBEGOPM_01464	SA20153983_GBAKOBEN_02601	60.000	10	4	0	113	122	27	36	7.8	18.1
SA20160190_KJBEGOPM_01465	SA20153983_GBAKOBEN_02593	99.786	467	1	0	1	467	1	467	0.0	946
SA20160190_KJBEGOPM_01465	SA20153983_GBAKOBEN_02602	33.333	24	16	0	162	185	803	826	0.22	23.9
SA20160190_KJBEGOPM_01465	SA20153983_GBAKOBEN_02600	38.095	42	22	2	430	467	48	89	0.47	22.7
SA20160190_KJBEGOPM_01465	SA20153983_GBAKOBEN_02606	21.277	47	33	2	136	182	66	108	4.8	19.2
SA20160190_KJBEGOPM_01465	SA20153983_GBAKOBEN_02603	35.484	31	18	1	192	222	111	139	5.4	19.2
SA20160190_KJBEGOPM_01465	SA20153983_GBAKOBEN_02592	37.500	16	10	0	343	358	247	262	7.2	18.9
SA20160190_KJBEGOPM_01466	SA20153983_GBAKOBEN_02594	100.000	33	0	0	1	33	1	33	1.00e-21	68.9
SA20160190_KJBEGOPM_01466	SA20153983_GBAKOBEN_02596	57.143	7	3	0	4	10	493	499	2.7	15.0
SA20160190_KJBEGOPM_01466	SA20153983_GBAKOBEN_02602	54.545	11	5	0	16	26	93	103	7.2	14.2
SA20160190_KJBEGOPM_01467	SA20153983_GBAKOBEN_02595	99.798	990	2	0	1	990	1	990	0.0	2043
SA20160190_KJBEGOPM_01467	SA20153983_GBAKOBEN_02600	38.095	21	13	0	516	536	60	80	8.0	19.6
SA20160190_KJBEGOPM_01468	SA20153983_GBAKOBEN_02596	99.387	652	4	0	1	652	1	652	0.0	1343
SA20160190_KJBEGOPM_01468	SA20153983_GBAKOBEN_02589	39.130	46	20	2	603	648	625	662	0.16	24.6
SA20160190_KJBEGOPM_01468	SA20153983_GBAKOBEN_02606	26.415	53	29	1	233	275	78	130	0.72	21.9
SA20160190_KJBEGOPM_01468	SA20153983_GBAKOBEN_02601	46.667	30	14	1	531	560	188	215	0.76	22.3
SA20160190_KJBEGOPM_01468	SA20153983_GBAKOBEN_02602	23.684	114	78	4	1	108	796	906	6.0	19.6
SA20160190_KJBEGOPM_01468	SA20153983_GBAKOBEN_02595	57.143	14	6	0	183	196	644	657	6.8	19.6
SA20160190_KJBEGOPM_01468	SA20153983_GBAKOBEN_02603	40.000	30	18	0	446	475	74	103	9.1	18.9
SA20160190_KJBEGOPM_01469	SA20153983_GBAKOBEN_02597	99.520	417	2	0	1	417	1	417	0.0	832
SA20160190_KJBEGOPM_01469	SA20153983_GBAKOBEN_02600	45.000	20	11	0	274	293	90	109	0.42	22.7
SA20160190_KJBEGOPM_01470	SA20153983_GBAKOBEN_02598	100.000	64	0	0	1	64	1	64	3.34e-46	132
SA20160190_KJBEGOPM_01470	SA20153983_GBAKOBEN_02600	30.645	62	43	0	1	62	11	72	9.87e-07	34.7
SA20160190_KJBEGOPM_01470	SA20153983_GBAKOBEN_02609	50.000	10	5	0	5	14	405	414	9.6	15.0
SA20160190_KJBEGOPM_01471	SA20153983_GBAKOBEN_02599	100.000	154	0	0	1	154	1	154	2.96e-117	319
SA20160190_KJBEGOPM_01471	SA20153983_GBAKOBEN_02600	27.273	88	46	5	40	123	574	647	7.7	16.9
SA20160190_KJBEGOPM_01472	SA20153983_GBAKOBEN_02600	99.606	762	3	0	1	762	1	762	0.0	1515
SA20160190_KJBEGOPM_01472	SA20153983_GBAKOBEN_02598	30.645	62	43	0	11	72	1	62	1.25e-05	34.3
SA20160190_KJBEGOPM_01472	SA20153983_GBAKOBEN_02602	45.455	33	18	0	131	163	462	494	0.23	24.6
SA20160190_KJBEGOPM_01472	SA20153983_GBAKOBEN_02589	38.462	39	17	1	8	46	602	633	0.26	24.3
SA20160190_KJBEGOPM_01472	SA20153983_GBAKOBEN_02609	25.843	89	57	4	245	333	396	475	0.27	24.3
SA20160190_KJBEGOPM_01472	SA20153983_GBAKOBEN_02597	45.000	20	11	0	90	109	274	293	0.71	22.7
SA20160190_KJBEGOPM_01472	SA20153983_GBAKOBEN_02593	38.095	42	22	2	48	89	430	467	0.77	22.7
SA20160190_KJBEGOPM_01472	SA20153983_GBAKOBEN_02595	38.095	21	13	0	60	80	516	536	5.9	20.0
SA20160190_KJBEGOPM_01472	SA20153983_GBAKOBEN_02605	24.242	33	24	1	681	712	90	122	9.3	18.9
SA20160190_KJBEGOPM_01473	SA20153983_GBAKOBEN_02601	98.775	408	5	0	1	408	1	408	0.0	806
SA20160190_KJBEGOPM_01473	SA20153983_GBAKOBEN_02589	31.111	45	23	1	177	213	421	465	0.14	24.3
SA20160190_KJBEGOPM_01473	SA20153983_GBAKOBEN_02596	37.209	43	19	1	173	215	526	560	0.51	22.3
SA20160190_KJBEGOPM_01473	SA20153983_GBAKOBEN_02609	34.211	38	20	2	261	297	274	307	2.0	20.4
SA20160190_KJBEGOPM_01473	SA20153983_GBAKOBEN_02600	34.091	44	18	2	332	372	246	281	2.1	20.4
SA20160190_KJBEGOPM_01473	SA20153983_GBAKOBEN_02604	38.889	18	11	0	197	214	48	65	3.6	18.9
SA20160190_KJBEGOPM_01473	SA20153983_GBAKOBEN_02592	60.000	10	4	0	27	36	113	122	10.0	18.1
SA20160190_KJBEGOPM_01474	SA20153983_GBAKOBEN_02602	99.905	1055	1	0	1	1055	1	1055	0.0	2119
SA20160190_KJBEGOPM_01474	SA20153983_GBAKOBEN_02600	48.485	33	17	0	462	494	131	163	0.14	25.8
SA20160190_KJBEGOPM_01474	SA20153983_GBAKOBEN_02593	33.333	24	16	0	803	826	162	185	0.52	23.9
SA20160190_KJBEGOPM_01474	SA20153983_GBAKOBEN_02589	30.000	40	23	1	643	677	347	386	3.2	21.2
SA20160190_KJBEGOPM_01475	SA20153983_GBAKOBEN_02603	99.175	485	4	0	1	485	1	485	0.0	964
SA20160190_KJBEGOPM_01475	SA20153983_GBAKOBEN_02607	31.250	32	22	0	364	395	60	91	0.80	21.6
SA20160190_KJBEGOPM_01475	SA20153983_GBAKOBEN_02593	35.484	31	18	1	111	139	192	222	5.6	19.2
SA20160190_KJBEGOPM_01475	SA20153983_GBAKOBEN_02596	40.000	30	18	0	74	103	446	475	6.8	18.9
SA20160190_KJBEGOPM_01475	SA20153983_GBAKOBEN_02602	35.294	17	11	0	172	188	912	928	8.8	18.5
SA20160190_KJBEGOPM_01476	SA20153983_GBAKOBEN_02604	99.160	119	1	0	1	119	1	119	3.20e-88	243
SA20160190_KJBEGOPM_01476	SA20153983_GBAKOBEN_02601	38.889	18	11	0	48	65	197	214	1.1	18.9
SA20160190_KJBEGOPM_01476	SA20153983_GBAKOBEN_02609	45.455	11	6	0	81	91	447	457	4.6	17.3
SA20160190_KJBEGOPM_01476	SA20153983_GBAKOBEN_02595	31.111	45	23	2	53	89	909	953	9.5	16.2
SA20160190_KJBEGOPM_01477	SA20153983_GBAKOBEN_02605	98.857	175	2	0	1	175	1	175	1.10e-133	362
SA20160190_KJBEGOPM_01477	SA20153983_GBAKOBEN_02600	24.242	33	24	1	90	122	681	712	2.8	18.5
SA20160190_KJBEGOPM_01477	SA20153983_GBAKOBEN_02595	21.739	23	18	0	111	133	63	85	8.1	16.9
SA20160190_KJBEGOPM_01477	SA20153983_GBAKOBEN_02592	38.889	18	11	0	91	108	44	61	8.4	16.9
SA20160190_KJBEGOPM_01478	SA20153983_GBAKOBEN_02606	99.425	174	1	0	1	174	1	174	2.51e-131	356
SA20160190_KJBEGOPM_01478	SA20153983_GBAKOBEN_02596	26.415	53	29	1	78	130	233	275	0.19	21.9
SA20160190_KJBEGOPM_01478	SA20153983_GBAKOBEN_02593	21.277	47	33	2	66	108	136	182	1.6	19.2
SA20160190_KJBEGOPM_01478	SA20153983_GBAKOBEN_02592	25.000	28	21	0	40	67	37	64	2.6	18.5
SA20160190_KJBEGOPM_01478	SA20153983_GBAKOBEN_02602	37.500	24	15	0	144	167	217	240	5.3	17.7
SA20160190_KJBEGOPM_01479	SA20153983_GBAKOBEN_02607	98.765	162	2	0	1	162	1	162	8.79e-123	333
SA20160190_KJBEGOPM_01479	SA20153983_GBAKOBEN_02603	31.250	32	22	0	60	91	364	395	0.24	21.6
SA20160190_KJBEGOPM_01479	SA20153983_GBAKOBEN_02609	23.256	86	56	4	83	158	242	327	2.0	18.9
SA20160190_KJBEGOPM_01479	SA20153983_GBAKOBEN_02608	50.000	18	9	0	101	118	116	133	6.3	17.3
SA20160190_KJBEGOPM_01480	SA20153983_GBAKOBEN_02608	98.381	247	4	0	1	247	1	247	0.0	504
SA20160190_KJBEGOPM_01480	SA20153983_GBAKOBEN_02600	26.667	45	31	2	99	143	537	579	0.38	21.9
SA20160190_KJBEGOPM_01480	SA20153983_GBAKOBEN_02596	24.000	50	38	0	6	55	561	610	1.4	20.0
SA20160190_KJBEGOPM_01480	SA20153983_GBAKOBEN_02601	25.581	43	24	2	203	239	268	308	1.7	19.6
SA20160190_KJBEGOPM_01480	SA20153983_GBAKOBEN_02609	26.471	34	25	0	6	39	351	384	2.2	19.2
SA20160190_KJBEGOPM_01480	SA20153983_GBAKOBEN_02595	26.923	26	19	0	200	225	65	90	6.9	17.7
SA20160190_KJBEGOPM_01480	SA20153983_GBAKOBEN_02602	37.037	27	17	0	75	101	378	404	7.8	17.7
SA20160190_KJBEGOPM_01480	SA20153983_GBAKOBEN_02607	50.000	18	9	0	116	133	101	118	7.9	17.3
SA20160190_KJBEGOPM_01481	SA20153983_GBAKOBEN_02609	98.855	524	6	0	1	524	1	524	0.0	1067
SA20160190_KJBEGOPM_01481	SA20153983_GBAKOBEN_02600	24.691	81	53	3	403	475	253	333	0.46	22.7
SA20160190_KJBEGOPM_01481	SA20153983_GBAKOBEN_02608	26.471	34	25	0	351	384	6	39	4.7	19.2
SA20160190_KJBEGOPM_01481	SA20153983_GBAKOBEN_02607	23.256	86	56	4	242	327	83	158	6.2	18.9
SA20153983_GBAKOBEN_02589	SA20153983_GBAKOBEN_02589	100.000	696	0	0	1	696	1	696	0.0	1435
SA20153983_GBAKOBEN_02589	SA20153983_GBAKOBEN_02596	39.130	46	20	2	625	662	603	648	0.17	24.6
SA20153983_GBAKOBEN_02589	SA20153983_GBAKOBEN_02600	38.462	39	17	1	602	633	8	46	0.24	24.3
SA20153983_GBAKOBEN_02589	SA20153983_GBAKOBEN_02601	31.111	45	23	1	421	465	177	213	0.30	23.9
SA20153983_GBAKOBEN_02589	SA20153983_GBAKOBEN_02602	30.000	40	23	1	347	386	643	677	2.1	21.2
SA20153983_GBAKOBEN_02589	SA20153983_GBAKOBEN_02590	40.909	22	13	0	634	655	40	61	8.3	19.2
SA20153983_GBAKOBEN_02590	SA20153983_GBAKOBEN_02590	100.000	335	0	0	1	335	1	335	0.0	693
SA20153983_GBAKOBEN_02590	SA20153983_GBAKOBEN_02589	40.909	22	13	0	40	61	634	655	4.0	19.2
SA20153983_GBAKOBEN_02590	SA20153983_GBAKOBEN_02595	54.545	11	5	0	32	42	267	277	5.0	18.9
SA20153983_GBAKOBEN_02590	SA20153983_GBAKOBEN_02596	23.256	43	21	2	141	172	288	329	5.6	18.5
SA20153983_GBAKOBEN_02590	SA20153983_GBAKOBEN_02603	41.176	17	10	0	132	148	462	478	9.2	18.1
SA20153983_GBAKOBEN_02590	SA20153983_GBAKOBEN_02600	30.303	33	23	0	12	44	166	198	9.8	17.7
SA20153983_GBAKOBEN_02591	SA20153983_GBAKOBEN_02591	100.000	43	0	0	1	43	1	43	4.85e-27	82.8
SA20153983_GBAKOBEN_02591	SA20153983_GBAKOBEN_02592	29.032	31	16	1	11	35	7	37	2.7	15.8
SA20153983_GBAKOBEN_02592	SA20153983_GBAKOBEN_02592	100.000	336	0	0	1	336	1	336	0.0	667
SA20153983_GBAKOBEN_02592	SA20153983_GBAKOBEN_02593	37.500	16	10	0	247	262	343	358	4.3	18.9
SA20153983_GBAKOBEN_02592	SA20153983_GBAKOBEN_02606	25.000	28	21	0	37	64	40	67	5.7	18.5
SA20153983_GBAKOBEN_02592	SA20153983_GBAKOBEN_02600	36.667	30	17	1	112	139	282	311	6.4	18.5
SA20153983_GBAKOBEN_02592	SA20153983_GBAKOBEN_02601	60.000	10	4	0	113	122	27	36	7.7	18.1
SA20153983_GBAKOBEN_02593	SA20153983_GBAKOBEN_02593	100.000	467	0	0	1	467	1	467	0.0	947
SA20153983_GBAKOBEN_02593	SA20153983_GBAKOBEN_02602	33.333	24	16	0	162	185	803	826	0.22	23.9
SA20153983_GBAKOBEN_02593	SA20153983_GBAKOBEN_02600	38.095	42	22	2	430	467	48	89	0.47	22.7
SA20153983_GBAKOBEN_02593	SA20153983_GBAKOBEN_02606	21.277	47	33	2	136	182	66	108	5.0	18.9
SA20153983_GBAKOBEN_02593	SA20153983_GBAKOBEN_02603	35.484	31	18	1	192	222	111	139	5.3	19.2
SA20153983_GBAKOBEN_02593	SA20153983_GBAKOBEN_02592	37.500	16	10	0	343	358	247	262	7.2	18.9
SA20153983_GBAKOBEN_02594	SA20153983_GBAKOBEN_02594	100.000	33	0	0	1	33	1	33	1.00e-21	68.9
SA20153983_GBAKOBEN_02594	SA20153983_GBAKOBEN_02596	57.143	7	3	0	4	10	493	499	2.7	15.0
SA20153983_GBAKOBEN_02594	SA20153983_GBAKOBEN_02602	54.545	11	5	0	16	26	93	103	7.2	14.2
SA20153983_GBAKOBEN_02595	SA20153983_GBAKOBEN_02595	100.000	990	0	0	1	990	1	990	0.0	2048
SA20153983_GBAKOBEN_02595	SA20153983_GBAKOBEN_02600	38.095	21	13	0	516	536	60	80	8.0	19.6
SA20153983_GBAKOBEN_02596	SA20153983_GBAKOBEN_02596	100.000	652	0	0	1	652	1	652	0.0	1350
SA20153983_GBAKOBEN_02596	SA20153983_GBAKOBEN_02589	39.130	46	20	2	603	648	625	662	0.15	24.6
SA20153983_GBAKOBEN_02596	SA20153983_GBAKOBEN_02606	26.415	53	29	1	233	275	78	130	0.72	21.9
SA20153983_GBAKOBEN_02596	SA20153983_GBAKOBEN_02601	46.667	30	14	1	531	560	188	215	0.78	22.3
SA20153983_GBAKOBEN_02596	SA20153983_GBAKOBEN_02608	24.000	50	38	0	561	610	6	55	3.7	20.0
SA20153983_GBAKOBEN_02596	SA20153983_GBAKOBEN_02602	23.684	114	78	4	1	108	796	906	6.7	19.6
SA20153983_GBAKOBEN_02596	SA20153983_GBAKOBEN_02595	57.143	14	6	0	183	196	644	657	7.1	19.2
SA20153983_GBAKOBEN_02596	SA20153983_GBAKOBEN_02603	40.000	30	18	0	446	475	74	103	9.4	18.9
SA20153983_GBAKOBEN_02597	SA20153983_GBAKOBEN_02597	100.000	417	0	0	1	417	1	417	0.0	837
SA20153983_GBAKOBEN_02597	SA20153983_GBAKOBEN_02600	45.000	20	11	0	274	293	90	109	0.40	22.7
SA20153983_GBAKOBEN_02598	SA20153983_GBAKOBEN_02598	100.000	64	0	0	1	64	1	64	3.34e-46	132
SA20153983_GBAKOBEN_02598	SA20153983_GBAKOBEN_02600	30.645	62	43	0	1	62	11	72	9.87e-07	34.7
SA20153983_GBAKOBEN_02598	SA20153983_GBAKOBEN_02609	50.000	10	5	0	5	14	405	414	9.6	15.0
SA20153983_GBAKOBEN_02599	SA20153983_GBAKOBEN_02599	100.000	154	0	0	1	154	1	154	2.96e-117	319
SA20153983_GBAKOBEN_02599	SA20153983_GBAKOBEN_02600	27.273	88	46	5	40	123	574	647	7.7	16.9
SA20153983_GBAKOBEN_02600	SA20153983_GBAKOBEN_02600	100.000	767	0	0	1	767	1	767	0.0	1530
SA20153983_GBAKOBEN_02600	SA20153983_GBAKOBEN_02598	30.645	62	43	0	11	72	1	62	1.18e-05	34.7
SA20153983_GBAKOBEN_02600	SA20153983_GBAKOBEN_02602	48.485	33	17	0	131	163	462	494	0.11	25.4
SA20153983_GBAKOBEN_02600	SA20153983_GBAKOBEN_02589	38.462	39	17	1	8	46	602	633	0.27	24.3
SA20153983_GBAKOBEN_02600	SA20153983_GBAKOBEN_02609	24.691	81	53	3	253	333	403	475	0.47	23.5
SA20153983_GBAKOBEN_02600	SA20153983_GBAKOBEN_02597	45.000	20	11	0	90	109	274	293	0.74	22.7
SA20153983_GBAKOBEN_02600	SA20153983_GBAKOBEN_02601	34.091	44	18	2	246	281	332	372	3.9	20.4
SA20153983_GBAKOBEN_02600	SA20153983_GBAKOBEN_02595	38.095	21	13	0	60	80	516	536	6.2	19.6
SA20153983_GBAKOBEN_02600	SA20153983_GBAKOBEN_02593	25.676	74	43	3	224	297	208	269	8.9	19.2
SA20153983_GBAKOBEN_02600	SA20153983_GBAKOBEN_02605	24.242	33	24	1	681	712	90	122	9.4	18.9
SA20153983_GBAKOBEN_02601	SA20153983_GBAKOBEN_02601	100.000	408	0	0	1	408	1	408	0.0	817
SA20153983_GBAKOBEN_02601	SA20153983_GBAKOBEN_02589	31.111	45	23	1	177	213	421	465	0.14	24.3
SA20153983_GBAKOBEN_02601	SA20153983_GBAKOBEN_02596	37.209	43	19	1	173	215	526	560	0.50	22.3
SA20153983_GBAKOBEN_02601	SA20153983_GBAKOBEN_02600	34.091	44	18	2	332	372	246	281	2.0	20.4
SA20153983_GBAKOBEN_02601	SA20153983_GBAKOBEN_02608	25.581	43	24	2	268	308	203	239	2.0	20.0
SA20153983_GBAKOBEN_02601	SA20153983_GBAKOBEN_02604	38.889	18	11	0	197	214	48	65	3.9	18.9
SA20153983_GBAKOBEN_02601	SA20153983_GBAKOBEN_02592	60.000	10	4	0	27	36	113	122	9.8	18.1
SA20153983_GBAKOBEN_02602	SA20153983_GBAKOBEN_02602	100.000	1055	0	0	1	1055	1	1055	0.0	2120
SA20153983_GBAKOBEN_02602	SA20153983_GBAKOBEN_02600	48.485	33	17	0	462	494	131	163	0.14	25.8
SA20153983_GBAKOBEN_02602	SA20153983_GBAKOBEN_02593	33.333	24	16	0	803	826	162	185	0.53	23.9
SA20153983_GBAKOBEN_02602	SA20153983_GBAKOBEN_02589	30.000	40	23	1	643	677	347	386	3.2	21.2
SA20153983_GBAKOBEN_02603	SA20153983_GBAKOBEN_02603	100.000	485	0	0	1	485	1	485	0.0	972
SA20153983_GBAKOBEN_02603	SA20153983_GBAKOBEN_02607	31.250	32	22	0	364	395	60	91	0.79	21.6
SA20153983_GBAKOBEN_02603	SA20153983_GBAKOBEN_02593	35.484	31	18	1	111	139	192	222	5.6	19.2
SA20153983_GBAKOBEN_02603	SA20153983_GBAKOBEN_02596	40.000	30	18	0	74	103	446	475	7.0	18.9
SA20153983_GBAKOBEN_02603	SA20153983_GBAKOBEN_02602	35.294	17	11	0	172	188	912	928	9.0	18.5
SA20153983_GBAKOBEN_02604	SA20153983_GBAKOBEN_02604	100.000	119	0	0	1	119	1	119	8.12e-89	244
SA20153983_GBAKOBEN_02604	SA20153983_GBAKOBEN_02601	38.889	18	11	0	48	65	197	214	1.1	18.9
SA20153983_GBAKOBEN_02604	SA20153983_GBAKOBEN_02609	45.455	11	6	0	81	91	447	457	4.6	17.3
SA20153983_GBAKOBEN_02604	SA20153983_GBAKOBEN_02595	31.111	45	23	2	53	89	909	953	9.5	16.2
SA20153983_GBAKOBEN_02605	SA20153983_GBAKOBEN_02605	100.000	175	0	0	1	175	1	175	4.91e-135	365
SA20153983_GBAKOBEN_02605	SA20153983_GBAKOBEN_02600	24.242	33	24	1	90	122	681	712	2.1	18.9
SA20153983_GBAKOBEN_02605	SA20153983_GBAKOBEN_02593	22.449	49	37	1	100	147	40	88	4.3	17.7
SA20153983_GBAKOBEN_02605	SA20153983_GBAKOBEN_02595	21.739	23	18	0	111	133	63	85	7.1	17.3
SA20153983_GBAKOBEN_02606	SA20153983_GBAKOBEN_02606	100.000	174	0	0	1	174	1	174	7.26e-132	357
SA20153983_GBAKOBEN_02606	SA20153983_GBAKOBEN_02596	26.415	53	29	1	78	130	233	275	0.20	21.9
SA20153983_GBAKOBEN_02606	SA20153983_GBAKOBEN_02593	21.277	47	33	2	66	108	136	182	1.5	19.2
SA20153983_GBAKOBEN_02606	SA20153983_GBAKOBEN_02592	25.000	28	21	0	40	67	37	64	2.5	18.5
SA20153983_GBAKOBEN_02606	SA20153983_GBAKOBEN_02602	37.500	24	15	0	144	167	217	240	5.3	17.7
SA20153983_GBAKOBEN_02607	SA20153983_GBAKOBEN_02607	100.000	162	0	0	1	162	1	162	3.53e-124	337
SA20153983_GBAKOBEN_02607	SA20153983_GBAKOBEN_02603	31.250	32	22	0	60	91	364	395	0.25	21.6
SA20153983_GBAKOBEN_02607	SA20153983_GBAKOBEN_02609	23.256	86	56	4	83	158	242	327	1.9	18.9
SA20153983_GBAKOBEN_02607	SA20153983_GBAKOBEN_02593	30.000	30	19	1	3	32	19	46	4.8	17.7
SA20153983_GBAKOBEN_02607	SA20153983_GBAKOBEN_02608	50.000	18	9	0	101	118	116	133	6.3	17.3
SA20153983_GBAKOBEN_02608	SA20153983_GBAKOBEN_02608	100.000	247	0	0	1	247	1	247	0.0	513
SA20153983_GBAKOBEN_02608	SA20153983_GBAKOBEN_02601	25.581	43	24	2	203	239	268	308	1.4	20.0
SA20153983_GBAKOBEN_02608	SA20153983_GBAKOBEN_02596	24.000	50	38	0	6	55	561	610	1.4	20.0
SA20153983_GBAKOBEN_02608	SA20153983_GBAKOBEN_02609	26.471	34	25	0	6	39	351	384	2.3	19.2
SA20153983_GBAKOBEN_02608	SA20153983_GBAKOBEN_02595	26.923	26	19	0	200	225	65	90	7.8	17.7
SA20153983_GBAKOBEN_02608	SA20153983_GBAKOBEN_02602	37.037	27	17	0	75	101	378	404	7.8	17.7
SA20153983_GBAKOBEN_02608	SA20153983_GBAKOBEN_02607	50.000	18	9	0	116	133	101	118	9.6	17.3
SA20153983_GBAKOBEN_02609	SA20153983_GBAKOBEN_02609	100.000	524	0	0	1	524	1	524	0.0	1074
SA20153983_GBAKOBEN_02609	SA20153983_GBAKOBEN_02600	24.691	81	53	3	403	475	253	333	0.29	23.5
SA20153983_GBAKOBEN_02609	SA20153983_GBAKOBEN_02608	26.471	34	25	0	351	384	6	39	4.9	19.2
SA20153983_GBAKOBEN_02609	SA20153983_GBAKOBEN_02607	23.256	86	56	4	242	327	83	158	6.7	18.9
SA20160190_KJBEGOPM_01461	SA20160190_KJBEGOPM_01461	100.000	696	0	0	1	696	1	696	0.0	1434
SA20160190_KJBEGOPM_01461	SA20160190_KJBEGOPM_01468	39.130	46	20	2	625	662	603	648	0.16	24.6
SA20160190_KJBEGOPM_01461	SA20160190_KJBEGOPM_01472	38.462	39	17	1	602	633	8	46	0.24	24.3
SA20160190_KJBEGOPM_01461	SA20160190_KJBEGOPM_01473	38.095	21	13	0	421	441	177	197	0.36	23.5
SA20160190_KJBEGOPM_01461	SA20160190_KJBEGOPM_01474	30.000	40	23	1	347	386	643	677	1.9	21.2
SA20160190_KJBEGOPM_01461	SA20160190_KJBEGOPM_01462	40.909	22	13	0	634	655	39	60	7.8	19.2
SA20160190_KJBEGOPM_01462	SA20160190_KJBEGOPM_01462	100.000	334	0	0	1	334	1	334	0.0	690
SA20160190_KJBEGOPM_01462	SA20160190_KJBEGOPM_01461	40.909	22	13	0	39	60	634	655	3.7	19.2
SA20160190_KJBEGOPM_01462	SA20160190_KJBEGOPM_01467	54.545	11	5	0	31	41	267	277	4.8	18.9
SA20160190_KJBEGOPM_01462	SA20160190_KJBEGOPM_01468	57.143	14	6	0	224	237	189	202	6.5	18.5
SA20160190_KJBEGOPM_01462	SA20160190_KJBEGOPM_01475	41.176	17	10	0	131	147	462	478	9.0	18.1
SA20160190_KJBEGOPM_01462	SA20160190_KJBEGOPM_01472	30.303	33	23	0	11	43	166	198	9.8	17.7
SA20160190_KJBEGOPM_01463	SA20160190_KJBEGOPM_01463	100.000	43	0	0	1	43	1	43	4.85e-27	82.8
SA20160190_KJBEGOPM_01463	SA20160190_KJBEGOPM_01464	29.032	31	16	1	11	35	7	37	2.8	15.8
SA20160190_KJBEGOPM_01463	SA20160190_KJBEGOPM_01462	26.087	23	16	1	6	28	156	177	9.2	14.2
SA20160190_KJBEGOPM_01464	SA20160190_KJBEGOPM_01464	100.000	336	0	0	1	336	1	336	0.0	668
SA20160190_KJBEGOPM_01464	SA20160190_KJBEGOPM_01465	37.500	16	10	0	247	262	343	358	4.3	18.9
SA20160190_KJBEGOPM_01464	SA20160190_KJBEGOPM_01478	25.000	28	21	0	37	64	40	67	6.0	18.5
SA20160190_KJBEGOPM_01464	SA20160190_KJBEGOPM_01472	36.667	30	17	1	112	139	282	311	6.5	18.5
SA20160190_KJBEGOPM_01464	SA20160190_KJBEGOPM_01473	60.000	10	4	0	113	122	27	36	7.9	18.1
SA20160190_KJBEGOPM_01465	SA20160190_KJBEGOPM_01465	100.000	467	0	0	1	467	1	467	0.0	947
SA20160190_KJBEGOPM_01465	SA20160190_KJBEGOPM_01474	33.333	24	16	0	162	185	803	826	0.22	23.9
SA20160190_KJBEGOPM_01465	SA20160190_KJBEGOPM_01472	38.095	42	22	2	430	467	48	89	0.47	22.7
SA20160190_KJBEGOPM_01465	SA20160190_KJBEGOPM_01478	21.277	47	33	2	136	182	66	108	4.9	18.9
SA20160190_KJBEGOPM_01465	SA20160190_KJBEGOPM_01475	35.484	31	18	1	192	222	111	139	5.5	19.2
SA20160190_KJBEGOPM_01465	SA20160190_KJBEGOPM_01464	38.889	18	11	0	341	358	245	262	6.7	18.9
SA20160190_KJBEGOPM_01466	SA20160190_KJBEGOPM_01466	100.000	33	0	0	1	33	1	33	9.99e-22	68.9
SA20160190_KJBEGOPM_01466	SA20160190_KJBEGOPM_01468	66.667	6	2	0	4	9	493	498	4.7	14.6
SA20160190_KJBEGOPM_01466	SA20160190_KJBEGOPM_01474	54.545	11	5	0	16	26	93	103	7.1	14.2
SA20160190_KJBEGOPM_01467	SA20160190_KJBEGOPM_01467	100.000	990	0	0	1	990	1	990	0.0	2046
SA20160190_KJBEGOPM_01467	SA20160190_KJBEGOPM_01472	38.095	21	13	0	516	536	60	80	7.6	20.0
SA20160190_KJBEGOPM_01468	SA20160190_KJBEGOPM_01468	100.000	652	0	0	1	652	1	652	0.0	1352
SA20160190_KJBEGOPM_01468	SA20160190_KJBEGOPM_01461	39.130	46	20	2	603	648	625	662	0.15	24.6
SA20160190_KJBEGOPM_01468	SA20160190_KJBEGOPM_01478	26.415	53	29	1	233	275	78	130	0.66	22.3
SA20160190_KJBEGOPM_01468	SA20160190_KJBEGOPM_01473	46.667	30	14	1	531	560	188	215	0.75	22.3
SA20160190_KJBEGOPM_01468	SA20160190_KJBEGOPM_01474	23.684	114	78	4	1	108	796	906	6.1	19.6
SA20160190_KJBEGOPM_01468	SA20160190_KJBEGOPM_01467	57.143	14	6	0	183	196	644	657	6.7	19.6
SA20160190_KJBEGOPM_01468	SA20160190_KJBEGOPM_01475	40.000	30	18	0	446	475	74	103	9.0	18.9
SA20160190_KJBEGOPM_01469	SA20160190_KJBEGOPM_01469	100.000	417	0	0	1	417	1	417	0.0	838
SA20160190_KJBEGOPM_01469	SA20160190_KJBEGOPM_01472	45.000	20	11	0	274	293	90	109	0.41	22.7
SA20160190_KJBEGOPM_01470	SA20160190_KJBEGOPM_01470	100.000	64	0	0	1	64	1	64	3.33e-46	132
SA20160190_KJBEGOPM_01470	SA20160190_KJBEGOPM_01472	30.645	62	43	0	1	62	11	72	1.05e-06	34.3
SA20160190_KJBEGOPM_01470	SA20160190_KJBEGOPM_01481	50.000	10	5	0	5	14	405	414	9.3	15.0
SA20160190_KJBEGOPM_01471	SA20160190_KJBEGOPM_01471	100.000	154	0	0	1	154	1	154	2.96e-117	319
SA20160190_KJBEGOPM_01471	SA20160190_KJBEGOPM_01472	27.273	88	46	5	40	123	574	647	7.3	16.9
SA20160190_KJBEGOPM_01472	SA20160190_KJBEGOPM_01472	100.000	762	0	0	1	762	1	762	0.0	1519
SA20160190_KJBEGOPM_01472	SA20160190_KJBEGOPM_01470	30.645	62	43	0	11	72	1	62	1.25e-05	34.3
SA20160190_KJBEGOPM_01472	SA20160190_KJBEGOPM_01474	45.455	33	18	0	131	163	462	494	0.23	24.6
SA20160190_KJBEGOPM_01472	SA20160190_KJBEGOPM_01461	38.462	39	17	1	8	46	602	633	0.27	24.3
SA20160190_KJBEGOPM_01472	SA20160190_KJBEGOPM_01481	25.843	89	57	4	245	333	396	475	0.41	23.5
SA20160190_KJBEGOPM_01472	SA20160190_KJBEGOPM_01469	45.000	20	11	0	90	109	274	293	0.75	22.7
SA20160190_KJBEGOPM_01472	SA20160190_KJBEGOPM_01480	26.667	45	31	2	537	579	99	143	1.2	21.9
SA20160190_KJBEGOPM_01472	SA20160190_KJBEGOPM_01465	25.676	74	43	3	224	297	208	269	3.5	20.4
SA20160190_KJBEGOPM_01472	SA20160190_KJBEGOPM_01467	38.095	21	13	0	60	80	516	536	5.8	20.0
SA20160190_KJBEGOPM_01473	SA20160190_KJBEGOPM_01473	100.000	408	0	0	1	408	1	408	0.0	815
SA20160190_KJBEGOPM_01473	SA20160190_KJBEGOPM_01461	38.095	21	13	0	177	197	421	441	0.16	23.9
SA20160190_KJBEGOPM_01473	SA20160190_KJBEGOPM_01468	37.209	43	19	1	173	215	526	560	0.50	22.3
SA20160190_KJBEGOPM_01473	SA20160190_KJBEGOPM_01481	34.211	38	20	2	261	297	274	307	2.0	20.4
SA20160190_KJBEGOPM_01473	SA20160190_KJBEGOPM_01476	38.889	18	11	0	197	214	48	65	3.6	19.2
SA20160190_KJBEGOPM_01473	SA20160190_KJBEGOPM_01472	31.915	47	24	1	326	372	243	281	9.5	18.1
SA20160190_KJBEGOPM_01473	SA20160190_KJBEGOPM_01464	60.000	10	4	0	27	36	113	122	9.9	18.1
SA20160190_KJBEGOPM_01474	SA20160190_KJBEGOPM_01474	100.000	1055	0	0	1	1055	1	1055	0.0	2120
SA20160190_KJBEGOPM_01474	SA20160190_KJBEGOPM_01472	45.455	33	18	0	462	494	131	163	0.30	24.6
SA20160190_KJBEGOPM_01474	SA20160190_KJBEGOPM_01465	33.333	24	16	0	803	826	162	185	0.50	23.9
SA20160190_KJBEGOPM_01474	SA20160190_KJBEGOPM_01461	30.000	40	23	1	643	677	347	386	2.9	21.2
SA20160190_KJBEGOPM_01474	SA20160190_KJBEGOPM_01468	23.684	114	78	4	796	906	1	108	9.7	19.6
SA20160190_KJBEGOPM_01475	SA20160190_KJBEGOPM_01475	100.000	485	0	0	1	485	1	485	0.0	972
SA20160190_KJBEGOPM_01475	SA20160190_KJBEGOPM_01479	31.250	32	22	0	364	395	60	91	0.76	21.6
SA20160190_KJBEGOPM_01475	SA20160190_KJBEGOPM_01465	35.484	31	18	1	111	139	192	222	5.7	19.2
SA20160190_KJBEGOPM_01475	SA20160190_KJBEGOPM_01468	40.000	30	18	0	74	103	446	475	6.7	18.9
SA20160190_KJBEGOPM_01475	SA20160190_KJBEGOPM_01474	35.294	17	11	0	172	188	912	928	8.8	18.5
SA20160190_KJBEGOPM_01476	SA20160190_KJBEGOPM_01476	100.000	119	0	0	1	119	1	119	9.06e-89	244
SA20160190_KJBEGOPM_01476	SA20160190_KJBEGOPM_01473	38.889	18	11	0	48	65	197	214	1.0	18.9
SA20160190_KJBEGOPM_01476	SA20160190_KJBEGOPM_01481	45.455	11	6	0	81	91	447	457	4.6	17.3
SA20160190_KJBEGOPM_01476	SA20160190_KJBEGOPM_01467	31.111	45	23	2	53	89	909	953	9.5	16.2
SA20160190_KJBEGOPM_01477	SA20160190_KJBEGOPM_01477	100.000	175	0	0	1	175	1	175	1.42e-134	364
SA20160190_KJBEGOPM_01477	SA20160190_KJBEGOPM_01472	24.242	33	24	1	90	122	681	712	2.8	18.5
SA20160190_KJBEGOPM_01477	SA20160190_KJBEGOPM_01467	21.739	23	18	0	111	133	63	85	6.3	17.3
SA20160190_KJBEGOPM_01477	SA20160190_KJBEGOPM_01464	38.889	18	11	0	91	108	44	61	8.3	16.9
SA20160190_KJBEGOPM_01478	SA20160190_KJBEGOPM_01478	100.000	174	0	0	1	174	1	174	5.76e-132	358
SA20160190_KJBEGOPM_01478	SA20160190_KJBEGOPM_01468	26.415	53	29	1	78	130	233	275	0.21	21.9
SA20160190_KJBEGOPM_01478	SA20160190_KJBEGOPM_01465	21.277	47	33	2	66	108	136	182	1.6	19.2
SA20160190_KJBEGOPM_01478	SA20160190_KJBEGOPM_01464	25.000	28	21	0	40	67	37	64	2.6	18.5
SA20160190_KJBEGOPM_01478	SA20160190_KJBEGOPM_01475	29.091	55	30	2	11	56	255	309	4.5	17.7
SA20160190_KJBEGOPM_01478	SA20160190_KJBEGOPM_01474	37.500	24	15	0	144	167	217	240	5.3	17.7
SA20160190_KJBEGOPM_01479	SA20160190_KJBEGOPM_01479	100.000	162	0	0	1	162	1	162	7.04e-124	336
SA20160190_KJBEGOPM_01479	SA20160190_KJBEGOPM_01475	31.250	32	22	0	60	91	364	395	0.25	21.6
SA20160190_KJBEGOPM_01479	SA20160190_KJBEGOPM_01481	23.256	86	56	4	83	158	242	327	1.9	18.9
SA20160190_KJBEGOPM_01479	SA20160190_KJBEGOPM_01480	50.000	18	9	0	101	118	116	133	4.9	17.3
SA20160190_KJBEGOPM_01479	SA20160190_KJBEGOPM_01461	35.714	14	9	0	101	114	81	94	9.6	16.5
SA20160190_KJBEGOPM_01480	SA20160190_KJBEGOPM_01480	100.000	247	0	0	1	247	1	247	0.0	514
SA20160190_KJBEGOPM_01480	SA20160190_KJBEGOPM_01472	26.667	45	31	2	99	143	537	579	0.38	21.9
SA20160190_KJBEGOPM_01480	SA20160190_KJBEGOPM_01481	26.471	34	25	0	6	39	351	384	2.1	19.6
SA20160190_KJBEGOPM_01480	SA20160190_KJBEGOPM_01474	37.037	27	17	0	75	101	378	404	7.8	17.7
SA20160190_KJBEGOPM_01480	SA20160190_KJBEGOPM_01479	50.000	18	9	0	116	133	101	118	8.0	17.3
SA20160190_KJBEGOPM_01481	SA20160190_KJBEGOPM_01481	100.000	524	0	0	1	524	1	524	0.0	1076
SA20160190_KJBEGOPM_01481	SA20160190_KJBEGOPM_01472	25.843	89	57	4	396	475	245	333	0.27	23.5
SA20160190_KJBEGOPM_01481	SA20160190_KJBEGOPM_01473	34.211	38	20	2	274	307	261	297	1.9	20.8
SA20160190_KJBEGOPM_01481	SA20160190_KJBEGOPM_01480	26.471	34	25	0	351	384	6	39	4.5	19.6
SA20160190_KJBEGOPM_01481	SA20160190_KJBEGOPM_01479	23.256	86	56	4	242	327	83	158	6.3	18.9
