SA20160190_KJBEGOPM_00562	SA20153983_GBAKOBEN_01431	30.303	66	40	2	224	285	215	278	0.42	22.7
SA20160190_KJBEGOPM_00562	SA20153983_GBAKOBEN_01435	26.984	63	34	3	329	385	274	330	0.60	22.3
SA20160190_KJBEGOPM_00562	SA20153983_GBAKOBEN_01442	43.750	16	9	0	209	224	480	495	2.0	20.4
SA20160190_KJBEGOPM_00562	SA20153983_GBAKOBEN_01432	87.500	8	1	0	390	397	681	688	2.6	20.0
SA20160190_KJBEGOPM_00562	SA20153983_GBAKOBEN_01441	37.500	16	10	0	4	19	407	422	5.9	18.9
SA20160190_KJBEGOPM_00563	SA20153983_GBAKOBEN_01441	28.571	42	26	2	20	57	29	70	1.4	19.6
SA20160190_KJBEGOPM_00563	SA20153983_GBAKOBEN_01437	28.125	32	19	1	186	213	51	82	1.7	18.9
SA20160190_KJBEGOPM_00563	SA20153983_GBAKOBEN_01432	45.455	22	12	0	170	191	613	634	3.4	18.5
SA20160190_KJBEGOPM_00563	SA20153983_GBAKOBEN_01436	37.500	16	10	0	189	204	2	17	6.5	17.3
SA20160190_KJBEGOPM_00563	SA20153983_GBAKOBEN_01431	28.205	78	40	4	109	170	102	179	7.6	17.3
SA20160190_KJBEGOPM_00564	SA20153983_GBAKOBEN_01442	19.048	42	34	0	184	225	314	355	1.9	19.2
SA20160190_KJBEGOPM_00564	SA20153983_GBAKOBEN_01439	54.545	11	5	0	30	40	257	267	3.3	18.5
SA20160190_KJBEGOPM_00564	SA20153983_GBAKOBEN_01432	30.556	36	25	0	26	61	16	51	5.2	18.1
SA20160190_KJBEGOPM_00564	SA20153983_GBAKOBEN_01447	33.333	27	18	0	140	166	284	310	8.7	17.3
SA20160190_KJBEGOPM_00566	SA20153983_GBAKOBEN_01443	100.000	168	0	0	1	168	1	168	1.62e-127	346
SA20160190_KJBEGOPM_00567	SA20153983_GBAKOBEN_01442	99.848	660	1	0	1	660	1	660	0.0	1354
SA20160190_KJBEGOPM_00567	SA20153983_GBAKOBEN_01439	25.581	43	30	1	463	505	73	113	4.7	19.6
SA20160190_KJBEGOPM_00567	SA20153983_GBAKOBEN_01432	29.091	55	35	2	46	97	618	671	5.4	19.6
SA20160190_KJBEGOPM_00567	SA20153983_GBAKOBEN_01441	38.235	34	19	1	307	340	429	460	8.8	18.9
SA20160190_KJBEGOPM_00568	SA20153983_GBAKOBEN_01441	100.000	581	0	0	1	581	1	581	0.0	1205
SA20160190_KJBEGOPM_00568	SA20153983_GBAKOBEN_01432	33.333	21	14	0	306	326	927	947	5.6	19.2
SA20160190_KJBEGOPM_00568	SA20153983_GBAKOBEN_01426	43.750	16	9	0	205	220	137	152	6.3	18.9
SA20160190_KJBEGOPM_00568	SA20153983_GBAKOBEN_01435	30.769	39	18	2	206	236	17	54	6.5	18.9
SA20160190_KJBEGOPM_00568	SA20153983_GBAKOBEN_01447	40.000	15	9	0	40	54	119	133	7.2	18.9
SA20160190_KJBEGOPM_00568	SA20153983_GBAKOBEN_01442	38.235	34	19	1	429	460	307	340	9.1	18.5
SA20160190_KJBEGOPM_00569	SA20153983_GBAKOBEN_01440	100.000	71	0	0	1	71	1	71	1.73e-48	139
SA20160190_KJBEGOPM_00570	SA20153983_GBAKOBEN_01439	99.407	337	2	0	1	337	1	337	0.0	682
SA20160190_KJBEGOPM_00570	SA20153983_GBAKOBEN_01432	21.429	112	79	2	180	286	203	310	0.90	20.8
SA20160190_KJBEGOPM_00570	SA20153983_GBAKOBEN_01447	44.000	25	12	1	188	210	183	207	1.6	20.0
SA20160190_KJBEGOPM_00570	SA20153983_GBAKOBEN_01433	35.714	28	17	1	39	66	268	294	2.5	19.6
SA20160190_KJBEGOPM_00570	SA20153983_GBAKOBEN_01442	25.581	43	30	1	73	113	463	505	2.7	19.2
SA20160190_KJBEGOPM_00570	SA20153983_GBAKOBEN_01445	33.333	15	10	0	177	191	120	134	6.1	18.1
SA20160190_KJBEGOPM_00570	SA20153983_GBAKOBEN_01426	31.707	41	20	2	128	160	138	178	6.5	18.1
SA20160190_KJBEGOPM_00570	SA20153983_GBAKOBEN_01441	43.478	23	12	1	299	320	176	198	8.0	17.7
SA20160190_KJBEGOPM_00571	SA20153983_GBAKOBEN_01438	100.000	203	0	0	1	203	1	203	1.44e-149	404
SA20160190_KJBEGOPM_00571	SA20153983_GBAKOBEN_01436	35.821	67	36	4	29	92	77	139	8.5	16.9
SA20160190_KJBEGOPM_00571	SA20153983_GBAKOBEN_01433	55.556	9	4	0	75	83	420	428	8.9	16.9
SA20160190_KJBEGOPM_00572	SA20153983_GBAKOBEN_01437	100.000	119	0	0	1	119	1	119	1.27e-87	241
SA20160190_KJBEGOPM_00572	SA20153983_GBAKOBEN_01432	50.000	16	7	1	51	65	36	51	3.7	17.3
SA20160190_KJBEGOPM_00572	SA20153983_GBAKOBEN_01441	26.829	41	30	0	70	110	356	396	5.1	16.9
SA20160190_KJBEGOPM_00573	SA20153983_GBAKOBEN_01436	100.000	273	0	0	1	273	1	273	0.0	544
SA20160190_KJBEGOPM_00573	SA20153983_GBAKOBEN_01431	33.333	21	12	1	170	190	6	24	8.1	17.7
SA20160190_KJBEGOPM_00573	SA20153983_GBAKOBEN_01446	71.429	7	2	0	66	72	3	9	8.2	16.5
SA20160190_KJBEGOPM_00574	SA20153983_GBAKOBEN_01435	99.274	413	3	0	1	413	1	413	0.0	843
SA20160190_KJBEGOPM_00574	SA20153983_GBAKOBEN_01441	30.769	39	18	2	17	54	206	236	4.6	18.9
SA20160190_KJBEGOPM_00574	SA20153983_GBAKOBEN_01432	34.884	43	25	2	131	172	82	122	6.0	18.5
SA20160190_KJBEGOPM_00574	SA20153983_GBAKOBEN_01447	22.764	123	72	5	83	186	396	514	8.8	18.1
SA20160190_KJBEGOPM_00574	SA20153983_GBAKOBEN_01445	23.077	78	49	3	19	91	10	81	9.2	17.7
SA20160190_KJBEGOPM_00574	SA20153983_GBAKOBEN_01442	34.783	23	14	1	282	303	528	550	9.8	18.1
SA20160190_KJBEGOPM_00575	SA20153983_GBAKOBEN_01434	99.510	204	1	0	1	204	1	204	3.55e-153	414
SA20160190_KJBEGOPM_00575	SA20153983_GBAKOBEN_01441	60.000	10	4	0	101	110	533	542	5.5	17.7
SA20160190_KJBEGOPM_00576	SA20153983_GBAKOBEN_01433	99.307	433	3	0	1	433	1	433	0.0	883
SA20160190_KJBEGOPM_00576	SA20153983_GBAKOBEN_01430	34.091	44	24	2	107	150	458	496	0.14	23.9
SA20160190_KJBEGOPM_00576	SA20153983_GBAKOBEN_01432	36.364	22	14	0	346	367	421	442	0.71	21.6
SA20160190_KJBEGOPM_00576	SA20153983_GBAKOBEN_01439	35.714	28	17	1	268	294	39	66	3.1	19.6
SA20160190_KJBEGOPM_00576	SA20153983_GBAKOBEN_01447	37.500	24	12	1	147	167	271	294	3.2	19.6
SA20160190_KJBEGOPM_00576	SA20153983_GBAKOBEN_01428	33.333	24	11	1	397	415	44	67	8.8	17.3
SA20160190_KJBEGOPM_00577	SA20153983_GBAKOBEN_01432	99.894	947	1	0	1	947	1	947	0.0	1928
SA20160190_KJBEGOPM_00577	SA20153983_GBAKOBEN_01433	36.364	22	14	0	421	442	346	367	1.6	21.6
SA20160190_KJBEGOPM_00577	SA20153983_GBAKOBEN_01439	21.429	112	79	2	203	310	180	286	2.1	21.2
SA20160190_KJBEGOPM_00577	SA20153983_GBAKOBEN_01431	27.660	47	26	2	258	296	360	406	6.5	19.6
SA20160190_KJBEGOPM_00577	SA20153983_GBAKOBEN_01441	33.333	21	14	0	927	947	306	326	8.8	19.2
SA20160190_KJBEGOPM_00578	SA20153983_GBAKOBEN_01431	99.790	477	1	0	1	477	1	477	0.0	968
SA20160190_KJBEGOPM_00578	SA20153983_GBAKOBEN_01432	27.660	47	26	2	360	406	258	296	2.3	20.0
SA20160190_KJBEGOPM_00578	SA20153983_GBAKOBEN_01430	52.941	17	6	1	339	353	49	65	4.6	19.2
SA20160190_KJBEGOPM_00579	SA20153983_GBAKOBEN_01430	100.000	559	0	0	1	559	1	559	0.0	1107
SA20160190_KJBEGOPM_00579	SA20153983_GBAKOBEN_01433	36.364	44	23	2	458	496	107	150	0.061	25.4
SA20160190_KJBEGOPM_00579	SA20153983_GBAKOBEN_01427	25.641	39	28	1	158	196	16	53	4.0	18.9
SA20160190_KJBEGOPM_00579	SA20153983_GBAKOBEN_01431	52.941	17	6	1	49	65	339	353	5.6	19.2
SA20160190_KJBEGOPM_00580	SA20153983_GBAKOBEN_01429	99.515	206	1	0	1	206	1	206	2.95e-153	414
SA20160190_KJBEGOPM_00580	SA20153983_GBAKOBEN_01445	27.027	37	27	0	67	103	124	160	1.0	19.6
SA20160190_KJBEGOPM_00580	SA20153983_GBAKOBEN_01433	28.846	52	29	2	95	146	218	261	1.6	19.2
SA20160190_KJBEGOPM_00581	SA20153983_GBAKOBEN_01428	100.000	67	0	0	1	67	1	67	1.37e-50	144
SA20160190_KJBEGOPM_00581	SA20153983_GBAKOBEN_01433	33.333	24	11	1	44	67	397	415	3.3	16.2
SA20160190_KJBEGOPM_00582	SA20153983_GBAKOBEN_01427	100.000	98	0	0	1	98	1	98	5.24e-68	190
SA20160190_KJBEGOPM_00582	SA20153983_GBAKOBEN_01430	25.641	39	28	1	16	53	158	196	0.68	18.9
SA20160190_KJBEGOPM_00582	SA20153983_GBAKOBEN_01445	43.750	16	9	0	28	43	69	84	5.2	16.2
SA20160190_KJBEGOPM_00582	SA20153983_GBAKOBEN_01441	26.667	15	11	0	44	58	268	282	5.7	16.2
SA20160190_KJBEGOPM_00582	SA20153983_GBAKOBEN_01431	20.000	20	16	0	51	70	222	241	7.7	15.8
SA20160190_KJBEGOPM_00583	SA20153983_GBAKOBEN_01426	100.000	217	0	0	1	217	1	217	1.45e-164	444
SA20160190_KJBEGOPM_00583	SA20153983_GBAKOBEN_01441	43.750	16	9	0	137	152	205	220	2.3	18.9
SA20160190_KJBEGOPM_00583	SA20153983_GBAKOBEN_01442	24.444	45	32	1	91	133	468	512	2.8	18.5
SA20160190_KJBEGOPM_00583	SA20153983_GBAKOBEN_01439	31.707	41	20	2	138	178	128	160	4.2	18.1
SA20153983_GBAKOBEN_01426	SA20153983_GBAKOBEN_01426	100.000	217	0	0	1	217	1	217	1.45e-164	444
SA20153983_GBAKOBEN_01426	SA20153983_GBAKOBEN_01441	43.750	16	9	0	137	152	205	220	2.3	18.9
SA20153983_GBAKOBEN_01426	SA20153983_GBAKOBEN_01442	24.444	45	32	1	91	133	468	512	2.8	18.5
SA20153983_GBAKOBEN_01426	SA20153983_GBAKOBEN_01439	31.707	41	20	2	138	178	128	160	4.2	18.1
SA20153983_GBAKOBEN_01427	SA20153983_GBAKOBEN_01427	100.000	98	0	0	1	98	1	98	5.24e-68	190
SA20153983_GBAKOBEN_01427	SA20153983_GBAKOBEN_01430	25.641	39	28	1	16	53	158	196	0.68	18.9
SA20153983_GBAKOBEN_01427	SA20153983_GBAKOBEN_01445	43.750	16	9	0	28	43	69	84	5.2	16.2
SA20153983_GBAKOBEN_01427	SA20153983_GBAKOBEN_01441	26.667	15	11	0	44	58	268	282	5.7	16.2
SA20153983_GBAKOBEN_01427	SA20153983_GBAKOBEN_01431	20.000	20	16	0	51	70	222	241	7.7	15.8
SA20153983_GBAKOBEN_01428	SA20153983_GBAKOBEN_01428	100.000	67	0	0	1	67	1	67	1.37e-50	144
SA20153983_GBAKOBEN_01428	SA20153983_GBAKOBEN_01433	33.333	24	11	1	44	67	397	415	3.3	16.2
SA20153983_GBAKOBEN_01429	SA20153983_GBAKOBEN_01429	100.000	206	0	0	1	206	1	206	1.06e-153	415
SA20153983_GBAKOBEN_01429	SA20153983_GBAKOBEN_01445	27.027	37	27	0	67	103	124	160	1.1	19.6
SA20153983_GBAKOBEN_01429	SA20153983_GBAKOBEN_01433	28.846	52	29	2	95	146	218	261	1.6	19.2
SA20153983_GBAKOBEN_01430	SA20153983_GBAKOBEN_01430	100.000	559	0	0	1	559	1	559	0.0	1107
SA20153983_GBAKOBEN_01430	SA20153983_GBAKOBEN_01433	36.364	44	23	2	458	496	107	150	0.061	25.4
SA20153983_GBAKOBEN_01430	SA20153983_GBAKOBEN_01427	25.641	39	28	1	158	196	16	53	4.0	18.9
SA20153983_GBAKOBEN_01430	SA20153983_GBAKOBEN_01431	52.941	17	6	1	49	65	339	353	5.6	19.2
SA20153983_GBAKOBEN_01431	SA20153983_GBAKOBEN_01431	100.000	477	0	0	1	477	1	477	0.0	970
SA20153983_GBAKOBEN_01431	SA20153983_GBAKOBEN_01432	27.660	47	26	2	360	406	258	296	3.3	19.6
SA20153983_GBAKOBEN_01431	SA20153983_GBAKOBEN_01430	52.941	17	6	1	339	353	49	65	4.5	19.2
SA20153983_GBAKOBEN_01432	SA20153983_GBAKOBEN_01432	100.000	947	0	0	1	947	1	947	0.0	1930
SA20153983_GBAKOBEN_01432	SA20153983_GBAKOBEN_01433	36.364	22	14	0	421	442	346	367	1.6	21.6
SA20153983_GBAKOBEN_01432	SA20153983_GBAKOBEN_01439	21.429	112	79	2	203	310	180	286	2.2	21.2
SA20153983_GBAKOBEN_01432	SA20153983_GBAKOBEN_01431	27.660	47	26	2	258	296	360	406	6.4	19.6
SA20153983_GBAKOBEN_01432	SA20153983_GBAKOBEN_01441	33.333	21	14	0	927	947	306	326	8.5	19.2
SA20153983_GBAKOBEN_01433	SA20153983_GBAKOBEN_01433	100.000	433	0	0	1	433	1	433	0.0	889
SA20153983_GBAKOBEN_01433	SA20153983_GBAKOBEN_01430	36.364	44	23	2	107	150	458	496	0.049	25.4
SA20153983_GBAKOBEN_01433	SA20153983_GBAKOBEN_01432	36.364	22	14	0	346	367	421	442	0.71	21.6
SA20153983_GBAKOBEN_01433	SA20153983_GBAKOBEN_01447	37.500	24	12	1	147	167	271	294	3.1	19.6
SA20153983_GBAKOBEN_01433	SA20153983_GBAKOBEN_01439	35.714	28	17	1	268	294	39	66	3.2	19.6
SA20153983_GBAKOBEN_01433	SA20153983_GBAKOBEN_01429	28.846	52	29	2	218	261	95	146	3.5	19.2
SA20153983_GBAKOBEN_01433	SA20153983_GBAKOBEN_01428	33.333	24	11	1	397	415	44	67	8.8	17.3
SA20153983_GBAKOBEN_01434	SA20153983_GBAKOBEN_01434	100.000	204	0	0	1	204	1	204	2.67e-153	414
SA20153983_GBAKOBEN_01434	SA20153983_GBAKOBEN_01441	60.000	10	4	0	101	110	533	542	5.5	17.7
SA20153983_GBAKOBEN_01435	SA20153983_GBAKOBEN_01435	100.000	413	0	0	1	413	1	413	0.0	848
SA20153983_GBAKOBEN_01435	SA20153983_GBAKOBEN_01441	30.769	39	18	2	17	54	206	236	4.6	18.9
SA20153983_GBAKOBEN_01435	SA20153983_GBAKOBEN_01432	34.884	43	25	2	131	172	82	122	6.0	18.5
SA20153983_GBAKOBEN_01435	SA20153983_GBAKOBEN_01447	22.764	123	72	5	83	186	396	514	8.2	18.1
SA20153983_GBAKOBEN_01435	SA20153983_GBAKOBEN_01442	34.783	23	14	1	282	303	528	550	9.7	18.1
SA20153983_GBAKOBEN_01436	SA20153983_GBAKOBEN_01436	100.000	273	0	0	1	273	1	273	0.0	544
SA20153983_GBAKOBEN_01436	SA20153983_GBAKOBEN_01431	33.333	21	12	1	170	190	6	24	8.1	17.7
SA20153983_GBAKOBEN_01436	SA20153983_GBAKOBEN_01446	71.429	7	2	0	66	72	3	9	8.2	16.5
SA20153983_GBAKOBEN_01437	SA20153983_GBAKOBEN_01437	100.000	119	0	0	1	119	1	119	1.27e-87	241
SA20153983_GBAKOBEN_01437	SA20153983_GBAKOBEN_01432	50.000	16	7	1	51	65	36	51	3.7	17.3
SA20153983_GBAKOBEN_01437	SA20153983_GBAKOBEN_01441	26.829	41	30	0	70	110	356	396	5.1	16.9
SA20153983_GBAKOBEN_01438	SA20153983_GBAKOBEN_01438	100.000	203	0	0	1	203	1	203	1.44e-149	404
SA20153983_GBAKOBEN_01438	SA20153983_GBAKOBEN_01433	55.556	9	4	0	75	83	420	428	8.9	16.9
SA20153983_GBAKOBEN_01439	SA20153983_GBAKOBEN_01439	100.000	337	0	0	1	337	1	337	0.0	686
SA20153983_GBAKOBEN_01439	SA20153983_GBAKOBEN_01432	21.429	112	79	2	180	286	203	310	0.79	21.2
SA20153983_GBAKOBEN_01439	SA20153983_GBAKOBEN_01447	44.000	25	12	1	188	210	183	207	1.6	20.0
SA20153983_GBAKOBEN_01439	SA20153983_GBAKOBEN_01433	35.714	28	17	1	39	66	268	294	2.5	19.6
SA20153983_GBAKOBEN_01439	SA20153983_GBAKOBEN_01442	25.581	43	30	1	73	113	463	505	2.6	19.6
SA20153983_GBAKOBEN_01439	SA20153983_GBAKOBEN_01445	33.333	15	10	0	177	191	120	134	6.0	18.1
SA20153983_GBAKOBEN_01439	SA20153983_GBAKOBEN_01426	31.707	41	20	2	128	160	138	178	6.5	18.1
SA20153983_GBAKOBEN_01439	SA20153983_GBAKOBEN_01441	43.478	23	12	1	299	320	176	198	7.6	18.1
SA20153983_GBAKOBEN_01440	SA20153983_GBAKOBEN_01440	100.000	71	0	0	1	71	1	71	1.73e-48	139
SA20153983_GBAKOBEN_01441	SA20153983_GBAKOBEN_01441	100.000	581	0	0	1	581	1	581	0.0	1205
SA20153983_GBAKOBEN_01441	SA20153983_GBAKOBEN_01432	33.333	21	14	0	306	326	927	947	5.6	19.2
SA20153983_GBAKOBEN_01441	SA20153983_GBAKOBEN_01426	43.750	16	9	0	205	220	137	152	6.3	18.9
SA20153983_GBAKOBEN_01441	SA20153983_GBAKOBEN_01435	30.769	39	18	2	206	236	17	54	6.5	18.9
SA20153983_GBAKOBEN_01441	SA20153983_GBAKOBEN_01447	40.000	15	9	0	40	54	119	133	7.2	18.9
SA20153983_GBAKOBEN_01441	SA20153983_GBAKOBEN_01442	38.235	34	19	1	429	460	307	340	9.1	18.5
SA20153983_GBAKOBEN_01442	SA20153983_GBAKOBEN_01442	100.000	660	0	0	1	660	1	660	0.0	1356
SA20153983_GBAKOBEN_01442	SA20153983_GBAKOBEN_01439	33.333	24	16	0	482	505	90	113	4.9	19.6
SA20153983_GBAKOBEN_01442	SA20153983_GBAKOBEN_01432	29.091	55	35	2	46	97	618	671	5.4	19.6
SA20153983_GBAKOBEN_01442	SA20153983_GBAKOBEN_01441	38.235	34	19	1	307	340	429	460	8.6	18.9
SA20153983_GBAKOBEN_01443	SA20153983_GBAKOBEN_01443	100.000	168	0	0	1	168	1	168	1.62e-127	346
SA20153983_GBAKOBEN_01445	SA20153983_GBAKOBEN_01445	100.000	254	0	0	1	254	1	254	0.0	530
SA20153983_GBAKOBEN_01445	SA20153983_GBAKOBEN_01429	27.027	37	27	0	124	160	67	103	1.4	19.6
SA20153983_GBAKOBEN_01445	SA20153983_GBAKOBEN_01439	33.333	15	10	0	120	134	177	191	4.6	18.1
SA20153983_GBAKOBEN_01445	SA20153983_GBAKOBEN_01441	26.667	30	18	1	89	118	74	99	5.6	18.1
SA20153983_GBAKOBEN_01445	SA20153983_GBAKOBEN_01430	33.333	36	20	2	193	224	106	141	6.2	17.7
SA20153983_GBAKOBEN_01445	SA20153983_GBAKOBEN_01435	23.077	78	49	3	10	81	19	91	6.2	17.7
SA20153983_GBAKOBEN_01445	SA20153983_GBAKOBEN_01432	33.333	33	18	2	146	178	534	562	8.2	17.3
SA20153983_GBAKOBEN_01446	SA20153983_GBAKOBEN_01446	100.000	61	0	0	1	61	1	61	5.76e-43	124
SA20153983_GBAKOBEN_01446	SA20153983_GBAKOBEN_01436	71.429	7	2	0	3	9	66	72	1.7	16.5
SA20153983_GBAKOBEN_01446	SA20153983_GBAKOBEN_01447	23.529	17	13	0	36	52	214	230	5.1	15.4
SA20153983_GBAKOBEN_01447	SA20153983_GBAKOBEN_01447	100.000	566	0	0	1	566	1	566	0.0	1165
SA20153983_GBAKOBEN_01447	SA20153983_GBAKOBEN_01439	44.000	25	12	1	183	207	188	210	2.7	20.0
SA20153983_GBAKOBEN_01447	SA20153983_GBAKOBEN_01433	37.500	24	12	1	271	294	147	167	4.0	19.6
SA20153983_GBAKOBEN_01447	SA20153983_GBAKOBEN_01441	40.000	15	9	0	119	133	40	54	7.0	18.9
SA20160190_KJBEGOPM_00562	SA20160190_KJBEGOPM_00562	100.000	522	0	0	1	522	1	522	0.0	1051
SA20160190_KJBEGOPM_00562	SA20160190_KJBEGOPM_00574	26.415	53	32	2	339	385	279	330	0.46	22.7
SA20160190_KJBEGOPM_00562	SA20160190_KJBEGOPM_00567	43.750	16	9	0	209	224	480	495	2.0	20.4
SA20160190_KJBEGOPM_00562	SA20160190_KJBEGOPM_00577	87.500	8	1	0	390	397	681	688	2.6	20.0
SA20160190_KJBEGOPM_00562	SA20160190_KJBEGOPM_00568	37.500	16	10	0	4	19	407	422	6.0	18.9
SA20160190_KJBEGOPM_00563	SA20160190_KJBEGOPM_00563	100.000	214	0	0	1	214	1	214	2.89e-162	437
SA20160190_KJBEGOPM_00563	SA20160190_KJBEGOPM_00568	28.571	42	26	2	20	57	29	70	1.4	19.6
SA20160190_KJBEGOPM_00563	SA20160190_KJBEGOPM_00572	28.125	32	19	1	186	213	51	82	1.7	18.9
SA20160190_KJBEGOPM_00563	SA20160190_KJBEGOPM_00577	45.455	22	12	0	170	191	613	634	3.4	18.5
SA20160190_KJBEGOPM_00563	SA20160190_KJBEGOPM_00573	37.500	16	10	0	189	204	2	17	6.6	17.3
SA20160190_KJBEGOPM_00563	SA20160190_KJBEGOPM_00578	28.205	78	40	4	109	170	102	179	8.0	17.3
SA20160190_KJBEGOPM_00564	SA20160190_KJBEGOPM_00564	100.000	255	0	0	1	255	1	255	0.0	521
SA20160190_KJBEGOPM_00564	SA20160190_KJBEGOPM_00567	19.048	42	34	0	184	225	314	355	1.9	19.6
SA20160190_KJBEGOPM_00564	SA20160190_KJBEGOPM_00570	54.545	11	5	0	30	40	257	267	3.3	18.5
SA20160190_KJBEGOPM_00564	SA20160190_KJBEGOPM_00577	30.556	36	25	0	26	61	16	51	5.3	18.1
SA20160190_KJBEGOPM_00566	SA20160190_KJBEGOPM_00566	100.000	168	0	0	1	168	1	168	1.65e-127	346
SA20160190_KJBEGOPM_00566	SA20160190_KJBEGOPM_00564	55.556	9	4	0	109	117	234	242	9.7	16.5
SA20160190_KJBEGOPM_00567	SA20160190_KJBEGOPM_00567	100.000	660	0	0	1	660	1	660	0.0	1357
SA20160190_KJBEGOPM_00567	SA20160190_KJBEGOPM_00562	43.750	16	9	0	480	495	209	224	2.7	20.4
SA20160190_KJBEGOPM_00567	SA20160190_KJBEGOPM_00570	25.581	43	30	1	463	505	73	113	4.9	19.6
SA20160190_KJBEGOPM_00567	SA20160190_KJBEGOPM_00577	29.091	55	35	2	46	97	618	671	5.5	19.6
SA20160190_KJBEGOPM_00567	SA20160190_KJBEGOPM_00564	19.048	42	34	0	314	355	184	225	6.6	19.2
SA20160190_KJBEGOPM_00567	SA20160190_KJBEGOPM_00568	38.235	34	19	1	307	340	429	460	8.9	18.9
SA20160190_KJBEGOPM_00568	SA20160190_KJBEGOPM_00568	100.000	581	0	0	1	581	1	581	0.0	1205
SA20160190_KJBEGOPM_00568	SA20160190_KJBEGOPM_00563	25.714	35	26	0	36	70	5	39	3.2	19.6
SA20160190_KJBEGOPM_00568	SA20160190_KJBEGOPM_00577	33.333	21	14	0	306	326	927	947	5.8	19.2
SA20160190_KJBEGOPM_00568	SA20160190_KJBEGOPM_00583	43.750	16	9	0	205	220	137	152	6.4	18.9
SA20160190_KJBEGOPM_00568	SA20160190_KJBEGOPM_00574	30.769	39	18	2	206	236	17	54	6.6	18.9
SA20160190_KJBEGOPM_00568	SA20160190_KJBEGOPM_00562	37.500	16	10	0	407	422	4	19	6.7	18.9
SA20160190_KJBEGOPM_00568	SA20160190_KJBEGOPM_00567	38.235	34	19	1	429	460	307	340	9.3	18.5
SA20160190_KJBEGOPM_00569	SA20160190_KJBEGOPM_00569	100.000	71	0	0	1	71	1	71	1.76e-48	139
SA20160190_KJBEGOPM_00569	SA20160190_KJBEGOPM_00578	33.333	21	12	1	24	42	9	29	3.7	16.2
SA20160190_KJBEGOPM_00570	SA20160190_KJBEGOPM_00570	100.000	337	0	0	1	337	1	337	0.0	686
SA20160190_KJBEGOPM_00570	SA20160190_KJBEGOPM_00577	21.429	112	79	2	180	286	203	310	0.91	21.2
SA20160190_KJBEGOPM_00570	SA20160190_KJBEGOPM_00576	35.714	28	17	1	39	66	268	294	2.5	19.6
SA20160190_KJBEGOPM_00570	SA20160190_KJBEGOPM_00567	25.581	43	30	1	73	113	463	505	2.7	19.6
SA20160190_KJBEGOPM_00570	SA20160190_KJBEGOPM_00564	54.545	11	5	0	257	267	30	40	4.3	18.5
SA20160190_KJBEGOPM_00570	SA20160190_KJBEGOPM_00583	31.707	41	20	2	128	160	138	178	6.6	18.1
SA20160190_KJBEGOPM_00570	SA20160190_KJBEGOPM_00568	43.478	23	12	1	299	320	176	198	8.1	17.7
SA20160190_KJBEGOPM_00571	SA20160190_KJBEGOPM_00571	100.000	203	0	0	1	203	1	203	1.46e-149	404
SA20160190_KJBEGOPM_00571	SA20160190_KJBEGOPM_00576	55.556	9	4	0	75	83	420	428	9.1	16.9
SA20160190_KJBEGOPM_00572	SA20160190_KJBEGOPM_00572	100.000	119	0	0	1	119	1	119	1.29e-87	241
SA20160190_KJBEGOPM_00572	SA20160190_KJBEGOPM_00563	31.250	32	18	1	51	82	186	213	0.99	18.9
SA20160190_KJBEGOPM_00572	SA20160190_KJBEGOPM_00577	50.000	16	7	1	51	65	36	51	3.8	17.3
SA20160190_KJBEGOPM_00572	SA20160190_KJBEGOPM_00568	26.829	41	30	0	70	110	356	396	5.2	16.9
SA20160190_KJBEGOPM_00573	SA20160190_KJBEGOPM_00573	100.000	273	0	0	1	273	1	273	0.0	544
SA20160190_KJBEGOPM_00573	SA20160190_KJBEGOPM_00578	33.333	21	12	1	170	190	6	24	8.3	17.3
SA20160190_KJBEGOPM_00573	SA20160190_KJBEGOPM_00563	37.500	16	10	0	2	17	189	204	9.0	17.3
SA20160190_KJBEGOPM_00574	SA20160190_KJBEGOPM_00574	100.000	413	0	0	1	413	1	413	0.0	847
SA20160190_KJBEGOPM_00574	SA20160190_KJBEGOPM_00562	40.000	15	9	0	279	293	339	353	1.2	20.8
SA20160190_KJBEGOPM_00574	SA20160190_KJBEGOPM_00568	30.769	39	18	2	17	54	206	236	4.7	18.9
SA20160190_KJBEGOPM_00574	SA20160190_KJBEGOPM_00577	34.884	43	25	2	131	172	82	122	6.0	18.9
SA20160190_KJBEGOPM_00574	SA20160190_KJBEGOPM_00567	34.783	23	14	1	282	303	528	550	9.8	18.1
SA20160190_KJBEGOPM_00575	SA20160190_KJBEGOPM_00575	100.000	204	0	0	1	204	1	204	2.33e-153	414
SA20160190_KJBEGOPM_00575	SA20160190_KJBEGOPM_00568	60.000	10	4	0	101	110	533	542	5.6	17.7
SA20160190_KJBEGOPM_00575	SA20160190_KJBEGOPM_00562	22.093	86	58	3	111	190	136	218	8.3	16.9
SA20160190_KJBEGOPM_00576	SA20160190_KJBEGOPM_00576	100.000	433	0	0	1	433	1	433	0.0	889
SA20160190_KJBEGOPM_00576	SA20160190_KJBEGOPM_00579	34.091	44	24	2	107	150	458	496	0.14	23.9
SA20160190_KJBEGOPM_00576	SA20160190_KJBEGOPM_00577	36.364	22	14	0	346	367	421	442	0.72	21.6
SA20160190_KJBEGOPM_00576	SA20160190_KJBEGOPM_00570	35.714	28	17	1	268	294	39	66	3.2	19.6
SA20160190_KJBEGOPM_00576	SA20160190_KJBEGOPM_00581	33.333	24	11	1	397	415	44	67	8.9	17.3
SA20160190_KJBEGOPM_00577	SA20160190_KJBEGOPM_00577	100.000	947	0	0	1	947	1	947	0.0	1930
SA20160190_KJBEGOPM_00577	SA20160190_KJBEGOPM_00576	34.783	23	15	0	420	442	345	367	1.5	21.9
SA20160190_KJBEGOPM_00577	SA20160190_KJBEGOPM_00570	21.429	112	79	2	203	310	180	286	2.3	21.2
SA20160190_KJBEGOPM_00577	SA20160190_KJBEGOPM_00578	27.660	47	26	2	258	296	360	406	4.7	20.0
SA20160190_KJBEGOPM_00577	SA20160190_KJBEGOPM_00562	87.500	8	1	0	681	688	390	397	4.7	20.0
SA20160190_KJBEGOPM_00577	SA20160190_KJBEGOPM_00568	33.333	21	14	0	927	947	306	326	8.9	19.2
SA20160190_KJBEGOPM_00578	SA20160190_KJBEGOPM_00578	100.000	477	0	0	1	477	1	477	0.0	970
SA20160190_KJBEGOPM_00578	SA20160190_KJBEGOPM_00577	27.660	47	26	2	360	406	258	296	2.3	20.4
SA20160190_KJBEGOPM_00578	SA20160190_KJBEGOPM_00579	52.941	17	6	1	339	353	49	65	4.6	19.2
SA20160190_KJBEGOPM_00579	SA20160190_KJBEGOPM_00579	100.000	559	0	0	1	559	1	559	0.0	1107
SA20160190_KJBEGOPM_00579	SA20160190_KJBEGOPM_00576	34.091	44	24	2	458	496	107	150	0.18	23.9
SA20160190_KJBEGOPM_00579	SA20160190_KJBEGOPM_00582	25.641	39	28	1	158	196	16	53	4.1	18.9
SA20160190_KJBEGOPM_00579	SA20160190_KJBEGOPM_00578	52.941	17	6	1	49	65	339	353	5.7	19.2
SA20160190_KJBEGOPM_00580	SA20160190_KJBEGOPM_00580	100.000	206	0	0	1	206	1	206	6.59e-154	416
SA20160190_KJBEGOPM_00581	SA20160190_KJBEGOPM_00581	100.000	67	0	0	1	67	1	67	1.39e-50	144
SA20160190_KJBEGOPM_00581	SA20160190_KJBEGOPM_00576	33.333	24	11	1	44	67	397	415	1.6	16.9
SA20160190_KJBEGOPM_00582	SA20160190_KJBEGOPM_00582	100.000	98	0	0	1	98	1	98	5.32e-68	190
SA20160190_KJBEGOPM_00582	SA20160190_KJBEGOPM_00579	25.641	39	28	1	16	53	158	196	0.69	18.9
SA20160190_KJBEGOPM_00582	SA20160190_KJBEGOPM_00568	26.667	15	11	0	44	58	268	282	5.7	16.2
SA20160190_KJBEGOPM_00582	SA20160190_KJBEGOPM_00578	20.000	20	16	0	51	70	222	241	7.8	15.8
SA20160190_KJBEGOPM_00583	SA20160190_KJBEGOPM_00583	100.000	217	0	0	1	217	1	217	1.47e-164	444
SA20160190_KJBEGOPM_00583	SA20160190_KJBEGOPM_00568	43.750	16	9	0	137	152	205	220	2.4	18.9
SA20160190_KJBEGOPM_00583	SA20160190_KJBEGOPM_00567	24.444	45	32	1	91	133	468	512	2.9	18.5
SA20160190_KJBEGOPM_00583	SA20160190_KJBEGOPM_00570	31.707	41	20	2	138	178	128	160	4.2	18.1
