SA20153980_HPBJMGIL_00883	SA20160323_HIEPLBCK_02153	96.743	522	16	1	1	521	1	522	0.0	1009
SA20153980_HPBJMGIL_00883	SA20160323_HIEPLBCK_02137	32.394	71	41	3	219	284	210	278	0.31	23.1
SA20153980_HPBJMGIL_00883	SA20160323_HIEPLBCK_02141	26.415	53	32	2	338	384	279	330	0.46	22.3
SA20153980_HPBJMGIL_00883	SA20160323_HIEPLBCK_02138	87.500	8	1	0	389	396	681	688	2.8	20.0
SA20153980_HPBJMGIL_00883	SA20160323_HIEPLBCK_02147	37.500	16	10	0	4	19	407	422	6.3	18.9
SA20153980_HPBJMGIL_00883	SA20160323_HIEPLBCK_02148	37.500	16	10	0	208	223	480	495	9.0	18.5
SA20153980_HPBJMGIL_00884	SA20160323_HIEPLBCK_02152	99.533	214	1	0	1	214	1	214	2.51e-161	435
SA20153980_HPBJMGIL_00884	SA20160323_HIEPLBCK_02147	28.571	42	26	2	20	57	29	70	1.3	19.6
SA20153980_HPBJMGIL_00884	SA20160323_HIEPLBCK_02143	28.125	32	19	1	186	213	51	82	1.7	18.9
SA20153980_HPBJMGIL_00884	SA20160323_HIEPLBCK_02138	45.455	22	12	0	170	191	613	634	3.5	18.5
SA20153980_HPBJMGIL_00884	SA20160323_HIEPLBCK_02153	22.892	83	36	3	76	158	43	97	4.4	18.1
SA20153980_HPBJMGIL_00884	SA20160323_HIEPLBCK_02142	37.500	16	10	0	189	204	2	17	6.8	17.3
SA20153980_HPBJMGIL_00884	SA20160323_HIEPLBCK_02137	28.205	78	40	4	109	170	102	179	8.0	17.3
SA20153980_HPBJMGIL_00885	SA20160323_HIEPLBCK_02151	96.863	255	8	0	1	255	1	255	0.0	509
SA20153980_HPBJMGIL_00885	SA20160323_HIEPLBCK_02148	21.429	42	33	0	184	225	314	355	0.97	20.4
SA20153980_HPBJMGIL_00885	SA20160323_HIEPLBCK_02145	54.545	11	5	0	30	40	257	267	3.3	18.5
SA20153980_HPBJMGIL_00887	SA20160323_HIEPLBCK_02149	100.000	168	0	0	1	168	1	168	1.65e-127	346
SA20153980_HPBJMGIL_00887	SA20160323_HIEPLBCK_02151	55.556	9	4	0	109	117	234	242	9.7	16.5
SA20153980_HPBJMGIL_00888	SA20160323_HIEPLBCK_02148	100.000	660	0	0	1	660	1	660	0.0	1357
SA20153980_HPBJMGIL_00888	SA20160323_HIEPLBCK_02153	43.750	16	9	0	480	495	209	224	2.7	20.4
SA20153980_HPBJMGIL_00888	SA20160323_HIEPLBCK_02145	25.581	43	30	1	463	505	73	113	4.9	19.6
SA20153980_HPBJMGIL_00888	SA20160323_HIEPLBCK_02138	29.091	55	35	2	46	97	618	671	5.5	19.6
SA20153980_HPBJMGIL_00888	SA20160323_HIEPLBCK_02151	19.048	42	34	0	314	355	184	225	6.6	19.2
SA20153980_HPBJMGIL_00888	SA20160323_HIEPLBCK_02147	38.235	34	19	1	307	340	429	460	8.9	18.9
SA20153980_HPBJMGIL_00889	SA20160323_HIEPLBCK_02147	100.000	581	0	0	1	581	1	581	0.0	1205
SA20153980_HPBJMGIL_00889	SA20160323_HIEPLBCK_02152	25.714	35	26	0	36	70	5	39	3.2	19.6
SA20153980_HPBJMGIL_00889	SA20160323_HIEPLBCK_02138	33.333	21	14	0	306	326	927	947	5.8	19.2
SA20153980_HPBJMGIL_00889	SA20160323_HIEPLBCK_02132	43.750	16	9	0	205	220	137	152	6.4	18.9
SA20153980_HPBJMGIL_00889	SA20160323_HIEPLBCK_02141	30.769	39	18	2	206	236	17	54	6.6	18.9
SA20153980_HPBJMGIL_00889	SA20160323_HIEPLBCK_02153	37.500	16	10	0	407	422	4	19	6.7	18.9
SA20153980_HPBJMGIL_00889	SA20160323_HIEPLBCK_02148	38.235	34	19	1	429	460	307	340	9.3	18.5
SA20153980_HPBJMGIL_00890	SA20160323_HIEPLBCK_02146	100.000	71	0	0	1	71	1	71	1.76e-48	139
SA20153980_HPBJMGIL_00890	SA20160323_HIEPLBCK_02137	33.333	21	12	1	24	42	9	29	3.7	16.2
SA20153980_HPBJMGIL_00891	SA20160323_HIEPLBCK_02145	99.407	337	2	0	1	337	1	337	0.0	682
SA20153980_HPBJMGIL_00891	SA20160323_HIEPLBCK_02138	21.429	112	79	2	180	286	203	310	0.78	21.2
SA20153980_HPBJMGIL_00891	SA20160323_HIEPLBCK_02139	35.714	28	17	1	39	66	268	294	2.5	19.6
SA20153980_HPBJMGIL_00891	SA20160323_HIEPLBCK_02148	25.581	43	30	1	73	113	463	505	2.7	19.2
SA20153980_HPBJMGIL_00891	SA20160323_HIEPLBCK_02151	54.545	11	5	0	257	267	30	40	4.5	18.5
SA20153980_HPBJMGIL_00891	SA20160323_HIEPLBCK_02132	31.707	41	20	2	128	160	138	178	6.6	18.1
SA20153980_HPBJMGIL_00891	SA20160323_HIEPLBCK_02147	43.478	23	12	1	299	320	176	198	7.7	18.1
SA20153980_HPBJMGIL_00892	SA20160323_HIEPLBCK_02144	100.000	203	0	0	1	203	1	203	1.46e-149	404
SA20153980_HPBJMGIL_00892	SA20160323_HIEPLBCK_02142	35.821	67	36	4	29	92	77	139	8.7	16.9
SA20153980_HPBJMGIL_00892	SA20160323_HIEPLBCK_02139	55.556	9	4	0	75	83	420	428	9.1	16.9
SA20153980_HPBJMGIL_00893	SA20160323_HIEPLBCK_02143	100.000	119	0	0	1	119	1	119	1.29e-87	241
SA20153980_HPBJMGIL_00893	SA20160323_HIEPLBCK_02152	31.250	32	18	1	51	82	186	213	0.99	18.9
SA20153980_HPBJMGIL_00893	SA20160323_HIEPLBCK_02138	50.000	16	7	1	51	65	36	51	3.8	17.3
SA20153980_HPBJMGIL_00893	SA20160323_HIEPLBCK_02147	26.829	41	30	0	70	110	356	396	5.2	16.9
SA20153980_HPBJMGIL_00894	SA20160323_HIEPLBCK_02142	100.000	273	0	0	1	273	1	273	0.0	544
SA20153980_HPBJMGIL_00894	SA20160323_HIEPLBCK_02137	33.333	21	12	1	170	190	6	24	8.3	17.3
SA20153980_HPBJMGIL_00894	SA20160323_HIEPLBCK_02152	37.500	16	10	0	2	17	189	204	9.0	17.3
SA20153980_HPBJMGIL_00895	SA20160323_HIEPLBCK_02141	99.274	413	3	0	1	413	1	413	0.0	843
SA20153980_HPBJMGIL_00895	SA20160323_HIEPLBCK_02153	36.000	25	11	1	274	293	329	353	1.2	20.8
SA20153980_HPBJMGIL_00895	SA20160323_HIEPLBCK_02147	30.769	39	18	2	17	54	206	236	4.7	18.9
SA20153980_HPBJMGIL_00895	SA20160323_HIEPLBCK_02138	34.884	43	25	2	131	172	82	122	6.0	18.9
SA20153980_HPBJMGIL_00895	SA20160323_HIEPLBCK_02148	34.783	23	14	1	282	303	528	550	10.0	18.1
SA20153980_HPBJMGIL_00896	SA20160323_HIEPLBCK_02140	100.000	204	0	0	1	204	1	204	2.33e-153	414
SA20153980_HPBJMGIL_00896	SA20160323_HIEPLBCK_02147	60.000	10	4	0	101	110	533	542	5.6	17.7
SA20153980_HPBJMGIL_00896	SA20160323_HIEPLBCK_02153	22.093	86	58	3	111	190	136	218	8.3	16.9
SA20153980_HPBJMGIL_00897	SA20160323_HIEPLBCK_02139	99.076	433	4	0	1	433	1	433	0.0	882
SA20153980_HPBJMGIL_00897	SA20160323_HIEPLBCK_02136	37.209	43	22	2	108	150	459	496	0.058	25.0
SA20153980_HPBJMGIL_00897	SA20160323_HIEPLBCK_02138	36.364	22	14	0	346	367	421	442	0.59	21.9
SA20153980_HPBJMGIL_00897	SA20160323_HIEPLBCK_02145	35.714	28	17	1	268	294	39	66	3.2	19.6
SA20153980_HPBJMGIL_00897	SA20160323_HIEPLBCK_02134	33.333	24	11	1	397	415	44	67	8.9	17.3
SA20153980_HPBJMGIL_00898	SA20160323_HIEPLBCK_02138	99.683	947	3	0	1	947	1	947	0.0	1925
SA20153980_HPBJMGIL_00898	SA20160323_HIEPLBCK_02139	34.783	23	15	0	420	442	345	367	1.6	21.6
SA20153980_HPBJMGIL_00898	SA20160323_HIEPLBCK_02145	21.429	112	79	2	203	310	180	286	2.3	21.2
SA20153980_HPBJMGIL_00898	SA20160323_HIEPLBCK_02137	27.660	47	26	2	258	296	360	406	4.7	20.0
SA20153980_HPBJMGIL_00898	SA20160323_HIEPLBCK_02153	87.500	8	1	0	681	688	390	397	4.7	20.0
SA20153980_HPBJMGIL_00898	SA20160323_HIEPLBCK_02151	30.556	36	25	0	16	51	26	61	7.8	19.2
SA20153980_HPBJMGIL_00898	SA20160323_HIEPLBCK_02147	33.333	21	14	0	927	947	306	326	9.0	19.2
SA20153980_HPBJMGIL_00899	SA20160323_HIEPLBCK_02137	100.000	477	0	0	1	477	1	477	0.0	970
SA20153980_HPBJMGIL_00899	SA20160323_HIEPLBCK_02153	30.303	66	40	2	215	278	224	285	0.38	22.7
SA20153980_HPBJMGIL_00899	SA20160323_HIEPLBCK_02138	27.660	47	26	2	360	406	258	296	2.3	20.4
SA20153980_HPBJMGIL_00899	SA20160323_HIEPLBCK_02136	52.941	17	6	1	339	353	49	65	4.6	19.2
SA20153980_HPBJMGIL_00900	SA20160323_HIEPLBCK_02136	99.821	559	1	0	1	559	1	559	0.0	1104
SA20153980_HPBJMGIL_00900	SA20160323_HIEPLBCK_02139	34.091	44	24	2	458	496	107	150	0.12	24.6
SA20153980_HPBJMGIL_00900	SA20160323_HIEPLBCK_02133	25.641	39	28	1	158	196	16	53	4.0	18.9
SA20153980_HPBJMGIL_00900	SA20160323_HIEPLBCK_02137	52.941	17	6	1	49	65	339	353	5.6	19.2
SA20153980_HPBJMGIL_00901	SA20160323_HIEPLBCK_02135	99.029	206	2	0	1	206	1	206	1.83e-152	412
SA20153980_HPBJMGIL_00902	SA20160323_HIEPLBCK_02134	100.000	67	0	0	1	67	1	67	1.39e-50	144
SA20153980_HPBJMGIL_00902	SA20160323_HIEPLBCK_02139	33.333	24	11	1	44	67	397	415	1.6	16.9
SA20153980_HPBJMGIL_00903	SA20160323_HIEPLBCK_02133	100.000	98	0	0	1	98	1	98	5.32e-68	190
SA20153980_HPBJMGIL_00903	SA20160323_HIEPLBCK_02136	25.641	39	28	1	16	53	158	196	0.69	18.9
SA20153980_HPBJMGIL_00903	SA20160323_HIEPLBCK_02147	26.667	15	11	0	44	58	268	282	5.7	16.2
SA20153980_HPBJMGIL_00903	SA20160323_HIEPLBCK_02137	20.000	20	16	0	51	70	222	241	7.8	15.8
SA20153980_HPBJMGIL_00904	SA20160323_HIEPLBCK_02132	100.000	217	0	0	1	217	1	217	1.47e-164	444
SA20153980_HPBJMGIL_00904	SA20160323_HIEPLBCK_02147	43.750	16	9	0	137	152	205	220	2.4	18.9
SA20153980_HPBJMGIL_00904	SA20160323_HIEPLBCK_02148	24.444	45	32	1	91	133	468	512	2.9	18.5
SA20153980_HPBJMGIL_00904	SA20160323_HIEPLBCK_02145	31.707	41	20	2	138	178	128	160	4.2	18.1
SA20160323_HIEPLBCK_02132	SA20160323_HIEPLBCK_02132	100.000	217	0	0	1	217	1	217	1.47e-164	444
SA20160323_HIEPLBCK_02132	SA20160323_HIEPLBCK_02147	43.750	16	9	0	137	152	205	220	2.4	18.9
SA20160323_HIEPLBCK_02132	SA20160323_HIEPLBCK_02148	24.444	45	32	1	91	133	468	512	2.9	18.5
SA20160323_HIEPLBCK_02132	SA20160323_HIEPLBCK_02145	31.707	41	20	2	138	178	128	160	4.2	18.1
SA20160323_HIEPLBCK_02133	SA20160323_HIEPLBCK_02133	100.000	98	0	0	1	98	1	98	5.32e-68	190
SA20160323_HIEPLBCK_02133	SA20160323_HIEPLBCK_02136	25.641	39	28	1	16	53	158	196	0.69	18.9
SA20160323_HIEPLBCK_02133	SA20160323_HIEPLBCK_02147	26.667	15	11	0	44	58	268	282	5.7	16.2
SA20160323_HIEPLBCK_02133	SA20160323_HIEPLBCK_02137	20.000	20	16	0	51	70	222	241	7.8	15.8
SA20160323_HIEPLBCK_02134	SA20160323_HIEPLBCK_02134	100.000	67	0	0	1	67	1	67	1.39e-50	144
SA20160323_HIEPLBCK_02134	SA20160323_HIEPLBCK_02139	33.333	24	11	1	44	67	397	415	1.6	16.9
SA20160323_HIEPLBCK_02135	SA20160323_HIEPLBCK_02135	100.000	206	0	0	1	206	1	206	6.59e-154	416
SA20160323_HIEPLBCK_02136	SA20160323_HIEPLBCK_02136	100.000	559	0	0	1	559	1	559	0.0	1107
SA20160323_HIEPLBCK_02136	SA20160323_HIEPLBCK_02139	34.091	44	24	2	458	496	107	150	0.18	23.9
SA20160323_HIEPLBCK_02136	SA20160323_HIEPLBCK_02133	25.641	39	28	1	158	196	16	53	4.1	18.9
SA20160323_HIEPLBCK_02136	SA20160323_HIEPLBCK_02137	52.941	17	6	1	49	65	339	353	5.7	19.2
SA20160323_HIEPLBCK_02137	SA20160323_HIEPLBCK_02137	100.000	477	0	0	1	477	1	477	0.0	970
SA20160323_HIEPLBCK_02137	SA20160323_HIEPLBCK_02138	27.660	47	26	2	360	406	258	296	2.3	20.4
SA20160323_HIEPLBCK_02137	SA20160323_HIEPLBCK_02136	52.941	17	6	1	339	353	49	65	4.6	19.2
SA20160323_HIEPLBCK_02138	SA20160323_HIEPLBCK_02138	100.000	947	0	0	1	947	1	947	0.0	1930
SA20160323_HIEPLBCK_02138	SA20160323_HIEPLBCK_02139	34.783	23	15	0	420	442	345	367	1.5	21.9
SA20160323_HIEPLBCK_02138	SA20160323_HIEPLBCK_02145	21.429	112	79	2	203	310	180	286	2.3	21.2
SA20160323_HIEPLBCK_02138	SA20160323_HIEPLBCK_02137	27.660	47	26	2	258	296	360	406	4.7	20.0
SA20160323_HIEPLBCK_02138	SA20160323_HIEPLBCK_02153	87.500	8	1	0	681	688	390	397	4.7	20.0
SA20160323_HIEPLBCK_02138	SA20160323_HIEPLBCK_02147	33.333	21	14	0	927	947	306	326	8.9	19.2
SA20160323_HIEPLBCK_02139	SA20160323_HIEPLBCK_02139	100.000	433	0	0	1	433	1	433	0.0	889
SA20160323_HIEPLBCK_02139	SA20160323_HIEPLBCK_02136	34.091	44	24	2	107	150	458	496	0.14	23.9
SA20160323_HIEPLBCK_02139	SA20160323_HIEPLBCK_02138	36.364	22	14	0	346	367	421	442	0.72	21.6
SA20160323_HIEPLBCK_02139	SA20160323_HIEPLBCK_02145	35.714	28	17	1	268	294	39	66	3.2	19.6
SA20160323_HIEPLBCK_02139	SA20160323_HIEPLBCK_02134	33.333	24	11	1	397	415	44	67	8.9	17.3
SA20160323_HIEPLBCK_02140	SA20160323_HIEPLBCK_02140	100.000	204	0	0	1	204	1	204	2.33e-153	414
SA20160323_HIEPLBCK_02140	SA20160323_HIEPLBCK_02147	60.000	10	4	0	101	110	533	542	5.6	17.7
SA20160323_HIEPLBCK_02140	SA20160323_HIEPLBCK_02153	22.093	86	58	3	111	190	136	218	8.3	16.9
SA20160323_HIEPLBCK_02141	SA20160323_HIEPLBCK_02141	100.000	413	0	0	1	413	1	413	0.0	847
SA20160323_HIEPLBCK_02141	SA20160323_HIEPLBCK_02153	40.000	15	9	0	279	293	339	353	1.2	20.8
SA20160323_HIEPLBCK_02141	SA20160323_HIEPLBCK_02147	30.769	39	18	2	17	54	206	236	4.7	18.9
SA20160323_HIEPLBCK_02141	SA20160323_HIEPLBCK_02138	34.884	43	25	2	131	172	82	122	6.0	18.9
SA20160323_HIEPLBCK_02141	SA20160323_HIEPLBCK_02148	34.783	23	14	1	282	303	528	550	9.8	18.1
SA20160323_HIEPLBCK_02142	SA20160323_HIEPLBCK_02142	100.000	273	0	0	1	273	1	273	0.0	544
SA20160323_HIEPLBCK_02142	SA20160323_HIEPLBCK_02137	33.333	21	12	1	170	190	6	24	8.3	17.3
SA20160323_HIEPLBCK_02142	SA20160323_HIEPLBCK_02152	37.500	16	10	0	2	17	189	204	9.0	17.3
SA20160323_HIEPLBCK_02143	SA20160323_HIEPLBCK_02143	100.000	119	0	0	1	119	1	119	1.29e-87	241
SA20160323_HIEPLBCK_02143	SA20160323_HIEPLBCK_02152	31.250	32	18	1	51	82	186	213	0.99	18.9
SA20160323_HIEPLBCK_02143	SA20160323_HIEPLBCK_02138	50.000	16	7	1	51	65	36	51	3.8	17.3
SA20160323_HIEPLBCK_02143	SA20160323_HIEPLBCK_02147	26.829	41	30	0	70	110	356	396	5.2	16.9
SA20160323_HIEPLBCK_02144	SA20160323_HIEPLBCK_02144	100.000	203	0	0	1	203	1	203	1.46e-149	404
SA20160323_HIEPLBCK_02144	SA20160323_HIEPLBCK_02139	55.556	9	4	0	75	83	420	428	9.1	16.9
SA20160323_HIEPLBCK_02145	SA20160323_HIEPLBCK_02145	100.000	337	0	0	1	337	1	337	0.0	686
SA20160323_HIEPLBCK_02145	SA20160323_HIEPLBCK_02138	21.429	112	79	2	180	286	203	310	0.91	21.2
SA20160323_HIEPLBCK_02145	SA20160323_HIEPLBCK_02139	35.714	28	17	1	39	66	268	294	2.5	19.6
SA20160323_HIEPLBCK_02145	SA20160323_HIEPLBCK_02148	25.581	43	30	1	73	113	463	505	2.7	19.6
SA20160323_HIEPLBCK_02145	SA20160323_HIEPLBCK_02151	54.545	11	5	0	257	267	30	40	4.3	18.5
SA20160323_HIEPLBCK_02145	SA20160323_HIEPLBCK_02132	31.707	41	20	2	128	160	138	178	6.6	18.1
SA20160323_HIEPLBCK_02145	SA20160323_HIEPLBCK_02147	43.478	23	12	1	299	320	176	198	8.1	17.7
SA20160323_HIEPLBCK_02146	SA20160323_HIEPLBCK_02146	100.000	71	0	0	1	71	1	71	1.76e-48	139
SA20160323_HIEPLBCK_02146	SA20160323_HIEPLBCK_02137	33.333	21	12	1	24	42	9	29	3.7	16.2
SA20160323_HIEPLBCK_02147	SA20160323_HIEPLBCK_02147	100.000	581	0	0	1	581	1	581	0.0	1205
SA20160323_HIEPLBCK_02147	SA20160323_HIEPLBCK_02152	25.714	35	26	0	36	70	5	39	3.2	19.6
SA20160323_HIEPLBCK_02147	SA20160323_HIEPLBCK_02138	33.333	21	14	0	306	326	927	947	5.8	19.2
SA20160323_HIEPLBCK_02147	SA20160323_HIEPLBCK_02132	43.750	16	9	0	205	220	137	152	6.4	18.9
SA20160323_HIEPLBCK_02147	SA20160323_HIEPLBCK_02141	30.769	39	18	2	206	236	17	54	6.6	18.9
SA20160323_HIEPLBCK_02147	SA20160323_HIEPLBCK_02153	37.500	16	10	0	407	422	4	19	6.7	18.9
SA20160323_HIEPLBCK_02147	SA20160323_HIEPLBCK_02148	38.235	34	19	1	429	460	307	340	9.3	18.5
SA20160323_HIEPLBCK_02148	SA20160323_HIEPLBCK_02148	100.000	660	0	0	1	660	1	660	0.0	1357
SA20160323_HIEPLBCK_02148	SA20160323_HIEPLBCK_02153	43.750	16	9	0	480	495	209	224	2.7	20.4
SA20160323_HIEPLBCK_02148	SA20160323_HIEPLBCK_02145	25.581	43	30	1	463	505	73	113	4.9	19.6
SA20160323_HIEPLBCK_02148	SA20160323_HIEPLBCK_02138	29.091	55	35	2	46	97	618	671	5.5	19.6
SA20160323_HIEPLBCK_02148	SA20160323_HIEPLBCK_02151	19.048	42	34	0	314	355	184	225	6.6	19.2
SA20160323_HIEPLBCK_02148	SA20160323_HIEPLBCK_02147	38.235	34	19	1	307	340	429	460	8.9	18.9
SA20160323_HIEPLBCK_02149	SA20160323_HIEPLBCK_02149	100.000	168	0	0	1	168	1	168	1.65e-127	346
SA20160323_HIEPLBCK_02149	SA20160323_HIEPLBCK_02151	55.556	9	4	0	109	117	234	242	9.7	16.5
SA20160323_HIEPLBCK_02151	SA20160323_HIEPLBCK_02151	100.000	255	0	0	1	255	1	255	0.0	521
SA20160323_HIEPLBCK_02151	SA20160323_HIEPLBCK_02148	19.048	42	34	0	184	225	314	355	1.9	19.6
SA20160323_HIEPLBCK_02151	SA20160323_HIEPLBCK_02145	54.545	11	5	0	30	40	257	267	3.3	18.5
SA20160323_HIEPLBCK_02151	SA20160323_HIEPLBCK_02138	30.556	36	25	0	26	61	16	51	5.3	18.1
SA20160323_HIEPLBCK_02152	SA20160323_HIEPLBCK_02152	100.000	214	0	0	1	214	1	214	2.89e-162	437
SA20160323_HIEPLBCK_02152	SA20160323_HIEPLBCK_02147	28.571	42	26	2	20	57	29	70	1.4	19.6
SA20160323_HIEPLBCK_02152	SA20160323_HIEPLBCK_02143	28.125	32	19	1	186	213	51	82	1.7	18.9
SA20160323_HIEPLBCK_02152	SA20160323_HIEPLBCK_02138	45.455	22	12	0	170	191	613	634	3.4	18.5
SA20160323_HIEPLBCK_02152	SA20160323_HIEPLBCK_02142	37.500	16	10	0	189	204	2	17	6.6	17.3
SA20160323_HIEPLBCK_02152	SA20160323_HIEPLBCK_02137	28.205	78	40	4	109	170	102	179	8.0	17.3
SA20160323_HIEPLBCK_02153	SA20160323_HIEPLBCK_02153	100.000	522	0	0	1	522	1	522	0.0	1051
SA20160323_HIEPLBCK_02153	SA20160323_HIEPLBCK_02141	26.415	53	32	2	339	385	279	330	0.46	22.7
SA20160323_HIEPLBCK_02153	SA20160323_HIEPLBCK_02148	43.750	16	9	0	209	224	480	495	2.0	20.4
SA20160323_HIEPLBCK_02153	SA20160323_HIEPLBCK_02138	87.500	8	1	0	390	397	681	688	2.6	20.0
SA20160323_HIEPLBCK_02153	SA20160323_HIEPLBCK_02147	37.500	16	10	0	4	19	407	422	6.0	18.9
SA20153980_HPBJMGIL_00883	SA20153980_HPBJMGIL_00883	100.000	521	0	0	1	521	1	521	0.0	1053
SA20153980_HPBJMGIL_00883	SA20153980_HPBJMGIL_00895	26.415	53	32	2	338	384	279	330	0.60	22.3
SA20153980_HPBJMGIL_00883	SA20153980_HPBJMGIL_00898	87.500	8	1	0	389	396	681	688	2.8	20.0
SA20153980_HPBJMGIL_00883	SA20153980_HPBJMGIL_00889	37.500	16	10	0	4	19	407	422	6.3	18.9
SA20153980_HPBJMGIL_00883	SA20153980_HPBJMGIL_00888	37.500	16	10	0	208	223	480	495	9.0	18.5
SA20153980_HPBJMGIL_00884	SA20153980_HPBJMGIL_00884	100.000	214	0	0	1	214	1	214	1.58e-162	438
SA20153980_HPBJMGIL_00884	SA20153980_HPBJMGIL_00889	28.571	42	26	2	20	57	29	70	1.3	19.6
SA20153980_HPBJMGIL_00884	SA20153980_HPBJMGIL_00893	28.125	32	19	1	186	213	51	82	1.7	18.9
SA20153980_HPBJMGIL_00884	SA20153980_HPBJMGIL_00898	45.455	22	12	0	170	191	613	634	3.5	18.5
SA20153980_HPBJMGIL_00884	SA20153980_HPBJMGIL_00894	37.500	16	10	0	189	204	2	17	6.8	17.3
SA20153980_HPBJMGIL_00884	SA20153980_HPBJMGIL_00899	28.205	78	40	4	109	170	102	179	8.0	17.3
SA20153980_HPBJMGIL_00885	SA20153980_HPBJMGIL_00885	100.000	255	0	0	1	255	1	255	0.0	521
SA20153980_HPBJMGIL_00885	SA20153980_HPBJMGIL_00888	21.429	42	33	0	184	225	314	355	0.97	20.4
SA20153980_HPBJMGIL_00885	SA20153980_HPBJMGIL_00891	54.545	11	5	0	30	40	257	267	3.4	18.5
SA20153980_HPBJMGIL_00885	SA20153980_HPBJMGIL_00898	27.778	36	26	0	26	61	16	51	9.1	17.3
SA20153980_HPBJMGIL_00887	SA20153980_HPBJMGIL_00887	100.000	168	0	0	1	168	1	168	1.65e-127	346
SA20153980_HPBJMGIL_00887	SA20153980_HPBJMGIL_00885	55.556	9	4	0	109	117	234	242	9.5	16.5
SA20153980_HPBJMGIL_00888	SA20153980_HPBJMGIL_00888	100.000	660	0	0	1	660	1	660	0.0	1357
SA20153980_HPBJMGIL_00888	SA20153980_HPBJMGIL_00885	21.429	42	33	0	314	355	184	225	3.6	20.0
SA20153980_HPBJMGIL_00888	SA20153980_HPBJMGIL_00891	25.581	43	30	1	463	505	73	113	4.8	19.6
SA20153980_HPBJMGIL_00888	SA20153980_HPBJMGIL_00898	29.091	55	35	2	46	97	618	671	5.5	19.6
SA20153980_HPBJMGIL_00888	SA20153980_HPBJMGIL_00889	38.235	34	19	1	307	340	429	460	8.9	18.9
SA20153980_HPBJMGIL_00889	SA20153980_HPBJMGIL_00889	100.000	581	0	0	1	581	1	581	0.0	1205
SA20153980_HPBJMGIL_00889	SA20153980_HPBJMGIL_00898	33.333	21	14	0	306	326	927	947	5.8	19.2
SA20153980_HPBJMGIL_00889	SA20153980_HPBJMGIL_00904	43.750	16	9	0	205	220	137	152	6.4	18.9
SA20153980_HPBJMGIL_00889	SA20153980_HPBJMGIL_00895	30.769	39	18	2	206	236	17	54	6.6	18.9
SA20153980_HPBJMGIL_00889	SA20153980_HPBJMGIL_00883	37.500	16	10	0	407	422	4	19	6.9	18.9
SA20153980_HPBJMGIL_00889	SA20153980_HPBJMGIL_00888	38.235	34	19	1	429	460	307	340	9.3	18.5
SA20153980_HPBJMGIL_00890	SA20153980_HPBJMGIL_00890	100.000	71	0	0	1	71	1	71	1.75e-48	139
SA20153980_HPBJMGIL_00890	SA20153980_HPBJMGIL_00899	33.333	21	12	1	24	42	9	29	3.7	16.2
SA20153980_HPBJMGIL_00891	SA20153980_HPBJMGIL_00891	100.000	337	0	0	1	337	1	337	0.0	686
SA20153980_HPBJMGIL_00891	SA20153980_HPBJMGIL_00898	21.429	112	79	2	180	286	203	310	0.81	21.2
SA20153980_HPBJMGIL_00891	SA20153980_HPBJMGIL_00897	35.714	28	17	1	39	66	268	294	2.5	19.6
SA20153980_HPBJMGIL_00891	SA20153980_HPBJMGIL_00888	25.581	43	30	1	73	113	463	505	2.7	19.2
SA20153980_HPBJMGIL_00891	SA20153980_HPBJMGIL_00885	54.545	11	5	0	257	267	30	40	4.5	18.5
SA20153980_HPBJMGIL_00891	SA20153980_HPBJMGIL_00904	31.707	41	20	2	128	160	138	178	6.6	18.1
SA20153980_HPBJMGIL_00891	SA20153980_HPBJMGIL_00889	43.478	23	12	1	299	320	176	198	7.7	18.1
SA20153980_HPBJMGIL_00892	SA20153980_HPBJMGIL_00892	100.000	203	0	0	1	203	1	203	1.46e-149	404
SA20153980_HPBJMGIL_00892	SA20153980_HPBJMGIL_00897	55.556	9	4	0	75	83	420	428	9.2	16.9
SA20153980_HPBJMGIL_00893	SA20153980_HPBJMGIL_00893	100.000	119	0	0	1	119	1	119	1.29e-87	241
SA20153980_HPBJMGIL_00893	SA20153980_HPBJMGIL_00884	31.250	32	18	1	51	82	186	213	1.1	18.9
SA20153980_HPBJMGIL_00893	SA20153980_HPBJMGIL_00898	33.333	27	17	1	40	65	25	51	3.1	17.3
SA20153980_HPBJMGIL_00893	SA20153980_HPBJMGIL_00889	26.829	41	30	0	70	110	356	396	5.2	16.9
SA20153980_HPBJMGIL_00894	SA20153980_HPBJMGIL_00894	100.000	273	0	0	1	273	1	273	0.0	544
SA20153980_HPBJMGIL_00894	SA20153980_HPBJMGIL_00899	33.333	21	12	1	170	190	6	24	8.3	17.3
SA20153980_HPBJMGIL_00894	SA20153980_HPBJMGIL_00884	37.500	16	10	0	2	17	189	204	9.4	17.3
SA20153980_HPBJMGIL_00895	SA20153980_HPBJMGIL_00895	100.000	413	0	0	1	413	1	413	0.0	848
SA20153980_HPBJMGIL_00895	SA20153980_HPBJMGIL_00883	40.000	15	9	0	279	293	338	352	1.3	20.8
SA20153980_HPBJMGIL_00895	SA20153980_HPBJMGIL_00889	30.769	39	18	2	17	54	206	236	4.7	18.9
SA20153980_HPBJMGIL_00895	SA20153980_HPBJMGIL_00898	34.884	43	25	2	131	172	82	122	5.9	18.9
SA20153980_HPBJMGIL_00895	SA20153980_HPBJMGIL_00888	34.783	23	14	1	282	303	528	550	10.0	18.1
SA20153980_HPBJMGIL_00896	SA20153980_HPBJMGIL_00896	100.000	204	0	0	1	204	1	204	2.33e-153	414
SA20153980_HPBJMGIL_00896	SA20153980_HPBJMGIL_00889	60.000	10	4	0	101	110	533	542	5.6	17.7
SA20153980_HPBJMGIL_00897	SA20153980_HPBJMGIL_00897	100.000	433	0	0	1	433	1	433	0.0	889
SA20153980_HPBJMGIL_00897	SA20153980_HPBJMGIL_00900	37.209	43	22	2	108	150	459	496	0.039	25.8
SA20153980_HPBJMGIL_00897	SA20153980_HPBJMGIL_00898	36.364	22	14	0	346	367	421	442	0.60	21.9
SA20153980_HPBJMGIL_00897	SA20153980_HPBJMGIL_00891	35.714	28	17	1	268	294	39	66	3.2	19.6
SA20153980_HPBJMGIL_00897	SA20153980_HPBJMGIL_00902	33.333	24	11	1	397	415	44	67	8.9	17.3
SA20153980_HPBJMGIL_00898	SA20153980_HPBJMGIL_00898	100.000	947	0	0	1	947	1	947	0.0	1930
SA20153980_HPBJMGIL_00898	SA20153980_HPBJMGIL_00897	36.364	22	14	0	421	442	346	367	1.3	21.9
SA20153980_HPBJMGIL_00898	SA20153980_HPBJMGIL_00891	21.429	112	79	2	203	310	180	286	2.1	21.2
SA20153980_HPBJMGIL_00898	SA20153980_HPBJMGIL_00899	27.660	47	26	2	258	296	360	406	4.7	20.0
SA20153980_HPBJMGIL_00898	SA20153980_HPBJMGIL_00883	87.500	8	1	0	681	688	389	396	5.0	20.0
SA20153980_HPBJMGIL_00898	SA20153980_HPBJMGIL_00889	33.333	21	14	0	927	947	306	326	9.0	19.2
SA20153980_HPBJMGIL_00899	SA20153980_HPBJMGIL_00899	100.000	477	0	0	1	477	1	477	0.0	970
SA20153980_HPBJMGIL_00899	SA20153980_HPBJMGIL_00898	27.660	47	26	2	360	406	258	296	2.3	20.4
SA20153980_HPBJMGIL_00899	SA20153980_HPBJMGIL_00900	52.941	17	6	1	339	353	49	65	4.7	19.2
SA20153980_HPBJMGIL_00900	SA20153980_HPBJMGIL_00900	100.000	559	0	0	1	559	1	559	0.0	1106
SA20153980_HPBJMGIL_00900	SA20153980_HPBJMGIL_00897	37.209	43	22	2	459	496	108	150	0.046	25.8
SA20153980_HPBJMGIL_00900	SA20153980_HPBJMGIL_00903	25.641	39	28	1	158	196	16	53	4.0	18.9
SA20153980_HPBJMGIL_00900	SA20153980_HPBJMGIL_00899	52.941	17	6	1	49	65	339	353	5.6	19.2
SA20153980_HPBJMGIL_00901	SA20153980_HPBJMGIL_00901	100.000	206	0	0	1	206	1	206	5.29e-154	416
SA20153980_HPBJMGIL_00901	SA20153980_HPBJMGIL_00897	26.667	60	37	2	40	95	343	399	8.7	16.9
SA20153980_HPBJMGIL_00902	SA20153980_HPBJMGIL_00902	100.000	67	0	0	1	67	1	67	1.39e-50	144
SA20153980_HPBJMGIL_00902	SA20153980_HPBJMGIL_00897	33.333	24	11	1	44	67	397	415	3.2	16.2
SA20153980_HPBJMGIL_00903	SA20153980_HPBJMGIL_00903	100.000	98	0	0	1	98	1	98	5.32e-68	190
SA20153980_HPBJMGIL_00903	SA20153980_HPBJMGIL_00900	25.641	39	28	1	16	53	158	196	0.68	18.9
SA20153980_HPBJMGIL_00903	SA20153980_HPBJMGIL_00889	26.667	15	11	0	44	58	268	282	5.7	16.2
SA20153980_HPBJMGIL_00903	SA20153980_HPBJMGIL_00899	20.000	20	16	0	51	70	222	241	7.8	15.8
SA20153980_HPBJMGIL_00904	SA20153980_HPBJMGIL_00904	100.000	217	0	0	1	217	1	217	1.47e-164	444
SA20153980_HPBJMGIL_00904	SA20153980_HPBJMGIL_00889	43.750	16	9	0	137	152	205	220	2.4	18.9
SA20153980_HPBJMGIL_00904	SA20153980_HPBJMGIL_00888	24.444	45	32	1	91	133	468	512	2.9	18.5
SA20153980_HPBJMGIL_00904	SA20153980_HPBJMGIL_00891	31.707	41	20	2	138	178	128	160	4.3	18.1
