SA20160210_EPKMIBEH_00974	SA20160203_GIPDFLML_01478	100.000	521	0	0	1	521	1	521	0.0	1053
SA20160210_EPKMIBEH_00974	SA20160203_GIPDFLML_01462	32.394	71	41	3	219	284	210	278	0.31	23.1
SA20160210_EPKMIBEH_00974	SA20160203_GIPDFLML_01466	26.415	53	32	2	338	384	279	330	0.60	22.3
SA20160210_EPKMIBEH_00974	SA20160203_GIPDFLML_01463	87.500	8	1	0	389	396	681	688	2.8	20.0
SA20160210_EPKMIBEH_00974	SA20160203_GIPDFLML_01472	37.500	16	10	0	4	19	407	422	6.3	18.9
SA20160210_EPKMIBEH_00974	SA20160203_GIPDFLML_01473	37.500	16	10	0	208	223	480	495	9.0	18.5
SA20160210_EPKMIBEH_00975	SA20160203_GIPDFLML_01477	100.000	214	0	0	1	214	1	214	1.58e-162	438
SA20160210_EPKMIBEH_00975	SA20160203_GIPDFLML_01472	28.571	42	26	2	20	57	29	70	1.3	19.6
SA20160210_EPKMIBEH_00975	SA20160203_GIPDFLML_01468	28.125	32	19	1	186	213	51	82	1.7	18.9
SA20160210_EPKMIBEH_00975	SA20160203_GIPDFLML_01463	45.455	22	12	0	170	191	613	634	3.5	18.5
SA20160210_EPKMIBEH_00975	SA20160203_GIPDFLML_01467	37.500	16	10	0	189	204	2	17	6.8	17.3
SA20160210_EPKMIBEH_00975	SA20160203_GIPDFLML_01462	28.205	78	40	4	109	170	102	179	8.0	17.3
SA20160210_EPKMIBEH_00976	SA20160203_GIPDFLML_01476	100.000	255	0	0	1	255	1	255	0.0	521
SA20160210_EPKMIBEH_00976	SA20160203_GIPDFLML_01473	21.429	42	33	0	184	225	314	355	0.97	20.4
SA20160210_EPKMIBEH_00976	SA20160203_GIPDFLML_01470	54.545	11	5	0	30	40	257	267	3.4	18.5
SA20160210_EPKMIBEH_00976	SA20160203_GIPDFLML_01463	27.778	36	26	0	26	61	16	51	9.1	17.3
SA20160210_EPKMIBEH_00978	SA20160203_GIPDFLML_01474	100.000	168	0	0	1	168	1	168	1.65e-127	346
SA20160210_EPKMIBEH_00978	SA20160203_GIPDFLML_01476	55.556	9	4	0	109	117	234	242	9.5	16.5
SA20160210_EPKMIBEH_00979	SA20160203_GIPDFLML_01473	100.000	660	0	0	1	660	1	660	0.0	1357
SA20160210_EPKMIBEH_00979	SA20160203_GIPDFLML_01476	21.429	42	33	0	314	355	184	225	3.6	20.0
SA20160210_EPKMIBEH_00979	SA20160203_GIPDFLML_01470	25.581	43	30	1	463	505	73	113	4.8	19.6
SA20160210_EPKMIBEH_00979	SA20160203_GIPDFLML_01463	29.091	55	35	2	46	97	618	671	5.5	19.6
SA20160210_EPKMIBEH_00979	SA20160203_GIPDFLML_01472	38.235	34	19	1	307	340	429	460	8.9	18.9
SA20160210_EPKMIBEH_00980	SA20160203_GIPDFLML_01472	100.000	581	0	0	1	581	1	581	0.0	1205
SA20160210_EPKMIBEH_00980	SA20160203_GIPDFLML_01463	33.333	21	14	0	306	326	927	947	5.8	19.2
SA20160210_EPKMIBEH_00980	SA20160203_GIPDFLML_01457	43.750	16	9	0	205	220	137	152	6.4	18.9
SA20160210_EPKMIBEH_00980	SA20160203_GIPDFLML_01466	30.769	39	18	2	206	236	17	54	6.6	18.9
SA20160210_EPKMIBEH_00980	SA20160203_GIPDFLML_01478	37.500	16	10	0	407	422	4	19	6.9	18.9
SA20160210_EPKMIBEH_00980	SA20160203_GIPDFLML_01473	38.235	34	19	1	429	460	307	340	9.3	18.5
SA20160210_EPKMIBEH_00981	SA20160203_GIPDFLML_01471	100.000	71	0	0	1	71	1	71	1.75e-48	139
SA20160210_EPKMIBEH_00981	SA20160203_GIPDFLML_01462	33.333	21	12	1	24	42	9	29	3.7	16.2
SA20160210_EPKMIBEH_00982	SA20160203_GIPDFLML_01470	100.000	337	0	0	1	337	1	337	0.0	686
SA20160210_EPKMIBEH_00982	SA20160203_GIPDFLML_01463	21.429	112	79	2	180	286	203	310	0.81	21.2
SA20160210_EPKMIBEH_00982	SA20160203_GIPDFLML_01464	35.714	28	17	1	39	66	268	294	2.5	19.6
SA20160210_EPKMIBEH_00982	SA20160203_GIPDFLML_01473	25.581	43	30	1	73	113	463	505	2.7	19.2
SA20160210_EPKMIBEH_00982	SA20160203_GIPDFLML_01476	54.545	11	5	0	257	267	30	40	4.5	18.5
SA20160210_EPKMIBEH_00982	SA20160203_GIPDFLML_01457	31.707	41	20	2	128	160	138	178	6.6	18.1
SA20160210_EPKMIBEH_00982	SA20160203_GIPDFLML_01472	43.478	23	12	1	299	320	176	198	7.7	18.1
SA20160210_EPKMIBEH_00983	SA20160203_GIPDFLML_01469	100.000	203	0	0	1	203	1	203	1.46e-149	404
SA20160210_EPKMIBEH_00983	SA20160203_GIPDFLML_01467	35.821	67	36	4	29	92	77	139	8.7	16.9
SA20160210_EPKMIBEH_00983	SA20160203_GIPDFLML_01464	55.556	9	4	0	75	83	420	428	9.2	16.9
SA20160210_EPKMIBEH_00984	SA20160203_GIPDFLML_01468	100.000	119	0	0	1	119	1	119	1.29e-87	241
SA20160210_EPKMIBEH_00984	SA20160203_GIPDFLML_01477	31.250	32	18	1	51	82	186	213	1.1	18.9
SA20160210_EPKMIBEH_00984	SA20160203_GIPDFLML_01463	33.333	27	17	1	40	65	25	51	3.1	17.3
SA20160210_EPKMIBEH_00984	SA20160203_GIPDFLML_01472	26.829	41	30	0	70	110	356	396	5.2	16.9
SA20160210_EPKMIBEH_00985	SA20160203_GIPDFLML_01467	100.000	273	0	0	1	273	1	273	0.0	544
SA20160210_EPKMIBEH_00985	SA20160203_GIPDFLML_01462	33.333	21	12	1	170	190	6	24	8.3	17.3
SA20160210_EPKMIBEH_00985	SA20160203_GIPDFLML_01477	37.500	16	10	0	2	17	189	204	9.4	17.3
SA20160210_EPKMIBEH_00986	SA20160203_GIPDFLML_01466	100.000	413	0	0	1	413	1	413	0.0	848
SA20160210_EPKMIBEH_00986	SA20160203_GIPDFLML_01478	40.000	15	9	0	279	293	338	352	1.3	20.8
SA20160210_EPKMIBEH_00986	SA20160203_GIPDFLML_01472	30.769	39	18	2	17	54	206	236	4.7	18.9
SA20160210_EPKMIBEH_00986	SA20160203_GIPDFLML_01463	34.884	43	25	2	131	172	82	122	5.9	18.9
SA20160210_EPKMIBEH_00986	SA20160203_GIPDFLML_01473	34.783	23	14	1	282	303	528	550	10.0	18.1
SA20160210_EPKMIBEH_00987	SA20160203_GIPDFLML_01465	100.000	204	0	0	1	204	1	204	2.33e-153	414
SA20160210_EPKMIBEH_00987	SA20160203_GIPDFLML_01472	60.000	10	4	0	101	110	533	542	5.6	17.7
SA20160210_EPKMIBEH_00988	SA20160203_GIPDFLML_01464	100.000	433	0	0	1	433	1	433	0.0	889
SA20160210_EPKMIBEH_00988	SA20160203_GIPDFLML_01461	37.209	43	22	2	108	150	459	496	0.039	25.8
SA20160210_EPKMIBEH_00988	SA20160203_GIPDFLML_01463	36.364	22	14	0	346	367	421	442	0.60	21.9
SA20160210_EPKMIBEH_00988	SA20160203_GIPDFLML_01470	35.714	28	17	1	268	294	39	66	3.2	19.6
SA20160210_EPKMIBEH_00988	SA20160203_GIPDFLML_01459	33.333	24	11	1	397	415	44	67	8.9	17.3
SA20160210_EPKMIBEH_00989	SA20160203_GIPDFLML_01463	100.000	947	0	0	1	947	1	947	0.0	1930
SA20160210_EPKMIBEH_00989	SA20160203_GIPDFLML_01464	36.364	22	14	0	421	442	346	367	1.3	21.9
SA20160210_EPKMIBEH_00989	SA20160203_GIPDFLML_01470	21.429	112	79	2	203	310	180	286	2.1	21.2
SA20160210_EPKMIBEH_00989	SA20160203_GIPDFLML_01462	27.660	47	26	2	258	296	360	406	4.7	20.0
SA20160210_EPKMIBEH_00989	SA20160203_GIPDFLML_01478	87.500	8	1	0	681	688	389	396	5.0	20.0
SA20160210_EPKMIBEH_00989	SA20160203_GIPDFLML_01472	33.333	21	14	0	927	947	306	326	9.0	19.2
SA20160210_EPKMIBEH_00990	SA20160203_GIPDFLML_01462	100.000	477	0	0	1	477	1	477	0.0	970
SA20160210_EPKMIBEH_00990	SA20160203_GIPDFLML_01478	32.394	71	41	3	210	278	219	284	0.28	23.1
SA20160210_EPKMIBEH_00990	SA20160203_GIPDFLML_01463	27.660	47	26	2	360	406	258	296	2.3	20.4
SA20160210_EPKMIBEH_00990	SA20160203_GIPDFLML_01461	52.941	17	6	1	339	353	49	65	4.7	19.2
SA20160210_EPKMIBEH_00991	SA20160203_GIPDFLML_01461	100.000	559	0	0	1	559	1	559	0.0	1106
SA20160210_EPKMIBEH_00991	SA20160203_GIPDFLML_01464	37.209	43	22	2	459	496	108	150	0.046	25.8
SA20160210_EPKMIBEH_00991	SA20160203_GIPDFLML_01458	25.641	39	28	1	158	196	16	53	4.0	18.9
SA20160210_EPKMIBEH_00991	SA20160203_GIPDFLML_01462	52.941	17	6	1	49	65	339	353	5.6	19.2
SA20160210_EPKMIBEH_00992	SA20160203_GIPDFLML_01460	100.000	206	0	0	1	206	1	206	5.29e-154	416
SA20160210_EPKMIBEH_00992	SA20160203_GIPDFLML_01464	26.667	60	37	2	40	95	343	399	8.7	16.9
SA20160210_EPKMIBEH_00993	SA20160203_GIPDFLML_01459	100.000	67	0	0	1	67	1	67	1.39e-50	144
SA20160210_EPKMIBEH_00993	SA20160203_GIPDFLML_01464	33.333	24	11	1	44	67	397	415	3.2	16.2
SA20160210_EPKMIBEH_00994	SA20160203_GIPDFLML_01458	100.000	98	0	0	1	98	1	98	5.32e-68	190
SA20160210_EPKMIBEH_00994	SA20160203_GIPDFLML_01461	25.641	39	28	1	16	53	158	196	0.68	18.9
SA20160210_EPKMIBEH_00994	SA20160203_GIPDFLML_01472	26.667	15	11	0	44	58	268	282	5.7	16.2
SA20160210_EPKMIBEH_00994	SA20160203_GIPDFLML_01462	20.000	20	16	0	51	70	222	241	7.8	15.8
SA20160210_EPKMIBEH_00995	SA20160203_GIPDFLML_01457	100.000	217	0	0	1	217	1	217	1.47e-164	444
SA20160210_EPKMIBEH_00995	SA20160203_GIPDFLML_01472	43.750	16	9	0	137	152	205	220	2.4	18.9
SA20160210_EPKMIBEH_00995	SA20160203_GIPDFLML_01473	24.444	45	32	1	91	133	468	512	2.9	18.5
SA20160210_EPKMIBEH_00995	SA20160203_GIPDFLML_01470	31.707	41	20	2	138	178	128	160	4.3	18.1
SA20160203_GIPDFLML_01457	SA20160203_GIPDFLML_01457	100.000	217	0	0	1	217	1	217	1.47e-164	444
SA20160203_GIPDFLML_01457	SA20160203_GIPDFLML_01472	43.750	16	9	0	137	152	205	220	2.4	18.9
SA20160203_GIPDFLML_01457	SA20160203_GIPDFLML_01473	24.444	45	32	1	91	133	468	512	2.9	18.5
SA20160203_GIPDFLML_01457	SA20160203_GIPDFLML_01470	31.707	41	20	2	138	178	128	160	4.3	18.1
SA20160203_GIPDFLML_01458	SA20160203_GIPDFLML_01458	100.000	98	0	0	1	98	1	98	5.32e-68	190
SA20160203_GIPDFLML_01458	SA20160203_GIPDFLML_01461	25.641	39	28	1	16	53	158	196	0.68	18.9
SA20160203_GIPDFLML_01458	SA20160203_GIPDFLML_01472	26.667	15	11	0	44	58	268	282	5.7	16.2
SA20160203_GIPDFLML_01458	SA20160203_GIPDFLML_01462	20.000	20	16	0	51	70	222	241	7.8	15.8
SA20160203_GIPDFLML_01459	SA20160203_GIPDFLML_01459	100.000	67	0	0	1	67	1	67	1.39e-50	144
SA20160203_GIPDFLML_01459	SA20160203_GIPDFLML_01464	33.333	24	11	1	44	67	397	415	3.2	16.2
SA20160203_GIPDFLML_01460	SA20160203_GIPDFLML_01460	100.000	206	0	0	1	206	1	206	5.29e-154	416
SA20160203_GIPDFLML_01460	SA20160203_GIPDFLML_01464	26.667	60	37	2	40	95	343	399	8.7	16.9
SA20160203_GIPDFLML_01461	SA20160203_GIPDFLML_01461	100.000	559	0	0	1	559	1	559	0.0	1106
SA20160203_GIPDFLML_01461	SA20160203_GIPDFLML_01464	37.209	43	22	2	459	496	108	150	0.046	25.8
SA20160203_GIPDFLML_01461	SA20160203_GIPDFLML_01458	25.641	39	28	1	158	196	16	53	4.0	18.9
SA20160203_GIPDFLML_01461	SA20160203_GIPDFLML_01462	52.941	17	6	1	49	65	339	353	5.6	19.2
SA20160203_GIPDFLML_01462	SA20160203_GIPDFLML_01462	100.000	477	0	0	1	477	1	477	0.0	970
SA20160203_GIPDFLML_01462	SA20160203_GIPDFLML_01463	27.660	47	26	2	360	406	258	296	2.3	20.4
SA20160203_GIPDFLML_01462	SA20160203_GIPDFLML_01461	52.941	17	6	1	339	353	49	65	4.7	19.2
SA20160203_GIPDFLML_01463	SA20160203_GIPDFLML_01463	100.000	947	0	0	1	947	1	947	0.0	1930
SA20160203_GIPDFLML_01463	SA20160203_GIPDFLML_01464	36.364	22	14	0	421	442	346	367	1.3	21.9
SA20160203_GIPDFLML_01463	SA20160203_GIPDFLML_01470	21.429	112	79	2	203	310	180	286	2.1	21.2
SA20160203_GIPDFLML_01463	SA20160203_GIPDFLML_01462	27.660	47	26	2	258	296	360	406	4.7	20.0
SA20160203_GIPDFLML_01463	SA20160203_GIPDFLML_01478	87.500	8	1	0	681	688	389	396	5.0	20.0
SA20160203_GIPDFLML_01463	SA20160203_GIPDFLML_01472	33.333	21	14	0	927	947	306	326	9.0	19.2
SA20160203_GIPDFLML_01464	SA20160203_GIPDFLML_01464	100.000	433	0	0	1	433	1	433	0.0	889
SA20160203_GIPDFLML_01464	SA20160203_GIPDFLML_01461	37.209	43	22	2	108	150	459	496	0.039	25.8
SA20160203_GIPDFLML_01464	SA20160203_GIPDFLML_01463	36.364	22	14	0	346	367	421	442	0.60	21.9
SA20160203_GIPDFLML_01464	SA20160203_GIPDFLML_01470	35.714	28	17	1	268	294	39	66	3.2	19.6
SA20160203_GIPDFLML_01464	SA20160203_GIPDFLML_01459	33.333	24	11	1	397	415	44	67	8.9	17.3
SA20160203_GIPDFLML_01465	SA20160203_GIPDFLML_01465	100.000	204	0	0	1	204	1	204	2.33e-153	414
SA20160203_GIPDFLML_01465	SA20160203_GIPDFLML_01472	60.000	10	4	0	101	110	533	542	5.6	17.7
SA20160203_GIPDFLML_01466	SA20160203_GIPDFLML_01466	100.000	413	0	0	1	413	1	413	0.0	848
SA20160203_GIPDFLML_01466	SA20160203_GIPDFLML_01478	40.000	15	9	0	279	293	338	352	1.3	20.8
SA20160203_GIPDFLML_01466	SA20160203_GIPDFLML_01472	30.769	39	18	2	17	54	206	236	4.7	18.9
SA20160203_GIPDFLML_01466	SA20160203_GIPDFLML_01463	34.884	43	25	2	131	172	82	122	5.9	18.9
SA20160203_GIPDFLML_01466	SA20160203_GIPDFLML_01473	34.783	23	14	1	282	303	528	550	10.0	18.1
SA20160203_GIPDFLML_01467	SA20160203_GIPDFLML_01467	100.000	273	0	0	1	273	1	273	0.0	544
SA20160203_GIPDFLML_01467	SA20160203_GIPDFLML_01462	33.333	21	12	1	170	190	6	24	8.3	17.3
SA20160203_GIPDFLML_01467	SA20160203_GIPDFLML_01477	37.500	16	10	0	2	17	189	204	9.4	17.3
SA20160203_GIPDFLML_01468	SA20160203_GIPDFLML_01468	100.000	119	0	0	1	119	1	119	1.29e-87	241
SA20160203_GIPDFLML_01468	SA20160203_GIPDFLML_01477	31.250	32	18	1	51	82	186	213	1.1	18.9
SA20160203_GIPDFLML_01468	SA20160203_GIPDFLML_01463	33.333	27	17	1	40	65	25	51	3.1	17.3
SA20160203_GIPDFLML_01468	SA20160203_GIPDFLML_01472	26.829	41	30	0	70	110	356	396	5.2	16.9
SA20160203_GIPDFLML_01469	SA20160203_GIPDFLML_01469	100.000	203	0	0	1	203	1	203	1.46e-149	404
SA20160203_GIPDFLML_01469	SA20160203_GIPDFLML_01464	55.556	9	4	0	75	83	420	428	9.2	16.9
SA20160203_GIPDFLML_01470	SA20160203_GIPDFLML_01470	100.000	337	0	0	1	337	1	337	0.0	686
SA20160203_GIPDFLML_01470	SA20160203_GIPDFLML_01463	21.429	112	79	2	180	286	203	310	0.81	21.2
SA20160203_GIPDFLML_01470	SA20160203_GIPDFLML_01464	35.714	28	17	1	39	66	268	294	2.5	19.6
SA20160203_GIPDFLML_01470	SA20160203_GIPDFLML_01473	25.581	43	30	1	73	113	463	505	2.7	19.2
SA20160203_GIPDFLML_01470	SA20160203_GIPDFLML_01476	54.545	11	5	0	257	267	30	40	4.5	18.5
SA20160203_GIPDFLML_01470	SA20160203_GIPDFLML_01457	31.707	41	20	2	128	160	138	178	6.6	18.1
SA20160203_GIPDFLML_01470	SA20160203_GIPDFLML_01472	43.478	23	12	1	299	320	176	198	7.7	18.1
SA20160203_GIPDFLML_01471	SA20160203_GIPDFLML_01471	100.000	71	0	0	1	71	1	71	1.75e-48	139
SA20160203_GIPDFLML_01471	SA20160203_GIPDFLML_01462	33.333	21	12	1	24	42	9	29	3.7	16.2
SA20160203_GIPDFLML_01472	SA20160203_GIPDFLML_01472	100.000	581	0	0	1	581	1	581	0.0	1205
SA20160203_GIPDFLML_01472	SA20160203_GIPDFLML_01463	33.333	21	14	0	306	326	927	947	5.8	19.2
SA20160203_GIPDFLML_01472	SA20160203_GIPDFLML_01457	43.750	16	9	0	205	220	137	152	6.4	18.9
SA20160203_GIPDFLML_01472	SA20160203_GIPDFLML_01466	30.769	39	18	2	206	236	17	54	6.6	18.9
SA20160203_GIPDFLML_01472	SA20160203_GIPDFLML_01478	37.500	16	10	0	407	422	4	19	6.9	18.9
SA20160203_GIPDFLML_01472	SA20160203_GIPDFLML_01473	38.235	34	19	1	429	460	307	340	9.3	18.5
SA20160203_GIPDFLML_01473	SA20160203_GIPDFLML_01473	100.000	660	0	0	1	660	1	660	0.0	1357
SA20160203_GIPDFLML_01473	SA20160203_GIPDFLML_01476	21.429	42	33	0	314	355	184	225	3.6	20.0
SA20160203_GIPDFLML_01473	SA20160203_GIPDFLML_01470	25.581	43	30	1	463	505	73	113	4.8	19.6
SA20160203_GIPDFLML_01473	SA20160203_GIPDFLML_01463	29.091	55	35	2	46	97	618	671	5.5	19.6
SA20160203_GIPDFLML_01473	SA20160203_GIPDFLML_01472	38.235	34	19	1	307	340	429	460	8.9	18.9
SA20160203_GIPDFLML_01474	SA20160203_GIPDFLML_01474	100.000	168	0	0	1	168	1	168	1.65e-127	346
SA20160203_GIPDFLML_01474	SA20160203_GIPDFLML_01476	55.556	9	4	0	109	117	234	242	9.5	16.5
SA20160203_GIPDFLML_01476	SA20160203_GIPDFLML_01476	100.000	255	0	0	1	255	1	255	0.0	521
SA20160203_GIPDFLML_01476	SA20160203_GIPDFLML_01473	21.429	42	33	0	184	225	314	355	0.97	20.4
SA20160203_GIPDFLML_01476	SA20160203_GIPDFLML_01470	54.545	11	5	0	30	40	257	267	3.4	18.5
SA20160203_GIPDFLML_01476	SA20160203_GIPDFLML_01463	27.778	36	26	0	26	61	16	51	9.1	17.3
SA20160203_GIPDFLML_01477	SA20160203_GIPDFLML_01477	100.000	214	0	0	1	214	1	214	1.58e-162	438
SA20160203_GIPDFLML_01477	SA20160203_GIPDFLML_01472	28.571	42	26	2	20	57	29	70	1.3	19.6
SA20160203_GIPDFLML_01477	SA20160203_GIPDFLML_01468	28.125	32	19	1	186	213	51	82	1.7	18.9
SA20160203_GIPDFLML_01477	SA20160203_GIPDFLML_01463	45.455	22	12	0	170	191	613	634	3.5	18.5
SA20160203_GIPDFLML_01477	SA20160203_GIPDFLML_01467	37.500	16	10	0	189	204	2	17	6.8	17.3
SA20160203_GIPDFLML_01477	SA20160203_GIPDFLML_01462	28.205	78	40	4	109	170	102	179	8.0	17.3
SA20160203_GIPDFLML_01478	SA20160203_GIPDFLML_01478	100.000	521	0	0	1	521	1	521	0.0	1053
SA20160203_GIPDFLML_01478	SA20160203_GIPDFLML_01466	26.415	53	32	2	338	384	279	330	0.60	22.3
SA20160203_GIPDFLML_01478	SA20160203_GIPDFLML_01463	87.500	8	1	0	389	396	681	688	2.8	20.0
SA20160203_GIPDFLML_01478	SA20160203_GIPDFLML_01472	37.500	16	10	0	4	19	407	422	6.3	18.9
SA20160203_GIPDFLML_01478	SA20160203_GIPDFLML_01473	37.500	16	10	0	208	223	480	495	9.0	18.5
SA20160210_EPKMIBEH_00974	SA20160210_EPKMIBEH_00974	100.000	521	0	0	1	521	1	521	0.0	1053
SA20160210_EPKMIBEH_00974	SA20160210_EPKMIBEH_00986	26.415	53	32	2	338	384	279	330	0.60	22.3
SA20160210_EPKMIBEH_00974	SA20160210_EPKMIBEH_00989	87.500	8	1	0	389	396	681	688	2.8	20.0
SA20160210_EPKMIBEH_00974	SA20160210_EPKMIBEH_00980	37.500	16	10	0	4	19	407	422	6.3	18.9
SA20160210_EPKMIBEH_00974	SA20160210_EPKMIBEH_00979	37.500	16	10	0	208	223	480	495	9.0	18.5
SA20160210_EPKMIBEH_00975	SA20160210_EPKMIBEH_00975	100.000	214	0	0	1	214	1	214	1.58e-162	438
SA20160210_EPKMIBEH_00975	SA20160210_EPKMIBEH_00980	28.571	42	26	2	20	57	29	70	1.3	19.6
SA20160210_EPKMIBEH_00975	SA20160210_EPKMIBEH_00984	28.125	32	19	1	186	213	51	82	1.7	18.9
SA20160210_EPKMIBEH_00975	SA20160210_EPKMIBEH_00989	45.455	22	12	0	170	191	613	634	3.5	18.5
SA20160210_EPKMIBEH_00975	SA20160210_EPKMIBEH_00985	37.500	16	10	0	189	204	2	17	6.8	17.3
SA20160210_EPKMIBEH_00975	SA20160210_EPKMIBEH_00990	28.205	78	40	4	109	170	102	179	8.0	17.3
SA20160210_EPKMIBEH_00976	SA20160210_EPKMIBEH_00976	100.000	255	0	0	1	255	1	255	0.0	521
SA20160210_EPKMIBEH_00976	SA20160210_EPKMIBEH_00979	21.429	42	33	0	184	225	314	355	0.97	20.4
SA20160210_EPKMIBEH_00976	SA20160210_EPKMIBEH_00982	54.545	11	5	0	30	40	257	267	3.4	18.5
SA20160210_EPKMIBEH_00976	SA20160210_EPKMIBEH_00989	27.778	36	26	0	26	61	16	51	9.1	17.3
SA20160210_EPKMIBEH_00978	SA20160210_EPKMIBEH_00978	100.000	168	0	0	1	168	1	168	1.65e-127	346
SA20160210_EPKMIBEH_00978	SA20160210_EPKMIBEH_00976	55.556	9	4	0	109	117	234	242	9.5	16.5
SA20160210_EPKMIBEH_00979	SA20160210_EPKMIBEH_00979	100.000	660	0	0	1	660	1	660	0.0	1357
SA20160210_EPKMIBEH_00979	SA20160210_EPKMIBEH_00976	21.429	42	33	0	314	355	184	225	3.6	20.0
SA20160210_EPKMIBEH_00979	SA20160210_EPKMIBEH_00982	25.581	43	30	1	463	505	73	113	4.8	19.6
SA20160210_EPKMIBEH_00979	SA20160210_EPKMIBEH_00989	29.091	55	35	2	46	97	618	671	5.5	19.6
SA20160210_EPKMIBEH_00979	SA20160210_EPKMIBEH_00980	38.235	34	19	1	307	340	429	460	8.9	18.9
SA20160210_EPKMIBEH_00980	SA20160210_EPKMIBEH_00980	100.000	581	0	0	1	581	1	581	0.0	1205
SA20160210_EPKMIBEH_00980	SA20160210_EPKMIBEH_00989	33.333	21	14	0	306	326	927	947	5.8	19.2
SA20160210_EPKMIBEH_00980	SA20160210_EPKMIBEH_00995	43.750	16	9	0	205	220	137	152	6.4	18.9
SA20160210_EPKMIBEH_00980	SA20160210_EPKMIBEH_00986	30.769	39	18	2	206	236	17	54	6.6	18.9
SA20160210_EPKMIBEH_00980	SA20160210_EPKMIBEH_00974	37.500	16	10	0	407	422	4	19	6.9	18.9
SA20160210_EPKMIBEH_00980	SA20160210_EPKMIBEH_00979	38.235	34	19	1	429	460	307	340	9.3	18.5
SA20160210_EPKMIBEH_00981	SA20160210_EPKMIBEH_00981	100.000	71	0	0	1	71	1	71	1.75e-48	139
SA20160210_EPKMIBEH_00981	SA20160210_EPKMIBEH_00990	33.333	21	12	1	24	42	9	29	3.7	16.2
SA20160210_EPKMIBEH_00982	SA20160210_EPKMIBEH_00982	100.000	337	0	0	1	337	1	337	0.0	686
SA20160210_EPKMIBEH_00982	SA20160210_EPKMIBEH_00989	21.429	112	79	2	180	286	203	310	0.81	21.2
SA20160210_EPKMIBEH_00982	SA20160210_EPKMIBEH_00988	35.714	28	17	1	39	66	268	294	2.5	19.6
SA20160210_EPKMIBEH_00982	SA20160210_EPKMIBEH_00979	25.581	43	30	1	73	113	463	505	2.7	19.2
SA20160210_EPKMIBEH_00982	SA20160210_EPKMIBEH_00976	54.545	11	5	0	257	267	30	40	4.5	18.5
SA20160210_EPKMIBEH_00982	SA20160210_EPKMIBEH_00995	31.707	41	20	2	128	160	138	178	6.6	18.1
SA20160210_EPKMIBEH_00982	SA20160210_EPKMIBEH_00980	43.478	23	12	1	299	320	176	198	7.7	18.1
SA20160210_EPKMIBEH_00983	SA20160210_EPKMIBEH_00983	100.000	203	0	0	1	203	1	203	1.46e-149	404
SA20160210_EPKMIBEH_00983	SA20160210_EPKMIBEH_00988	55.556	9	4	0	75	83	420	428	9.2	16.9
SA20160210_EPKMIBEH_00984	SA20160210_EPKMIBEH_00984	100.000	119	0	0	1	119	1	119	1.29e-87	241
SA20160210_EPKMIBEH_00984	SA20160210_EPKMIBEH_00975	31.250	32	18	1	51	82	186	213	1.1	18.9
SA20160210_EPKMIBEH_00984	SA20160210_EPKMIBEH_00989	33.333	27	17	1	40	65	25	51	3.1	17.3
SA20160210_EPKMIBEH_00984	SA20160210_EPKMIBEH_00980	26.829	41	30	0	70	110	356	396	5.2	16.9
SA20160210_EPKMIBEH_00985	SA20160210_EPKMIBEH_00985	100.000	273	0	0	1	273	1	273	0.0	544
SA20160210_EPKMIBEH_00985	SA20160210_EPKMIBEH_00990	33.333	21	12	1	170	190	6	24	8.3	17.3
SA20160210_EPKMIBEH_00985	SA20160210_EPKMIBEH_00975	37.500	16	10	0	2	17	189	204	9.4	17.3
SA20160210_EPKMIBEH_00986	SA20160210_EPKMIBEH_00986	100.000	413	0	0	1	413	1	413	0.0	848
SA20160210_EPKMIBEH_00986	SA20160210_EPKMIBEH_00974	40.000	15	9	0	279	293	338	352	1.3	20.8
SA20160210_EPKMIBEH_00986	SA20160210_EPKMIBEH_00980	30.769	39	18	2	17	54	206	236	4.7	18.9
SA20160210_EPKMIBEH_00986	SA20160210_EPKMIBEH_00989	34.884	43	25	2	131	172	82	122	5.9	18.9
SA20160210_EPKMIBEH_00986	SA20160210_EPKMIBEH_00979	34.783	23	14	1	282	303	528	550	10.0	18.1
SA20160210_EPKMIBEH_00987	SA20160210_EPKMIBEH_00987	100.000	204	0	0	1	204	1	204	2.33e-153	414
SA20160210_EPKMIBEH_00987	SA20160210_EPKMIBEH_00980	60.000	10	4	0	101	110	533	542	5.6	17.7
SA20160210_EPKMIBEH_00988	SA20160210_EPKMIBEH_00988	100.000	433	0	0	1	433	1	433	0.0	889
SA20160210_EPKMIBEH_00988	SA20160210_EPKMIBEH_00991	37.209	43	22	2	108	150	459	496	0.039	25.8
SA20160210_EPKMIBEH_00988	SA20160210_EPKMIBEH_00989	36.364	22	14	0	346	367	421	442	0.60	21.9
SA20160210_EPKMIBEH_00988	SA20160210_EPKMIBEH_00982	35.714	28	17	1	268	294	39	66	3.2	19.6
SA20160210_EPKMIBEH_00988	SA20160210_EPKMIBEH_00993	33.333	24	11	1	397	415	44	67	8.9	17.3
SA20160210_EPKMIBEH_00989	SA20160210_EPKMIBEH_00989	100.000	947	0	0	1	947	1	947	0.0	1930
SA20160210_EPKMIBEH_00989	SA20160210_EPKMIBEH_00988	36.364	22	14	0	421	442	346	367	1.3	21.9
SA20160210_EPKMIBEH_00989	SA20160210_EPKMIBEH_00982	21.429	112	79	2	203	310	180	286	2.1	21.2
SA20160210_EPKMIBEH_00989	SA20160210_EPKMIBEH_00990	27.660	47	26	2	258	296	360	406	4.7	20.0
SA20160210_EPKMIBEH_00989	SA20160210_EPKMIBEH_00974	87.500	8	1	0	681	688	389	396	5.0	20.0
SA20160210_EPKMIBEH_00989	SA20160210_EPKMIBEH_00980	33.333	21	14	0	927	947	306	326	9.0	19.2
SA20160210_EPKMIBEH_00990	SA20160210_EPKMIBEH_00990	100.000	477	0	0	1	477	1	477	0.0	970
SA20160210_EPKMIBEH_00990	SA20160210_EPKMIBEH_00989	27.660	47	26	2	360	406	258	296	2.3	20.4
SA20160210_EPKMIBEH_00990	SA20160210_EPKMIBEH_00991	52.941	17	6	1	339	353	49	65	4.7	19.2
SA20160210_EPKMIBEH_00991	SA20160210_EPKMIBEH_00991	100.000	559	0	0	1	559	1	559	0.0	1106
SA20160210_EPKMIBEH_00991	SA20160210_EPKMIBEH_00988	37.209	43	22	2	459	496	108	150	0.046	25.8
SA20160210_EPKMIBEH_00991	SA20160210_EPKMIBEH_00994	25.641	39	28	1	158	196	16	53	4.0	18.9
SA20160210_EPKMIBEH_00991	SA20160210_EPKMIBEH_00990	52.941	17	6	1	49	65	339	353	5.6	19.2
SA20160210_EPKMIBEH_00992	SA20160210_EPKMIBEH_00992	100.000	206	0	0	1	206	1	206	5.29e-154	416
SA20160210_EPKMIBEH_00992	SA20160210_EPKMIBEH_00988	26.667	60	37	2	40	95	343	399	8.7	16.9
SA20160210_EPKMIBEH_00993	SA20160210_EPKMIBEH_00993	100.000	67	0	0	1	67	1	67	1.39e-50	144
SA20160210_EPKMIBEH_00993	SA20160210_EPKMIBEH_00988	33.333	24	11	1	44	67	397	415	3.2	16.2
SA20160210_EPKMIBEH_00994	SA20160210_EPKMIBEH_00994	100.000	98	0	0	1	98	1	98	5.32e-68	190
SA20160210_EPKMIBEH_00994	SA20160210_EPKMIBEH_00991	25.641	39	28	1	16	53	158	196	0.68	18.9
SA20160210_EPKMIBEH_00994	SA20160210_EPKMIBEH_00980	26.667	15	11	0	44	58	268	282	5.7	16.2
SA20160210_EPKMIBEH_00994	SA20160210_EPKMIBEH_00990	20.000	20	16	0	51	70	222	241	7.8	15.8
SA20160210_EPKMIBEH_00995	SA20160210_EPKMIBEH_00995	100.000	217	0	0	1	217	1	217	1.47e-164	444
SA20160210_EPKMIBEH_00995	SA20160210_EPKMIBEH_00980	43.750	16	9	0	137	152	205	220	2.4	18.9
SA20160210_EPKMIBEH_00995	SA20160210_EPKMIBEH_00979	24.444	45	32	1	91	133	468	512	2.9	18.5
SA20160210_EPKMIBEH_00995	SA20160210_EPKMIBEH_00982	31.707	41	20	2	138	178	128	160	4.3	18.1
