SA20160201_IJJBCCFE_02743	SA20160326_NMHJDFNH_02285	100.000	444	0	0	1	444	1	444	0.0	904
SA20160201_IJJBCCFE_02743	SA20160326_NMHJDFNH_02275	42.424	33	17	1	27	59	74	104	0.029	25.8
SA20160201_IJJBCCFE_02743	SA20160326_NMHJDFNH_02272	27.907	43	28	1	173	215	386	425	1.1	21.2
SA20160201_IJJBCCFE_02743	SA20160326_NMHJDFNH_02269	38.462	26	16	0	198	223	89	114	1.2	20.4
SA20160201_IJJBCCFE_02743	SA20160326_NMHJDFNH_02278	40.000	25	15	0	115	139	295	319	1.9	20.4
SA20160201_IJJBCCFE_02743	SA20160326_NMHJDFNH_02280	28.261	46	27	1	73	118	274	313	2.2	20.0
SA20160201_IJJBCCFE_02743	SA20160326_NMHJDFNH_02277	42.105	19	11	0	350	368	312	330	2.5	20.0
SA20160201_IJJBCCFE_02743	SA20160326_NMHJDFNH_02273	23.810	42	27	1	347	383	450	491	5.1	18.9
SA20160201_IJJBCCFE_02743	SA20160326_NMHJDFNH_02268	39.394	33	15	2	92	122	10	39	5.2	18.9
SA20160201_IJJBCCFE_02744	SA20160326_NMHJDFNH_02284	100.000	143	0	0	1	143	1	143	1.89e-109	298
SA20160201_IJJBCCFE_02744	SA20160326_NMHJDFNH_02276	31.111	45	27	2	78	121	37	78	0.77	19.6
SA20160201_IJJBCCFE_02744	SA20160326_NMHJDFNH_02278	41.667	12	7	0	130	141	93	104	5.3	16.9
SA20160201_IJJBCCFE_02744	SA20160326_NMHJDFNH_02274	33.333	21	14	0	110	130	319	339	6.9	16.5
SA20160201_IJJBCCFE_02744	SA20160326_NMHJDFNH_02271	62.500	8	3	0	110	117	1	8	8.2	16.2
SA20160201_IJJBCCFE_02745	SA20160326_NMHJDFNH_02283	100.000	81	0	0	1	81	1	81	8.26e-62	173
SA20160201_IJJBCCFE_02745	SA20160326_NMHJDFNH_02261	40.000	20	9	1	18	34	434	453	3.8	16.5
SA20160201_IJJBCCFE_02746	SA20160326_NMHJDFNH_02282	100.000	136	0	0	1	136	1	136	2.10e-103	282
SA20160201_IJJBCCFE_02746	SA20160326_NMHJDFNH_02269	28.571	28	20	0	38	65	37	64	1.5	18.5
SA20160201_IJJBCCFE_02746	SA20160326_NMHJDFNH_02278	28.571	28	20	0	79	106	13	40	1.7	18.5
SA20160201_IJJBCCFE_02746	SA20160326_NMHJDFNH_02279	40.000	30	14	2	59	87	296	322	2.8	17.7
SA20160201_IJJBCCFE_02746	SA20160326_NMHJDFNH_02281	28.000	25	18	0	19	43	307	331	4.7	16.9
SA20160201_IJJBCCFE_02747	SA20160326_NMHJDFNH_02281	100.000	705	0	0	1	705	1	705	0.0	1472
SA20160201_IJJBCCFE_02747	SA20160326_NMHJDFNH_02268	28.571	28	20	0	149	176	142	169	7.1	18.9
SA20160201_IJJBCCFE_02747	SA20160326_NMHJDFNH_02280	41.176	17	10	0	2	18	215	231	7.9	18.9
SA20160201_IJJBCCFE_02747	SA20160326_NMHJDFNH_02261	25.000	32	24	0	194	225	513	544	10.0	18.9
SA20160201_IJJBCCFE_02748	SA20160326_NMHJDFNH_02280	100.000	319	0	0	1	319	1	319	0.0	658
SA20160201_IJJBCCFE_02748	SA20160326_NMHJDFNH_02261	25.203	123	59	4	180	269	305	427	0.95	20.8
SA20160201_IJJBCCFE_02748	SA20160326_NMHJDFNH_02285	28.261	46	27	1	274	313	73	118	1.6	20.0
SA20160201_IJJBCCFE_02748	SA20160326_NMHJDFNH_02277	35.714	14	9	0	4	17	79	92	3.4	18.9
SA20160201_IJJBCCFE_02748	SA20160326_NMHJDFNH_02281	41.176	17	10	0	215	231	2	18	3.6	18.9
SA20160201_IJJBCCFE_02748	SA20160326_NMHJDFNH_02274	20.000	15	12	0	223	237	272	286	9.2	17.7
SA20160201_IJJBCCFE_02749	SA20160326_NMHJDFNH_02279	100.000	400	0	0	1	400	1	400	0.0	807
SA20160201_IJJBCCFE_02749	SA20160326_NMHJDFNH_02271	25.000	68	48	2	169	235	81	146	5.9	18.5
SA20160201_IJJBCCFE_02749	SA20160326_NMHJDFNH_02274	57.143	14	6	0	325	338	128	141	7.7	18.1
SA20160201_IJJBCCFE_02749	SA20160326_NMHJDFNH_02282	40.000	30	14	2	296	322	59	87	8.1	17.7
SA20160201_IJJBCCFE_02750	SA20160326_NMHJDFNH_02278	100.000	354	0	0	1	354	1	354	0.0	690
SA20160201_IJJBCCFE_02750	SA20160326_NMHJDFNH_02285	40.000	25	15	0	295	319	115	139	1.5	20.4
SA20160201_IJJBCCFE_02750	SA20160326_NMHJDFNH_02282	28.571	28	20	0	13	40	79	106	4.3	18.5
SA20160201_IJJBCCFE_02750	SA20160326_NMHJDFNH_02275	60.000	10	4	0	267	276	52	61	5.4	18.1
SA20160201_IJJBCCFE_02751	SA20160326_NMHJDFNH_02277	100.000	331	0	0	1	331	1	331	0.0	688
SA20160201_IJJBCCFE_02751	SA20160326_NMHJDFNH_02285	42.105	19	11	0	312	330	350	368	1.9	20.0
SA20160201_IJJBCCFE_02751	SA20160326_NMHJDFNH_02261	25.714	35	26	0	222	256	373	407	3.0	19.2
SA20160201_IJJBCCFE_02751	SA20160326_NMHJDFNH_02270	63.636	11	4	0	265	275	10	20	3.0	19.2
SA20160201_IJJBCCFE_02751	SA20160326_NMHJDFNH_02280	35.714	14	9	0	79	92	4	17	3.5	18.9
SA20160201_IJJBCCFE_02751	SA20160326_NMHJDFNH_02275	19.149	47	38	0	48	94	91	137	5.0	18.5
SA20160201_IJJBCCFE_02752	SA20160326_NMHJDFNH_02276	100.000	394	0	0	1	394	1	394	0.0	765
SA20160201_IJJBCCFE_02752	SA20160326_NMHJDFNH_02273	22.674	172	125	3	3	169	5	173	0.008	27.7
SA20160201_IJJBCCFE_02752	SA20160326_NMHJDFNH_02284	31.111	45	27	2	37	78	78	121	1.5	20.0
SA20160201_IJJBCCFE_02752	SA20160326_NMHJDFNH_02280	25.490	51	33	2	275	320	149	199	7.9	18.1
SA20160201_IJJBCCFE_02753	SA20160326_NMHJDFNH_02275	100.000	176	0	0	1	176	1	176	4.47e-133	360
SA20160201_IJJBCCFE_02753	SA20160326_NMHJDFNH_02285	42.424	33	17	1	74	104	27	59	0.012	25.8
SA20160201_IJJBCCFE_02753	SA20160326_NMHJDFNH_02273	31.081	74	33	5	57	124	378	439	1.2	19.2
SA20160201_IJJBCCFE_02753	SA20160326_NMHJDFNH_02277	19.149	47	38	0	91	137	48	94	2.6	18.5
SA20160201_IJJBCCFE_02753	SA20160326_NMHJDFNH_02278	60.000	10	4	0	52	61	267	276	2.7	18.1
SA20160201_IJJBCCFE_02754	SA20160326_NMHJDFNH_02274	100.000	390	0	0	1	390	1	390	0.0	787
SA20160201_IJJBCCFE_02754	SA20160326_NMHJDFNH_02273	43.750	32	8	2	157	187	424	446	1.1	20.8
SA20160201_IJJBCCFE_02754	SA20160326_NMHJDFNH_02272	42.105	19	11	0	292	310	144	162	5.3	18.9
SA20160201_IJJBCCFE_02754	SA20160326_NMHJDFNH_02279	57.143	14	6	0	128	141	325	338	7.5	18.1
SA20160201_IJJBCCFE_02755	SA20160326_NMHJDFNH_02273	100.000	512	0	0	1	512	1	512	0.0	1033
SA20160201_IJJBCCFE_02755	SA20160326_NMHJDFNH_02276	26.667	135	91	3	5	136	3	132	0.008	28.1
SA20160201_IJJBCCFE_02755	SA20160326_NMHJDFNH_02272	31.034	29	20	0	284	312	305	333	0.75	21.9
SA20160201_IJJBCCFE_02755	SA20160326_NMHJDFNH_02274	43.750	32	8	2	424	446	157	187	1.4	20.8
SA20160201_IJJBCCFE_02755	SA20160326_NMHJDFNH_02270	32.558	43	25	2	19	61	26	64	1.8	20.8
SA20160201_IJJBCCFE_02755	SA20160326_NMHJDFNH_02275	31.081	74	33	5	378	439	57	124	3.8	19.2
SA20160201_IJJBCCFE_02755	SA20160326_NMHJDFNH_02285	23.810	42	27	1	450	491	347	383	5.2	19.2
SA20160201_IJJBCCFE_02756	SA20160326_NMHJDFNH_02272	100.000	456	0	0	1	456	1	456	0.0	947
SA20160201_IJJBCCFE_02756	SA20160326_NMHJDFNH_02273	31.034	29	20	0	305	333	284	312	0.62	21.9
SA20160201_IJJBCCFE_02756	SA20160326_NMHJDFNH_02285	27.907	43	28	1	386	425	173	215	1.1	21.2
SA20160201_IJJBCCFE_02756	SA20160326_NMHJDFNH_02268	23.810	105	64	5	93	196	5	94	4.8	18.9
SA20160201_IJJBCCFE_02756	SA20160326_NMHJDFNH_02274	42.105	19	11	0	144	162	292	310	6.0	18.9
SA20160201_IJJBCCFE_02757	SA20160326_NMHJDFNH_02271	100.000	171	0	0	1	171	1	171	3.12e-133	360
SA20160201_IJJBCCFE_02757	SA20160326_NMHJDFNH_02270	26.087	69	39	2	20	76	415	483	0.84	20.0
SA20160201_IJJBCCFE_02757	SA20160326_NMHJDFNH_02279	25.000	68	48	2	81	146	169	235	2.5	18.5
SA20160201_IJJBCCFE_02757	SA20160326_NMHJDFNH_02261	75.000	8	2	0	159	166	121	128	4.7	17.7
SA20160201_IJJBCCFE_02757	SA20160326_NMHJDFNH_02284	62.500	8	3	0	1	8	110	117	9.8	16.2
SA20160201_IJJBCCFE_02758	SA20160326_NMHJDFNH_02270	100.000	518	0	0	1	518	1	518	0.0	1076
SA20160201_IJJBCCFE_02758	SA20160326_NMHJDFNH_02273	31.818	44	26	2	25	64	18	61	1.6	20.8
SA20160201_IJJBCCFE_02758	SA20160326_NMHJDFNH_02261	28.333	60	37	3	386	439	232	291	1.6	20.8
SA20160201_IJJBCCFE_02758	SA20160326_NMHJDFNH_02271	26.087	69	39	2	415	483	20	76	2.5	20.0
SA20160201_IJJBCCFE_02758	SA20160326_NMHJDFNH_02277	63.636	11	4	0	10	20	265	275	4.8	19.2
SA20160201_IJJBCCFE_02759	SA20160326_NMHJDFNH_02269	100.000	141	0	0	1	141	1	141	5.43e-101	276
SA20160201_IJJBCCFE_02759	SA20160326_NMHJDFNH_02285	38.462	26	16	0	89	114	198	223	0.32	20.8
SA20160201_IJJBCCFE_02759	SA20160326_NMHJDFNH_02282	26.531	49	30	1	16	64	23	65	0.56	19.6
SA20160201_IJJBCCFE_02759	SA20160326_NMHJDFNH_02273	53.333	15	6	1	78	91	69	83	2.0	18.5
SA20160201_IJJBCCFE_02759	SA20160326_NMHJDFNH_02281	37.931	29	18	0	61	89	654	682	2.2	18.1
SA20160201_IJJBCCFE_02759	SA20160326_NMHJDFNH_02270	41.667	12	7	0	99	110	369	380	4.3	17.3
SA20160201_IJJBCCFE_02760	SA20160326_NMHJDFNH_02268	100.000	188	0	0	1	188	1	188	3.51e-142	384
SA20160201_IJJBCCFE_02760	SA20160326_NMHJDFNH_02281	28.571	28	20	0	142	169	149	176	1.9	18.9
SA20160201_IJJBCCFE_02760	SA20160326_NMHJDFNH_02272	23.810	105	64	5	5	94	93	196	2.0	18.9
SA20160201_IJJBCCFE_02760	SA20160326_NMHJDFNH_02285	39.394	33	15	2	10	39	92	122	2.2	18.9
SA20160201_IJJBCCFE_02766	SA20160326_NMHJDFNH_02262	100.000	61	0	0	1	61	1	61	2.83e-42	122
SA20160201_IJJBCCFE_02766	SA20160326_NMHJDFNH_02270	42.857	14	8	0	41	54	422	435	2.7	16.2
SA20160201_IJJBCCFE_02766	SA20160326_NMHJDFNH_02271	35.714	14	9	0	34	47	153	166	4.2	15.8
SA20160201_IJJBCCFE_02767	SA20160326_NMHJDFNH_02261	100.000	876	0	0	1	876	1	876	0.0	1803
SA20160201_IJJBCCFE_02767	SA20160326_NMHJDFNH_02280	25.203	123	59	4	305	427	180	269	2.5	20.8
SA20160201_IJJBCCFE_02767	SA20160326_NMHJDFNH_02270	28.333	60	37	3	232	291	386	439	2.5	21.2
SA20160201_IJJBCCFE_02767	SA20160326_NMHJDFNH_02277	25.714	35	26	0	373	407	222	256	8.0	19.2
SA20160201_IJJBCCFE_02768	SA20160326_NMHJDFNH_02260	100.000	179	0	0	1	179	1	179	3.96e-138	374
SA20160201_IJJBCCFE_02768	SA20160326_NMHJDFNH_02281	24.324	37	26	1	134	170	252	286	9.5	16.5
SA20160326_NMHJDFNH_02260	SA20160326_NMHJDFNH_02260	100.000	179	0	0	1	179	1	179	3.96e-138	374
SA20160326_NMHJDFNH_02260	SA20160326_NMHJDFNH_02281	24.324	37	26	1	134	170	252	286	9.5	16.5
SA20160326_NMHJDFNH_02261	SA20160326_NMHJDFNH_02261	100.000	876	0	0	1	876	1	876	0.0	1803
SA20160326_NMHJDFNH_02261	SA20160326_NMHJDFNH_02280	25.203	123	59	4	305	427	180	269	2.5	20.8
SA20160326_NMHJDFNH_02261	SA20160326_NMHJDFNH_02270	28.333	60	37	3	232	291	386	439	2.5	21.2
SA20160326_NMHJDFNH_02261	SA20160326_NMHJDFNH_02277	25.714	35	26	0	373	407	222	256	8.0	19.2
SA20160326_NMHJDFNH_02262	SA20160326_NMHJDFNH_02262	100.000	61	0	0	1	61	1	61	2.83e-42	122
SA20160326_NMHJDFNH_02262	SA20160326_NMHJDFNH_02270	42.857	14	8	0	41	54	422	435	2.7	16.2
SA20160326_NMHJDFNH_02262	SA20160326_NMHJDFNH_02271	35.714	14	9	0	34	47	153	166	4.2	15.8
SA20160326_NMHJDFNH_02268	SA20160326_NMHJDFNH_02268	100.000	188	0	0	1	188	1	188	3.51e-142	384
SA20160326_NMHJDFNH_02268	SA20160326_NMHJDFNH_02281	28.571	28	20	0	142	169	149	176	1.9	18.9
SA20160326_NMHJDFNH_02268	SA20160326_NMHJDFNH_02272	23.810	105	64	5	5	94	93	196	2.0	18.9
SA20160326_NMHJDFNH_02268	SA20160326_NMHJDFNH_02285	39.394	33	15	2	10	39	92	122	2.2	18.9
SA20160326_NMHJDFNH_02269	SA20160326_NMHJDFNH_02269	100.000	141	0	0	1	141	1	141	5.43e-101	276
SA20160326_NMHJDFNH_02269	SA20160326_NMHJDFNH_02285	38.462	26	16	0	89	114	198	223	0.32	20.8
SA20160326_NMHJDFNH_02269	SA20160326_NMHJDFNH_02282	26.531	49	30	1	16	64	23	65	0.56	19.6
SA20160326_NMHJDFNH_02269	SA20160326_NMHJDFNH_02281	37.931	29	18	0	61	89	654	682	2.2	18.1
SA20160326_NMHJDFNH_02269	SA20160326_NMHJDFNH_02270	41.667	12	7	0	99	110	369	380	4.3	17.3
SA20160326_NMHJDFNH_02270	SA20160326_NMHJDFNH_02270	100.000	518	0	0	1	518	1	518	0.0	1076
SA20160326_NMHJDFNH_02270	SA20160326_NMHJDFNH_02261	28.333	60	37	3	386	439	232	291	1.6	20.8
SA20160326_NMHJDFNH_02270	SA20160326_NMHJDFNH_02271	26.087	69	39	2	415	483	20	76	2.5	20.0
SA20160326_NMHJDFNH_02270	SA20160326_NMHJDFNH_02277	63.636	11	4	0	10	20	265	275	4.8	19.2
SA20160326_NMHJDFNH_02271	SA20160326_NMHJDFNH_02271	100.000	171	0	0	1	171	1	171	3.12e-133	360
SA20160326_NMHJDFNH_02271	SA20160326_NMHJDFNH_02270	26.087	69	39	2	20	76	415	483	0.84	20.0
SA20160326_NMHJDFNH_02271	SA20160326_NMHJDFNH_02279	25.000	68	48	2	81	146	169	235	2.5	18.5
SA20160326_NMHJDFNH_02271	SA20160326_NMHJDFNH_02261	75.000	8	2	0	159	166	121	128	4.7	17.7
SA20160326_NMHJDFNH_02271	SA20160326_NMHJDFNH_02284	62.500	8	3	0	1	8	110	117	9.8	16.2
SA20160326_NMHJDFNH_02272	SA20160326_NMHJDFNH_02272	100.000	456	0	0	1	456	1	456	0.0	947
SA20160326_NMHJDFNH_02272	SA20160326_NMHJDFNH_02273	31.034	29	20	0	305	333	284	312	0.62	21.9
SA20160326_NMHJDFNH_02272	SA20160326_NMHJDFNH_02285	27.907	43	28	1	386	425	173	215	1.1	21.2
SA20160326_NMHJDFNH_02272	SA20160326_NMHJDFNH_02268	23.810	105	64	5	93	196	5	94	4.8	18.9
SA20160326_NMHJDFNH_02272	SA20160326_NMHJDFNH_02274	42.105	19	11	0	144	162	292	310	6.0	18.9
SA20160326_NMHJDFNH_02273	SA20160326_NMHJDFNH_02273	100.000	512	0	0	1	512	1	512	0.0	1033
SA20160326_NMHJDFNH_02273	SA20160326_NMHJDFNH_02276	26.667	135	91	3	5	136	3	132	0.008	28.1
SA20160326_NMHJDFNH_02273	SA20160326_NMHJDFNH_02272	31.034	29	20	0	284	312	305	333	0.75	21.9
SA20160326_NMHJDFNH_02273	SA20160326_NMHJDFNH_02274	43.750	32	8	2	424	446	157	187	1.4	20.8
SA20160326_NMHJDFNH_02273	SA20160326_NMHJDFNH_02275	31.081	74	33	5	378	439	57	124	3.8	19.2
SA20160326_NMHJDFNH_02273	SA20160326_NMHJDFNH_02285	23.810	42	27	1	450	491	347	383	5.2	19.2
SA20160326_NMHJDFNH_02274	SA20160326_NMHJDFNH_02274	100.000	390	0	0	1	390	1	390	0.0	787
SA20160326_NMHJDFNH_02274	SA20160326_NMHJDFNH_02273	43.750	32	8	2	157	187	424	446	1.1	20.8
SA20160326_NMHJDFNH_02274	SA20160326_NMHJDFNH_02272	42.105	19	11	0	292	310	144	162	5.3	18.9
SA20160326_NMHJDFNH_02274	SA20160326_NMHJDFNH_02279	57.143	14	6	0	128	141	325	338	7.5	18.1
SA20160326_NMHJDFNH_02275	SA20160326_NMHJDFNH_02275	100.000	176	0	0	1	176	1	176	4.47e-133	360
SA20160326_NMHJDFNH_02275	SA20160326_NMHJDFNH_02285	42.424	33	17	1	74	104	27	59	0.012	25.8
SA20160326_NMHJDFNH_02275	SA20160326_NMHJDFNH_02273	31.081	74	33	5	57	124	378	439	1.2	19.2
SA20160326_NMHJDFNH_02275	SA20160326_NMHJDFNH_02277	19.149	47	38	0	91	137	48	94	2.6	18.5
SA20160326_NMHJDFNH_02275	SA20160326_NMHJDFNH_02278	60.000	10	4	0	52	61	267	276	2.7	18.1
SA20160326_NMHJDFNH_02276	SA20160326_NMHJDFNH_02276	100.000	394	0	0	1	394	1	394	0.0	765
SA20160326_NMHJDFNH_02276	SA20160326_NMHJDFNH_02273	22.674	172	125	3	3	169	5	173	0.008	27.7
SA20160326_NMHJDFNH_02276	SA20160326_NMHJDFNH_02284	31.111	45	27	2	37	78	78	121	1.5	20.0
SA20160326_NMHJDFNH_02277	SA20160326_NMHJDFNH_02277	100.000	331	0	0	1	331	1	331	0.0	688
SA20160326_NMHJDFNH_02277	SA20160326_NMHJDFNH_02285	42.105	19	11	0	312	330	350	368	1.9	20.0
SA20160326_NMHJDFNH_02277	SA20160326_NMHJDFNH_02261	25.714	35	26	0	222	256	373	407	3.0	19.2
SA20160326_NMHJDFNH_02277	SA20160326_NMHJDFNH_02270	63.636	11	4	0	265	275	10	20	3.0	19.2
SA20160326_NMHJDFNH_02277	SA20160326_NMHJDFNH_02280	35.714	14	9	0	79	92	4	17	3.5	18.9
SA20160326_NMHJDFNH_02277	SA20160326_NMHJDFNH_02275	19.149	47	38	0	48	94	91	137	5.0	18.5
SA20160326_NMHJDFNH_02278	SA20160326_NMHJDFNH_02278	100.000	354	0	0	1	354	1	354	0.0	690
SA20160326_NMHJDFNH_02278	SA20160326_NMHJDFNH_02285	40.000	25	15	0	295	319	115	139	1.5	20.4
SA20160326_NMHJDFNH_02278	SA20160326_NMHJDFNH_02282	28.571	28	20	0	13	40	79	106	4.3	18.5
SA20160326_NMHJDFNH_02278	SA20160326_NMHJDFNH_02275	60.000	10	4	0	267	276	52	61	5.4	18.1
SA20160326_NMHJDFNH_02279	SA20160326_NMHJDFNH_02279	100.000	400	0	0	1	400	1	400	0.0	807
SA20160326_NMHJDFNH_02279	SA20160326_NMHJDFNH_02274	57.143	14	6	0	325	338	128	141	7.7	18.1
SA20160326_NMHJDFNH_02279	SA20160326_NMHJDFNH_02282	40.000	30	14	2	296	322	59	87	8.1	17.7
SA20160326_NMHJDFNH_02280	SA20160326_NMHJDFNH_02280	100.000	319	0	0	1	319	1	319	0.0	658
SA20160326_NMHJDFNH_02280	SA20160326_NMHJDFNH_02261	25.203	123	59	4	180	269	305	427	0.95	20.8
SA20160326_NMHJDFNH_02280	SA20160326_NMHJDFNH_02285	28.261	46	27	1	274	313	73	118	1.6	20.0
SA20160326_NMHJDFNH_02280	SA20160326_NMHJDFNH_02277	35.714	14	9	0	4	17	79	92	3.4	18.9
SA20160326_NMHJDFNH_02280	SA20160326_NMHJDFNH_02281	41.176	17	10	0	215	231	2	18	3.6	18.9
SA20160326_NMHJDFNH_02280	SA20160326_NMHJDFNH_02274	20.000	15	12	0	223	237	272	286	9.2	17.7
SA20160326_NMHJDFNH_02281	SA20160326_NMHJDFNH_02281	100.000	705	0	0	1	705	1	705	0.0	1472
SA20160326_NMHJDFNH_02281	SA20160326_NMHJDFNH_02268	28.571	28	20	0	149	176	142	169	7.1	18.9
SA20160326_NMHJDFNH_02281	SA20160326_NMHJDFNH_02280	41.176	17	10	0	2	18	215	231	7.9	18.9
SA20160326_NMHJDFNH_02281	SA20160326_NMHJDFNH_02261	25.000	32	24	0	194	225	513	544	10.0	18.9
SA20160326_NMHJDFNH_02282	SA20160326_NMHJDFNH_02282	100.000	136	0	0	1	136	1	136	2.10e-103	282
SA20160326_NMHJDFNH_02282	SA20160326_NMHJDFNH_02269	28.571	28	20	0	38	65	37	64	1.5	18.5
SA20160326_NMHJDFNH_02282	SA20160326_NMHJDFNH_02278	28.571	28	20	0	79	106	13	40	1.7	18.5
SA20160326_NMHJDFNH_02282	SA20160326_NMHJDFNH_02279	40.000	30	14	2	59	87	296	322	2.8	17.7
SA20160326_NMHJDFNH_02282	SA20160326_NMHJDFNH_02281	28.000	25	18	0	19	43	307	331	4.7	16.9
SA20160326_NMHJDFNH_02283	SA20160326_NMHJDFNH_02283	100.000	81	0	0	1	81	1	81	8.26e-62	173
SA20160326_NMHJDFNH_02283	SA20160326_NMHJDFNH_02261	40.000	20	9	1	18	34	434	453	3.8	16.5
SA20160326_NMHJDFNH_02284	SA20160326_NMHJDFNH_02284	100.000	143	0	0	1	143	1	143	1.89e-109	298
SA20160326_NMHJDFNH_02284	SA20160326_NMHJDFNH_02276	31.111	45	27	2	78	121	37	78	0.77	19.6
SA20160326_NMHJDFNH_02284	SA20160326_NMHJDFNH_02278	41.667	12	7	0	130	141	93	104	5.3	16.9
SA20160326_NMHJDFNH_02284	SA20160326_NMHJDFNH_02274	33.333	21	14	0	110	130	319	339	6.9	16.5
SA20160326_NMHJDFNH_02284	SA20160326_NMHJDFNH_02271	62.500	8	3	0	110	117	1	8	8.2	16.2
SA20160326_NMHJDFNH_02285	SA20160326_NMHJDFNH_02285	100.000	444	0	0	1	444	1	444	0.0	904
SA20160326_NMHJDFNH_02285	SA20160326_NMHJDFNH_02275	42.424	33	17	1	27	59	74	104	0.029	25.8
SA20160326_NMHJDFNH_02285	SA20160326_NMHJDFNH_02272	27.907	43	28	1	173	215	386	425	1.1	21.2
SA20160326_NMHJDFNH_02285	SA20160326_NMHJDFNH_02269	38.462	26	16	0	198	223	89	114	1.2	20.4
SA20160326_NMHJDFNH_02285	SA20160326_NMHJDFNH_02278	40.000	25	15	0	115	139	295	319	1.9	20.4
SA20160326_NMHJDFNH_02285	SA20160326_NMHJDFNH_02280	28.261	46	27	1	73	118	274	313	2.2	20.0
SA20160326_NMHJDFNH_02285	SA20160326_NMHJDFNH_02277	42.105	19	11	0	350	368	312	330	2.5	20.0
SA20160326_NMHJDFNH_02285	SA20160326_NMHJDFNH_02273	23.810	42	27	1	347	383	450	491	5.1	18.9
SA20160326_NMHJDFNH_02285	SA20160326_NMHJDFNH_02268	39.394	33	15	2	92	122	10	39	5.2	18.9
SA20160201_IJJBCCFE_02743	SA20160201_IJJBCCFE_02743	100.000	444	0	0	1	444	1	444	0.0	904
SA20160201_IJJBCCFE_02743	SA20160201_IJJBCCFE_02753	42.424	33	17	1	27	59	74	104	0.029	25.8
SA20160201_IJJBCCFE_02743	SA20160201_IJJBCCFE_02756	27.907	43	28	1	173	215	386	425	1.1	21.2
SA20160201_IJJBCCFE_02743	SA20160201_IJJBCCFE_02759	38.462	26	16	0	198	223	89	114	1.2	20.4
SA20160201_IJJBCCFE_02743	SA20160201_IJJBCCFE_02750	40.000	25	15	0	115	139	295	319	1.9	20.4
SA20160201_IJJBCCFE_02743	SA20160201_IJJBCCFE_02748	28.261	46	27	1	73	118	274	313	2.2	20.0
SA20160201_IJJBCCFE_02743	SA20160201_IJJBCCFE_02751	42.105	19	11	0	350	368	312	330	2.5	20.0
SA20160201_IJJBCCFE_02743	SA20160201_IJJBCCFE_02755	23.810	42	27	1	347	383	450	491	5.1	18.9
SA20160201_IJJBCCFE_02743	SA20160201_IJJBCCFE_02760	39.394	33	15	2	92	122	10	39	5.2	18.9
SA20160201_IJJBCCFE_02744	SA20160201_IJJBCCFE_02744	100.000	143	0	0	1	143	1	143	1.89e-109	298
SA20160201_IJJBCCFE_02744	SA20160201_IJJBCCFE_02752	31.111	45	27	2	78	121	37	78	0.77	19.6
SA20160201_IJJBCCFE_02744	SA20160201_IJJBCCFE_02750	41.667	12	7	0	130	141	93	104	5.3	16.9
SA20160201_IJJBCCFE_02744	SA20160201_IJJBCCFE_02754	33.333	21	14	0	110	130	319	339	6.9	16.5
SA20160201_IJJBCCFE_02744	SA20160201_IJJBCCFE_02757	62.500	8	3	0	110	117	1	8	8.2	16.2
SA20160201_IJJBCCFE_02745	SA20160201_IJJBCCFE_02745	100.000	81	0	0	1	81	1	81	8.26e-62	173
SA20160201_IJJBCCFE_02745	SA20160201_IJJBCCFE_02767	40.000	20	9	1	18	34	434	453	3.8	16.5
SA20160201_IJJBCCFE_02746	SA20160201_IJJBCCFE_02746	100.000	136	0	0	1	136	1	136	2.10e-103	282
SA20160201_IJJBCCFE_02746	SA20160201_IJJBCCFE_02759	28.571	28	20	0	38	65	37	64	1.5	18.5
SA20160201_IJJBCCFE_02746	SA20160201_IJJBCCFE_02750	28.571	28	20	0	79	106	13	40	1.7	18.5
SA20160201_IJJBCCFE_02746	SA20160201_IJJBCCFE_02749	40.000	30	14	2	59	87	296	322	2.8	17.7
SA20160201_IJJBCCFE_02746	SA20160201_IJJBCCFE_02747	28.000	25	18	0	19	43	307	331	4.7	16.9
SA20160201_IJJBCCFE_02747	SA20160201_IJJBCCFE_02747	100.000	705	0	0	1	705	1	705	0.0	1472
SA20160201_IJJBCCFE_02747	SA20160201_IJJBCCFE_02760	28.571	28	20	0	149	176	142	169	7.1	18.9
SA20160201_IJJBCCFE_02747	SA20160201_IJJBCCFE_02748	41.176	17	10	0	2	18	215	231	7.9	18.9
SA20160201_IJJBCCFE_02747	SA20160201_IJJBCCFE_02767	25.000	32	24	0	194	225	513	544	10.0	18.9
SA20160201_IJJBCCFE_02748	SA20160201_IJJBCCFE_02748	100.000	319	0	0	1	319	1	319	0.0	658
SA20160201_IJJBCCFE_02748	SA20160201_IJJBCCFE_02767	25.203	123	59	4	180	269	305	427	0.95	20.8
SA20160201_IJJBCCFE_02748	SA20160201_IJJBCCFE_02743	28.261	46	27	1	274	313	73	118	1.6	20.0
SA20160201_IJJBCCFE_02748	SA20160201_IJJBCCFE_02751	35.714	14	9	0	4	17	79	92	3.4	18.9
SA20160201_IJJBCCFE_02748	SA20160201_IJJBCCFE_02747	41.176	17	10	0	215	231	2	18	3.6	18.9
SA20160201_IJJBCCFE_02748	SA20160201_IJJBCCFE_02754	20.000	15	12	0	223	237	272	286	9.2	17.7
SA20160201_IJJBCCFE_02749	SA20160201_IJJBCCFE_02749	100.000	400	0	0	1	400	1	400	0.0	807
SA20160201_IJJBCCFE_02749	SA20160201_IJJBCCFE_02754	57.143	14	6	0	325	338	128	141	7.7	18.1
SA20160201_IJJBCCFE_02749	SA20160201_IJJBCCFE_02746	40.000	30	14	2	296	322	59	87	8.1	17.7
SA20160201_IJJBCCFE_02750	SA20160201_IJJBCCFE_02750	100.000	354	0	0	1	354	1	354	0.0	690
SA20160201_IJJBCCFE_02750	SA20160201_IJJBCCFE_02743	40.000	25	15	0	295	319	115	139	1.5	20.4
SA20160201_IJJBCCFE_02750	SA20160201_IJJBCCFE_02746	28.571	28	20	0	13	40	79	106	4.3	18.5
SA20160201_IJJBCCFE_02750	SA20160201_IJJBCCFE_02753	60.000	10	4	0	267	276	52	61	5.4	18.1
SA20160201_IJJBCCFE_02751	SA20160201_IJJBCCFE_02751	100.000	331	0	0	1	331	1	331	0.0	688
SA20160201_IJJBCCFE_02751	SA20160201_IJJBCCFE_02743	42.105	19	11	0	312	330	350	368	1.9	20.0
SA20160201_IJJBCCFE_02751	SA20160201_IJJBCCFE_02767	25.714	35	26	0	222	256	373	407	3.0	19.2
SA20160201_IJJBCCFE_02751	SA20160201_IJJBCCFE_02758	63.636	11	4	0	265	275	10	20	3.0	19.2
SA20160201_IJJBCCFE_02751	SA20160201_IJJBCCFE_02748	35.714	14	9	0	79	92	4	17	3.5	18.9
SA20160201_IJJBCCFE_02751	SA20160201_IJJBCCFE_02753	19.149	47	38	0	48	94	91	137	5.0	18.5
SA20160201_IJJBCCFE_02752	SA20160201_IJJBCCFE_02752	100.000	394	0	0	1	394	1	394	0.0	765
SA20160201_IJJBCCFE_02752	SA20160201_IJJBCCFE_02755	22.674	172	125	3	3	169	5	173	0.008	27.7
SA20160201_IJJBCCFE_02752	SA20160201_IJJBCCFE_02744	31.111	45	27	2	37	78	78	121	1.5	20.0
SA20160201_IJJBCCFE_02753	SA20160201_IJJBCCFE_02753	100.000	176	0	0	1	176	1	176	4.47e-133	360
SA20160201_IJJBCCFE_02753	SA20160201_IJJBCCFE_02743	42.424	33	17	1	74	104	27	59	0.012	25.8
SA20160201_IJJBCCFE_02753	SA20160201_IJJBCCFE_02755	31.081	74	33	5	57	124	378	439	1.2	19.2
SA20160201_IJJBCCFE_02753	SA20160201_IJJBCCFE_02751	19.149	47	38	0	91	137	48	94	2.6	18.5
SA20160201_IJJBCCFE_02753	SA20160201_IJJBCCFE_02750	60.000	10	4	0	52	61	267	276	2.7	18.1
SA20160201_IJJBCCFE_02754	SA20160201_IJJBCCFE_02754	100.000	390	0	0	1	390	1	390	0.0	787
SA20160201_IJJBCCFE_02754	SA20160201_IJJBCCFE_02755	43.750	32	8	2	157	187	424	446	1.1	20.8
SA20160201_IJJBCCFE_02754	SA20160201_IJJBCCFE_02756	42.105	19	11	0	292	310	144	162	5.3	18.9
SA20160201_IJJBCCFE_02754	SA20160201_IJJBCCFE_02749	57.143	14	6	0	128	141	325	338	7.5	18.1
SA20160201_IJJBCCFE_02755	SA20160201_IJJBCCFE_02755	100.000	512	0	0	1	512	1	512	0.0	1033
SA20160201_IJJBCCFE_02755	SA20160201_IJJBCCFE_02752	26.667	135	91	3	5	136	3	132	0.008	28.1
SA20160201_IJJBCCFE_02755	SA20160201_IJJBCCFE_02756	31.034	29	20	0	284	312	305	333	0.75	21.9
SA20160201_IJJBCCFE_02755	SA20160201_IJJBCCFE_02754	43.750	32	8	2	424	446	157	187	1.4	20.8
SA20160201_IJJBCCFE_02755	SA20160201_IJJBCCFE_02753	31.081	74	33	5	378	439	57	124	3.8	19.2
SA20160201_IJJBCCFE_02755	SA20160201_IJJBCCFE_02743	23.810	42	27	1	450	491	347	383	5.2	19.2
SA20160201_IJJBCCFE_02756	SA20160201_IJJBCCFE_02756	100.000	456	0	0	1	456	1	456	0.0	947
SA20160201_IJJBCCFE_02756	SA20160201_IJJBCCFE_02755	31.034	29	20	0	305	333	284	312	0.62	21.9
SA20160201_IJJBCCFE_02756	SA20160201_IJJBCCFE_02743	27.907	43	28	1	386	425	173	215	1.1	21.2
SA20160201_IJJBCCFE_02756	SA20160201_IJJBCCFE_02760	23.810	105	64	5	93	196	5	94	4.8	18.9
SA20160201_IJJBCCFE_02756	SA20160201_IJJBCCFE_02754	42.105	19	11	0	144	162	292	310	6.0	18.9
SA20160201_IJJBCCFE_02757	SA20160201_IJJBCCFE_02757	100.000	171	0	0	1	171	1	171	3.12e-133	360
SA20160201_IJJBCCFE_02757	SA20160201_IJJBCCFE_02758	26.087	69	39	2	20	76	415	483	0.84	20.0
SA20160201_IJJBCCFE_02757	SA20160201_IJJBCCFE_02749	25.000	68	48	2	81	146	169	235	2.5	18.5
SA20160201_IJJBCCFE_02757	SA20160201_IJJBCCFE_02767	75.000	8	2	0	159	166	121	128	4.7	17.7
SA20160201_IJJBCCFE_02757	SA20160201_IJJBCCFE_02744	62.500	8	3	0	1	8	110	117	9.8	16.2
SA20160201_IJJBCCFE_02758	SA20160201_IJJBCCFE_02758	100.000	518	0	0	1	518	1	518	0.0	1076
SA20160201_IJJBCCFE_02758	SA20160201_IJJBCCFE_02767	28.333	60	37	3	386	439	232	291	1.6	20.8
SA20160201_IJJBCCFE_02758	SA20160201_IJJBCCFE_02757	26.087	69	39	2	415	483	20	76	2.5	20.0
SA20160201_IJJBCCFE_02758	SA20160201_IJJBCCFE_02751	63.636	11	4	0	10	20	265	275	4.8	19.2
SA20160201_IJJBCCFE_02759	SA20160201_IJJBCCFE_02759	100.000	141	0	0	1	141	1	141	5.43e-101	276
SA20160201_IJJBCCFE_02759	SA20160201_IJJBCCFE_02743	38.462	26	16	0	89	114	198	223	0.32	20.8
SA20160201_IJJBCCFE_02759	SA20160201_IJJBCCFE_02746	26.531	49	30	1	16	64	23	65	0.56	19.6
SA20160201_IJJBCCFE_02759	SA20160201_IJJBCCFE_02747	37.931	29	18	0	61	89	654	682	2.2	18.1
SA20160201_IJJBCCFE_02759	SA20160201_IJJBCCFE_02758	41.667	12	7	0	99	110	369	380	4.3	17.3
SA20160201_IJJBCCFE_02760	SA20160201_IJJBCCFE_02760	100.000	188	0	0	1	188	1	188	3.51e-142	384
SA20160201_IJJBCCFE_02760	SA20160201_IJJBCCFE_02747	28.571	28	20	0	142	169	149	176	1.9	18.9
SA20160201_IJJBCCFE_02760	SA20160201_IJJBCCFE_02756	23.810	105	64	5	5	94	93	196	2.0	18.9
SA20160201_IJJBCCFE_02760	SA20160201_IJJBCCFE_02743	39.394	33	15	2	10	39	92	122	2.2	18.9
SA20160201_IJJBCCFE_02766	SA20160201_IJJBCCFE_02766	100.000	61	0	0	1	61	1	61	2.83e-42	122
SA20160201_IJJBCCFE_02766	SA20160201_IJJBCCFE_02758	42.857	14	8	0	41	54	422	435	2.7	16.2
SA20160201_IJJBCCFE_02766	SA20160201_IJJBCCFE_02757	35.714	14	9	0	34	47	153	166	4.2	15.8
SA20160201_IJJBCCFE_02767	SA20160201_IJJBCCFE_02767	100.000	876	0	0	1	876	1	876	0.0	1803
SA20160201_IJJBCCFE_02767	SA20160201_IJJBCCFE_02748	25.203	123	59	4	305	427	180	269	2.5	20.8
SA20160201_IJJBCCFE_02767	SA20160201_IJJBCCFE_02758	28.333	60	37	3	232	291	386	439	2.5	21.2
SA20160201_IJJBCCFE_02767	SA20160201_IJJBCCFE_02751	25.714	35	26	0	373	407	222	256	8.0	19.2
SA20160201_IJJBCCFE_02768	SA20160201_IJJBCCFE_02768	100.000	179	0	0	1	179	1	179	3.96e-138	374
SA20160201_IJJBCCFE_02768	SA20160201_IJJBCCFE_02747	24.324	37	26	1	134	170	252	286	9.5	16.5
