SA20160210_EPKMIBEH_00829	SA20153983_GBAKOBEN_00167	99.635	274	1	0	1	274	1	274	0.0	560
SA20160210_EPKMIBEH_00829	SA20153983_GBAKOBEN_00156	29.630	27	19	0	2	28	4	30	0.020	25.8
SA20160210_EPKMIBEH_00829	SA20153983_GBAKOBEN_00164	27.907	43	27	2	91	131	291	331	0.47	21.6
SA20160210_EPKMIBEH_00829	SA20153983_GBAKOBEN_00148	46.667	15	8	0	106	120	118	132	0.80	20.8
SA20160210_EPKMIBEH_00829	SA20153983_GBAKOBEN_00154	42.308	26	13	1	106	129	8	33	2.4	19.2
SA20160210_EPKMIBEH_00829	SA20153983_GBAKOBEN_00159	53.333	15	7	0	156	170	86	100	8.0	17.3
SA20160210_EPKMIBEH_00830	SA20153983_GBAKOBEN_00166	99.331	299	2	0	1	299	1	299	0.0	602
SA20160210_EPKMIBEH_00830	SA20153983_GBAKOBEN_00162	29.630	54	36	2	44	96	89	141	0.19	22.7
SA20160210_EPKMIBEH_00830	SA20153983_GBAKOBEN_00156	37.037	27	17	0	221	247	22	48	1.6	20.0
SA20160210_EPKMIBEH_00830	SA20153983_GBAKOBEN_00163	36.364	33	16	2	102	134	252	279	2.6	19.2
SA20160210_EPKMIBEH_00830	SA20153983_GBAKOBEN_00160	46.667	15	8	0	135	149	244	258	5.9	18.1
SA20160210_EPKMIBEH_00831	SA20153983_GBAKOBEN_00165	99.078	434	4	0	1	434	1	434	0.0	872
SA20160210_EPKMIBEH_00831	SA20153983_GBAKOBEN_00158	28.125	64	40	1	358	421	67	124	1.0	21.2
SA20160210_EPKMIBEH_00831	SA20153983_GBAKOBEN_00156	24.444	45	33	1	4	47	217	261	1.3	20.8
SA20160210_EPKMIBEH_00831	SA20153983_GBAKOBEN_00162	33.333	27	18	0	54	80	163	189	1.4	20.4
SA20160210_EPKMIBEH_00831	SA20153983_GBAKOBEN_00163	27.451	51	29	1	274	324	100	142	2.0	20.0
SA20160210_EPKMIBEH_00831	SA20153983_GBAKOBEN_00157	33.333	15	10	0	364	378	239	253	3.1	19.6
SA20160210_EPKMIBEH_00831	SA20153983_GBAKOBEN_00164	30.000	70	38	3	293	353	251	318	4.8	18.9
SA20160210_EPKMIBEH_00831	SA20153983_GBAKOBEN_00161	44.444	18	10	0	171	188	38	55	7.8	18.1
SA20160210_EPKMIBEH_00832	SA20153983_GBAKOBEN_00164	99.443	359	2	0	1	359	1	359	0.0	732
SA20160210_EPKMIBEH_00832	SA20153983_GBAKOBEN_00154	34.783	23	15	0	1	23	388	410	0.24	22.7
SA20160210_EPKMIBEH_00832	SA20153983_GBAKOBEN_00167	27.907	43	27	2	291	331	91	131	0.56	21.6
SA20160210_EPKMIBEH_00832	SA20153983_GBAKOBEN_00156	34.615	26	15	1	212	237	194	217	0.59	21.6
SA20160210_EPKMIBEH_00832	SA20153983_GBAKOBEN_00162	42.308	26	14	1	330	354	71	96	1.4	20.0
SA20160210_EPKMIBEH_00832	SA20153983_GBAKOBEN_00147	28.125	32	21	1	175	206	201	230	3.9	18.9
SA20160210_EPKMIBEH_00832	SA20153983_GBAKOBEN_00153	24.194	62	38	2	177	238	412	464	4.4	18.9
SA20160210_EPKMIBEH_00833	SA20153983_GBAKOBEN_00163	99.718	355	1	0	1	355	1	355	0.0	738
SA20160210_EPKMIBEH_00833	SA20153983_GBAKOBEN_00147	34.000	50	28	3	252	300	226	271	1.6	20.0
SA20160210_EPKMIBEH_00833	SA20153983_GBAKOBEN_00161	35.714	28	16	1	8	33	173	200	2.0	19.6
SA20160210_EPKMIBEH_00833	SA20153983_GBAKOBEN_00166	36.364	33	16	2	252	279	102	134	3.1	19.2
SA20160210_EPKMIBEH_00833	SA20153983_GBAKOBEN_00150	20.301	133	80	7	107	233	12	124	4.8	18.9
SA20160210_EPKMIBEH_00833	SA20153983_GBAKOBEN_00165	27.778	54	29	2	97	142	273	324	6.1	18.5
SA20160210_EPKMIBEH_00834	SA20153983_GBAKOBEN_00162	100.000	196	0	0	1	196	1	196	5.76e-152	410
SA20160210_EPKMIBEH_00834	SA20153983_GBAKOBEN_00166	31.481	54	35	2	89	141	44	96	0.027	24.6
SA20160210_EPKMIBEH_00834	SA20153983_GBAKOBEN_00165	33.333	27	18	0	163	189	54	80	0.66	20.4
SA20160210_EPKMIBEH_00834	SA20153983_GBAKOBEN_00164	42.308	26	14	1	71	96	330	354	0.77	20.0
SA20160210_EPKMIBEH_00834	SA20153983_GBAKOBEN_00160	21.951	41	32	0	22	62	185	225	6.0	17.3
SA20160210_EPKMIBEH_00834	SA20153983_GBAKOBEN_00155	35.294	17	11	0	86	102	175	191	6.2	17.3
SA20160210_EPKMIBEH_00835	SA20153983_GBAKOBEN_00161	99.184	245	2	0	1	245	1	245	0.0	488
SA20160210_EPKMIBEH_00835	SA20153983_GBAKOBEN_00160	28.261	230	151	7	2	223	6	229	3.03e-18	72.0
SA20160210_EPKMIBEH_00835	SA20153983_GBAKOBEN_00163	35.714	28	16	1	173	200	8	33	1.4	20.0
SA20160210_EPKMIBEH_00835	SA20153983_GBAKOBEN_00154	36.364	33	19	1	7	39	422	452	1.4	20.0
SA20160210_EPKMIBEH_00835	SA20153983_GBAKOBEN_00158	26.316	76	39	3	99	171	79	140	1.7	19.6
SA20160210_EPKMIBEH_00835	SA20153983_GBAKOBEN_00165	44.444	18	10	0	38	55	171	188	4.2	18.5
SA20160210_EPKMIBEH_00835	SA20153983_GBAKOBEN_00155	38.889	18	11	0	128	145	61	78	5.0	18.1
SA20160210_EPKMIBEH_00836	SA20153983_GBAKOBEN_00160	100.000	258	0	0	1	258	1	258	0.0	525
SA20160210_EPKMIBEH_00836	SA20153983_GBAKOBEN_00161	26.087	230	156	5	6	229	2	223	3.38e-18	72.0
SA20160210_EPKMIBEH_00836	SA20153983_GBAKOBEN_00154	28.571	84	53	3	142	219	372	454	0.16	22.7
SA20160210_EPKMIBEH_00836	SA20153983_GBAKOBEN_00148	25.000	60	39	3	35	94	16	69	3.7	18.5
SA20160210_EPKMIBEH_00836	SA20153983_GBAKOBEN_00166	46.667	15	8	0	244	258	135	149	4.9	18.1
SA20160210_EPKMIBEH_00836	SA20153983_GBAKOBEN_00153	45.455	11	6	0	202	212	4	14	7.5	17.7
SA20160210_EPKMIBEH_00836	SA20153983_GBAKOBEN_00162	21.951	41	32	0	185	225	22	62	7.9	17.3
SA20160210_EPKMIBEH_00837	SA20153983_GBAKOBEN_00159	97.537	203	5	0	1	203	1	203	2.82e-152	411
SA20160210_EPKMIBEH_00837	SA20153983_GBAKOBEN_00167	53.333	15	7	0	86	100	156	170	5.8	17.3
SA20160210_EPKMIBEH_00838	SA20153983_GBAKOBEN_00158	99.388	327	2	0	1	327	1	327	0.0	655
SA20160210_EPKMIBEH_00838	SA20153983_GBAKOBEN_00154	55.556	18	7	1	88	104	154	171	0.42	21.9
SA20160210_EPKMIBEH_00838	SA20153983_GBAKOBEN_00165	28.125	64	40	1	67	124	358	421	0.47	21.9
SA20160210_EPKMIBEH_00839	SA20153983_GBAKOBEN_00157	99.742	388	1	0	1	388	1	388	0.0	794
SA20160210_EPKMIBEH_00839	SA20153983_GBAKOBEN_00152	28.205	39	19	1	234	272	276	305	1.8	20.0
SA20160210_EPKMIBEH_00839	SA20153983_GBAKOBEN_00155	27.273	66	44	3	133	194	131	196	2.5	19.6
SA20160210_EPKMIBEH_00839	SA20153983_GBAKOBEN_00165	33.333	15	10	0	239	253	364	378	3.0	19.6
SA20160210_EPKMIBEH_00840	SA20153983_GBAKOBEN_00156	99.786	468	1	0	1	468	1	468	0.0	954
SA20160210_EPKMIBEH_00840	SA20153983_GBAKOBEN_00167	29.630	27	19	0	4	30	2	28	0.037	25.8
SA20160210_EPKMIBEH_00840	SA20153983_GBAKOBEN_00164	34.615	26	15	1	194	217	212	237	0.78	21.6
SA20160210_EPKMIBEH_00840	SA20153983_GBAKOBEN_00153	30.612	49	33	1	71	118	3	51	0.85	21.6
SA20160210_EPKMIBEH_00840	SA20153983_GBAKOBEN_00165	24.444	45	33	1	217	261	4	47	1.4	20.8
SA20160210_EPKMIBEH_00840	SA20153983_GBAKOBEN_00166	37.037	27	17	0	22	48	221	247	2.5	20.0
SA20160210_EPKMIBEH_00840	SA20153983_GBAKOBEN_00150	37.288	59	24	5	204	257	138	188	5.8	18.9
SA20160210_EPKMIBEH_00840	SA20153983_GBAKOBEN_00148	41.379	29	16	1	10	37	8	36	7.7	18.5
SA20160210_EPKMIBEH_00841	SA20153983_GBAKOBEN_00155	99.784	463	1	0	14	476	23	485	0.0	953
SA20160210_EPKMIBEH_00841	SA20153983_GBAKOBEN_00154	24.242	33	25	0	317	349	438	470	1.7	20.8
SA20160210_EPKMIBEH_00841	SA20153983_GBAKOBEN_00150	45.455	22	9	1	253	271	186	207	4.3	19.2
SA20160210_EPKMIBEH_00841	SA20153983_GBAKOBEN_00151	31.707	41	25	2	204	241	106	146	5.2	18.9
SA20160210_EPKMIBEH_00841	SA20153983_GBAKOBEN_00152	35.897	39	19	2	135	173	143	175	6.2	18.9
SA20160210_EPKMIBEH_00842	SA20153983_GBAKOBEN_00154	100.000	477	0	0	1	477	1	477	0.0	983
SA20160210_EPKMIBEH_00842	SA20153983_GBAKOBEN_00160	28.571	84	53	3	372	454	142	219	0.29	23.1
SA20160210_EPKMIBEH_00842	SA20153983_GBAKOBEN_00164	34.783	23	15	0	388	410	1	23	0.33	22.7
SA20160210_EPKMIBEH_00842	SA20153983_GBAKOBEN_00151	26.852	108	45	7	66	166	256	336	0.42	22.3
SA20160210_EPKMIBEH_00842	SA20153983_GBAKOBEN_00158	55.556	18	7	1	154	171	88	104	0.64	21.9
SA20160210_EPKMIBEH_00842	SA20153983_GBAKOBEN_00155	24.242	33	25	0	438	470	326	358	1.5	20.8
SA20160210_EPKMIBEH_00842	SA20153983_GBAKOBEN_00150	31.429	35	23	1	62	95	270	304	2.1	20.4
SA20160210_EPKMIBEH_00842	SA20153983_GBAKOBEN_00161	36.364	33	19	1	422	452	7	39	2.2	20.0
SA20160210_EPKMIBEH_00842	SA20153983_GBAKOBEN_00167	42.308	26	13	1	8	33	106	129	3.9	19.2
SA20160210_EPKMIBEH_00842	SA20153983_GBAKOBEN_00153	37.143	35	16	1	262	296	160	188	4.4	19.2
SA20160210_EPKMIBEH_00842	SA20153983_GBAKOBEN_00163	33.333	27	18	0	64	90	235	261	5.7	18.9
SA20160210_EPKMIBEH_00843	SA20153983_GBAKOBEN_00153	99.582	479	2	0	1	479	1	479	0.0	999
SA20160210_EPKMIBEH_00843	SA20153983_GBAKOBEN_00152	41.667	24	14	0	431	454	17	40	0.24	23.1
SA20160210_EPKMIBEH_00843	SA20153983_GBAKOBEN_00156	30.612	49	33	1	3	51	71	118	0.93	21.6
SA20160210_EPKMIBEH_00843	SA20153983_GBAKOBEN_00154	37.143	35	16	1	160	188	262	296	4.6	19.2
SA20160210_EPKMIBEH_00843	SA20153983_GBAKOBEN_00150	21.622	37	29	0	149	185	188	224	6.5	18.9
SA20160210_EPKMIBEH_00844	SA20153983_GBAKOBEN_00152	100.000	314	0	0	1	314	1	314	0.0	655
SA20160210_EPKMIBEH_00844	SA20153983_GBAKOBEN_00150	25.984	127	78	6	1	117	1	121	0.005	28.1
SA20160210_EPKMIBEH_00844	SA20153983_GBAKOBEN_00153	41.667	24	14	0	17	40	431	454	0.16	23.1
SA20160210_EPKMIBEH_00844	SA20153983_GBAKOBEN_00157	28.205	39	19	1	276	305	234	272	1.4	20.0
SA20160210_EPKMIBEH_00844	SA20153983_GBAKOBEN_00155	35.897	39	19	2	143	175	144	182	4.4	18.5
SA20160210_EPKMIBEH_00845	SA20153983_GBAKOBEN_00151	100.000	353	0	0	1	353	1	353	0.0	729
SA20160210_EPKMIBEH_00845	SA20153983_GBAKOBEN_00154	27.273	88	35	6	271	336	86	166	0.94	21.2
SA20160210_EPKMIBEH_00845	SA20153983_GBAKOBEN_00155	31.707	41	25	2	106	146	213	250	3.8	18.9
SA20153983_GBAKOBEN_00147	SA20153983_GBAKOBEN_00147	100.000	274	0	0	1	274	1	274	0.0	561
SA20153983_GBAKOBEN_00147	SA20153983_GBAKOBEN_00163	34.000	50	28	3	226	271	252	300	1.2	20.0
SA20153983_GBAKOBEN_00147	SA20153983_GBAKOBEN_00164	28.125	32	21	1	201	230	175	206	3.2	18.9
SA20153983_GBAKOBEN_00147	SA20153983_GBAKOBEN_00155	29.412	17	12	0	124	140	70	86	8.4	17.7
SA20153983_GBAKOBEN_00148	SA20153983_GBAKOBEN_00148	100.000	338	0	0	1	338	1	338	0.0	705
SA20153983_GBAKOBEN_00148	SA20153983_GBAKOBEN_00167	46.667	15	8	0	118	132	106	120	0.91	20.8
SA20153983_GBAKOBEN_00148	SA20153983_GBAKOBEN_00156	41.379	29	16	1	8	36	10	37	5.4	18.5
SA20153983_GBAKOBEN_00148	SA20153983_GBAKOBEN_00165	42.857	21	8	1	247	267	170	186	9.5	17.7
SA20153983_GBAKOBEN_00149	SA20153983_GBAKOBEN_00149	100.000	427	0	0	1	427	1	427	0.0	838
SA20153983_GBAKOBEN_00149	SA20153983_GBAKOBEN_00150	40.000	20	10	1	351	368	49	68	9.7	18.1
SA20153983_GBAKOBEN_00149	SA20153983_GBAKOBEN_00156	33.333	36	16	1	49	76	261	296	9.9	18.1
SA20153983_GBAKOBEN_00150	SA20153983_GBAKOBEN_00150	100.000	333	0	0	1	333	1	333	0.0	682
SA20153983_GBAKOBEN_00150	SA20153983_GBAKOBEN_00152	25.984	127	78	6	1	121	1	117	0.005	28.1
SA20153983_GBAKOBEN_00150	SA20153983_GBAKOBEN_00155	45.455	22	9	1	186	207	262	280	3.0	19.2
SA20153983_GBAKOBEN_00150	SA20153983_GBAKOBEN_00163	21.053	133	79	7	12	124	107	233	3.0	19.2
SA20153983_GBAKOBEN_00150	SA20153983_GBAKOBEN_00153	21.622	37	29	0	188	224	149	185	4.5	18.9
SA20153983_GBAKOBEN_00150	SA20153983_GBAKOBEN_00149	40.000	20	10	1	49	68	351	368	7.5	18.1
SA20153983_GBAKOBEN_00151	SA20153983_GBAKOBEN_00151	100.000	353	0	0	1	353	1	353	0.0	729
SA20153983_GBAKOBEN_00151	SA20153983_GBAKOBEN_00154	27.273	88	35	6	271	336	86	166	0.94	21.2
SA20153983_GBAKOBEN_00152	SA20153983_GBAKOBEN_00152	100.000	314	0	0	1	314	1	314	0.0	655
SA20153983_GBAKOBEN_00152	SA20153983_GBAKOBEN_00150	25.984	127	78	6	1	117	1	121	0.005	28.1
SA20153983_GBAKOBEN_00152	SA20153983_GBAKOBEN_00153	41.667	24	14	0	17	40	431	454	0.16	23.1
SA20153983_GBAKOBEN_00152	SA20153983_GBAKOBEN_00157	28.205	39	19	1	276	305	234	272	1.4	20.0
SA20153983_GBAKOBEN_00152	SA20153983_GBAKOBEN_00155	35.897	39	19	2	143	175	144	182	4.4	18.5
SA20153983_GBAKOBEN_00153	SA20153983_GBAKOBEN_00153	100.000	479	0	0	1	479	1	479	0.0	1002
SA20153983_GBAKOBEN_00153	SA20153983_GBAKOBEN_00152	41.667	24	14	0	431	454	17	40	0.24	23.1
SA20153983_GBAKOBEN_00153	SA20153983_GBAKOBEN_00156	30.612	49	33	1	3	51	71	118	0.92	21.6
SA20153983_GBAKOBEN_00153	SA20153983_GBAKOBEN_00154	37.143	35	16	1	160	188	262	296	4.6	19.2
SA20153983_GBAKOBEN_00153	SA20153983_GBAKOBEN_00150	21.622	37	29	0	149	185	188	224	6.5	18.9
SA20153983_GBAKOBEN_00153	SA20153983_GBAKOBEN_00164	24.194	62	38	2	412	464	177	238	6.6	18.9
SA20153983_GBAKOBEN_00154	SA20153983_GBAKOBEN_00154	100.000	477	0	0	1	477	1	477	0.0	983
SA20153983_GBAKOBEN_00154	SA20153983_GBAKOBEN_00160	28.571	84	53	3	372	454	142	219	0.29	23.1
SA20153983_GBAKOBEN_00154	SA20153983_GBAKOBEN_00164	34.783	23	15	0	388	410	1	23	0.33	22.7
SA20153983_GBAKOBEN_00154	SA20153983_GBAKOBEN_00151	26.852	108	45	7	66	166	256	336	0.42	22.3
SA20153983_GBAKOBEN_00154	SA20153983_GBAKOBEN_00158	55.556	18	7	1	154	171	88	104	0.64	21.9
SA20153983_GBAKOBEN_00154	SA20153983_GBAKOBEN_00155	24.242	33	25	0	438	470	326	358	1.5	20.8
SA20153983_GBAKOBEN_00154	SA20153983_GBAKOBEN_00150	31.429	35	23	1	62	95	270	304	2.1	20.4
SA20153983_GBAKOBEN_00154	SA20153983_GBAKOBEN_00161	36.364	33	19	1	422	452	7	39	2.2	20.0
SA20153983_GBAKOBEN_00154	SA20153983_GBAKOBEN_00167	42.308	26	13	1	8	33	106	129	3.9	19.2
SA20153983_GBAKOBEN_00154	SA20153983_GBAKOBEN_00153	37.143	35	16	1	262	296	160	188	4.4	19.2
SA20153983_GBAKOBEN_00154	SA20153983_GBAKOBEN_00163	33.333	27	18	0	64	90	235	261	5.7	18.9
SA20153983_GBAKOBEN_00155	SA20153983_GBAKOBEN_00155	100.000	485	0	0	1	485	1	485	0.0	999
SA20153983_GBAKOBEN_00155	SA20153983_GBAKOBEN_00154	24.242	33	25	0	326	358	438	470	1.4	20.8
SA20153983_GBAKOBEN_00155	SA20153983_GBAKOBEN_00150	45.455	22	9	1	262	280	186	207	4.7	19.2
SA20153983_GBAKOBEN_00155	SA20153983_GBAKOBEN_00152	35.897	39	19	2	144	182	143	175	6.5	18.9
SA20153983_GBAKOBEN_00156	SA20153983_GBAKOBEN_00156	100.000	468	0	0	1	468	1	468	0.0	957
SA20153983_GBAKOBEN_00156	SA20153983_GBAKOBEN_00167	29.630	27	19	0	4	30	2	28	0.037	25.8
SA20153983_GBAKOBEN_00156	SA20153983_GBAKOBEN_00164	34.615	26	15	1	194	217	212	237	0.77	21.6
SA20153983_GBAKOBEN_00156	SA20153983_GBAKOBEN_00153	30.612	49	33	1	71	118	3	51	0.90	21.6
SA20153983_GBAKOBEN_00156	SA20153983_GBAKOBEN_00165	24.444	45	33	1	217	261	4	47	1.4	20.8
SA20153983_GBAKOBEN_00156	SA20153983_GBAKOBEN_00166	37.037	27	17	0	22	48	221	247	2.6	20.0
SA20153983_GBAKOBEN_00156	SA20153983_GBAKOBEN_00148	41.379	29	16	1	10	37	8	36	7.8	18.5
SA20153983_GBAKOBEN_00157	SA20153983_GBAKOBEN_00157	100.000	388	0	0	1	388	1	388	0.0	795
SA20153983_GBAKOBEN_00157	SA20153983_GBAKOBEN_00152	28.205	39	19	1	234	272	276	305	1.8	20.0
SA20153983_GBAKOBEN_00157	SA20153983_GBAKOBEN_00165	33.333	15	10	0	239	253	364	378	3.0	19.6
SA20153983_GBAKOBEN_00158	SA20153983_GBAKOBEN_00158	100.000	327	0	0	1	327	1	327	0.0	659
SA20153983_GBAKOBEN_00158	SA20153983_GBAKOBEN_00154	55.556	18	7	1	88	104	154	171	0.41	21.9
SA20153983_GBAKOBEN_00158	SA20153983_GBAKOBEN_00165	28.125	64	40	1	67	124	358	421	0.59	21.6
SA20153983_GBAKOBEN_00159	SA20153983_GBAKOBEN_00159	100.000	203	0	0	1	203	1	203	1.14e-157	425
SA20153983_GBAKOBEN_00159	SA20153983_GBAKOBEN_00167	53.333	15	7	0	86	100	156	170	6.3	17.3
SA20153983_GBAKOBEN_00159	SA20153983_GBAKOBEN_00157	28.571	42	27	2	104	145	246	284	6.6	17.3
SA20153983_GBAKOBEN_00160	SA20153983_GBAKOBEN_00160	100.000	258	0	0	1	258	1	258	0.0	525
SA20153983_GBAKOBEN_00160	SA20153983_GBAKOBEN_00161	26.087	230	156	5	6	229	2	223	3.38e-18	72.0
SA20153983_GBAKOBEN_00160	SA20153983_GBAKOBEN_00154	28.571	84	53	3	142	219	372	454	0.16	22.7
SA20153983_GBAKOBEN_00160	SA20153983_GBAKOBEN_00166	46.667	15	8	0	244	258	135	149	4.9	18.1
SA20153983_GBAKOBEN_00160	SA20153983_GBAKOBEN_00153	45.455	11	6	0	202	212	4	14	7.5	17.7
SA20153983_GBAKOBEN_00160	SA20153983_GBAKOBEN_00162	21.951	41	32	0	185	225	22	62	7.9	17.3
SA20153983_GBAKOBEN_00161	SA20153983_GBAKOBEN_00161	100.000	245	0	0	1	245	1	245	0.0	491
SA20153983_GBAKOBEN_00161	SA20153983_GBAKOBEN_00160	26.087	230	156	5	2	223	6	229	3.21e-18	72.0
SA20153983_GBAKOBEN_00161	SA20153983_GBAKOBEN_00154	34.286	35	21	1	5	39	420	452	1.3	20.0
SA20153983_GBAKOBEN_00161	SA20153983_GBAKOBEN_00163	35.714	28	16	1	173	200	8	33	1.4	19.6
SA20153983_GBAKOBEN_00161	SA20153983_GBAKOBEN_00165	44.444	18	10	0	38	55	171	188	4.4	18.1
SA20153983_GBAKOBEN_00161	SA20153983_GBAKOBEN_00156	34.615	26	15	1	128	153	250	273	8.6	17.3
SA20153983_GBAKOBEN_00161	SA20153983_GBAKOBEN_00155	38.889	18	11	0	128	145	61	78	9.6	17.3
SA20153983_GBAKOBEN_00162	SA20153983_GBAKOBEN_00162	100.000	196	0	0	1	196	1	196	5.76e-152	410
SA20153983_GBAKOBEN_00162	SA20153983_GBAKOBEN_00166	31.481	54	35	2	89	141	44	96	0.027	24.6
SA20153983_GBAKOBEN_00162	SA20153983_GBAKOBEN_00165	33.333	27	18	0	163	189	54	80	0.66	20.4
SA20153983_GBAKOBEN_00162	SA20153983_GBAKOBEN_00160	21.951	41	32	0	22	62	185	225	6.0	17.3
SA20153983_GBAKOBEN_00162	SA20153983_GBAKOBEN_00155	35.294	17	11	0	86	102	175	191	6.2	17.3
SA20153983_GBAKOBEN_00163	SA20153983_GBAKOBEN_00163	100.000	355	0	0	1	355	1	355	0.0	738
SA20153983_GBAKOBEN_00163	SA20153983_GBAKOBEN_00147	34.000	50	28	3	252	300	226	271	1.6	20.0
SA20153983_GBAKOBEN_00163	SA20153983_GBAKOBEN_00161	35.714	28	16	1	8	33	173	200	2.0	19.6
SA20153983_GBAKOBEN_00163	SA20153983_GBAKOBEN_00166	36.364	33	16	2	252	279	102	134	3.0	19.2
SA20153983_GBAKOBEN_00163	SA20153983_GBAKOBEN_00150	21.053	133	79	7	107	233	12	124	3.2	19.2
SA20153983_GBAKOBEN_00163	SA20153983_GBAKOBEN_00165	27.778	54	29	2	97	142	273	324	6.1	18.5
SA20153983_GBAKOBEN_00164	SA20153983_GBAKOBEN_00164	100.000	359	0	0	1	359	1	359	0.0	736
SA20153983_GBAKOBEN_00164	SA20153983_GBAKOBEN_00154	34.783	23	15	0	1	23	388	410	0.25	22.7
SA20153983_GBAKOBEN_00164	SA20153983_GBAKOBEN_00156	34.615	26	15	1	212	237	194	217	0.59	21.6
SA20153983_GBAKOBEN_00164	SA20153983_GBAKOBEN_00167	27.907	43	27	2	291	331	91	131	0.61	21.6
SA20153983_GBAKOBEN_00164	SA20153983_GBAKOBEN_00147	28.125	32	21	1	175	206	201	230	4.2	18.9
SA20153983_GBAKOBEN_00164	SA20153983_GBAKOBEN_00165	30.000	70	38	3	251	318	293	353	4.3	18.9
SA20153983_GBAKOBEN_00164	SA20153983_GBAKOBEN_00153	24.194	62	38	2	177	238	412	464	4.9	18.9
SA20153983_GBAKOBEN_00165	SA20153983_GBAKOBEN_00165	100.000	434	0	0	1	434	1	434	0.0	882
SA20153983_GBAKOBEN_00165	SA20153983_GBAKOBEN_00158	28.125	64	40	1	358	421	67	124	1.1	21.2
SA20153983_GBAKOBEN_00165	SA20153983_GBAKOBEN_00156	24.444	45	33	1	4	47	217	261	1.3	20.8
SA20153983_GBAKOBEN_00165	SA20153983_GBAKOBEN_00162	33.333	27	18	0	54	80	163	189	1.5	20.4
SA20153983_GBAKOBEN_00165	SA20153983_GBAKOBEN_00157	33.333	15	10	0	364	378	239	253	3.4	19.6
SA20153983_GBAKOBEN_00165	SA20153983_GBAKOBEN_00164	30.000	70	38	3	293	353	251	318	5.1	18.9
SA20153983_GBAKOBEN_00165	SA20153983_GBAKOBEN_00163	27.778	54	29	2	273	324	97	142	7.5	18.5
SA20153983_GBAKOBEN_00165	SA20153983_GBAKOBEN_00161	44.444	18	10	0	171	188	38	55	7.7	18.1
SA20153983_GBAKOBEN_00166	SA20153983_GBAKOBEN_00166	100.000	299	0	0	1	299	1	299	0.0	606
SA20153983_GBAKOBEN_00166	SA20153983_GBAKOBEN_00162	31.481	54	35	2	44	96	89	141	0.041	24.6
SA20153983_GBAKOBEN_00166	SA20153983_GBAKOBEN_00156	37.037	27	17	0	221	247	22	48	1.6	20.0
SA20153983_GBAKOBEN_00166	SA20153983_GBAKOBEN_00163	36.364	33	16	2	102	134	252	279	2.5	19.2
SA20153983_GBAKOBEN_00166	SA20153983_GBAKOBEN_00160	46.667	15	8	0	135	149	244	258	5.7	18.1
SA20153983_GBAKOBEN_00167	SA20153983_GBAKOBEN_00167	100.000	274	0	0	1	274	1	274	0.0	562
SA20153983_GBAKOBEN_00167	SA20153983_GBAKOBEN_00156	29.630	27	19	0	2	28	4	30	0.021	25.8
SA20153983_GBAKOBEN_00167	SA20153983_GBAKOBEN_00164	27.907	43	27	2	91	131	291	331	0.46	21.6
SA20153983_GBAKOBEN_00167	SA20153983_GBAKOBEN_00148	46.667	15	8	0	106	120	118	132	0.81	20.8
SA20153983_GBAKOBEN_00167	SA20153983_GBAKOBEN_00154	42.308	26	13	1	106	129	8	33	2.4	19.2
SA20153983_GBAKOBEN_00167	SA20153983_GBAKOBEN_00159	53.333	15	7	0	156	170	86	100	8.1	17.3
SA20160210_EPKMIBEH_00829	SA20160210_EPKMIBEH_00829	100.000	274	0	0	1	274	1	274	0.0	561
SA20160210_EPKMIBEH_00829	SA20160210_EPKMIBEH_00840	29.630	27	19	0	2	28	4	30	0.016	25.8
SA20160210_EPKMIBEH_00829	SA20160210_EPKMIBEH_00832	27.907	43	27	2	91	131	291	331	0.36	21.6
SA20160210_EPKMIBEH_00829	SA20160210_EPKMIBEH_00842	42.308	26	13	1	106	129	8	33	2.0	19.2
SA20160210_EPKMIBEH_00829	SA20160210_EPKMIBEH_00837	53.333	15	7	0	156	170	86	100	6.0	17.7
SA20160210_EPKMIBEH_00830	SA20160210_EPKMIBEH_00830	100.000	299	0	0	1	299	1	299	0.0	604
SA20160210_EPKMIBEH_00830	SA20160210_EPKMIBEH_00834	29.630	54	36	2	44	96	89	141	0.16	22.7
SA20160210_EPKMIBEH_00830	SA20160210_EPKMIBEH_00840	37.037	27	17	0	221	247	22	48	1.4	20.0
SA20160210_EPKMIBEH_00830	SA20160210_EPKMIBEH_00833	36.364	33	16	2	102	134	252	279	2.2	19.2
SA20160210_EPKMIBEH_00830	SA20160210_EPKMIBEH_00836	46.667	15	8	0	135	149	244	258	4.8	18.1
SA20160210_EPKMIBEH_00830	SA20160210_EPKMIBEH_00845	42.105	19	6	1	41	59	278	291	9.9	17.3
SA20160210_EPKMIBEH_00831	SA20160210_EPKMIBEH_00831	100.000	434	0	0	1	434	1	434	0.0	881
SA20160210_EPKMIBEH_00831	SA20160210_EPKMIBEH_00838	28.125	64	40	1	358	421	67	124	0.63	21.6
SA20160210_EPKMIBEH_00831	SA20160210_EPKMIBEH_00840	24.444	45	33	1	4	47	217	261	1.1	20.8
SA20160210_EPKMIBEH_00831	SA20160210_EPKMIBEH_00834	33.333	27	18	0	54	80	163	189	1.1	20.4
SA20160210_EPKMIBEH_00831	SA20160210_EPKMIBEH_00833	27.451	51	29	1	274	324	100	142	1.7	20.0
SA20160210_EPKMIBEH_00831	SA20160210_EPKMIBEH_00839	33.333	15	10	0	364	378	239	253	2.5	19.6
SA20160210_EPKMIBEH_00831	SA20160210_EPKMIBEH_00835	44.444	18	10	0	171	188	38	55	6.1	18.5
SA20160210_EPKMIBEH_00832	SA20160210_EPKMIBEH_00832	100.000	359	0	0	1	359	1	359	0.0	736
SA20160210_EPKMIBEH_00832	SA20160210_EPKMIBEH_00842	34.783	23	15	0	1	23	388	410	0.20	22.7
SA20160210_EPKMIBEH_00832	SA20160210_EPKMIBEH_00829	27.907	43	27	2	291	331	91	131	0.46	21.6
SA20160210_EPKMIBEH_00832	SA20160210_EPKMIBEH_00840	34.615	26	15	1	212	237	194	217	0.47	21.6
SA20160210_EPKMIBEH_00833	SA20160210_EPKMIBEH_00833	100.000	355	0	0	1	355	1	355	0.0	738
SA20160210_EPKMIBEH_00833	SA20160210_EPKMIBEH_00831	27.451	51	29	1	100	142	274	324	1.4	20.0
SA20160210_EPKMIBEH_00833	SA20160210_EPKMIBEH_00835	35.714	28	16	1	8	33	173	200	1.6	20.0
SA20160210_EPKMIBEH_00833	SA20160210_EPKMIBEH_00830	36.364	33	16	2	252	279	102	134	2.6	19.2
SA20160210_EPKMIBEH_00834	SA20160210_EPKMIBEH_00834	100.000	196	0	0	1	196	1	196	4.66e-152	410
SA20160210_EPKMIBEH_00834	SA20160210_EPKMIBEH_00830	29.630	54	36	2	89	141	44	96	0.10	22.7
SA20160210_EPKMIBEH_00834	SA20160210_EPKMIBEH_00831	33.333	27	18	0	163	189	54	80	0.51	20.4
SA20160210_EPKMIBEH_00834	SA20160210_EPKMIBEH_00832	42.308	26	14	1	71	96	330	354	0.63	20.0
SA20160210_EPKMIBEH_00834	SA20160210_EPKMIBEH_00836	21.951	41	32	0	22	62	185	225	4.9	17.3
SA20160210_EPKMIBEH_00834	SA20160210_EPKMIBEH_00841	35.294	17	11	0	86	102	166	182	5.4	17.3
SA20160210_EPKMIBEH_00835	SA20160210_EPKMIBEH_00835	100.000	245	0	0	1	245	1	245	0.0	490
SA20160210_EPKMIBEH_00835	SA20160210_EPKMIBEH_00836	28.261	230	151	7	2	223	6	229	2.45e-18	72.0
SA20160210_EPKMIBEH_00835	SA20160210_EPKMIBEH_00833	35.714	28	16	1	173	200	8	33	1.1	20.0
SA20160210_EPKMIBEH_00835	SA20160210_EPKMIBEH_00842	36.364	33	19	1	7	39	422	452	1.1	20.0
SA20160210_EPKMIBEH_00835	SA20160210_EPKMIBEH_00831	44.444	18	10	0	38	55	171	188	3.5	18.5
SA20160210_EPKMIBEH_00835	SA20160210_EPKMIBEH_00841	38.889	18	11	0	128	145	52	69	3.9	18.1
SA20160210_EPKMIBEH_00836	SA20160210_EPKMIBEH_00836	100.000	258	0	0	1	258	1	258	0.0	525
SA20160210_EPKMIBEH_00836	SA20160210_EPKMIBEH_00835	28.261	230	151	7	6	229	2	223	2.58e-18	72.0
SA20160210_EPKMIBEH_00836	SA20160210_EPKMIBEH_00842	28.571	84	53	3	142	219	372	454	0.13	22.7
SA20160210_EPKMIBEH_00836	SA20160210_EPKMIBEH_00830	46.667	15	8	0	244	258	135	149	4.1	18.1
SA20160210_EPKMIBEH_00836	SA20160210_EPKMIBEH_00843	45.455	11	6	0	202	212	4	14	6.1	17.7
SA20160210_EPKMIBEH_00836	SA20160210_EPKMIBEH_00834	21.951	41	32	0	185	225	22	62	6.4	17.3
SA20160210_EPKMIBEH_00837	SA20160210_EPKMIBEH_00837	100.000	203	0	0	1	203	1	203	3.55e-157	424
SA20160210_EPKMIBEH_00837	SA20160210_EPKMIBEH_00829	53.333	15	7	0	86	100	156	170	4.6	17.3
SA20160210_EPKMIBEH_00838	SA20160210_EPKMIBEH_00838	100.000	327	0	0	1	327	1	327	0.0	659
SA20160210_EPKMIBEH_00838	SA20160210_EPKMIBEH_00842	55.556	18	7	1	88	104	154	171	0.34	21.9
SA20160210_EPKMIBEH_00838	SA20160210_EPKMIBEH_00831	28.125	64	40	1	67	124	358	421	0.37	21.9
SA20160210_EPKMIBEH_00839	SA20160210_EPKMIBEH_00839	100.000	388	0	0	1	388	1	388	0.0	796
SA20160210_EPKMIBEH_00839	SA20160210_EPKMIBEH_00844	28.205	39	19	1	234	272	276	305	1.5	20.0
SA20160210_EPKMIBEH_00839	SA20160210_EPKMIBEH_00831	33.333	15	10	0	239	253	364	378	2.3	19.6
SA20160210_EPKMIBEH_00840	SA20160210_EPKMIBEH_00840	100.000	468	0	0	1	468	1	468	0.0	957
SA20160210_EPKMIBEH_00840	SA20160210_EPKMIBEH_00829	29.630	27	19	0	4	30	2	28	0.029	25.8
SA20160210_EPKMIBEH_00840	SA20160210_EPKMIBEH_00832	34.615	26	15	1	194	217	212	237	0.61	21.6
SA20160210_EPKMIBEH_00840	SA20160210_EPKMIBEH_00843	30.612	49	33	1	71	118	3	51	0.69	21.6
SA20160210_EPKMIBEH_00840	SA20160210_EPKMIBEH_00831	24.444	45	33	1	217	261	4	47	1.1	20.8
SA20160210_EPKMIBEH_00840	SA20160210_EPKMIBEH_00830	37.037	27	17	0	22	48	221	247	2.1	20.0
SA20160210_EPKMIBEH_00841	SA20160210_EPKMIBEH_00841	100.000	476	0	0	1	476	1	476	0.0	984
SA20160210_EPKMIBEH_00841	SA20160210_EPKMIBEH_00842	24.242	33	25	0	317	349	438	470	1.4	20.8
SA20160210_EPKMIBEH_00841	SA20160210_EPKMIBEH_00844	35.897	39	19	2	135	173	143	175	5.0	18.9
SA20160210_EPKMIBEH_00841	SA20160210_EPKMIBEH_00835	38.889	18	11	0	52	69	128	145	7.5	18.1
SA20160210_EPKMIBEH_00842	SA20160210_EPKMIBEH_00842	100.000	477	0	0	1	477	1	477	0.0	983
SA20160210_EPKMIBEH_00842	SA20160210_EPKMIBEH_00836	28.571	84	53	3	372	454	142	219	0.23	23.1
SA20160210_EPKMIBEH_00842	SA20160210_EPKMIBEH_00832	34.783	23	15	0	388	410	1	23	0.25	23.1
SA20160210_EPKMIBEH_00842	SA20160210_EPKMIBEH_00845	26.852	108	45	7	66	166	256	336	0.34	22.3
SA20160210_EPKMIBEH_00842	SA20160210_EPKMIBEH_00838	55.556	18	7	1	154	171	88	104	0.52	21.9
SA20160210_EPKMIBEH_00842	SA20160210_EPKMIBEH_00841	24.242	33	25	0	438	470	317	349	1.4	20.8
SA20160210_EPKMIBEH_00842	SA20160210_EPKMIBEH_00835	36.364	33	19	1	422	452	7	39	1.9	20.0
SA20160210_EPKMIBEH_00842	SA20160210_EPKMIBEH_00829	42.308	26	13	1	8	33	106	129	3.3	19.2
SA20160210_EPKMIBEH_00842	SA20160210_EPKMIBEH_00843	37.143	35	16	1	262	296	160	188	3.5	19.2
SA20160210_EPKMIBEH_00842	SA20160210_EPKMIBEH_00833	33.333	27	18	0	64	90	235	261	4.7	18.9
SA20160210_EPKMIBEH_00843	SA20160210_EPKMIBEH_00843	100.000	479	0	0	1	479	1	479	0.0	1003
SA20160210_EPKMIBEH_00843	SA20160210_EPKMIBEH_00844	41.667	24	14	0	431	454	17	40	0.20	23.1
SA20160210_EPKMIBEH_00843	SA20160210_EPKMIBEH_00840	30.612	49	33	1	3	51	71	118	0.70	21.6
SA20160210_EPKMIBEH_00843	SA20160210_EPKMIBEH_00842	37.143	35	16	1	160	188	262	296	3.7	19.2
SA20160210_EPKMIBEH_00844	SA20160210_EPKMIBEH_00844	100.000	314	0	0	1	314	1	314	0.0	655
SA20160210_EPKMIBEH_00844	SA20160210_EPKMIBEH_00843	41.667	24	14	0	17	40	431	454	0.13	23.1
SA20160210_EPKMIBEH_00844	SA20160210_EPKMIBEH_00839	28.205	39	19	1	276	305	234	272	1.2	20.0
SA20160210_EPKMIBEH_00844	SA20160210_EPKMIBEH_00841	35.897	39	19	2	143	175	135	173	3.3	18.9
SA20160210_EPKMIBEH_00845	SA20160210_EPKMIBEH_00845	100.000	353	0	0	1	353	1	353	0.0	729
SA20160210_EPKMIBEH_00845	SA20160210_EPKMIBEH_00842	27.273	88	35	6	271	336	86	166	0.76	21.2
SA20160210_EPKMIBEH_00845	SA20160210_EPKMIBEH_00841	53.846	13	5	1	8	19	420	432	9.2	17.7
