SA20153983_GBAKOBEN_00147	SA20160197_BPNLNKPL_00159	28.028	289	185	10	2	270	12	297	1.66e-34	117
SA20153983_GBAKOBEN_00147	SA20160197_BPNLNKPL_00174	34.000	50	28	3	226	271	252	300	1.2	20.0
SA20153983_GBAKOBEN_00147	SA20160197_BPNLNKPL_00175	28.125	32	21	1	201	230	175	206	3.0	18.9
SA20153983_GBAKOBEN_00147	SA20160197_BPNLNKPL_00158	38.095	21	12	1	189	209	211	230	6.9	17.7
SA20153983_GBAKOBEN_00147	SA20160197_BPNLNKPL_00166	29.412	17	12	0	124	140	61	77	8.7	17.3
SA20153983_GBAKOBEN_00147	SA20160197_BPNLNKPL_00161	50.000	10	5	0	60	69	278	287	9.7	17.3
SA20153983_GBAKOBEN_00148	SA20160197_BPNLNKPL_00159	20.408	343	204	15	3	331	8	295	2.96e-04	32.0
SA20153983_GBAKOBEN_00148	SA20160197_BPNLNKPL_00178	46.667	15	8	0	118	132	106	120	0.90	20.8
SA20153983_GBAKOBEN_00148	SA20160197_BPNLNKPL_00171	25.000	60	39	3	16	69	35	94	4.7	18.5
SA20153983_GBAKOBEN_00148	SA20160197_BPNLNKPL_00167	41.379	29	16	1	8	36	10	37	5.2	18.5
SA20153983_GBAKOBEN_00148	SA20160197_BPNLNKPL_00176	42.857	21	8	1	247	267	170	186	9.5	17.7
SA20153983_GBAKOBEN_00149	SA20160197_BPNLNKPL_00160	56.376	298	130	0	128	425	3	300	1.33e-122	349
SA20153983_GBAKOBEN_00150	SA20160197_BPNLNKPL_00161	54.683	331	150	0	1	331	1	331	1.03e-138	388
SA20153983_GBAKOBEN_00150	SA20160197_BPNLNKPL_00163	25.984	127	78	6	1	121	1	117	0.005	28.1
SA20153983_GBAKOBEN_00150	SA20160197_BPNLNKPL_00166	45.455	22	9	1	186	207	253	271	3.0	19.2
SA20153983_GBAKOBEN_00150	SA20160197_BPNLNKPL_00167	37.288	59	24	5	138	188	204	257	4.1	18.9
SA20153983_GBAKOBEN_00150	SA20160197_BPNLNKPL_00174	20.301	133	80	7	12	124	107	233	4.5	18.9
SA20153983_GBAKOBEN_00150	SA20160197_BPNLNKPL_00164	21.622	37	29	0	188	224	149	185	4.5	18.9
SA20153983_GBAKOBEN_00151	SA20160197_BPNLNKPL_00162	100.000	353	0	0	1	353	1	353	0.0	729
SA20153983_GBAKOBEN_00151	SA20160197_BPNLNKPL_00158	29.730	37	26	0	30	66	52	88	0.27	22.7
SA20153983_GBAKOBEN_00151	SA20160197_BPNLNKPL_00165	27.273	88	35	6	271	336	86	166	0.94	21.2
SA20153983_GBAKOBEN_00151	SA20160197_BPNLNKPL_00166	31.707	41	25	2	106	146	204	241	3.9	18.9
SA20153983_GBAKOBEN_00151	SA20160197_BPNLNKPL_00160	36.364	11	7	0	207	217	228	238	7.8	18.1
SA20153983_GBAKOBEN_00152	SA20160197_BPNLNKPL_00163	100.000	314	0	0	1	314	1	314	0.0	655
SA20153983_GBAKOBEN_00152	SA20160197_BPNLNKPL_00161	29.268	123	79	5	1	117	1	121	5.52e-04	30.8
SA20153983_GBAKOBEN_00152	SA20160197_BPNLNKPL_00164	41.667	24	14	0	17	40	431	454	0.16	23.1
SA20153983_GBAKOBEN_00152	SA20160197_BPNLNKPL_00168	28.205	39	19	1	276	305	234	272	1.5	20.0
SA20153983_GBAKOBEN_00152	SA20160197_BPNLNKPL_00166	35.897	39	19	2	143	175	135	173	4.1	18.9
SA20153983_GBAKOBEN_00152	SA20160197_BPNLNKPL_00160	45.455	11	6	0	56	66	201	211	8.6	17.7
SA20153983_GBAKOBEN_00153	SA20160197_BPNLNKPL_00164	99.582	479	2	0	1	479	1	479	0.0	999
SA20153983_GBAKOBEN_00153	SA20160197_BPNLNKPL_00163	41.667	24	14	0	431	454	17	40	0.24	23.1
SA20153983_GBAKOBEN_00153	SA20160197_BPNLNKPL_00167	30.612	49	33	1	3	51	71	118	0.87	21.6
SA20153983_GBAKOBEN_00153	SA20160197_BPNLNKPL_00160	22.500	80	43	3	246	312	129	202	0.92	21.6
SA20153983_GBAKOBEN_00153	SA20160197_BPNLNKPL_00165	37.143	35	16	1	160	188	262	296	4.6	19.2
SA20153983_GBAKOBEN_00153	SA20160197_BPNLNKPL_00175	24.194	62	38	2	412	464	177	238	5.8	18.9
SA20153983_GBAKOBEN_00154	SA20160197_BPNLNKPL_00165	100.000	477	0	0	1	477	1	477	0.0	983
SA20153983_GBAKOBEN_00154	SA20160197_BPNLNKPL_00171	28.571	84	53	3	372	454	142	219	0.28	23.1
SA20153983_GBAKOBEN_00154	SA20160197_BPNLNKPL_00175	34.783	23	15	0	388	410	1	23	0.31	23.1
SA20153983_GBAKOBEN_00154	SA20160197_BPNLNKPL_00162	26.852	108	45	7	66	166	256	336	0.42	22.3
SA20153983_GBAKOBEN_00154	SA20160197_BPNLNKPL_00169	55.556	18	7	1	154	171	88	104	0.64	21.9
SA20153983_GBAKOBEN_00154	SA20160197_BPNLNKPL_00166	24.242	33	25	0	438	470	317	349	1.7	20.8
SA20153983_GBAKOBEN_00154	SA20160197_BPNLNKPL_00172	36.364	33	19	1	422	452	7	39	2.3	20.0
SA20153983_GBAKOBEN_00154	SA20160197_BPNLNKPL_00178	42.308	26	13	1	8	33	106	129	4.1	19.2
SA20153983_GBAKOBEN_00154	SA20160197_BPNLNKPL_00164	37.143	35	16	1	262	296	160	188	4.4	19.2
SA20153983_GBAKOBEN_00154	SA20160197_BPNLNKPL_00174	33.333	27	18	0	64	90	235	261	5.8	18.9
SA20153983_GBAKOBEN_00155	SA20160197_BPNLNKPL_00166	99.784	463	1	0	23	485	14	476	0.0	953
SA20153983_GBAKOBEN_00155	SA20160197_BPNLNKPL_00165	24.242	33	25	0	326	358	438	470	1.4	20.8
SA20153983_GBAKOBEN_00155	SA20160197_BPNLNKPL_00162	31.707	41	25	2	213	250	106	146	5.6	18.9
SA20153983_GBAKOBEN_00155	SA20160197_BPNLNKPL_00163	35.897	39	19	2	144	182	143	175	6.5	18.9
SA20153983_GBAKOBEN_00155	SA20160197_BPNLNKPL_00172	38.889	18	11	0	61	78	128	145	9.4	18.1
SA20153983_GBAKOBEN_00156	SA20160197_BPNLNKPL_00167	99.786	468	1	0	1	468	1	468	0.0	954
SA20153983_GBAKOBEN_00156	SA20160197_BPNLNKPL_00178	29.630	27	19	0	4	30	2	28	0.036	25.8
SA20153983_GBAKOBEN_00156	SA20160197_BPNLNKPL_00175	34.615	26	15	1	194	217	212	237	0.77	21.6
SA20153983_GBAKOBEN_00156	SA20160197_BPNLNKPL_00164	30.612	49	33	1	71	118	3	51	0.91	21.6
SA20153983_GBAKOBEN_00156	SA20160197_BPNLNKPL_00176	24.444	45	33	1	217	261	4	47	1.4	20.8
SA20153983_GBAKOBEN_00156	SA20160197_BPNLNKPL_00177	37.037	27	17	0	22	48	221	247	2.6	20.0
SA20153983_GBAKOBEN_00156	SA20160197_BPNLNKPL_00161	46.154	13	7	0	52	64	7	19	8.2	18.5
SA20153983_GBAKOBEN_00157	SA20160197_BPNLNKPL_00168	99.742	388	1	0	1	388	1	388	0.0	794
SA20153983_GBAKOBEN_00157	SA20160197_BPNLNKPL_00163	28.205	39	19	1	234	272	276	305	1.8	20.0
SA20153983_GBAKOBEN_00157	SA20160197_BPNLNKPL_00166	27.273	66	44	3	133	194	122	187	2.3	20.0
SA20153983_GBAKOBEN_00157	SA20160197_BPNLNKPL_00176	33.333	15	10	0	239	253	364	378	2.8	19.6
SA20153983_GBAKOBEN_00158	SA20160197_BPNLNKPL_00169	99.388	327	2	0	1	327	1	327	0.0	655
SA20153983_GBAKOBEN_00158	SA20160197_BPNLNKPL_00165	55.556	18	7	1	88	104	154	171	0.41	21.9
SA20153983_GBAKOBEN_00158	SA20160197_BPNLNKPL_00176	28.125	64	40	1	67	124	358	421	0.58	21.6
SA20153983_GBAKOBEN_00158	SA20160197_BPNLNKPL_00161	29.167	24	13	1	49	72	173	192	8.0	17.7
SA20153983_GBAKOBEN_00158	SA20160197_BPNLNKPL_00159	27.778	54	35	2	110	159	214	267	8.5	17.7
SA20153983_GBAKOBEN_00159	SA20160197_BPNLNKPL_00170	97.537	203	5	0	1	203	1	203	2.82e-152	411
SA20153983_GBAKOBEN_00159	SA20160197_BPNLNKPL_00158	83.333	6	1	0	78	83	254	259	6.1	17.3
SA20153983_GBAKOBEN_00159	SA20160197_BPNLNKPL_00178	53.333	15	7	0	86	100	156	170	6.1	17.3
SA20153983_GBAKOBEN_00159	SA20160197_BPNLNKPL_00168	28.571	42	27	2	104	145	246	284	6.4	17.3
SA20153983_GBAKOBEN_00160	SA20160197_BPNLNKPL_00171	100.000	258	0	0	1	258	1	258	0.0	525
SA20153983_GBAKOBEN_00160	SA20160197_BPNLNKPL_00172	28.261	230	151	7	6	229	2	223	3.18e-18	72.0
SA20153983_GBAKOBEN_00160	SA20160197_BPNLNKPL_00165	28.571	84	53	3	142	219	372	454	0.16	22.7
SA20153983_GBAKOBEN_00160	SA20160197_BPNLNKPL_00177	46.667	15	8	0	244	258	135	149	5.1	18.1
SA20153983_GBAKOBEN_00160	SA20160197_BPNLNKPL_00159	22.727	88	63	3	149	234	171	255	7.1	17.7
SA20153983_GBAKOBEN_00160	SA20160197_BPNLNKPL_00164	45.455	11	6	0	202	212	4	14	7.5	17.7
SA20153983_GBAKOBEN_00160	SA20160197_BPNLNKPL_00173	21.951	41	32	0	185	225	22	62	7.9	17.3
SA20153983_GBAKOBEN_00161	SA20160197_BPNLNKPL_00172	99.184	245	2	0	1	245	1	245	0.0	488
SA20153983_GBAKOBEN_00161	SA20160197_BPNLNKPL_00171	26.087	230	156	5	2	223	6	229	3.21e-18	72.0
SA20153983_GBAKOBEN_00161	SA20160197_BPNLNKPL_00165	34.286	35	21	1	5	39	420	452	1.3	20.0
SA20153983_GBAKOBEN_00161	SA20160197_BPNLNKPL_00174	35.714	28	16	1	173	200	8	33	1.4	19.6
SA20153983_GBAKOBEN_00161	SA20160197_BPNLNKPL_00160	42.857	21	11	1	155	175	62	81	1.8	19.2
SA20153983_GBAKOBEN_00161	SA20160197_BPNLNKPL_00158	31.034	29	20	0	45	73	330	358	2.4	18.9
SA20153983_GBAKOBEN_00161	SA20160197_BPNLNKPL_00176	44.444	18	10	0	38	55	171	188	4.4	18.1
SA20153983_GBAKOBEN_00161	SA20160197_BPNLNKPL_00159	38.462	13	8	0	136	148	273	285	6.2	17.7
SA20153983_GBAKOBEN_00161	SA20160197_BPNLNKPL_00167	34.615	26	15	1	128	153	250	273	8.4	17.3
SA20153983_GBAKOBEN_00161	SA20160197_BPNLNKPL_00166	38.889	18	11	0	128	145	52	69	9.4	17.3
SA20153983_GBAKOBEN_00162	SA20160197_BPNLNKPL_00173	100.000	196	0	0	1	196	1	196	5.75e-152	410
SA20153983_GBAKOBEN_00162	SA20160197_BPNLNKPL_00177	29.630	54	36	2	89	141	44	96	0.13	22.7
SA20153983_GBAKOBEN_00162	SA20160197_BPNLNKPL_00176	33.333	27	18	0	163	189	54	80	0.63	20.4
SA20153983_GBAKOBEN_00162	SA20160197_BPNLNKPL_00175	42.308	26	14	1	71	96	330	354	0.78	20.0
SA20153983_GBAKOBEN_00162	SA20160197_BPNLNKPL_00161	26.364	110	52	6	20	121	52	140	1.5	19.2
SA20153983_GBAKOBEN_00162	SA20160197_BPNLNKPL_00171	21.951	41	32	0	22	62	185	225	6.0	17.3
SA20153983_GBAKOBEN_00162	SA20160197_BPNLNKPL_00166	35.294	17	11	0	86	102	166	182	6.6	17.3
SA20153983_GBAKOBEN_00163	SA20160197_BPNLNKPL_00174	99.718	355	1	0	1	355	1	355	0.0	738
SA20153983_GBAKOBEN_00163	SA20160197_BPNLNKPL_00176	27.451	51	29	1	100	142	274	324	1.7	20.0
SA20153983_GBAKOBEN_00163	SA20160197_BPNLNKPL_00172	35.714	28	16	1	8	33	173	200	2.0	20.0
SA20153983_GBAKOBEN_00163	SA20160197_BPNLNKPL_00177	36.364	33	16	2	252	279	102	134	3.1	19.2
SA20153983_GBAKOBEN_00164	SA20160197_BPNLNKPL_00175	99.443	359	2	0	1	359	1	359	0.0	732
SA20153983_GBAKOBEN_00164	SA20160197_BPNLNKPL_00165	34.783	23	15	0	1	23	388	410	0.25	22.7
SA20153983_GBAKOBEN_00164	SA20160197_BPNLNKPL_00167	34.615	26	15	1	212	237	194	217	0.60	21.6
SA20153983_GBAKOBEN_00164	SA20160197_BPNLNKPL_00178	27.907	43	27	2	291	331	91	131	0.61	21.6
SA20153983_GBAKOBEN_00164	SA20160197_BPNLNKPL_00161	29.688	64	38	3	106	166	3	62	1.2	20.4
SA20153983_GBAKOBEN_00164	SA20160197_BPNLNKPL_00173	42.308	26	14	1	330	354	71	96	1.4	20.0
SA20153983_GBAKOBEN_00164	SA20160197_BPNLNKPL_00176	30.000	70	38	3	251	318	293	353	4.0	18.9
SA20153983_GBAKOBEN_00165	SA20160197_BPNLNKPL_00176	99.078	434	4	0	1	434	1	434	0.0	872
SA20153983_GBAKOBEN_00165	SA20160197_BPNLNKPL_00169	28.125	64	40	1	358	421	67	124	0.85	21.6
SA20153983_GBAKOBEN_00165	SA20160197_BPNLNKPL_00167	24.444	45	33	1	4	47	217	261	1.3	20.8
SA20153983_GBAKOBEN_00165	SA20160197_BPNLNKPL_00173	33.333	27	18	0	54	80	163	189	1.5	20.4
SA20153983_GBAKOBEN_00165	SA20160197_BPNLNKPL_00168	33.333	15	10	0	364	378	239	253	3.4	19.6
SA20153983_GBAKOBEN_00165	SA20160197_BPNLNKPL_00172	44.444	18	10	0	171	188	38	55	7.4	18.5
SA20153983_GBAKOBEN_00165	SA20160197_BPNLNKPL_00174	27.778	54	29	2	273	324	97	142	7.4	18.5
SA20153983_GBAKOBEN_00166	SA20160197_BPNLNKPL_00177	99.331	299	2	0	1	299	1	299	0.0	602
SA20153983_GBAKOBEN_00166	SA20160197_BPNLNKPL_00161	36.585	41	23	2	97	135	159	198	0.014	26.6
SA20153983_GBAKOBEN_00166	SA20160197_BPNLNKPL_00173	31.481	54	35	2	44	96	89	141	0.041	24.6
SA20153983_GBAKOBEN_00166	SA20160197_BPNLNKPL_00159	26.667	60	44	0	14	73	14	73	1.5	20.0
SA20153983_GBAKOBEN_00166	SA20160197_BPNLNKPL_00167	37.037	27	17	0	221	247	22	48	1.6	20.0
SA20153983_GBAKOBEN_00166	SA20160197_BPNLNKPL_00174	36.364	33	16	2	102	134	252	279	2.6	19.2
SA20153983_GBAKOBEN_00166	SA20160197_BPNLNKPL_00171	46.667	15	8	0	135	149	244	258	5.7	18.1
SA20153983_GBAKOBEN_00167	SA20160197_BPNLNKPL_00178	99.635	274	1	0	1	274	1	274	0.0	560
SA20153983_GBAKOBEN_00167	SA20160197_BPNLNKPL_00159	21.138	123	81	3	94	205	101	218	0.001	29.3
SA20153983_GBAKOBEN_00167	SA20160197_BPNLNKPL_00167	29.630	27	19	0	2	28	4	30	0.021	25.8
SA20153983_GBAKOBEN_00167	SA20160197_BPNLNKPL_00175	27.907	43	27	2	91	131	291	331	0.44	21.6
SA20153983_GBAKOBEN_00167	SA20160197_BPNLNKPL_00165	42.308	26	13	1	106	129	8	33	2.4	19.2
SA20153983_GBAKOBEN_00167	SA20160197_BPNLNKPL_00158	30.233	43	26	1	228	266	373	415	3.0	18.9
SA20153983_GBAKOBEN_00167	SA20160197_BPNLNKPL_00170	53.333	15	7	0	156	170	86	100	7.5	17.7
SA20160197_BPNLNKPL_00158	SA20160197_BPNLNKPL_00158	100.000	437	0	0	1	437	1	437	0.0	906
SA20160197_BPNLNKPL_00158	SA20160197_BPNLNKPL_00162	29.730	37	26	0	52	88	30	66	0.33	22.7
SA20160197_BPNLNKPL_00158	SA20160197_BPNLNKPL_00172	31.034	29	20	0	330	358	45	73	4.5	18.9
SA20160197_BPNLNKPL_00158	SA20160197_BPNLNKPL_00175	32.258	31	19	1	301	331	267	295	7.4	18.5
SA20160197_BPNLNKPL_00159	SA20160197_BPNLNKPL_00159	100.000	299	0	0	1	299	1	299	0.0	619
SA20160197_BPNLNKPL_00159	SA20160197_BPNLNKPL_00178	21.138	123	81	3	101	218	94	205	0.001	29.3
SA20160197_BPNLNKPL_00159	SA20160197_BPNLNKPL_00177	26.667	60	44	0	14	73	14	73	1.7	19.6
SA20160197_BPNLNKPL_00159	SA20160197_BPNLNKPL_00169	26.667	60	40	2	208	267	104	159	3.4	18.9
SA20160197_BPNLNKPL_00159	SA20160197_BPNLNKPL_00160	30.769	39	19	2	113	149	194	226	7.6	17.7
SA20160197_BPNLNKPL_00160	SA20160197_BPNLNKPL_00160	100.000	301	0	0	1	301	1	301	0.0	592
SA20160197_BPNLNKPL_00160	SA20160197_BPNLNKPL_00172	42.857	21	11	1	62	81	155	175	2.2	19.2
SA20160197_BPNLNKPL_00160	SA20160197_BPNLNKPL_00164	38.095	21	13	0	193	213	234	254	2.8	19.2
SA20160197_BPNLNKPL_00160	SA20160197_BPNLNKPL_00162	36.364	11	7	0	228	238	207	217	6.6	18.1
SA20160197_BPNLNKPL_00160	SA20160197_BPNLNKPL_00159	30.769	39	19	2	194	226	113	149	7.6	17.7
SA20160197_BPNLNKPL_00160	SA20160197_BPNLNKPL_00163	45.455	11	6	0	201	211	56	66	8.2	17.7
SA20160197_BPNLNKPL_00160	SA20160197_BPNLNKPL_00165	23.009	113	55	5	24	119	319	416	8.6	17.7
SA20160197_BPNLNKPL_00161	SA20160197_BPNLNKPL_00161	100.000	333	0	0	1	333	1	333	0.0	681
SA20160197_BPNLNKPL_00161	SA20160197_BPNLNKPL_00163	29.268	123	79	5	1	121	1	117	5.85e-04	30.8
SA20160197_BPNLNKPL_00161	SA20160197_BPNLNKPL_00177	37.778	45	24	3	156	198	93	135	0.014	26.6
SA20160197_BPNLNKPL_00161	SA20160197_BPNLNKPL_00175	29.688	64	38	3	3	62	106	166	1.1	20.8
SA20160197_BPNLNKPL_00161	SA20160197_BPNLNKPL_00173	26.364	110	52	6	52	140	20	121	2.6	19.2
SA20160197_BPNLNKPL_00161	SA20160197_BPNLNKPL_00167	46.154	13	7	0	7	19	52	64	5.8	18.5
SA20160197_BPNLNKPL_00161	SA20160197_BPNLNKPL_00169	29.167	24	13	1	173	192	49	72	8.8	17.7
SA20160197_BPNLNKPL_00161	SA20160197_BPNLNKPL_00158	85.714	7	1	0	225	231	64	70	10.0	17.7
SA20160197_BPNLNKPL_00162	SA20160197_BPNLNKPL_00162	100.000	353	0	0	1	353	1	353	0.0	729
SA20160197_BPNLNKPL_00162	SA20160197_BPNLNKPL_00158	29.730	37	26	0	30	66	52	88	0.27	22.7
SA20160197_BPNLNKPL_00162	SA20160197_BPNLNKPL_00165	27.273	88	35	6	271	336	86	166	0.94	21.2
SA20160197_BPNLNKPL_00162	SA20160197_BPNLNKPL_00160	36.364	11	7	0	207	217	228	238	7.8	18.1
SA20160197_BPNLNKPL_00163	SA20160197_BPNLNKPL_00163	100.000	314	0	0	1	314	1	314	0.0	655
SA20160197_BPNLNKPL_00163	SA20160197_BPNLNKPL_00161	29.268	123	79	5	1	117	1	121	5.52e-04	30.8
SA20160197_BPNLNKPL_00163	SA20160197_BPNLNKPL_00164	41.667	24	14	0	17	40	431	454	0.16	23.1
SA20160197_BPNLNKPL_00163	SA20160197_BPNLNKPL_00168	28.205	39	19	1	276	305	234	272	1.5	20.0
SA20160197_BPNLNKPL_00163	SA20160197_BPNLNKPL_00166	35.897	39	19	2	143	175	135	173	4.1	18.9
SA20160197_BPNLNKPL_00163	SA20160197_BPNLNKPL_00160	45.455	11	6	0	56	66	201	211	8.6	17.7
SA20160197_BPNLNKPL_00164	SA20160197_BPNLNKPL_00164	100.000	479	0	0	1	479	1	479	0.0	1003
SA20160197_BPNLNKPL_00164	SA20160197_BPNLNKPL_00163	41.667	24	14	0	431	454	17	40	0.24	23.1
SA20160197_BPNLNKPL_00164	SA20160197_BPNLNKPL_00167	30.612	49	33	1	3	51	71	118	0.86	21.6
SA20160197_BPNLNKPL_00164	SA20160197_BPNLNKPL_00160	38.095	21	13	0	234	254	193	213	4.4	19.2
SA20160197_BPNLNKPL_00164	SA20160197_BPNLNKPL_00165	37.143	35	16	1	160	188	262	296	4.6	19.2
SA20160197_BPNLNKPL_00165	SA20160197_BPNLNKPL_00165	100.000	477	0	0	1	477	1	477	0.0	983
SA20160197_BPNLNKPL_00165	SA20160197_BPNLNKPL_00171	28.571	84	53	3	372	454	142	219	0.28	23.1
SA20160197_BPNLNKPL_00165	SA20160197_BPNLNKPL_00175	34.783	23	15	0	388	410	1	23	0.31	23.1
SA20160197_BPNLNKPL_00165	SA20160197_BPNLNKPL_00162	26.852	108	45	7	66	166	256	336	0.42	22.3
SA20160197_BPNLNKPL_00165	SA20160197_BPNLNKPL_00169	55.556	18	7	1	154	171	88	104	0.64	21.9
SA20160197_BPNLNKPL_00165	SA20160197_BPNLNKPL_00166	24.242	33	25	0	438	470	317	349	1.7	20.8
SA20160197_BPNLNKPL_00165	SA20160197_BPNLNKPL_00172	36.364	33	19	1	422	452	7	39	2.3	20.0
SA20160197_BPNLNKPL_00165	SA20160197_BPNLNKPL_00178	42.308	26	13	1	8	33	106	129	4.1	19.2
SA20160197_BPNLNKPL_00165	SA20160197_BPNLNKPL_00164	37.143	35	16	1	262	296	160	188	4.4	19.2
SA20160197_BPNLNKPL_00165	SA20160197_BPNLNKPL_00174	33.333	27	18	0	64	90	235	261	5.8	18.9
SA20160197_BPNLNKPL_00166	SA20160197_BPNLNKPL_00166	100.000	476	0	0	1	476	1	476	0.0	984
SA20160197_BPNLNKPL_00166	SA20160197_BPNLNKPL_00165	24.242	33	25	0	317	349	438	470	1.7	20.8
SA20160197_BPNLNKPL_00166	SA20160197_BPNLNKPL_00163	35.897	39	19	2	135	173	143	175	6.2	18.9
SA20160197_BPNLNKPL_00166	SA20160197_BPNLNKPL_00172	38.889	18	11	0	52	69	128	145	9.3	18.1
SA20160197_BPNLNKPL_00167	SA20160197_BPNLNKPL_00167	100.000	468	0	0	1	468	1	468	0.0	957
SA20160197_BPNLNKPL_00167	SA20160197_BPNLNKPL_00178	29.630	27	19	0	4	30	2	28	0.036	25.8
SA20160197_BPNLNKPL_00167	SA20160197_BPNLNKPL_00175	34.615	26	15	1	194	217	212	237	0.75	21.6
SA20160197_BPNLNKPL_00167	SA20160197_BPNLNKPL_00164	30.612	49	33	1	71	118	3	51	0.84	21.6
SA20160197_BPNLNKPL_00167	SA20160197_BPNLNKPL_00176	24.444	45	33	1	217	261	4	47	1.4	20.8
SA20160197_BPNLNKPL_00167	SA20160197_BPNLNKPL_00177	37.037	27	17	0	22	48	221	247	2.6	20.0
SA20160197_BPNLNKPL_00167	SA20160197_BPNLNKPL_00161	46.154	13	7	0	52	64	7	19	8.1	18.5
SA20160197_BPNLNKPL_00168	SA20160197_BPNLNKPL_00168	100.000	388	0	0	1	388	1	388	0.0	796
SA20160197_BPNLNKPL_00168	SA20160197_BPNLNKPL_00163	28.205	39	19	1	234	272	276	305	1.8	20.0
SA20160197_BPNLNKPL_00168	SA20160197_BPNLNKPL_00176	33.333	15	10	0	239	253	364	378	2.8	19.6
SA20160197_BPNLNKPL_00169	SA20160197_BPNLNKPL_00169	100.000	327	0	0	1	327	1	327	0.0	659
SA20160197_BPNLNKPL_00169	SA20160197_BPNLNKPL_00165	55.556	18	7	1	88	104	154	171	0.42	21.9
SA20160197_BPNLNKPL_00169	SA20160197_BPNLNKPL_00176	28.125	64	40	1	67	124	358	421	0.45	21.9
SA20160197_BPNLNKPL_00169	SA20160197_BPNLNKPL_00159	26.667	60	40	2	104	159	208	267	4.2	18.9
SA20160197_BPNLNKPL_00169	SA20160197_BPNLNKPL_00161	29.167	24	13	1	49	72	173	192	8.0	17.7
SA20160197_BPNLNKPL_00170	SA20160197_BPNLNKPL_00170	100.000	203	0	0	1	203	1	203	4.38e-157	424
SA20160197_BPNLNKPL_00170	SA20160197_BPNLNKPL_00158	83.333	6	1	0	78	83	254	259	5.6	17.7
SA20160197_BPNLNKPL_00170	SA20160197_BPNLNKPL_00178	53.333	15	7	0	86	100	156	170	5.7	17.3
SA20160197_BPNLNKPL_00171	SA20160197_BPNLNKPL_00171	100.000	258	0	0	1	258	1	258	0.0	525
SA20160197_BPNLNKPL_00171	SA20160197_BPNLNKPL_00172	28.261	230	151	7	6	229	2	223	3.18e-18	72.0
SA20160197_BPNLNKPL_00171	SA20160197_BPNLNKPL_00165	28.571	84	53	3	142	219	372	454	0.16	22.7
SA20160197_BPNLNKPL_00171	SA20160197_BPNLNKPL_00177	46.667	15	8	0	244	258	135	149	5.1	18.1
SA20160197_BPNLNKPL_00171	SA20160197_BPNLNKPL_00164	45.455	11	6	0	202	212	4	14	7.5	17.7
SA20160197_BPNLNKPL_00171	SA20160197_BPNLNKPL_00173	21.951	41	32	0	185	225	22	62	7.9	17.3
SA20160197_BPNLNKPL_00172	SA20160197_BPNLNKPL_00172	100.000	245	0	0	1	245	1	245	0.0	490
SA20160197_BPNLNKPL_00172	SA20160197_BPNLNKPL_00171	28.261	230	151	7	2	223	6	229	3.02e-18	72.0
SA20160197_BPNLNKPL_00172	SA20160197_BPNLNKPL_00174	35.714	28	16	1	173	200	8	33	1.3	20.0
SA20160197_BPNLNKPL_00172	SA20160197_BPNLNKPL_00165	36.364	33	19	1	7	39	422	452	1.3	20.0
SA20160197_BPNLNKPL_00172	SA20160197_BPNLNKPL_00160	42.857	21	11	1	155	175	62	81	1.8	19.2
SA20160197_BPNLNKPL_00172	SA20160197_BPNLNKPL_00158	31.034	29	20	0	45	73	330	358	2.5	18.9
SA20160197_BPNLNKPL_00172	SA20160197_BPNLNKPL_00176	44.444	18	10	0	38	55	171	188	4.3	18.5
SA20160197_BPNLNKPL_00172	SA20160197_BPNLNKPL_00166	38.889	18	11	0	128	145	52	69	4.8	18.1
SA20160197_BPNLNKPL_00173	SA20160197_BPNLNKPL_00173	100.000	196	0	0	1	196	1	196	5.75e-152	410
SA20160197_BPNLNKPL_00173	SA20160197_BPNLNKPL_00177	29.630	54	36	2	89	141	44	96	0.13	22.7
SA20160197_BPNLNKPL_00173	SA20160197_BPNLNKPL_00176	33.333	27	18	0	163	189	54	80	0.63	20.4
SA20160197_BPNLNKPL_00173	SA20160197_BPNLNKPL_00161	26.364	110	52	6	20	121	52	140	1.5	19.2
SA20160197_BPNLNKPL_00173	SA20160197_BPNLNKPL_00171	21.951	41	32	0	22	62	185	225	6.0	17.3
SA20160197_BPNLNKPL_00173	SA20160197_BPNLNKPL_00166	35.294	17	11	0	86	102	166	182	6.6	17.3
SA20160197_BPNLNKPL_00174	SA20160197_BPNLNKPL_00174	100.000	355	0	0	1	355	1	355	0.0	738
SA20160197_BPNLNKPL_00174	SA20160197_BPNLNKPL_00176	27.451	51	29	1	100	142	274	324	1.7	20.0
SA20160197_BPNLNKPL_00174	SA20160197_BPNLNKPL_00172	35.714	28	16	1	8	33	173	200	1.9	20.0
SA20160197_BPNLNKPL_00174	SA20160197_BPNLNKPL_00177	36.364	33	16	2	252	279	102	134	3.2	19.2
SA20160197_BPNLNKPL_00175	SA20160197_BPNLNKPL_00175	100.000	359	0	0	1	359	1	359	0.0	736
SA20160197_BPNLNKPL_00175	SA20160197_BPNLNKPL_00165	34.783	23	15	0	1	23	388	410	0.24	22.7
SA20160197_BPNLNKPL_00175	SA20160197_BPNLNKPL_00178	27.907	43	27	2	291	331	91	131	0.57	21.6
SA20160197_BPNLNKPL_00175	SA20160197_BPNLNKPL_00167	34.615	26	15	1	212	237	194	217	0.58	21.6
SA20160197_BPNLNKPL_00175	SA20160197_BPNLNKPL_00161	29.688	64	38	3	106	166	3	62	1.1	20.8
SA20160197_BPNLNKPL_00175	SA20160197_BPNLNKPL_00158	32.258	31	19	1	267	295	301	331	6.1	18.5
SA20160197_BPNLNKPL_00176	SA20160197_BPNLNKPL_00176	100.000	434	0	0	1	434	1	434	0.0	881
SA20160197_BPNLNKPL_00176	SA20160197_BPNLNKPL_00169	28.125	64	40	1	358	421	67	124	0.78	21.6
SA20160197_BPNLNKPL_00176	SA20160197_BPNLNKPL_00167	24.444	45	33	1	4	47	217	261	1.3	20.8
SA20160197_BPNLNKPL_00176	SA20160197_BPNLNKPL_00173	33.333	27	18	0	54	80	163	189	1.4	20.4
SA20160197_BPNLNKPL_00176	SA20160197_BPNLNKPL_00174	27.451	51	29	1	274	324	100	142	2.1	20.0
SA20160197_BPNLNKPL_00176	SA20160197_BPNLNKPL_00168	33.333	15	10	0	364	378	239	253	3.1	19.6
SA20160197_BPNLNKPL_00176	SA20160197_BPNLNKPL_00172	44.444	18	10	0	171	188	38	55	7.5	18.5
SA20160197_BPNLNKPL_00177	SA20160197_BPNLNKPL_00177	100.000	299	0	0	1	299	1	299	0.0	604
SA20160197_BPNLNKPL_00177	SA20160197_BPNLNKPL_00161	37.778	45	24	3	93	135	156	198	0.012	26.6
SA20160197_BPNLNKPL_00177	SA20160197_BPNLNKPL_00173	29.630	54	36	2	44	96	89	141	0.19	22.7
SA20160197_BPNLNKPL_00177	SA20160197_BPNLNKPL_00167	37.037	27	17	0	221	247	22	48	1.7	20.0
SA20160197_BPNLNKPL_00177	SA20160197_BPNLNKPL_00159	26.667	60	44	0	14	73	14	73	1.7	19.6
SA20160197_BPNLNKPL_00177	SA20160197_BPNLNKPL_00174	36.364	33	16	2	102	134	252	279	2.7	19.2
SA20160197_BPNLNKPL_00177	SA20160197_BPNLNKPL_00171	46.667	15	8	0	135	149	244	258	5.9	18.1
SA20160197_BPNLNKPL_00178	SA20160197_BPNLNKPL_00178	100.000	274	0	0	1	274	1	274	0.0	561
SA20160197_BPNLNKPL_00178	SA20160197_BPNLNKPL_00159	21.138	123	81	3	94	205	101	218	0.001	29.3
SA20160197_BPNLNKPL_00178	SA20160197_BPNLNKPL_00167	29.630	27	19	0	2	28	4	30	0.020	25.8
SA20160197_BPNLNKPL_00178	SA20160197_BPNLNKPL_00175	27.907	43	27	2	91	131	291	331	0.44	21.6
SA20160197_BPNLNKPL_00178	SA20160197_BPNLNKPL_00165	42.308	26	13	1	106	129	8	33	2.4	19.2
SA20160197_BPNLNKPL_00178	SA20160197_BPNLNKPL_00170	53.333	15	7	0	156	170	86	100	7.4	17.7
SA20160197_BPNLNKPL_00178	SA20160197_BPNLNKPL_00158	27.907	43	27	1	228	266	373	415	9.8	17.3
SA20153983_GBAKOBEN_00147	SA20153983_GBAKOBEN_00147	100.000	274	0	0	1	274	1	274	0.0	561
SA20153983_GBAKOBEN_00147	SA20153983_GBAKOBEN_00163	34.000	50	28	3	226	271	252	300	1.2	20.0
SA20153983_GBAKOBEN_00147	SA20153983_GBAKOBEN_00164	28.125	32	21	1	201	230	175	206	3.2	18.9
SA20153983_GBAKOBEN_00147	SA20153983_GBAKOBEN_00155	29.412	17	12	0	124	140	70	86	8.4	17.7
SA20153983_GBAKOBEN_00148	SA20153983_GBAKOBEN_00148	100.000	338	0	0	1	338	1	338	0.0	705
SA20153983_GBAKOBEN_00148	SA20153983_GBAKOBEN_00167	46.667	15	8	0	118	132	106	120	0.91	20.8
SA20153983_GBAKOBEN_00148	SA20153983_GBAKOBEN_00156	41.379	29	16	1	8	36	10	37	5.4	18.5
SA20153983_GBAKOBEN_00148	SA20153983_GBAKOBEN_00165	42.857	21	8	1	247	267	170	186	9.5	17.7
SA20153983_GBAKOBEN_00149	SA20153983_GBAKOBEN_00149	100.000	427	0	0	1	427	1	427	0.0	838
SA20153983_GBAKOBEN_00149	SA20153983_GBAKOBEN_00150	40.000	20	10	1	351	368	49	68	9.7	18.1
SA20153983_GBAKOBEN_00149	SA20153983_GBAKOBEN_00156	33.333	36	16	1	49	76	261	296	9.9	18.1
SA20153983_GBAKOBEN_00150	SA20153983_GBAKOBEN_00150	100.000	333	0	0	1	333	1	333	0.0	682
SA20153983_GBAKOBEN_00150	SA20153983_GBAKOBEN_00152	25.984	127	78	6	1	121	1	117	0.005	28.1
SA20153983_GBAKOBEN_00150	SA20153983_GBAKOBEN_00155	45.455	22	9	1	186	207	262	280	3.0	19.2
SA20153983_GBAKOBEN_00150	SA20153983_GBAKOBEN_00163	21.053	133	79	7	12	124	107	233	3.0	19.2
SA20153983_GBAKOBEN_00150	SA20153983_GBAKOBEN_00153	21.622	37	29	0	188	224	149	185	4.5	18.9
SA20153983_GBAKOBEN_00150	SA20153983_GBAKOBEN_00149	40.000	20	10	1	49	68	351	368	7.5	18.1
SA20153983_GBAKOBEN_00151	SA20153983_GBAKOBEN_00151	100.000	353	0	0	1	353	1	353	0.0	729
SA20153983_GBAKOBEN_00151	SA20153983_GBAKOBEN_00154	27.273	88	35	6	271	336	86	166	0.94	21.2
SA20153983_GBAKOBEN_00152	SA20153983_GBAKOBEN_00152	100.000	314	0	0	1	314	1	314	0.0	655
SA20153983_GBAKOBEN_00152	SA20153983_GBAKOBEN_00150	25.984	127	78	6	1	117	1	121	0.005	28.1
SA20153983_GBAKOBEN_00152	SA20153983_GBAKOBEN_00153	41.667	24	14	0	17	40	431	454	0.16	23.1
SA20153983_GBAKOBEN_00152	SA20153983_GBAKOBEN_00157	28.205	39	19	1	276	305	234	272	1.4	20.0
SA20153983_GBAKOBEN_00152	SA20153983_GBAKOBEN_00155	35.897	39	19	2	143	175	144	182	4.4	18.5
SA20153983_GBAKOBEN_00153	SA20153983_GBAKOBEN_00153	100.000	479	0	0	1	479	1	479	0.0	1002
SA20153983_GBAKOBEN_00153	SA20153983_GBAKOBEN_00152	41.667	24	14	0	431	454	17	40	0.24	23.1
SA20153983_GBAKOBEN_00153	SA20153983_GBAKOBEN_00156	30.612	49	33	1	3	51	71	118	0.92	21.6
SA20153983_GBAKOBEN_00153	SA20153983_GBAKOBEN_00154	37.143	35	16	1	160	188	262	296	4.6	19.2
SA20153983_GBAKOBEN_00153	SA20153983_GBAKOBEN_00150	21.622	37	29	0	149	185	188	224	6.5	18.9
SA20153983_GBAKOBEN_00153	SA20153983_GBAKOBEN_00164	24.194	62	38	2	412	464	177	238	6.6	18.9
SA20153983_GBAKOBEN_00154	SA20153983_GBAKOBEN_00154	100.000	477	0	0	1	477	1	477	0.0	983
SA20153983_GBAKOBEN_00154	SA20153983_GBAKOBEN_00160	28.571	84	53	3	372	454	142	219	0.29	23.1
SA20153983_GBAKOBEN_00154	SA20153983_GBAKOBEN_00164	34.783	23	15	0	388	410	1	23	0.33	22.7
SA20153983_GBAKOBEN_00154	SA20153983_GBAKOBEN_00151	26.852	108	45	7	66	166	256	336	0.42	22.3
SA20153983_GBAKOBEN_00154	SA20153983_GBAKOBEN_00158	55.556	18	7	1	154	171	88	104	0.64	21.9
SA20153983_GBAKOBEN_00154	SA20153983_GBAKOBEN_00155	24.242	33	25	0	438	470	326	358	1.5	20.8
SA20153983_GBAKOBEN_00154	SA20153983_GBAKOBEN_00150	31.429	35	23	1	62	95	270	304	2.1	20.4
SA20153983_GBAKOBEN_00154	SA20153983_GBAKOBEN_00161	36.364	33	19	1	422	452	7	39	2.2	20.0
SA20153983_GBAKOBEN_00154	SA20153983_GBAKOBEN_00167	42.308	26	13	1	8	33	106	129	3.9	19.2
SA20153983_GBAKOBEN_00154	SA20153983_GBAKOBEN_00153	37.143	35	16	1	262	296	160	188	4.4	19.2
SA20153983_GBAKOBEN_00154	SA20153983_GBAKOBEN_00163	33.333	27	18	0	64	90	235	261	5.7	18.9
SA20153983_GBAKOBEN_00155	SA20153983_GBAKOBEN_00155	100.000	485	0	0	1	485	1	485	0.0	999
SA20153983_GBAKOBEN_00155	SA20153983_GBAKOBEN_00154	24.242	33	25	0	326	358	438	470	1.4	20.8
SA20153983_GBAKOBEN_00155	SA20153983_GBAKOBEN_00150	45.455	22	9	1	262	280	186	207	4.7	19.2
SA20153983_GBAKOBEN_00155	SA20153983_GBAKOBEN_00152	35.897	39	19	2	144	182	143	175	6.5	18.9
SA20153983_GBAKOBEN_00156	SA20153983_GBAKOBEN_00156	100.000	468	0	0	1	468	1	468	0.0	957
SA20153983_GBAKOBEN_00156	SA20153983_GBAKOBEN_00167	29.630	27	19	0	4	30	2	28	0.037	25.8
SA20153983_GBAKOBEN_00156	SA20153983_GBAKOBEN_00164	34.615	26	15	1	194	217	212	237	0.77	21.6
SA20153983_GBAKOBEN_00156	SA20153983_GBAKOBEN_00153	30.612	49	33	1	71	118	3	51	0.90	21.6
SA20153983_GBAKOBEN_00156	SA20153983_GBAKOBEN_00165	24.444	45	33	1	217	261	4	47	1.4	20.8
SA20153983_GBAKOBEN_00156	SA20153983_GBAKOBEN_00166	37.037	27	17	0	22	48	221	247	2.6	20.0
SA20153983_GBAKOBEN_00156	SA20153983_GBAKOBEN_00148	41.379	29	16	1	10	37	8	36	7.8	18.5
SA20153983_GBAKOBEN_00157	SA20153983_GBAKOBEN_00157	100.000	388	0	0	1	388	1	388	0.0	795
SA20153983_GBAKOBEN_00157	SA20153983_GBAKOBEN_00152	28.205	39	19	1	234	272	276	305	1.8	20.0
SA20153983_GBAKOBEN_00157	SA20153983_GBAKOBEN_00165	33.333	15	10	0	239	253	364	378	3.0	19.6
SA20153983_GBAKOBEN_00158	SA20153983_GBAKOBEN_00158	100.000	327	0	0	1	327	1	327	0.0	659
SA20153983_GBAKOBEN_00158	SA20153983_GBAKOBEN_00154	55.556	18	7	1	88	104	154	171	0.41	21.9
SA20153983_GBAKOBEN_00158	SA20153983_GBAKOBEN_00165	28.125	64	40	1	67	124	358	421	0.59	21.6
SA20153983_GBAKOBEN_00159	SA20153983_GBAKOBEN_00159	100.000	203	0	0	1	203	1	203	1.14e-157	425
SA20153983_GBAKOBEN_00159	SA20153983_GBAKOBEN_00167	53.333	15	7	0	86	100	156	170	6.3	17.3
SA20153983_GBAKOBEN_00159	SA20153983_GBAKOBEN_00157	28.571	42	27	2	104	145	246	284	6.6	17.3
SA20153983_GBAKOBEN_00160	SA20153983_GBAKOBEN_00160	100.000	258	0	0	1	258	1	258	0.0	525
SA20153983_GBAKOBEN_00160	SA20153983_GBAKOBEN_00161	26.087	230	156	5	6	229	2	223	3.38e-18	72.0
SA20153983_GBAKOBEN_00160	SA20153983_GBAKOBEN_00154	28.571	84	53	3	142	219	372	454	0.16	22.7
SA20153983_GBAKOBEN_00160	SA20153983_GBAKOBEN_00166	46.667	15	8	0	244	258	135	149	4.9	18.1
SA20153983_GBAKOBEN_00160	SA20153983_GBAKOBEN_00153	45.455	11	6	0	202	212	4	14	7.5	17.7
SA20153983_GBAKOBEN_00160	SA20153983_GBAKOBEN_00162	21.951	41	32	0	185	225	22	62	7.9	17.3
SA20153983_GBAKOBEN_00161	SA20153983_GBAKOBEN_00161	100.000	245	0	0	1	245	1	245	0.0	491
SA20153983_GBAKOBEN_00161	SA20153983_GBAKOBEN_00160	26.087	230	156	5	2	223	6	229	3.21e-18	72.0
SA20153983_GBAKOBEN_00161	SA20153983_GBAKOBEN_00154	34.286	35	21	1	5	39	420	452	1.3	20.0
SA20153983_GBAKOBEN_00161	SA20153983_GBAKOBEN_00163	35.714	28	16	1	173	200	8	33	1.4	19.6
SA20153983_GBAKOBEN_00161	SA20153983_GBAKOBEN_00165	44.444	18	10	0	38	55	171	188	4.4	18.1
SA20153983_GBAKOBEN_00161	SA20153983_GBAKOBEN_00156	34.615	26	15	1	128	153	250	273	8.6	17.3
SA20153983_GBAKOBEN_00161	SA20153983_GBAKOBEN_00155	38.889	18	11	0	128	145	61	78	9.6	17.3
SA20153983_GBAKOBEN_00162	SA20153983_GBAKOBEN_00162	100.000	196	0	0	1	196	1	196	5.76e-152	410
SA20153983_GBAKOBEN_00162	SA20153983_GBAKOBEN_00166	31.481	54	35	2	89	141	44	96	0.027	24.6
SA20153983_GBAKOBEN_00162	SA20153983_GBAKOBEN_00165	33.333	27	18	0	163	189	54	80	0.66	20.4
SA20153983_GBAKOBEN_00162	SA20153983_GBAKOBEN_00160	21.951	41	32	0	22	62	185	225	6.0	17.3
SA20153983_GBAKOBEN_00162	SA20153983_GBAKOBEN_00155	35.294	17	11	0	86	102	175	191	6.2	17.3
SA20153983_GBAKOBEN_00163	SA20153983_GBAKOBEN_00163	100.000	355	0	0	1	355	1	355	0.0	738
SA20153983_GBAKOBEN_00163	SA20153983_GBAKOBEN_00147	34.000	50	28	3	252	300	226	271	1.6	20.0
SA20153983_GBAKOBEN_00163	SA20153983_GBAKOBEN_00161	35.714	28	16	1	8	33	173	200	2.0	19.6
SA20153983_GBAKOBEN_00163	SA20153983_GBAKOBEN_00166	36.364	33	16	2	252	279	102	134	3.0	19.2
SA20153983_GBAKOBEN_00163	SA20153983_GBAKOBEN_00150	21.053	133	79	7	107	233	12	124	3.2	19.2
SA20153983_GBAKOBEN_00163	SA20153983_GBAKOBEN_00165	27.778	54	29	2	97	142	273	324	6.1	18.5
SA20153983_GBAKOBEN_00164	SA20153983_GBAKOBEN_00164	100.000	359	0	0	1	359	1	359	0.0	736
SA20153983_GBAKOBEN_00164	SA20153983_GBAKOBEN_00154	34.783	23	15	0	1	23	388	410	0.25	22.7
SA20153983_GBAKOBEN_00164	SA20153983_GBAKOBEN_00156	34.615	26	15	1	212	237	194	217	0.59	21.6
SA20153983_GBAKOBEN_00164	SA20153983_GBAKOBEN_00167	27.907	43	27	2	291	331	91	131	0.61	21.6
SA20153983_GBAKOBEN_00164	SA20153983_GBAKOBEN_00147	28.125	32	21	1	175	206	201	230	4.2	18.9
SA20153983_GBAKOBEN_00164	SA20153983_GBAKOBEN_00165	30.000	70	38	3	251	318	293	353	4.3	18.9
SA20153983_GBAKOBEN_00164	SA20153983_GBAKOBEN_00153	24.194	62	38	2	177	238	412	464	4.9	18.9
SA20153983_GBAKOBEN_00165	SA20153983_GBAKOBEN_00165	100.000	434	0	0	1	434	1	434	0.0	882
SA20153983_GBAKOBEN_00165	SA20153983_GBAKOBEN_00158	28.125	64	40	1	358	421	67	124	1.1	21.2
SA20153983_GBAKOBEN_00165	SA20153983_GBAKOBEN_00156	24.444	45	33	1	4	47	217	261	1.3	20.8
SA20153983_GBAKOBEN_00165	SA20153983_GBAKOBEN_00162	33.333	27	18	0	54	80	163	189	1.5	20.4
SA20153983_GBAKOBEN_00165	SA20153983_GBAKOBEN_00157	33.333	15	10	0	364	378	239	253	3.4	19.6
SA20153983_GBAKOBEN_00165	SA20153983_GBAKOBEN_00164	30.000	70	38	3	293	353	251	318	5.1	18.9
SA20153983_GBAKOBEN_00165	SA20153983_GBAKOBEN_00163	27.778	54	29	2	273	324	97	142	7.5	18.5
SA20153983_GBAKOBEN_00165	SA20153983_GBAKOBEN_00161	44.444	18	10	0	171	188	38	55	7.7	18.1
SA20153983_GBAKOBEN_00166	SA20153983_GBAKOBEN_00166	100.000	299	0	0	1	299	1	299	0.0	606
SA20153983_GBAKOBEN_00166	SA20153983_GBAKOBEN_00162	31.481	54	35	2	44	96	89	141	0.041	24.6
SA20153983_GBAKOBEN_00166	SA20153983_GBAKOBEN_00156	37.037	27	17	0	221	247	22	48	1.6	20.0
SA20153983_GBAKOBEN_00166	SA20153983_GBAKOBEN_00163	36.364	33	16	2	102	134	252	279	2.5	19.2
SA20153983_GBAKOBEN_00166	SA20153983_GBAKOBEN_00160	46.667	15	8	0	135	149	244	258	5.7	18.1
SA20153983_GBAKOBEN_00167	SA20153983_GBAKOBEN_00167	100.000	274	0	0	1	274	1	274	0.0	562
SA20153983_GBAKOBEN_00167	SA20153983_GBAKOBEN_00156	29.630	27	19	0	2	28	4	30	0.021	25.8
SA20153983_GBAKOBEN_00167	SA20153983_GBAKOBEN_00164	27.907	43	27	2	91	131	291	331	0.46	21.6
SA20153983_GBAKOBEN_00167	SA20153983_GBAKOBEN_00148	46.667	15	8	0	106	120	118	132	0.81	20.8
SA20153983_GBAKOBEN_00167	SA20153983_GBAKOBEN_00154	42.308	26	13	1	106	129	8	33	2.4	19.2
SA20153983_GBAKOBEN_00167	SA20153983_GBAKOBEN_00159	53.333	15	7	0	156	170	86	100	8.1	17.3
