SA20160197_BPNLNKPL_00158	SA20160323_HIEPLBCK_00699	24.706	85	55	3	12	90	237	318	2.6	20.0
SA20160197_BPNLNKPL_00158	SA20160323_HIEPLBCK_00694	54.545	11	5	0	135	145	3	13	4.4	19.2
SA20160197_BPNLNKPL_00158	SA20160323_HIEPLBCK_00706	31.034	29	20	0	330	358	45	73	4.4	18.9
SA20160197_BPNLNKPL_00159	SA20160323_HIEPLBCK_00712	21.138	123	81	3	101	218	94	205	0.001	29.3
SA20160197_BPNLNKPL_00159	SA20160323_HIEPLBCK_00693	29.730	74	41	4	158	222	69	140	0.66	20.8
SA20160197_BPNLNKPL_00159	SA20160323_HIEPLBCK_00711	26.667	60	44	0	14	73	14	73	1.5	20.0
SA20160197_BPNLNKPL_00159	SA20160323_HIEPLBCK_00696	28.000	25	18	0	42	66	2	26	6.4	18.1
SA20160197_BPNLNKPL_00159	SA20160323_HIEPLBCK_00705	22.727	88	63	3	171	255	149	234	8.1	17.7
SA20160197_BPNLNKPL_00159	SA20160323_HIEPLBCK_00698	36.842	19	12	0	132	150	170	188	8.5	17.7
SA20160197_BPNLNKPL_00160	SA20160323_HIEPLBCK_00699	29.231	65	43	1	37	98	367	431	1.4	20.0
SA20160197_BPNLNKPL_00160	SA20160323_HIEPLBCK_00706	42.857	21	11	1	62	81	155	175	2.2	19.2
SA20160197_BPNLNKPL_00161	SA20160323_HIEPLBCK_00692	31.746	189	99	8	2	183	6	171	1.76e-18	75.1
SA20160197_BPNLNKPL_00161	SA20160323_HIEPLBCK_00694	34.646	127	74	3	1	120	3	127	7.13e-18	73.6
SA20160197_BPNLNKPL_00161	SA20160323_HIEPLBCK_00711	36.585	41	23	2	159	198	97	135	0.015	26.6
SA20160197_BPNLNKPL_00161	SA20160323_HIEPLBCK_00709	29.688	64	38	3	3	62	106	166	1.2	20.4
SA20160197_BPNLNKPL_00161	SA20160323_HIEPLBCK_00693	30.233	43	26	2	52	90	30	72	2.4	19.2
SA20160197_BPNLNKPL_00161	SA20160323_HIEPLBCK_00707	26.364	110	52	6	52	140	20	121	2.6	19.2
SA20160197_BPNLNKPL_00161	SA20160323_HIEPLBCK_00695	40.909	22	13	0	38	59	256	277	2.9	19.2
SA20160197_BPNLNKPL_00161	SA20160323_HIEPLBCK_00701	46.154	13	7	0	7	19	52	64	5.8	18.5
SA20160197_BPNLNKPL_00161	SA20160323_HIEPLBCK_00703	29.167	24	13	1	173	192	49	72	8.6	17.7
SA20160197_BPNLNKPL_00162	SA20160323_HIEPLBCK_00696	28.636	220	143	4	109	319	80	294	6.38e-23	88.6
SA20160197_BPNLNKPL_00162	SA20160323_HIEPLBCK_00697	28.082	146	94	3	142	287	166	300	3.30e-09	47.8
SA20160197_BPNLNKPL_00162	SA20160323_HIEPLBCK_00699	31.429	35	24	0	223	257	387	421	0.062	24.6
SA20160197_BPNLNKPL_00162	SA20160323_HIEPLBCK_00700	31.707	41	25	2	106	146	204	241	3.2	19.2
SA20160197_BPNLNKPL_00163	SA20160323_HIEPLBCK_00692	42.857	49	25	1	3	48	7	55	3.12e-06	37.7
SA20160197_BPNLNKPL_00163	SA20160323_HIEPLBCK_00694	24.272	103	68	4	3	95	5	107	0.11	23.9
SA20160197_BPNLNKPL_00163	SA20160323_HIEPLBCK_00702	28.205	39	19	1	276	305	234	272	1.4	20.0
SA20160197_BPNLNKPL_00163	SA20160323_HIEPLBCK_00700	35.897	39	19	2	143	175	135	173	4.1	18.9
SA20160197_BPNLNKPL_00163	SA20160323_HIEPLBCK_00698	23.529	34	17	1	68	101	310	334	6.0	18.1
SA20160197_BPNLNKPL_00163	SA20160323_HIEPLBCK_00696	53.846	13	6	0	55	67	147	159	8.8	17.7
SA20160197_BPNLNKPL_00164	SA20160323_HIEPLBCK_00698	77.970	463	102	0	8	470	1	463	0.0	755
SA20160197_BPNLNKPL_00164	SA20160323_HIEPLBCK_00692	36.170	47	22	3	438	479	72	115	0.48	22.3
SA20160197_BPNLNKPL_00164	SA20160323_HIEPLBCK_00701	30.612	49	33	1	3	51	71	118	0.93	21.6
SA20160197_BPNLNKPL_00165	SA20160323_HIEPLBCK_00699	68.776	474	148	0	1	474	1	474	0.0	649
SA20160197_BPNLNKPL_00165	SA20160323_HIEPLBCK_00709	34.783	23	15	0	388	410	1	23	0.27	23.1
SA20160197_BPNLNKPL_00165	SA20160323_HIEPLBCK_00705	28.571	84	53	3	372	454	142	219	0.28	23.1
SA20160197_BPNLNKPL_00165	SA20160323_HIEPLBCK_00703	55.556	18	7	1	154	171	88	104	0.60	21.9
SA20160197_BPNLNKPL_00165	SA20160323_HIEPLBCK_00694	25.806	62	39	2	318	373	11	71	1.1	21.2
SA20160197_BPNLNKPL_00165	SA20160323_HIEPLBCK_00700	24.242	33	25	0	438	470	317	349	1.9	20.4
SA20160197_BPNLNKPL_00165	SA20160323_HIEPLBCK_00706	36.364	33	19	1	422	452	7	39	2.3	20.0
SA20160197_BPNLNKPL_00165	SA20160323_HIEPLBCK_00712	42.308	26	13	1	8	33	106	129	4.0	19.2
SA20160197_BPNLNKPL_00165	SA20160323_HIEPLBCK_00708	33.333	27	18	0	64	90	235	261	5.3	18.9
SA20160197_BPNLNKPL_00166	SA20160323_HIEPLBCK_00700	95.378	476	22	0	1	476	1	476	0.0	951
SA20160197_BPNLNKPL_00166	SA20160323_HIEPLBCK_00698	42.105	19	11	0	334	352	29	47	4.8	19.2
SA20160197_BPNLNKPL_00166	SA20160323_HIEPLBCK_00706	38.889	18	11	0	52	69	128	145	9.2	18.1
SA20160197_BPNLNKPL_00166	SA20160323_HIEPLBCK_00699	55.556	9	4	0	399	407	248	256	9.5	18.1
SA20160197_BPNLNKPL_00167	SA20160323_HIEPLBCK_00701	99.786	468	1	0	1	468	1	468	0.0	954
SA20160197_BPNLNKPL_00167	SA20160323_HIEPLBCK_00712	29.630	27	19	0	4	30	2	28	0.035	25.8
SA20160197_BPNLNKPL_00167	SA20160323_HIEPLBCK_00694	28.302	53	28	2	94	146	199	241	0.76	21.6
SA20160197_BPNLNKPL_00167	SA20160323_HIEPLBCK_00709	34.615	26	15	1	194	217	212	237	0.79	21.6
SA20160197_BPNLNKPL_00167	SA20160323_HIEPLBCK_00710	24.444	45	33	1	217	261	4	47	1.4	20.8
SA20160197_BPNLNKPL_00167	SA20160323_HIEPLBCK_00711	37.037	27	17	0	22	48	221	247	2.5	20.0
SA20160197_BPNLNKPL_00167	SA20160323_HIEPLBCK_00696	33.333	27	18	0	245	271	274	300	5.2	18.9
SA20160197_BPNLNKPL_00167	SA20160323_HIEPLBCK_00698	40.000	20	12	0	98	117	24	43	6.7	18.9
SA20160197_BPNLNKPL_00167	SA20160323_HIEPLBCK_00692	57.143	14	6	0	300	313	107	120	8.1	18.5
SA20160197_BPNLNKPL_00168	SA20160323_HIEPLBCK_00702	99.485	388	2	0	1	388	1	388	0.0	793
SA20160197_BPNLNKPL_00168	SA20160323_HIEPLBCK_00700	28.788	66	43	3	133	194	122	187	1.3	20.8
SA20160197_BPNLNKPL_00168	SA20160323_HIEPLBCK_00710	33.333	15	10	0	239	253	364	378	3.1	19.6
SA20160197_BPNLNKPL_00168	SA20160323_HIEPLBCK_00699	34.375	32	21	0	83	114	28	59	5.6	18.5
SA20160197_BPNLNKPL_00168	SA20160323_HIEPLBCK_00697	26.829	41	29	1	95	135	96	135	6.8	18.5
SA20160197_BPNLNKPL_00169	SA20160323_HIEPLBCK_00703	98.777	327	4	0	1	327	1	327	0.0	652
SA20160197_BPNLNKPL_00169	SA20160323_HIEPLBCK_00710	28.125	64	40	1	67	124	358	421	0.46	21.9
SA20160197_BPNLNKPL_00169	SA20160323_HIEPLBCK_00699	38.889	18	11	0	309	326	110	127	0.62	21.6
SA20160197_BPNLNKPL_00169	SA20160323_HIEPLBCK_00694	33.333	21	14	0	221	241	144	164	2.9	19.2
SA20160197_BPNLNKPL_00169	SA20160323_HIEPLBCK_00692	41.667	24	14	0	147	170	22	45	5.2	18.5
SA20160197_BPNLNKPL_00170	SA20160323_HIEPLBCK_00704	99.507	203	1	0	1	203	1	203	3.09e-156	421
SA20160197_BPNLNKPL_00170	SA20160323_HIEPLBCK_00712	53.333	15	7	0	86	100	156	170	5.7	17.3
SA20160197_BPNLNKPL_00171	SA20160323_HIEPLBCK_00705	100.000	258	0	0	1	258	1	258	0.0	525
SA20160197_BPNLNKPL_00171	SA20160323_HIEPLBCK_00706	28.261	230	151	7	6	229	2	223	3.16e-18	72.0
SA20160197_BPNLNKPL_00171	SA20160323_HIEPLBCK_00711	46.667	15	8	0	244	258	135	149	4.9	18.1
SA20160197_BPNLNKPL_00171	SA20160323_HIEPLBCK_00707	21.951	41	32	0	185	225	22	62	7.8	17.3
SA20160197_BPNLNKPL_00172	SA20160323_HIEPLBCK_00706	100.000	245	0	0	1	245	1	245	0.0	490
SA20160197_BPNLNKPL_00172	SA20160323_HIEPLBCK_00705	28.261	230	151	7	2	223	6	229	3.00e-18	72.0
SA20160197_BPNLNKPL_00172	SA20160323_HIEPLBCK_00708	35.714	28	16	1	173	200	8	33	1.3	20.0
SA20160197_BPNLNKPL_00172	SA20160323_HIEPLBCK_00703	26.316	76	39	3	99	171	79	140	1.4	19.6
SA20160197_BPNLNKPL_00172	SA20160323_HIEPLBCK_00693	24.719	89	54	3	136	211	62	150	3.0	18.5
SA20160197_BPNLNKPL_00172	SA20160323_HIEPLBCK_00699	39.394	33	20	0	193	225	235	267	3.2	18.9
SA20160197_BPNLNKPL_00172	SA20160323_HIEPLBCK_00710	44.444	18	10	0	38	55	171	188	4.2	18.5
SA20160197_BPNLNKPL_00173	SA20160323_HIEPLBCK_00707	100.000	196	0	0	1	196	1	196	5.70e-152	410
SA20160197_BPNLNKPL_00173	SA20160323_HIEPLBCK_00711	31.481	54	35	2	89	141	44	96	0.027	24.6
SA20160197_BPNLNKPL_00173	SA20160323_HIEPLBCK_00710	33.333	27	18	0	163	189	54	80	0.67	20.4
SA20160197_BPNLNKPL_00173	SA20160323_HIEPLBCK_00709	42.308	26	14	1	71	96	330	354	0.77	20.0
SA20160197_BPNLNKPL_00173	SA20160323_HIEPLBCK_00698	36.842	19	12	0	33	51	108	126	1.4	19.2
SA20160197_BPNLNKPL_00173	SA20160323_HIEPLBCK_00705	21.951	41	32	0	22	62	185	225	5.9	17.3
SA20160197_BPNLNKPL_00173	SA20160323_HIEPLBCK_00700	35.294	17	11	0	86	102	166	182	6.7	17.3
SA20160197_BPNLNKPL_00174	SA20160323_HIEPLBCK_00708	99.437	355	2	0	1	355	1	355	0.0	735
SA20160197_BPNLNKPL_00174	SA20160323_HIEPLBCK_00698	28.000	25	18	0	311	335	337	361	0.94	20.8
SA20160197_BPNLNKPL_00174	SA20160323_HIEPLBCK_00706	35.714	28	16	1	8	33	173	200	1.9	20.0
SA20160197_BPNLNKPL_00174	SA20160323_HIEPLBCK_00711	36.364	33	16	2	252	279	102	134	3.1	19.2
SA20160197_BPNLNKPL_00174	SA20160323_HIEPLBCK_00710	27.451	51	29	1	100	142	274	324	4.7	18.9
SA20160197_BPNLNKPL_00174	SA20160323_HIEPLBCK_00692	28.571	28	18	1	75	100	23	50	8.1	18.1
SA20160197_BPNLNKPL_00175	SA20160323_HIEPLBCK_00709	98.607	359	5	0	1	359	1	359	0.0	729
SA20160197_BPNLNKPL_00175	SA20160323_HIEPLBCK_00695	40.909	22	13	0	290	311	236	257	0.53	21.9
SA20160197_BPNLNKPL_00175	SA20160323_HIEPLBCK_00712	27.907	43	27	2	291	331	91	131	0.56	21.6
SA20160197_BPNLNKPL_00175	SA20160323_HIEPLBCK_00701	34.615	26	15	1	212	237	194	217	0.58	21.6
SA20160197_BPNLNKPL_00175	SA20160323_HIEPLBCK_00707	42.308	26	14	1	330	354	71	96	1.4	20.0
SA20160197_BPNLNKPL_00175	SA20160323_HIEPLBCK_00692	27.273	33	24	0	2	34	47	79	1.6	20.0
SA20160197_BPNLNKPL_00175	SA20160323_HIEPLBCK_00694	22.414	58	45	0	245	302	136	193	6.6	18.1
SA20160197_BPNLNKPL_00176	SA20160323_HIEPLBCK_00710	98.618	434	6	0	1	434	1	434	0.0	870
SA20160197_BPNLNKPL_00176	SA20160323_HIEPLBCK_00703	28.125	64	40	1	358	421	67	124	0.91	21.2
SA20160197_BPNLNKPL_00176	SA20160323_HIEPLBCK_00701	24.444	45	33	1	4	47	217	261	1.3	20.8
SA20160197_BPNLNKPL_00176	SA20160323_HIEPLBCK_00707	33.333	27	18	0	54	80	163	189	1.4	20.4
SA20160197_BPNLNKPL_00176	SA20160323_HIEPLBCK_00692	35.484	31	16	1	340	370	169	195	2.9	19.6
SA20160197_BPNLNKPL_00176	SA20160323_HIEPLBCK_00702	33.333	15	10	0	364	378	239	253	3.2	19.6
SA20160197_BPNLNKPL_00176	SA20160323_HIEPLBCK_00709	30.000	70	38	3	293	353	251	318	4.7	18.9
SA20160197_BPNLNKPL_00176	SA20160323_HIEPLBCK_00708	25.490	51	30	1	274	324	100	142	5.7	18.9
SA20160197_BPNLNKPL_00176	SA20160323_HIEPLBCK_00696	22.857	70	47	2	78	147	19	81	6.0	18.9
SA20160197_BPNLNKPL_00176	SA20160323_HIEPLBCK_00706	44.444	18	10	0	171	188	38	55	7.5	18.5
SA20160197_BPNLNKPL_00176	SA20160323_HIEPLBCK_00697	26.923	26	19	0	86	111	172	197	8.7	18.1
SA20160197_BPNLNKPL_00177	SA20160323_HIEPLBCK_00711	99.331	299	2	0	1	299	1	299	0.0	602
SA20160197_BPNLNKPL_00177	SA20160323_HIEPLBCK_00707	29.630	54	36	2	44	96	89	141	0.19	22.7
SA20160197_BPNLNKPL_00177	SA20160323_HIEPLBCK_00697	18.841	69	55	1	227	294	13	81	0.56	21.6
SA20160197_BPNLNKPL_00177	SA20160323_HIEPLBCK_00701	37.037	27	17	0	221	247	22	48	1.6	20.0
SA20160197_BPNLNKPL_00177	SA20160323_HIEPLBCK_00698	40.000	15	9	0	263	277	175	189	1.8	19.6
SA20160197_BPNLNKPL_00177	SA20160323_HIEPLBCK_00708	36.364	33	16	2	102	134	252	279	2.5	19.2
SA20160197_BPNLNKPL_00177	SA20160323_HIEPLBCK_00705	46.667	15	8	0	135	149	244	258	5.8	18.1
SA20160197_BPNLNKPL_00178	SA20160323_HIEPLBCK_00712	100.000	274	0	0	1	274	1	274	0.0	561
SA20160197_BPNLNKPL_00178	SA20160323_HIEPLBCK_00701	29.630	27	19	0	2	28	4	30	0.020	25.8
SA20160197_BPNLNKPL_00178	SA20160323_HIEPLBCK_00709	27.907	43	27	2	91	131	291	331	0.46	21.6
SA20160197_BPNLNKPL_00178	SA20160323_HIEPLBCK_00704	53.333	15	7	0	156	170	86	100	7.5	17.7
SA20160323_HIEPLBCK_00692	SA20160323_HIEPLBCK_00692	100.000	320	0	0	1	320	1	320	0.0	664
SA20160323_HIEPLBCK_00692	SA20160323_HIEPLBCK_00694	29.749	279	162	12	6	268	4	264	3.59e-22	85.9
SA20160323_HIEPLBCK_00692	SA20160323_HIEPLBCK_00709	30.303	33	23	0	47	79	2	34	1.1	20.4
SA20160323_HIEPLBCK_00692	SA20160323_HIEPLBCK_00710	35.484	31	16	1	169	195	340	370	2.4	19.6
SA20160323_HIEPLBCK_00692	SA20160323_HIEPLBCK_00703	41.667	24	14	0	22	45	147	170	4.1	18.9
SA20160323_HIEPLBCK_00692	SA20160323_HIEPLBCK_00701	57.143	14	6	0	107	120	300	313	5.5	18.5
SA20160323_HIEPLBCK_00692	SA20160323_HIEPLBCK_00698	37.500	16	10	0	193	208	352	367	5.6	18.5
SA20160323_HIEPLBCK_00692	SA20160323_HIEPLBCK_00708	28.571	28	18	1	23	50	75	100	7.3	18.1
SA20160323_HIEPLBCK_00693	SA20160323_HIEPLBCK_00693	100.000	204	0	0	1	204	1	204	1.69e-150	407
SA20160323_HIEPLBCK_00693	SA20160323_HIEPLBCK_00699	35.000	20	13	0	102	121	320	339	4.8	17.7
SA20160323_HIEPLBCK_00693	SA20160323_HIEPLBCK_00703	35.294	17	11	0	114	130	307	323	7.5	17.3
SA20160323_HIEPLBCK_00694	SA20160323_HIEPLBCK_00694	100.000	347	0	0	1	347	1	347	0.0	713
SA20160323_HIEPLBCK_00694	SA20160323_HIEPLBCK_00692	29.749	279	162	12	4	264	6	268	3.89e-22	85.9
SA20160323_HIEPLBCK_00694	SA20160323_HIEPLBCK_00701	35.294	17	11	0	10	26	310	326	3.1	19.2
SA20160323_HIEPLBCK_00694	SA20160323_HIEPLBCK_00698	24.000	75	49	3	45	119	278	344	3.6	19.2
SA20160323_HIEPLBCK_00694	SA20160323_HIEPLBCK_00703	36.842	19	12	0	146	164	223	241	3.8	18.9
SA20160323_HIEPLBCK_00695	SA20160323_HIEPLBCK_00695	100.000	399	0	0	1	399	1	399	0.0	799
SA20160323_HIEPLBCK_00695	SA20160323_HIEPLBCK_00704	34.483	29	17	1	310	338	61	87	0.23	22.7
SA20160323_HIEPLBCK_00695	SA20160323_HIEPLBCK_00709	40.909	22	13	0	236	257	290	311	0.63	21.6
SA20160323_HIEPLBCK_00695	SA20160323_HIEPLBCK_00696	85.714	7	1	0	250	256	18	24	9.5	18.1
SA20160323_HIEPLBCK_00696	SA20160323_HIEPLBCK_00696	100.000	336	0	0	1	336	1	336	0.0	682
SA20160323_HIEPLBCK_00696	SA20160323_HIEPLBCK_00697	28.319	113	72	5	150	262	197	300	1.22e-05	36.2
SA20160323_HIEPLBCK_00696	SA20160323_HIEPLBCK_00701	33.333	27	18	0	274	300	245	271	3.5	19.2
SA20160323_HIEPLBCK_00696	SA20160323_HIEPLBCK_00710	22.857	70	47	2	19	81	78	147	4.9	18.5
SA20160323_HIEPLBCK_00696	SA20160323_HIEPLBCK_00695	85.714	7	1	0	18	24	250	256	8.3	17.7
SA20160323_HIEPLBCK_00697	SA20160323_HIEPLBCK_00697	100.000	385	0	0	1	385	1	385	0.0	796
SA20160323_HIEPLBCK_00697	SA20160323_HIEPLBCK_00696	28.319	113	72	5	197	300	150	262	1.40e-05	36.2
SA20160323_HIEPLBCK_00697	SA20160323_HIEPLBCK_00711	18.841	69	55	1	13	81	227	294	0.72	21.6
SA20160323_HIEPLBCK_00697	SA20160323_HIEPLBCK_00710	30.769	26	18	0	172	197	86	111	2.3	20.0
SA20160323_HIEPLBCK_00697	SA20160323_HIEPLBCK_00698	50.000	10	5	0	284	293	137	146	7.4	18.1
SA20160323_HIEPLBCK_00698	SA20160323_HIEPLBCK_00698	100.000	465	0	0	1	465	1	465	0.0	966
SA20160323_HIEPLBCK_00698	SA20160323_HIEPLBCK_00708	27.273	22	16	0	340	361	314	335	1.3	20.8
SA20160323_HIEPLBCK_00698	SA20160323_HIEPLBCK_00711	40.000	15	9	0	175	189	263	277	2.8	19.6
SA20160323_HIEPLBCK_00698	SA20160323_HIEPLBCK_00707	36.842	19	12	0	108	126	33	51	3.4	19.2
SA20160323_HIEPLBCK_00698	SA20160323_HIEPLBCK_00700	42.105	19	11	0	29	47	334	352	4.7	19.2
SA20160323_HIEPLBCK_00698	SA20160323_HIEPLBCK_00694	24.000	75	49	3	278	344	45	119	4.8	19.2
SA20160323_HIEPLBCK_00698	SA20160323_HIEPLBCK_00701	40.000	20	12	0	24	43	98	117	6.6	18.9
SA20160323_HIEPLBCK_00698	SA20160323_HIEPLBCK_00699	50.000	12	6	0	133	144	82	93	7.2	18.5
SA20160323_HIEPLBCK_00698	SA20160323_HIEPLBCK_00709	36.000	25	16	0	227	251	98	122	7.4	18.5
SA20160323_HIEPLBCK_00698	SA20160323_HIEPLBCK_00692	37.500	16	10	0	352	367	193	208	8.2	18.5
SA20160323_HIEPLBCK_00698	SA20160323_HIEPLBCK_00697	50.000	10	5	0	137	146	284	293	8.9	18.1
SA20160323_HIEPLBCK_00699	SA20160323_HIEPLBCK_00699	100.000	478	0	0	1	478	1	478	0.0	988
SA20160323_HIEPLBCK_00699	SA20160323_HIEPLBCK_00706	29.032	31	22	0	48	78	117	147	0.36	22.7
SA20160323_HIEPLBCK_00699	SA20160323_HIEPLBCK_00703	43.750	16	9	0	110	125	309	324	1.1	21.2
SA20160323_HIEPLBCK_00699	SA20160323_HIEPLBCK_00711	33.333	27	18	0	52	78	214	240	6.8	18.5
SA20160323_HIEPLBCK_00699	SA20160323_HIEPLBCK_00698	50.000	12	6	0	82	93	133	144	7.3	18.5
SA20160323_HIEPLBCK_00699	SA20160323_HIEPLBCK_00700	55.556	9	4	0	248	256	399	407	9.2	18.1
SA20160323_HIEPLBCK_00700	SA20160323_HIEPLBCK_00700	100.000	476	0	0	1	476	1	476	0.0	983
SA20160323_HIEPLBCK_00700	SA20160323_HIEPLBCK_00698	42.105	19	11	0	334	352	29	47	4.8	19.2
SA20160323_HIEPLBCK_00700	SA20160323_HIEPLBCK_00699	55.556	9	4	0	399	407	248	256	9.5	18.1
SA20160323_HIEPLBCK_00701	SA20160323_HIEPLBCK_00701	100.000	468	0	0	1	468	1	468	0.0	957
SA20160323_HIEPLBCK_00701	SA20160323_HIEPLBCK_00712	29.630	27	19	0	4	30	2	28	0.036	25.8
SA20160323_HIEPLBCK_00701	SA20160323_HIEPLBCK_00709	34.615	26	15	1	194	217	212	237	0.79	21.6
SA20160323_HIEPLBCK_00701	SA20160323_HIEPLBCK_00710	24.444	45	33	1	217	261	4	47	1.5	20.8
SA20160323_HIEPLBCK_00701	SA20160323_HIEPLBCK_00711	37.037	27	17	0	22	48	221	247	2.5	20.0
SA20160323_HIEPLBCK_00701	SA20160323_HIEPLBCK_00694	35.294	17	11	0	310	326	10	26	4.2	19.2
SA20160323_HIEPLBCK_00701	SA20160323_HIEPLBCK_00696	33.333	27	18	0	245	271	274	300	4.9	19.2
SA20160323_HIEPLBCK_00701	SA20160323_HIEPLBCK_00698	40.000	20	12	0	98	117	24	43	6.6	18.9
SA20160323_HIEPLBCK_00701	SA20160323_HIEPLBCK_00692	57.143	14	6	0	300	313	107	120	8.1	18.5
SA20160323_HIEPLBCK_00702	SA20160323_HIEPLBCK_00702	100.000	388	0	0	1	388	1	388	0.0	796
SA20160323_HIEPLBCK_00702	SA20160323_HIEPLBCK_00710	33.333	15	10	0	239	253	364	378	3.2	19.2
SA20160323_HIEPLBCK_00703	SA20160323_HIEPLBCK_00703	100.000	327	0	0	1	327	1	327	0.0	660
SA20160323_HIEPLBCK_00703	SA20160323_HIEPLBCK_00710	28.125	64	40	1	67	124	358	421	0.58	21.6
SA20160323_HIEPLBCK_00703	SA20160323_HIEPLBCK_00699	38.889	18	11	0	309	326	110	127	0.66	21.2
SA20160323_HIEPLBCK_00703	SA20160323_HIEPLBCK_00694	33.333	21	14	0	221	241	144	164	3.0	19.2
SA20160323_HIEPLBCK_00703	SA20160323_HIEPLBCK_00692	41.667	24	14	0	147	170	22	45	5.0	18.5
SA20160323_HIEPLBCK_00704	SA20160323_HIEPLBCK_00704	100.000	203	0	0	1	203	1	203	4.39e-157	424
SA20160323_HIEPLBCK_00704	SA20160323_HIEPLBCK_00712	53.333	15	7	0	86	100	156	170	5.8	17.3
SA20160323_HIEPLBCK_00705	SA20160323_HIEPLBCK_00705	100.000	258	0	0	1	258	1	258	0.0	525
SA20160323_HIEPLBCK_00705	SA20160323_HIEPLBCK_00706	28.261	230	151	7	6	229	2	223	3.16e-18	72.0
SA20160323_HIEPLBCK_00705	SA20160323_HIEPLBCK_00711	46.667	15	8	0	244	258	135	149	4.9	18.1
SA20160323_HIEPLBCK_00705	SA20160323_HIEPLBCK_00707	21.951	41	32	0	185	225	22	62	7.8	17.3
SA20160323_HIEPLBCK_00706	SA20160323_HIEPLBCK_00706	100.000	245	0	0	1	245	1	245	0.0	490
SA20160323_HIEPLBCK_00706	SA20160323_HIEPLBCK_00705	28.261	230	151	7	2	223	6	229	3.00e-18	72.0
SA20160323_HIEPLBCK_00706	SA20160323_HIEPLBCK_00708	35.714	28	16	1	173	200	8	33	1.3	20.0
SA20160323_HIEPLBCK_00706	SA20160323_HIEPLBCK_00699	39.394	33	20	0	193	225	235	267	3.2	18.9
SA20160323_HIEPLBCK_00706	SA20160323_HIEPLBCK_00710	44.444	18	10	0	38	55	171	188	4.2	18.5
SA20160323_HIEPLBCK_00707	SA20160323_HIEPLBCK_00707	100.000	196	0	0	1	196	1	196	5.70e-152	410
SA20160323_HIEPLBCK_00707	SA20160323_HIEPLBCK_00711	31.481	54	35	2	89	141	44	96	0.027	24.6
SA20160323_HIEPLBCK_00707	SA20160323_HIEPLBCK_00710	33.333	27	18	0	163	189	54	80	0.67	20.4
SA20160323_HIEPLBCK_00707	SA20160323_HIEPLBCK_00698	36.842	19	12	0	33	51	108	126	1.4	19.2
SA20160323_HIEPLBCK_00707	SA20160323_HIEPLBCK_00705	21.951	41	32	0	22	62	185	225	5.9	17.3
SA20160323_HIEPLBCK_00707	SA20160323_HIEPLBCK_00700	35.294	17	11	0	86	102	166	182	6.7	17.3
SA20160323_HIEPLBCK_00708	SA20160323_HIEPLBCK_00708	100.000	355	0	0	1	355	1	355	0.0	738
SA20160323_HIEPLBCK_00708	SA20160323_HIEPLBCK_00698	27.273	22	16	0	314	335	340	361	0.98	20.8
SA20160323_HIEPLBCK_00708	SA20160323_HIEPLBCK_00706	35.714	28	16	1	8	33	173	200	1.9	20.0
SA20160323_HIEPLBCK_00708	SA20160323_HIEPLBCK_00711	36.364	33	16	2	252	279	102	134	2.9	19.2
SA20160323_HIEPLBCK_00708	SA20160323_HIEPLBCK_00692	28.571	28	18	1	75	100	23	50	8.0	18.1
SA20160323_HIEPLBCK_00708	SA20160323_HIEPLBCK_00701	18.919	74	49	1	111	173	294	367	9.1	17.7
SA20160323_HIEPLBCK_00709	SA20160323_HIEPLBCK_00709	100.000	359	0	0	1	359	1	359	0.0	737
SA20160323_HIEPLBCK_00709	SA20160323_HIEPLBCK_00695	40.909	22	13	0	290	311	236	257	0.56	21.6
SA20160323_HIEPLBCK_00709	SA20160323_HIEPLBCK_00712	27.907	43	27	2	291	331	91	131	0.60	21.6
SA20160323_HIEPLBCK_00709	SA20160323_HIEPLBCK_00701	34.615	26	15	1	212	237	194	217	0.60	21.6
SA20160323_HIEPLBCK_00709	SA20160323_HIEPLBCK_00692	30.303	33	23	0	2	34	47	79	1.2	20.4
SA20160323_HIEPLBCK_00709	SA20160323_HIEPLBCK_00710	30.435	69	39	2	251	318	293	353	5.6	18.5
SA20160323_HIEPLBCK_00709	SA20160323_HIEPLBCK_00698	36.000	25	16	0	98	122	227	251	5.7	18.5
SA20160323_HIEPLBCK_00710	SA20160323_HIEPLBCK_00710	100.000	434	0	0	1	434	1	434	0.0	883
SA20160323_HIEPLBCK_00710	SA20160323_HIEPLBCK_00703	28.125	64	40	1	358	421	67	124	1.0	21.2
SA20160323_HIEPLBCK_00710	SA20160323_HIEPLBCK_00701	24.444	45	33	1	4	47	217	261	1.4	20.8
SA20160323_HIEPLBCK_00710	SA20160323_HIEPLBCK_00707	33.333	27	18	0	54	80	163	189	1.5	20.4
SA20160323_HIEPLBCK_00710	SA20160323_HIEPLBCK_00697	30.769	26	18	0	86	111	172	197	2.5	20.0
SA20160323_HIEPLBCK_00710	SA20160323_HIEPLBCK_00692	35.484	31	16	1	340	370	169	195	3.3	19.6
SA20160323_HIEPLBCK_00710	SA20160323_HIEPLBCK_00702	33.333	15	10	0	364	378	239	253	3.6	19.2
SA20160323_HIEPLBCK_00710	SA20160323_HIEPLBCK_00696	22.857	70	47	2	78	147	19	81	6.4	18.5
SA20160323_HIEPLBCK_00710	SA20160323_HIEPLBCK_00709	30.435	69	39	2	293	353	251	318	6.8	18.5
SA20160323_HIEPLBCK_00710	SA20160323_HIEPLBCK_00706	44.444	18	10	0	171	188	38	55	7.4	18.5
SA20160323_HIEPLBCK_00711	SA20160323_HIEPLBCK_00711	100.000	299	0	0	1	299	1	299	0.0	606
SA20160323_HIEPLBCK_00711	SA20160323_HIEPLBCK_00707	31.481	54	35	2	44	96	89	141	0.041	24.6
SA20160323_HIEPLBCK_00711	SA20160323_HIEPLBCK_00697	18.841	69	55	1	227	294	13	81	0.56	21.6
SA20160323_HIEPLBCK_00711	SA20160323_HIEPLBCK_00701	37.037	27	17	0	221	247	22	48	1.6	20.0
SA20160323_HIEPLBCK_00711	SA20160323_HIEPLBCK_00698	40.000	15	9	0	263	277	175	189	1.8	19.6
SA20160323_HIEPLBCK_00711	SA20160323_HIEPLBCK_00708	36.364	33	16	2	102	134	252	279	2.4	19.2
SA20160323_HIEPLBCK_00711	SA20160323_HIEPLBCK_00705	46.667	15	8	0	135	149	244	258	5.7	18.1
SA20160323_HIEPLBCK_00712	SA20160323_HIEPLBCK_00712	100.000	274	0	0	1	274	1	274	0.0	561
SA20160323_HIEPLBCK_00712	SA20160323_HIEPLBCK_00701	29.630	27	19	0	2	28	4	30	0.020	25.8
SA20160323_HIEPLBCK_00712	SA20160323_HIEPLBCK_00709	27.907	43	27	2	91	131	291	331	0.46	21.6
SA20160323_HIEPLBCK_00712	SA20160323_HIEPLBCK_00704	53.333	15	7	0	156	170	86	100	7.5	17.7
SA20160197_BPNLNKPL_00158	SA20160197_BPNLNKPL_00158	100.000	437	0	0	1	437	1	437	0.0	906
SA20160197_BPNLNKPL_00158	SA20160197_BPNLNKPL_00162	29.730	37	26	0	52	88	30	66	0.33	22.7
SA20160197_BPNLNKPL_00158	SA20160197_BPNLNKPL_00172	31.034	29	20	0	330	358	45	73	4.5	18.9
SA20160197_BPNLNKPL_00158	SA20160197_BPNLNKPL_00175	32.258	31	19	1	301	331	267	295	7.4	18.5
SA20160197_BPNLNKPL_00159	SA20160197_BPNLNKPL_00159	100.000	299	0	0	1	299	1	299	0.0	619
SA20160197_BPNLNKPL_00159	SA20160197_BPNLNKPL_00178	21.138	123	81	3	101	218	94	205	0.001	29.3
SA20160197_BPNLNKPL_00159	SA20160197_BPNLNKPL_00177	26.667	60	44	0	14	73	14	73	1.7	19.6
SA20160197_BPNLNKPL_00159	SA20160197_BPNLNKPL_00169	26.667	60	40	2	208	267	104	159	3.4	18.9
SA20160197_BPNLNKPL_00159	SA20160197_BPNLNKPL_00160	30.769	39	19	2	113	149	194	226	7.6	17.7
SA20160197_BPNLNKPL_00160	SA20160197_BPNLNKPL_00160	100.000	301	0	0	1	301	1	301	0.0	592
SA20160197_BPNLNKPL_00160	SA20160197_BPNLNKPL_00172	42.857	21	11	1	62	81	155	175	2.2	19.2
SA20160197_BPNLNKPL_00160	SA20160197_BPNLNKPL_00164	38.095	21	13	0	193	213	234	254	2.8	19.2
SA20160197_BPNLNKPL_00160	SA20160197_BPNLNKPL_00162	36.364	11	7	0	228	238	207	217	6.6	18.1
SA20160197_BPNLNKPL_00160	SA20160197_BPNLNKPL_00159	30.769	39	19	2	194	226	113	149	7.6	17.7
SA20160197_BPNLNKPL_00160	SA20160197_BPNLNKPL_00163	45.455	11	6	0	201	211	56	66	8.2	17.7
SA20160197_BPNLNKPL_00160	SA20160197_BPNLNKPL_00165	23.009	113	55	5	24	119	319	416	8.6	17.7
SA20160197_BPNLNKPL_00161	SA20160197_BPNLNKPL_00161	100.000	333	0	0	1	333	1	333	0.0	681
SA20160197_BPNLNKPL_00161	SA20160197_BPNLNKPL_00163	29.268	123	79	5	1	121	1	117	5.85e-04	30.8
SA20160197_BPNLNKPL_00161	SA20160197_BPNLNKPL_00177	37.778	45	24	3	156	198	93	135	0.014	26.6
SA20160197_BPNLNKPL_00161	SA20160197_BPNLNKPL_00175	29.688	64	38	3	3	62	106	166	1.1	20.8
SA20160197_BPNLNKPL_00161	SA20160197_BPNLNKPL_00173	26.364	110	52	6	52	140	20	121	2.6	19.2
SA20160197_BPNLNKPL_00161	SA20160197_BPNLNKPL_00167	46.154	13	7	0	7	19	52	64	5.8	18.5
SA20160197_BPNLNKPL_00161	SA20160197_BPNLNKPL_00169	29.167	24	13	1	173	192	49	72	8.8	17.7
SA20160197_BPNLNKPL_00161	SA20160197_BPNLNKPL_00158	85.714	7	1	0	225	231	64	70	10.0	17.7
SA20160197_BPNLNKPL_00162	SA20160197_BPNLNKPL_00162	100.000	353	0	0	1	353	1	353	0.0	729
SA20160197_BPNLNKPL_00162	SA20160197_BPNLNKPL_00158	29.730	37	26	0	30	66	52	88	0.27	22.7
SA20160197_BPNLNKPL_00162	SA20160197_BPNLNKPL_00165	27.273	88	35	6	271	336	86	166	0.94	21.2
SA20160197_BPNLNKPL_00162	SA20160197_BPNLNKPL_00160	36.364	11	7	0	207	217	228	238	7.8	18.1
SA20160197_BPNLNKPL_00163	SA20160197_BPNLNKPL_00163	100.000	314	0	0	1	314	1	314	0.0	655
SA20160197_BPNLNKPL_00163	SA20160197_BPNLNKPL_00161	29.268	123	79	5	1	117	1	121	5.52e-04	30.8
SA20160197_BPNLNKPL_00163	SA20160197_BPNLNKPL_00164	41.667	24	14	0	17	40	431	454	0.16	23.1
SA20160197_BPNLNKPL_00163	SA20160197_BPNLNKPL_00168	28.205	39	19	1	276	305	234	272	1.5	20.0
SA20160197_BPNLNKPL_00163	SA20160197_BPNLNKPL_00166	35.897	39	19	2	143	175	135	173	4.1	18.9
SA20160197_BPNLNKPL_00163	SA20160197_BPNLNKPL_00160	45.455	11	6	0	56	66	201	211	8.6	17.7
SA20160197_BPNLNKPL_00164	SA20160197_BPNLNKPL_00164	100.000	479	0	0	1	479	1	479	0.0	1003
SA20160197_BPNLNKPL_00164	SA20160197_BPNLNKPL_00163	41.667	24	14	0	431	454	17	40	0.24	23.1
SA20160197_BPNLNKPL_00164	SA20160197_BPNLNKPL_00167	30.612	49	33	1	3	51	71	118	0.86	21.6
SA20160197_BPNLNKPL_00164	SA20160197_BPNLNKPL_00160	38.095	21	13	0	234	254	193	213	4.4	19.2
SA20160197_BPNLNKPL_00164	SA20160197_BPNLNKPL_00165	37.143	35	16	1	160	188	262	296	4.6	19.2
SA20160197_BPNLNKPL_00165	SA20160197_BPNLNKPL_00165	100.000	477	0	0	1	477	1	477	0.0	983
SA20160197_BPNLNKPL_00165	SA20160197_BPNLNKPL_00171	28.571	84	53	3	372	454	142	219	0.28	23.1
SA20160197_BPNLNKPL_00165	SA20160197_BPNLNKPL_00175	34.783	23	15	0	388	410	1	23	0.31	23.1
SA20160197_BPNLNKPL_00165	SA20160197_BPNLNKPL_00162	26.852	108	45	7	66	166	256	336	0.42	22.3
SA20160197_BPNLNKPL_00165	SA20160197_BPNLNKPL_00169	55.556	18	7	1	154	171	88	104	0.64	21.9
SA20160197_BPNLNKPL_00165	SA20160197_BPNLNKPL_00166	24.242	33	25	0	438	470	317	349	1.7	20.8
SA20160197_BPNLNKPL_00165	SA20160197_BPNLNKPL_00172	36.364	33	19	1	422	452	7	39	2.3	20.0
SA20160197_BPNLNKPL_00165	SA20160197_BPNLNKPL_00178	42.308	26	13	1	8	33	106	129	4.1	19.2
SA20160197_BPNLNKPL_00165	SA20160197_BPNLNKPL_00164	37.143	35	16	1	262	296	160	188	4.4	19.2
SA20160197_BPNLNKPL_00165	SA20160197_BPNLNKPL_00174	33.333	27	18	0	64	90	235	261	5.8	18.9
SA20160197_BPNLNKPL_00166	SA20160197_BPNLNKPL_00166	100.000	476	0	0	1	476	1	476	0.0	984
SA20160197_BPNLNKPL_00166	SA20160197_BPNLNKPL_00165	24.242	33	25	0	317	349	438	470	1.7	20.8
SA20160197_BPNLNKPL_00166	SA20160197_BPNLNKPL_00163	35.897	39	19	2	135	173	143	175	6.2	18.9
SA20160197_BPNLNKPL_00166	SA20160197_BPNLNKPL_00172	38.889	18	11	0	52	69	128	145	9.3	18.1
SA20160197_BPNLNKPL_00167	SA20160197_BPNLNKPL_00167	100.000	468	0	0	1	468	1	468	0.0	957
SA20160197_BPNLNKPL_00167	SA20160197_BPNLNKPL_00178	29.630	27	19	0	4	30	2	28	0.036	25.8
SA20160197_BPNLNKPL_00167	SA20160197_BPNLNKPL_00175	34.615	26	15	1	194	217	212	237	0.75	21.6
SA20160197_BPNLNKPL_00167	SA20160197_BPNLNKPL_00164	30.612	49	33	1	71	118	3	51	0.84	21.6
SA20160197_BPNLNKPL_00167	SA20160197_BPNLNKPL_00176	24.444	45	33	1	217	261	4	47	1.4	20.8
SA20160197_BPNLNKPL_00167	SA20160197_BPNLNKPL_00177	37.037	27	17	0	22	48	221	247	2.6	20.0
SA20160197_BPNLNKPL_00167	SA20160197_BPNLNKPL_00161	46.154	13	7	0	52	64	7	19	8.1	18.5
SA20160197_BPNLNKPL_00168	SA20160197_BPNLNKPL_00168	100.000	388	0	0	1	388	1	388	0.0	796
SA20160197_BPNLNKPL_00168	SA20160197_BPNLNKPL_00163	28.205	39	19	1	234	272	276	305	1.8	20.0
SA20160197_BPNLNKPL_00168	SA20160197_BPNLNKPL_00176	33.333	15	10	0	239	253	364	378	2.8	19.6
SA20160197_BPNLNKPL_00169	SA20160197_BPNLNKPL_00169	100.000	327	0	0	1	327	1	327	0.0	659
SA20160197_BPNLNKPL_00169	SA20160197_BPNLNKPL_00165	55.556	18	7	1	88	104	154	171	0.42	21.9
SA20160197_BPNLNKPL_00169	SA20160197_BPNLNKPL_00176	28.125	64	40	1	67	124	358	421	0.45	21.9
SA20160197_BPNLNKPL_00169	SA20160197_BPNLNKPL_00159	26.667	60	40	2	104	159	208	267	4.2	18.9
SA20160197_BPNLNKPL_00169	SA20160197_BPNLNKPL_00161	29.167	24	13	1	49	72	173	192	8.0	17.7
SA20160197_BPNLNKPL_00170	SA20160197_BPNLNKPL_00170	100.000	203	0	0	1	203	1	203	4.38e-157	424
SA20160197_BPNLNKPL_00170	SA20160197_BPNLNKPL_00158	83.333	6	1	0	78	83	254	259	5.6	17.7
SA20160197_BPNLNKPL_00170	SA20160197_BPNLNKPL_00178	53.333	15	7	0	86	100	156	170	5.7	17.3
SA20160197_BPNLNKPL_00171	SA20160197_BPNLNKPL_00171	100.000	258	0	0	1	258	1	258	0.0	525
SA20160197_BPNLNKPL_00171	SA20160197_BPNLNKPL_00172	28.261	230	151	7	6	229	2	223	3.18e-18	72.0
SA20160197_BPNLNKPL_00171	SA20160197_BPNLNKPL_00165	28.571	84	53	3	142	219	372	454	0.16	22.7
SA20160197_BPNLNKPL_00171	SA20160197_BPNLNKPL_00177	46.667	15	8	0	244	258	135	149	5.1	18.1
SA20160197_BPNLNKPL_00171	SA20160197_BPNLNKPL_00164	45.455	11	6	0	202	212	4	14	7.5	17.7
SA20160197_BPNLNKPL_00171	SA20160197_BPNLNKPL_00173	21.951	41	32	0	185	225	22	62	7.9	17.3
SA20160197_BPNLNKPL_00172	SA20160197_BPNLNKPL_00172	100.000	245	0	0	1	245	1	245	0.0	490
SA20160197_BPNLNKPL_00172	SA20160197_BPNLNKPL_00171	28.261	230	151	7	2	223	6	229	3.02e-18	72.0
SA20160197_BPNLNKPL_00172	SA20160197_BPNLNKPL_00174	35.714	28	16	1	173	200	8	33	1.3	20.0
SA20160197_BPNLNKPL_00172	SA20160197_BPNLNKPL_00165	36.364	33	19	1	7	39	422	452	1.3	20.0
SA20160197_BPNLNKPL_00172	SA20160197_BPNLNKPL_00160	42.857	21	11	1	155	175	62	81	1.8	19.2
SA20160197_BPNLNKPL_00172	SA20160197_BPNLNKPL_00158	31.034	29	20	0	45	73	330	358	2.5	18.9
SA20160197_BPNLNKPL_00172	SA20160197_BPNLNKPL_00176	44.444	18	10	0	38	55	171	188	4.3	18.5
SA20160197_BPNLNKPL_00172	SA20160197_BPNLNKPL_00166	38.889	18	11	0	128	145	52	69	4.8	18.1
SA20160197_BPNLNKPL_00173	SA20160197_BPNLNKPL_00173	100.000	196	0	0	1	196	1	196	5.75e-152	410
SA20160197_BPNLNKPL_00173	SA20160197_BPNLNKPL_00177	29.630	54	36	2	89	141	44	96	0.13	22.7
SA20160197_BPNLNKPL_00173	SA20160197_BPNLNKPL_00176	33.333	27	18	0	163	189	54	80	0.63	20.4
SA20160197_BPNLNKPL_00173	SA20160197_BPNLNKPL_00161	26.364	110	52	6	20	121	52	140	1.5	19.2
SA20160197_BPNLNKPL_00173	SA20160197_BPNLNKPL_00171	21.951	41	32	0	22	62	185	225	6.0	17.3
SA20160197_BPNLNKPL_00173	SA20160197_BPNLNKPL_00166	35.294	17	11	0	86	102	166	182	6.6	17.3
SA20160197_BPNLNKPL_00174	SA20160197_BPNLNKPL_00174	100.000	355	0	0	1	355	1	355	0.0	738
SA20160197_BPNLNKPL_00174	SA20160197_BPNLNKPL_00176	27.451	51	29	1	100	142	274	324	1.7	20.0
SA20160197_BPNLNKPL_00174	SA20160197_BPNLNKPL_00172	35.714	28	16	1	8	33	173	200	1.9	20.0
SA20160197_BPNLNKPL_00174	SA20160197_BPNLNKPL_00177	36.364	33	16	2	252	279	102	134	3.2	19.2
SA20160197_BPNLNKPL_00175	SA20160197_BPNLNKPL_00175	100.000	359	0	0	1	359	1	359	0.0	736
SA20160197_BPNLNKPL_00175	SA20160197_BPNLNKPL_00165	34.783	23	15	0	1	23	388	410	0.24	22.7
SA20160197_BPNLNKPL_00175	SA20160197_BPNLNKPL_00178	27.907	43	27	2	291	331	91	131	0.57	21.6
SA20160197_BPNLNKPL_00175	SA20160197_BPNLNKPL_00167	34.615	26	15	1	212	237	194	217	0.58	21.6
SA20160197_BPNLNKPL_00175	SA20160197_BPNLNKPL_00161	29.688	64	38	3	106	166	3	62	1.1	20.8
SA20160197_BPNLNKPL_00175	SA20160197_BPNLNKPL_00158	32.258	31	19	1	267	295	301	331	6.1	18.5
SA20160197_BPNLNKPL_00176	SA20160197_BPNLNKPL_00176	100.000	434	0	0	1	434	1	434	0.0	881
SA20160197_BPNLNKPL_00176	SA20160197_BPNLNKPL_00169	28.125	64	40	1	358	421	67	124	0.78	21.6
SA20160197_BPNLNKPL_00176	SA20160197_BPNLNKPL_00167	24.444	45	33	1	4	47	217	261	1.3	20.8
SA20160197_BPNLNKPL_00176	SA20160197_BPNLNKPL_00173	33.333	27	18	0	54	80	163	189	1.4	20.4
SA20160197_BPNLNKPL_00176	SA20160197_BPNLNKPL_00174	27.451	51	29	1	274	324	100	142	2.1	20.0
SA20160197_BPNLNKPL_00176	SA20160197_BPNLNKPL_00168	33.333	15	10	0	364	378	239	253	3.1	19.6
SA20160197_BPNLNKPL_00176	SA20160197_BPNLNKPL_00172	44.444	18	10	0	171	188	38	55	7.5	18.5
SA20160197_BPNLNKPL_00177	SA20160197_BPNLNKPL_00177	100.000	299	0	0	1	299	1	299	0.0	604
SA20160197_BPNLNKPL_00177	SA20160197_BPNLNKPL_00161	37.778	45	24	3	93	135	156	198	0.012	26.6
SA20160197_BPNLNKPL_00177	SA20160197_BPNLNKPL_00173	29.630	54	36	2	44	96	89	141	0.19	22.7
SA20160197_BPNLNKPL_00177	SA20160197_BPNLNKPL_00167	37.037	27	17	0	221	247	22	48	1.7	20.0
SA20160197_BPNLNKPL_00177	SA20160197_BPNLNKPL_00159	26.667	60	44	0	14	73	14	73	1.7	19.6
SA20160197_BPNLNKPL_00177	SA20160197_BPNLNKPL_00174	36.364	33	16	2	102	134	252	279	2.7	19.2
SA20160197_BPNLNKPL_00177	SA20160197_BPNLNKPL_00171	46.667	15	8	0	135	149	244	258	5.9	18.1
SA20160197_BPNLNKPL_00178	SA20160197_BPNLNKPL_00178	100.000	274	0	0	1	274	1	274	0.0	561
SA20160197_BPNLNKPL_00178	SA20160197_BPNLNKPL_00159	21.138	123	81	3	94	205	101	218	0.001	29.3
SA20160197_BPNLNKPL_00178	SA20160197_BPNLNKPL_00167	29.630	27	19	0	2	28	4	30	0.020	25.8
SA20160197_BPNLNKPL_00178	SA20160197_BPNLNKPL_00175	27.907	43	27	2	91	131	291	331	0.44	21.6
SA20160197_BPNLNKPL_00178	SA20160197_BPNLNKPL_00165	42.308	26	13	1	106	129	8	33	2.4	19.2
SA20160197_BPNLNKPL_00178	SA20160197_BPNLNKPL_00170	53.333	15	7	0	156	170	86	100	7.4	17.7
SA20160197_BPNLNKPL_00178	SA20160197_BPNLNKPL_00158	27.907	43	27	1	228	266	373	415	9.8	17.3
