SA20160228_MPFEEIDI_02658	SA20160210_EPKMIBEH_00829	100.000	274	0	0	1	274	1	274	0.0	561
SA20160228_MPFEEIDI_02658	SA20160210_EPKMIBEH_00840	29.630	27	19	0	2	28	4	30	0.016	25.8
SA20160228_MPFEEIDI_02658	SA20160210_EPKMIBEH_00832	27.907	43	27	2	91	131	291	331	0.36	21.6
SA20160228_MPFEEIDI_02658	SA20160210_EPKMIBEH_00842	42.308	26	13	1	106	129	8	33	2.0	19.2
SA20160228_MPFEEIDI_02658	SA20160210_EPKMIBEH_00837	53.333	15	7	0	156	170	86	100	6.0	17.7
SA20160228_MPFEEIDI_02659	SA20160210_EPKMIBEH_00830	100.000	299	0	0	1	299	1	299	0.0	604
SA20160228_MPFEEIDI_02659	SA20160210_EPKMIBEH_00834	29.630	54	36	2	44	96	89	141	0.16	22.7
SA20160228_MPFEEIDI_02659	SA20160210_EPKMIBEH_00840	37.037	27	17	0	221	247	22	48	1.4	20.0
SA20160228_MPFEEIDI_02659	SA20160210_EPKMIBEH_00833	36.364	33	16	2	102	134	252	279	2.2	19.2
SA20160228_MPFEEIDI_02659	SA20160210_EPKMIBEH_00836	46.667	15	8	0	135	149	244	258	4.8	18.1
SA20160228_MPFEEIDI_02659	SA20160210_EPKMIBEH_00845	42.105	19	6	1	41	59	278	291	9.9	17.3
SA20160228_MPFEEIDI_02660	SA20160210_EPKMIBEH_00831	100.000	434	0	0	1	434	1	434	0.0	881
SA20160228_MPFEEIDI_02660	SA20160210_EPKMIBEH_00838	28.125	64	40	1	358	421	67	124	0.63	21.6
SA20160228_MPFEEIDI_02660	SA20160210_EPKMIBEH_00840	24.444	45	33	1	4	47	217	261	1.1	20.8
SA20160228_MPFEEIDI_02660	SA20160210_EPKMIBEH_00834	33.333	27	18	0	54	80	163	189	1.1	20.4
SA20160228_MPFEEIDI_02660	SA20160210_EPKMIBEH_00833	27.451	51	29	1	274	324	100	142	1.7	20.0
SA20160228_MPFEEIDI_02660	SA20160210_EPKMIBEH_00839	33.333	15	10	0	364	378	239	253	2.5	19.6
SA20160228_MPFEEIDI_02660	SA20160210_EPKMIBEH_00835	44.444	18	10	0	171	188	38	55	6.1	18.5
SA20160228_MPFEEIDI_02661	SA20160210_EPKMIBEH_00832	100.000	359	0	0	1	359	1	359	0.0	736
SA20160228_MPFEEIDI_02661	SA20160210_EPKMIBEH_00842	34.783	23	15	0	1	23	388	410	0.20	22.7
SA20160228_MPFEEIDI_02661	SA20160210_EPKMIBEH_00829	27.907	43	27	2	291	331	91	131	0.46	21.6
SA20160228_MPFEEIDI_02661	SA20160210_EPKMIBEH_00840	34.615	26	15	1	212	237	194	217	0.47	21.6
SA20160228_MPFEEIDI_02661	SA20160210_EPKMIBEH_00834	42.308	26	14	1	330	354	71	96	1.2	20.0
SA20160228_MPFEEIDI_02662	SA20160210_EPKMIBEH_00833	100.000	355	0	0	1	355	1	355	0.0	738
SA20160228_MPFEEIDI_02662	SA20160210_EPKMIBEH_00831	27.451	51	29	1	100	142	274	324	1.4	20.0
SA20160228_MPFEEIDI_02662	SA20160210_EPKMIBEH_00835	35.714	28	16	1	8	33	173	200	1.6	20.0
SA20160228_MPFEEIDI_02662	SA20160210_EPKMIBEH_00830	36.364	33	16	2	252	279	102	134	2.6	19.2
SA20160228_MPFEEIDI_02663	SA20160210_EPKMIBEH_00834	100.000	196	0	0	1	196	1	196	4.66e-152	410
SA20160228_MPFEEIDI_02663	SA20160210_EPKMIBEH_00830	29.630	54	36	2	89	141	44	96	0.10	22.7
SA20160228_MPFEEIDI_02663	SA20160210_EPKMIBEH_00831	33.333	27	18	0	163	189	54	80	0.51	20.4
SA20160228_MPFEEIDI_02663	SA20160210_EPKMIBEH_00832	42.308	26	14	1	71	96	330	354	0.63	20.0
SA20160228_MPFEEIDI_02663	SA20160210_EPKMIBEH_00836	21.951	41	32	0	22	62	185	225	4.9	17.3
SA20160228_MPFEEIDI_02663	SA20160210_EPKMIBEH_00841	35.294	17	11	0	86	102	166	182	5.4	17.3
SA20160228_MPFEEIDI_02664	SA20160210_EPKMIBEH_00835	100.000	245	0	0	1	245	1	245	0.0	490
SA20160228_MPFEEIDI_02664	SA20160210_EPKMIBEH_00836	28.261	230	151	7	2	223	6	229	2.45e-18	72.0
SA20160228_MPFEEIDI_02664	SA20160210_EPKMIBEH_00833	35.714	28	16	1	173	200	8	33	1.1	20.0
SA20160228_MPFEEIDI_02664	SA20160210_EPKMIBEH_00842	36.364	33	19	1	7	39	422	452	1.1	20.0
SA20160228_MPFEEIDI_02664	SA20160210_EPKMIBEH_00831	44.444	18	10	0	38	55	171	188	3.5	18.5
SA20160228_MPFEEIDI_02664	SA20160210_EPKMIBEH_00841	38.889	18	11	0	128	145	52	69	3.9	18.1
SA20160228_MPFEEIDI_02664	SA20160210_EPKMIBEH_00838	25.000	76	40	3	99	171	79	140	5.8	17.7
SA20160228_MPFEEIDI_02665	SA20160210_EPKMIBEH_00836	100.000	258	0	0	1	258	1	258	0.0	525
SA20160228_MPFEEIDI_02665	SA20160210_EPKMIBEH_00835	28.261	230	151	7	6	229	2	223	2.58e-18	72.0
SA20160228_MPFEEIDI_02665	SA20160210_EPKMIBEH_00842	28.571	84	53	3	142	219	372	454	0.13	22.7
SA20160228_MPFEEIDI_02665	SA20160210_EPKMIBEH_00830	46.667	15	8	0	244	258	135	149	4.1	18.1
SA20160228_MPFEEIDI_02665	SA20160210_EPKMIBEH_00843	45.455	11	6	0	202	212	4	14	6.1	17.7
SA20160228_MPFEEIDI_02665	SA20160210_EPKMIBEH_00834	21.951	41	32	0	185	225	22	62	6.4	17.3
SA20160228_MPFEEIDI_02666	SA20160210_EPKMIBEH_00837	100.000	203	0	0	1	203	1	203	3.55e-157	424
SA20160228_MPFEEIDI_02666	SA20160210_EPKMIBEH_00829	53.333	15	7	0	86	100	156	170	4.6	17.3
SA20160228_MPFEEIDI_02667	SA20160210_EPKMIBEH_00838	100.000	327	0	0	1	327	1	327	0.0	659
SA20160228_MPFEEIDI_02667	SA20160210_EPKMIBEH_00842	55.556	18	7	1	88	104	154	171	0.34	21.9
SA20160228_MPFEEIDI_02667	SA20160210_EPKMIBEH_00831	28.125	64	40	1	67	124	358	421	0.37	21.9
SA20160228_MPFEEIDI_02667	SA20160210_EPKMIBEH_00835	25.000	76	40	3	79	140	99	171	8.1	17.3
SA20160228_MPFEEIDI_02668	SA20160210_EPKMIBEH_00839	100.000	388	0	0	1	388	1	388	0.0	796
SA20160228_MPFEEIDI_02668	SA20160210_EPKMIBEH_00844	28.205	39	19	1	234	272	276	305	1.5	20.0
SA20160228_MPFEEIDI_02668	SA20160210_EPKMIBEH_00841	27.273	66	44	3	133	194	122	187	1.9	20.0
SA20160228_MPFEEIDI_02668	SA20160210_EPKMIBEH_00831	33.333	15	10	0	239	253	364	378	2.3	19.6
SA20160228_MPFEEIDI_02669	SA20160210_EPKMIBEH_00840	100.000	468	0	0	1	468	1	468	0.0	957
SA20160228_MPFEEIDI_02669	SA20160210_EPKMIBEH_00829	29.630	27	19	0	4	30	2	28	0.029	25.8
SA20160228_MPFEEIDI_02669	SA20160210_EPKMIBEH_00832	34.615	26	15	1	194	217	212	237	0.61	21.6
SA20160228_MPFEEIDI_02669	SA20160210_EPKMIBEH_00843	30.612	49	33	1	71	118	3	51	0.69	21.6
SA20160228_MPFEEIDI_02669	SA20160210_EPKMIBEH_00831	24.444	45	33	1	217	261	4	47	1.1	20.8
SA20160228_MPFEEIDI_02669	SA20160210_EPKMIBEH_00830	37.037	27	17	0	22	48	221	247	2.1	20.0
SA20160228_MPFEEIDI_02670	SA20160210_EPKMIBEH_00841	100.000	476	0	0	1	476	1	476	0.0	984
SA20160228_MPFEEIDI_02670	SA20160210_EPKMIBEH_00842	24.242	33	25	0	317	349	438	470	1.4	20.8
SA20160228_MPFEEIDI_02670	SA20160210_EPKMIBEH_00839	27.273	66	44	3	122	187	133	194	2.4	20.0
SA20160228_MPFEEIDI_02670	SA20160210_EPKMIBEH_00845	31.707	41	25	2	204	241	106	146	4.2	18.9
SA20160228_MPFEEIDI_02670	SA20160210_EPKMIBEH_00844	35.897	39	19	2	135	173	143	175	5.0	18.9
SA20160228_MPFEEIDI_02670	SA20160210_EPKMIBEH_00835	38.889	18	11	0	52	69	128	145	7.5	18.1
SA20160228_MPFEEIDI_02671	SA20160210_EPKMIBEH_00842	100.000	477	0	0	1	477	1	477	0.0	983
SA20160228_MPFEEIDI_02671	SA20160210_EPKMIBEH_00836	28.571	84	53	3	372	454	142	219	0.23	23.1
SA20160228_MPFEEIDI_02671	SA20160210_EPKMIBEH_00832	34.783	23	15	0	388	410	1	23	0.25	23.1
SA20160228_MPFEEIDI_02671	SA20160210_EPKMIBEH_00845	26.852	108	45	7	66	166	256	336	0.34	22.3
SA20160228_MPFEEIDI_02671	SA20160210_EPKMIBEH_00838	55.556	18	7	1	154	171	88	104	0.52	21.9
SA20160228_MPFEEIDI_02671	SA20160210_EPKMIBEH_00841	24.242	33	25	0	438	470	317	349	1.4	20.8
SA20160228_MPFEEIDI_02671	SA20160210_EPKMIBEH_00835	36.364	33	19	1	422	452	7	39	1.9	20.0
SA20160228_MPFEEIDI_02671	SA20160210_EPKMIBEH_00829	42.308	26	13	1	8	33	106	129	3.3	19.2
SA20160228_MPFEEIDI_02671	SA20160210_EPKMIBEH_00843	37.143	35	16	1	262	296	160	188	3.5	19.2
SA20160228_MPFEEIDI_02671	SA20160210_EPKMIBEH_00833	33.333	27	18	0	64	90	235	261	4.7	18.9
SA20160228_MPFEEIDI_02672	SA20160210_EPKMIBEH_00843	100.000	479	0	0	1	479	1	479	0.0	1003
SA20160228_MPFEEIDI_02672	SA20160210_EPKMIBEH_00844	41.667	24	14	0	431	454	17	40	0.20	23.1
SA20160228_MPFEEIDI_02672	SA20160210_EPKMIBEH_00840	30.612	49	33	1	3	51	71	118	0.70	21.6
SA20160228_MPFEEIDI_02672	SA20160210_EPKMIBEH_00842	37.143	35	16	1	160	188	262	296	3.7	19.2
SA20160228_MPFEEIDI_02673	SA20160210_EPKMIBEH_00844	100.000	314	0	0	1	314	1	314	0.0	655
SA20160228_MPFEEIDI_02673	SA20160210_EPKMIBEH_00843	41.667	24	14	0	17	40	431	454	0.13	23.1
SA20160228_MPFEEIDI_02673	SA20160210_EPKMIBEH_00839	28.205	39	19	1	276	305	234	272	1.2	20.0
SA20160228_MPFEEIDI_02673	SA20160210_EPKMIBEH_00841	35.897	39	19	2	143	175	135	173	3.3	18.9
SA20160228_MPFEEIDI_02674	SA20160210_EPKMIBEH_00845	100.000	353	0	0	1	353	1	353	0.0	729
SA20160228_MPFEEIDI_02674	SA20160210_EPKMIBEH_00842	27.273	88	35	6	271	336	86	166	0.76	21.2
SA20160228_MPFEEIDI_02674	SA20160210_EPKMIBEH_00841	31.707	41	25	2	106	146	204	241	3.1	18.9
SA20160228_MPFEEIDI_02675	SA20160210_EPKMIBEH_00844	29.268	123	79	5	1	121	1	117	4.75e-04	30.8
SA20160228_MPFEEIDI_02675	SA20160210_EPKMIBEH_00830	37.778	45	24	3	156	198	93	135	0.011	26.6
SA20160228_MPFEEIDI_02675	SA20160210_EPKMIBEH_00832	29.688	64	38	3	3	62	106	166	0.87	20.8
SA20160228_MPFEEIDI_02675	SA20160210_EPKMIBEH_00834	26.364	110	52	6	52	140	20	121	2.1	19.2
SA20160228_MPFEEIDI_02675	SA20160210_EPKMIBEH_00840	46.154	13	7	0	7	19	52	64	4.7	18.5
SA20160228_MPFEEIDI_02675	SA20160210_EPKMIBEH_00838	29.167	24	13	1	173	192	49	72	7.1	17.7
SA20160228_MPFEEIDI_02676	SA20160210_EPKMIBEH_00843	22.500	80	43	3	129	202	246	312	0.47	21.6
SA20160228_MPFEEIDI_02676	SA20160210_EPKMIBEH_00835	42.857	21	11	1	62	81	155	175	1.8	19.2
SA20160228_MPFEEIDI_02676	SA20160210_EPKMIBEH_00845	36.364	11	7	0	228	238	207	217	5.4	18.1
SA20160228_MPFEEIDI_02676	SA20160210_EPKMIBEH_00844	45.455	11	6	0	201	211	56	66	6.7	17.7
SA20160228_MPFEEIDI_02676	SA20160210_EPKMIBEH_00842	23.009	113	55	5	24	119	319	416	7.0	17.7
SA20160228_MPFEEIDI_02677	SA20160210_EPKMIBEH_00829	21.138	123	81	3	101	218	94	205	0.001	29.3
SA20160228_MPFEEIDI_02677	SA20160210_EPKMIBEH_00830	26.667	60	44	0	14	73	14	73	1.4	19.6
SA20160228_MPFEEIDI_02677	SA20160210_EPKMIBEH_00838	26.667	60	40	2	208	267	104	159	2.7	18.9
SA20160228_MPFEEIDI_02677	SA20160210_EPKMIBEH_00836	22.727	88	63	3	171	255	149	234	6.7	17.7
SA20160228_MPFEEIDI_02677	SA20160210_EPKMIBEH_00842	25.641	39	29	0	10	48	20	58	8.5	17.3
SA20160228_MPFEEIDI_02677	SA20160210_EPKMIBEH_00839	38.095	21	13	0	143	163	331	351	9.4	17.3
SA20160228_MPFEEIDI_02677	SA20160210_EPKMIBEH_00831	31.250	16	8	1	160	175	202	214	9.9	17.3
SA20160228_MPFEEIDI_02678	SA20160210_EPKMIBEH_00845	29.730	37	26	0	52	88	30	66	0.27	22.7
SA20160228_MPFEEIDI_02678	SA20160210_EPKMIBEH_00835	31.034	29	20	0	330	358	45	73	3.6	18.9
SA20160228_MPFEEIDI_02678	SA20160210_EPKMIBEH_00832	32.258	31	19	1	301	331	267	295	6.0	18.5
SA20160228_MPFEEIDI_02678	SA20160210_EPKMIBEH_00841	54.545	11	5	0	141	151	247	257	8.9	18.1
SA20160210_EPKMIBEH_00829	SA20160210_EPKMIBEH_00829	100.000	274	0	0	1	274	1	274	0.0	561
SA20160210_EPKMIBEH_00829	SA20160210_EPKMIBEH_00840	29.630	27	19	0	2	28	4	30	0.016	25.8
SA20160210_EPKMIBEH_00829	SA20160210_EPKMIBEH_00832	27.907	43	27	2	91	131	291	331	0.36	21.6
SA20160210_EPKMIBEH_00829	SA20160210_EPKMIBEH_00842	42.308	26	13	1	106	129	8	33	2.0	19.2
SA20160210_EPKMIBEH_00829	SA20160210_EPKMIBEH_00837	53.333	15	7	0	156	170	86	100	6.0	17.7
SA20160210_EPKMIBEH_00830	SA20160210_EPKMIBEH_00830	100.000	299	0	0	1	299	1	299	0.0	604
SA20160210_EPKMIBEH_00830	SA20160210_EPKMIBEH_00834	29.630	54	36	2	44	96	89	141	0.16	22.7
SA20160210_EPKMIBEH_00830	SA20160210_EPKMIBEH_00840	37.037	27	17	0	221	247	22	48	1.4	20.0
SA20160210_EPKMIBEH_00830	SA20160210_EPKMIBEH_00833	36.364	33	16	2	102	134	252	279	2.2	19.2
SA20160210_EPKMIBEH_00830	SA20160210_EPKMIBEH_00836	46.667	15	8	0	135	149	244	258	4.8	18.1
SA20160210_EPKMIBEH_00830	SA20160210_EPKMIBEH_00845	42.105	19	6	1	41	59	278	291	9.9	17.3
SA20160210_EPKMIBEH_00831	SA20160210_EPKMIBEH_00831	100.000	434	0	0	1	434	1	434	0.0	881
SA20160210_EPKMIBEH_00831	SA20160210_EPKMIBEH_00838	28.125	64	40	1	358	421	67	124	0.63	21.6
SA20160210_EPKMIBEH_00831	SA20160210_EPKMIBEH_00840	24.444	45	33	1	4	47	217	261	1.1	20.8
SA20160210_EPKMIBEH_00831	SA20160210_EPKMIBEH_00834	33.333	27	18	0	54	80	163	189	1.1	20.4
SA20160210_EPKMIBEH_00831	SA20160210_EPKMIBEH_00833	27.451	51	29	1	274	324	100	142	1.7	20.0
SA20160210_EPKMIBEH_00831	SA20160210_EPKMIBEH_00839	33.333	15	10	0	364	378	239	253	2.5	19.6
SA20160210_EPKMIBEH_00831	SA20160210_EPKMIBEH_00835	44.444	18	10	0	171	188	38	55	6.1	18.5
SA20160210_EPKMIBEH_00832	SA20160210_EPKMIBEH_00832	100.000	359	0	0	1	359	1	359	0.0	736
SA20160210_EPKMIBEH_00832	SA20160210_EPKMIBEH_00842	34.783	23	15	0	1	23	388	410	0.20	22.7
SA20160210_EPKMIBEH_00832	SA20160210_EPKMIBEH_00829	27.907	43	27	2	291	331	91	131	0.46	21.6
SA20160210_EPKMIBEH_00832	SA20160210_EPKMIBEH_00840	34.615	26	15	1	212	237	194	217	0.47	21.6
SA20160210_EPKMIBEH_00833	SA20160210_EPKMIBEH_00833	100.000	355	0	0	1	355	1	355	0.0	738
SA20160210_EPKMIBEH_00833	SA20160210_EPKMIBEH_00831	27.451	51	29	1	100	142	274	324	1.4	20.0
SA20160210_EPKMIBEH_00833	SA20160210_EPKMIBEH_00835	35.714	28	16	1	8	33	173	200	1.6	20.0
SA20160210_EPKMIBEH_00833	SA20160210_EPKMIBEH_00830	36.364	33	16	2	252	279	102	134	2.6	19.2
SA20160210_EPKMIBEH_00834	SA20160210_EPKMIBEH_00834	100.000	196	0	0	1	196	1	196	4.66e-152	410
SA20160210_EPKMIBEH_00834	SA20160210_EPKMIBEH_00830	29.630	54	36	2	89	141	44	96	0.10	22.7
SA20160210_EPKMIBEH_00834	SA20160210_EPKMIBEH_00831	33.333	27	18	0	163	189	54	80	0.51	20.4
SA20160210_EPKMIBEH_00834	SA20160210_EPKMIBEH_00832	42.308	26	14	1	71	96	330	354	0.63	20.0
SA20160210_EPKMIBEH_00834	SA20160210_EPKMIBEH_00836	21.951	41	32	0	22	62	185	225	4.9	17.3
SA20160210_EPKMIBEH_00834	SA20160210_EPKMIBEH_00841	35.294	17	11	0	86	102	166	182	5.4	17.3
SA20160210_EPKMIBEH_00835	SA20160210_EPKMIBEH_00835	100.000	245	0	0	1	245	1	245	0.0	490
SA20160210_EPKMIBEH_00835	SA20160210_EPKMIBEH_00836	28.261	230	151	7	2	223	6	229	2.45e-18	72.0
SA20160210_EPKMIBEH_00835	SA20160210_EPKMIBEH_00833	35.714	28	16	1	173	200	8	33	1.1	20.0
SA20160210_EPKMIBEH_00835	SA20160210_EPKMIBEH_00842	36.364	33	19	1	7	39	422	452	1.1	20.0
SA20160210_EPKMIBEH_00835	SA20160210_EPKMIBEH_00831	44.444	18	10	0	38	55	171	188	3.5	18.5
SA20160210_EPKMIBEH_00835	SA20160210_EPKMIBEH_00841	38.889	18	11	0	128	145	52	69	3.9	18.1
SA20160210_EPKMIBEH_00836	SA20160210_EPKMIBEH_00836	100.000	258	0	0	1	258	1	258	0.0	525
SA20160210_EPKMIBEH_00836	SA20160210_EPKMIBEH_00835	28.261	230	151	7	6	229	2	223	2.58e-18	72.0
SA20160210_EPKMIBEH_00836	SA20160210_EPKMIBEH_00842	28.571	84	53	3	142	219	372	454	0.13	22.7
SA20160210_EPKMIBEH_00836	SA20160210_EPKMIBEH_00830	46.667	15	8	0	244	258	135	149	4.1	18.1
SA20160210_EPKMIBEH_00836	SA20160210_EPKMIBEH_00843	45.455	11	6	0	202	212	4	14	6.1	17.7
SA20160210_EPKMIBEH_00836	SA20160210_EPKMIBEH_00834	21.951	41	32	0	185	225	22	62	6.4	17.3
SA20160210_EPKMIBEH_00837	SA20160210_EPKMIBEH_00837	100.000	203	0	0	1	203	1	203	3.55e-157	424
SA20160210_EPKMIBEH_00837	SA20160210_EPKMIBEH_00829	53.333	15	7	0	86	100	156	170	4.6	17.3
SA20160210_EPKMIBEH_00838	SA20160210_EPKMIBEH_00838	100.000	327	0	0	1	327	1	327	0.0	659
SA20160210_EPKMIBEH_00838	SA20160210_EPKMIBEH_00842	55.556	18	7	1	88	104	154	171	0.34	21.9
SA20160210_EPKMIBEH_00838	SA20160210_EPKMIBEH_00831	28.125	64	40	1	67	124	358	421	0.37	21.9
SA20160210_EPKMIBEH_00839	SA20160210_EPKMIBEH_00839	100.000	388	0	0	1	388	1	388	0.0	796
SA20160210_EPKMIBEH_00839	SA20160210_EPKMIBEH_00844	28.205	39	19	1	234	272	276	305	1.5	20.0
SA20160210_EPKMIBEH_00839	SA20160210_EPKMIBEH_00831	33.333	15	10	0	239	253	364	378	2.3	19.6
SA20160210_EPKMIBEH_00840	SA20160210_EPKMIBEH_00840	100.000	468	0	0	1	468	1	468	0.0	957
SA20160210_EPKMIBEH_00840	SA20160210_EPKMIBEH_00829	29.630	27	19	0	4	30	2	28	0.029	25.8
SA20160210_EPKMIBEH_00840	SA20160210_EPKMIBEH_00832	34.615	26	15	1	194	217	212	237	0.61	21.6
SA20160210_EPKMIBEH_00840	SA20160210_EPKMIBEH_00843	30.612	49	33	1	71	118	3	51	0.69	21.6
SA20160210_EPKMIBEH_00840	SA20160210_EPKMIBEH_00831	24.444	45	33	1	217	261	4	47	1.1	20.8
SA20160210_EPKMIBEH_00840	SA20160210_EPKMIBEH_00830	37.037	27	17	0	22	48	221	247	2.1	20.0
SA20160210_EPKMIBEH_00841	SA20160210_EPKMIBEH_00841	100.000	476	0	0	1	476	1	476	0.0	984
SA20160210_EPKMIBEH_00841	SA20160210_EPKMIBEH_00842	24.242	33	25	0	317	349	438	470	1.4	20.8
SA20160210_EPKMIBEH_00841	SA20160210_EPKMIBEH_00844	35.897	39	19	2	135	173	143	175	5.0	18.9
SA20160210_EPKMIBEH_00841	SA20160210_EPKMIBEH_00835	38.889	18	11	0	52	69	128	145	7.5	18.1
SA20160210_EPKMIBEH_00842	SA20160210_EPKMIBEH_00842	100.000	477	0	0	1	477	1	477	0.0	983
SA20160210_EPKMIBEH_00842	SA20160210_EPKMIBEH_00836	28.571	84	53	3	372	454	142	219	0.23	23.1
SA20160210_EPKMIBEH_00842	SA20160210_EPKMIBEH_00832	34.783	23	15	0	388	410	1	23	0.25	23.1
SA20160210_EPKMIBEH_00842	SA20160210_EPKMIBEH_00845	26.852	108	45	7	66	166	256	336	0.34	22.3
SA20160210_EPKMIBEH_00842	SA20160210_EPKMIBEH_00838	55.556	18	7	1	154	171	88	104	0.52	21.9
SA20160210_EPKMIBEH_00842	SA20160210_EPKMIBEH_00841	24.242	33	25	0	438	470	317	349	1.4	20.8
SA20160210_EPKMIBEH_00842	SA20160210_EPKMIBEH_00835	36.364	33	19	1	422	452	7	39	1.9	20.0
SA20160210_EPKMIBEH_00842	SA20160210_EPKMIBEH_00829	42.308	26	13	1	8	33	106	129	3.3	19.2
SA20160210_EPKMIBEH_00842	SA20160210_EPKMIBEH_00843	37.143	35	16	1	262	296	160	188	3.5	19.2
SA20160210_EPKMIBEH_00842	SA20160210_EPKMIBEH_00833	33.333	27	18	0	64	90	235	261	4.7	18.9
SA20160210_EPKMIBEH_00843	SA20160210_EPKMIBEH_00843	100.000	479	0	0	1	479	1	479	0.0	1003
SA20160210_EPKMIBEH_00843	SA20160210_EPKMIBEH_00844	41.667	24	14	0	431	454	17	40	0.20	23.1
SA20160210_EPKMIBEH_00843	SA20160210_EPKMIBEH_00840	30.612	49	33	1	3	51	71	118	0.70	21.6
SA20160210_EPKMIBEH_00843	SA20160210_EPKMIBEH_00842	37.143	35	16	1	160	188	262	296	3.7	19.2
SA20160210_EPKMIBEH_00844	SA20160210_EPKMIBEH_00844	100.000	314	0	0	1	314	1	314	0.0	655
SA20160210_EPKMIBEH_00844	SA20160210_EPKMIBEH_00843	41.667	24	14	0	17	40	431	454	0.13	23.1
SA20160210_EPKMIBEH_00844	SA20160210_EPKMIBEH_00839	28.205	39	19	1	276	305	234	272	1.2	20.0
SA20160210_EPKMIBEH_00844	SA20160210_EPKMIBEH_00841	35.897	39	19	2	143	175	135	173	3.3	18.9
SA20160210_EPKMIBEH_00845	SA20160210_EPKMIBEH_00845	100.000	353	0	0	1	353	1	353	0.0	729
SA20160210_EPKMIBEH_00845	SA20160210_EPKMIBEH_00842	27.273	88	35	6	271	336	86	166	0.76	21.2
SA20160210_EPKMIBEH_00845	SA20160210_EPKMIBEH_00841	53.846	13	5	1	8	19	420	432	9.2	17.7
SA20160228_MPFEEIDI_02658	SA20160228_MPFEEIDI_02658	100.000	274	0	0	1	274	1	274	0.0	561
SA20160228_MPFEEIDI_02658	SA20160228_MPFEEIDI_02677	21.138	123	81	3	94	205	101	218	0.001	29.3
SA20160228_MPFEEIDI_02658	SA20160228_MPFEEIDI_02669	29.630	27	19	0	2	28	4	30	0.020	25.8
SA20160228_MPFEEIDI_02658	SA20160228_MPFEEIDI_02661	27.907	43	27	2	91	131	291	331	0.44	21.6
SA20160228_MPFEEIDI_02658	SA20160228_MPFEEIDI_02671	42.308	26	13	1	106	129	8	33	2.4	19.2
SA20160228_MPFEEIDI_02658	SA20160228_MPFEEIDI_02666	53.333	15	7	0	156	170	86	100	7.4	17.7
SA20160228_MPFEEIDI_02658	SA20160228_MPFEEIDI_02678	27.907	43	27	1	228	266	373	415	9.8	17.3
SA20160228_MPFEEIDI_02659	SA20160228_MPFEEIDI_02659	100.000	299	0	0	1	299	1	299	0.0	604
SA20160228_MPFEEIDI_02659	SA20160228_MPFEEIDI_02675	37.778	45	24	3	93	135	156	198	0.012	26.6
SA20160228_MPFEEIDI_02659	SA20160228_MPFEEIDI_02663	29.630	54	36	2	44	96	89	141	0.19	22.7
SA20160228_MPFEEIDI_02659	SA20160228_MPFEEIDI_02669	37.037	27	17	0	221	247	22	48	1.7	20.0
SA20160228_MPFEEIDI_02659	SA20160228_MPFEEIDI_02677	26.667	60	44	0	14	73	14	73	1.7	19.6
SA20160228_MPFEEIDI_02659	SA20160228_MPFEEIDI_02662	36.364	33	16	2	102	134	252	279	2.7	19.2
SA20160228_MPFEEIDI_02659	SA20160228_MPFEEIDI_02665	46.667	15	8	0	135	149	244	258	5.9	18.1
SA20160228_MPFEEIDI_02660	SA20160228_MPFEEIDI_02660	100.000	434	0	0	1	434	1	434	0.0	881
SA20160228_MPFEEIDI_02660	SA20160228_MPFEEIDI_02667	28.125	64	40	1	358	421	67	124	0.78	21.6
SA20160228_MPFEEIDI_02660	SA20160228_MPFEEIDI_02669	24.444	45	33	1	4	47	217	261	1.3	20.8
SA20160228_MPFEEIDI_02660	SA20160228_MPFEEIDI_02663	33.333	27	18	0	54	80	163	189	1.4	20.4
SA20160228_MPFEEIDI_02660	SA20160228_MPFEEIDI_02662	27.451	51	29	1	274	324	100	142	2.1	20.0
SA20160228_MPFEEIDI_02660	SA20160228_MPFEEIDI_02668	33.333	15	10	0	364	378	239	253	3.1	19.6
SA20160228_MPFEEIDI_02660	SA20160228_MPFEEIDI_02664	44.444	18	10	0	171	188	38	55	7.5	18.5
SA20160228_MPFEEIDI_02661	SA20160228_MPFEEIDI_02661	100.000	359	0	0	1	359	1	359	0.0	736
SA20160228_MPFEEIDI_02661	SA20160228_MPFEEIDI_02671	34.783	23	15	0	1	23	388	410	0.24	22.7
SA20160228_MPFEEIDI_02661	SA20160228_MPFEEIDI_02658	27.907	43	27	2	291	331	91	131	0.57	21.6
SA20160228_MPFEEIDI_02661	SA20160228_MPFEEIDI_02669	34.615	26	15	1	212	237	194	217	0.58	21.6
SA20160228_MPFEEIDI_02661	SA20160228_MPFEEIDI_02675	29.688	64	38	3	106	166	3	62	1.1	20.8
SA20160228_MPFEEIDI_02661	SA20160228_MPFEEIDI_02678	32.258	31	19	1	267	295	301	331	6.1	18.5
SA20160228_MPFEEIDI_02662	SA20160228_MPFEEIDI_02662	100.000	355	0	0	1	355	1	355	0.0	738
SA20160228_MPFEEIDI_02662	SA20160228_MPFEEIDI_02660	27.451	51	29	1	100	142	274	324	1.7	20.0
SA20160228_MPFEEIDI_02662	SA20160228_MPFEEIDI_02664	35.714	28	16	1	8	33	173	200	1.9	20.0
SA20160228_MPFEEIDI_02662	SA20160228_MPFEEIDI_02659	36.364	33	16	2	252	279	102	134	3.2	19.2
SA20160228_MPFEEIDI_02663	SA20160228_MPFEEIDI_02663	100.000	196	0	0	1	196	1	196	5.75e-152	410
SA20160228_MPFEEIDI_02663	SA20160228_MPFEEIDI_02659	29.630	54	36	2	89	141	44	96	0.13	22.7
SA20160228_MPFEEIDI_02663	SA20160228_MPFEEIDI_02660	33.333	27	18	0	163	189	54	80	0.63	20.4
SA20160228_MPFEEIDI_02663	SA20160228_MPFEEIDI_02675	26.364	110	52	6	20	121	52	140	1.5	19.2
SA20160228_MPFEEIDI_02663	SA20160228_MPFEEIDI_02665	21.951	41	32	0	22	62	185	225	6.0	17.3
SA20160228_MPFEEIDI_02663	SA20160228_MPFEEIDI_02670	35.294	17	11	0	86	102	166	182	6.6	17.3
SA20160228_MPFEEIDI_02664	SA20160228_MPFEEIDI_02664	100.000	245	0	0	1	245	1	245	0.0	490
SA20160228_MPFEEIDI_02664	SA20160228_MPFEEIDI_02665	28.261	230	151	7	2	223	6	229	3.02e-18	72.0
SA20160228_MPFEEIDI_02664	SA20160228_MPFEEIDI_02662	35.714	28	16	1	173	200	8	33	1.3	20.0
SA20160228_MPFEEIDI_02664	SA20160228_MPFEEIDI_02671	36.364	33	19	1	7	39	422	452	1.3	20.0
SA20160228_MPFEEIDI_02664	SA20160228_MPFEEIDI_02676	42.857	21	11	1	155	175	62	81	1.8	19.2
SA20160228_MPFEEIDI_02664	SA20160228_MPFEEIDI_02678	31.034	29	20	0	45	73	330	358	2.5	18.9
SA20160228_MPFEEIDI_02664	SA20160228_MPFEEIDI_02660	44.444	18	10	0	38	55	171	188	4.3	18.5
SA20160228_MPFEEIDI_02664	SA20160228_MPFEEIDI_02670	38.889	18	11	0	128	145	52	69	4.8	18.1
SA20160228_MPFEEIDI_02665	SA20160228_MPFEEIDI_02665	100.000	258	0	0	1	258	1	258	0.0	525
SA20160228_MPFEEIDI_02665	SA20160228_MPFEEIDI_02664	28.261	230	151	7	6	229	2	223	3.18e-18	72.0
SA20160228_MPFEEIDI_02665	SA20160228_MPFEEIDI_02671	28.571	84	53	3	142	219	372	454	0.16	22.7
SA20160228_MPFEEIDI_02665	SA20160228_MPFEEIDI_02659	46.667	15	8	0	244	258	135	149	5.1	18.1
SA20160228_MPFEEIDI_02665	SA20160228_MPFEEIDI_02672	45.455	11	6	0	202	212	4	14	7.5	17.7
SA20160228_MPFEEIDI_02665	SA20160228_MPFEEIDI_02663	21.951	41	32	0	185	225	22	62	7.9	17.3
SA20160228_MPFEEIDI_02666	SA20160228_MPFEEIDI_02666	100.000	203	0	0	1	203	1	203	4.38e-157	424
SA20160228_MPFEEIDI_02666	SA20160228_MPFEEIDI_02678	83.333	6	1	0	78	83	254	259	5.6	17.7
SA20160228_MPFEEIDI_02666	SA20160228_MPFEEIDI_02658	53.333	15	7	0	86	100	156	170	5.7	17.3
SA20160228_MPFEEIDI_02667	SA20160228_MPFEEIDI_02667	100.000	327	0	0	1	327	1	327	0.0	659
SA20160228_MPFEEIDI_02667	SA20160228_MPFEEIDI_02671	55.556	18	7	1	88	104	154	171	0.42	21.9
SA20160228_MPFEEIDI_02667	SA20160228_MPFEEIDI_02660	28.125	64	40	1	67	124	358	421	0.45	21.9
SA20160228_MPFEEIDI_02667	SA20160228_MPFEEIDI_02677	26.667	60	40	2	104	159	208	267	4.2	18.9
SA20160228_MPFEEIDI_02667	SA20160228_MPFEEIDI_02675	29.167	24	13	1	49	72	173	192	8.0	17.7
SA20160228_MPFEEIDI_02668	SA20160228_MPFEEIDI_02668	100.000	388	0	0	1	388	1	388	0.0	796
SA20160228_MPFEEIDI_02668	SA20160228_MPFEEIDI_02673	28.205	39	19	1	234	272	276	305	1.8	20.0
SA20160228_MPFEEIDI_02668	SA20160228_MPFEEIDI_02660	33.333	15	10	0	239	253	364	378	2.8	19.6
SA20160228_MPFEEIDI_02669	SA20160228_MPFEEIDI_02669	100.000	468	0	0	1	468	1	468	0.0	957
SA20160228_MPFEEIDI_02669	SA20160228_MPFEEIDI_02658	29.630	27	19	0	4	30	2	28	0.036	25.8
SA20160228_MPFEEIDI_02669	SA20160228_MPFEEIDI_02661	34.615	26	15	1	194	217	212	237	0.75	21.6
SA20160228_MPFEEIDI_02669	SA20160228_MPFEEIDI_02672	30.612	49	33	1	71	118	3	51	0.84	21.6
SA20160228_MPFEEIDI_02669	SA20160228_MPFEEIDI_02660	24.444	45	33	1	217	261	4	47	1.4	20.8
SA20160228_MPFEEIDI_02669	SA20160228_MPFEEIDI_02659	37.037	27	17	0	22	48	221	247	2.6	20.0
SA20160228_MPFEEIDI_02669	SA20160228_MPFEEIDI_02675	46.154	13	7	0	52	64	7	19	8.1	18.5
SA20160228_MPFEEIDI_02670	SA20160228_MPFEEIDI_02670	100.000	476	0	0	1	476	1	476	0.0	984
SA20160228_MPFEEIDI_02670	SA20160228_MPFEEIDI_02671	24.242	33	25	0	317	349	438	470	1.7	20.8
SA20160228_MPFEEIDI_02670	SA20160228_MPFEEIDI_02673	35.897	39	19	2	135	173	143	175	6.2	18.9
SA20160228_MPFEEIDI_02670	SA20160228_MPFEEIDI_02664	38.889	18	11	0	52	69	128	145	9.3	18.1
SA20160228_MPFEEIDI_02671	SA20160228_MPFEEIDI_02671	100.000	477	0	0	1	477	1	477	0.0	983
SA20160228_MPFEEIDI_02671	SA20160228_MPFEEIDI_02665	28.571	84	53	3	372	454	142	219	0.28	23.1
SA20160228_MPFEEIDI_02671	SA20160228_MPFEEIDI_02661	34.783	23	15	0	388	410	1	23	0.31	23.1
SA20160228_MPFEEIDI_02671	SA20160228_MPFEEIDI_02674	26.852	108	45	7	66	166	256	336	0.42	22.3
SA20160228_MPFEEIDI_02671	SA20160228_MPFEEIDI_02667	55.556	18	7	1	154	171	88	104	0.64	21.9
SA20160228_MPFEEIDI_02671	SA20160228_MPFEEIDI_02670	24.242	33	25	0	438	470	317	349	1.7	20.8
SA20160228_MPFEEIDI_02671	SA20160228_MPFEEIDI_02664	36.364	33	19	1	422	452	7	39	2.3	20.0
SA20160228_MPFEEIDI_02671	SA20160228_MPFEEIDI_02658	42.308	26	13	1	8	33	106	129	4.1	19.2
SA20160228_MPFEEIDI_02671	SA20160228_MPFEEIDI_02672	37.143	35	16	1	262	296	160	188	4.4	19.2
SA20160228_MPFEEIDI_02671	SA20160228_MPFEEIDI_02662	33.333	27	18	0	64	90	235	261	5.8	18.9
SA20160228_MPFEEIDI_02672	SA20160228_MPFEEIDI_02672	100.000	479	0	0	1	479	1	479	0.0	1003
SA20160228_MPFEEIDI_02672	SA20160228_MPFEEIDI_02673	41.667	24	14	0	431	454	17	40	0.24	23.1
SA20160228_MPFEEIDI_02672	SA20160228_MPFEEIDI_02669	30.612	49	33	1	3	51	71	118	0.86	21.6
SA20160228_MPFEEIDI_02672	SA20160228_MPFEEIDI_02676	38.095	21	13	0	234	254	193	213	4.4	19.2
SA20160228_MPFEEIDI_02672	SA20160228_MPFEEIDI_02671	37.143	35	16	1	160	188	262	296	4.6	19.2
SA20160228_MPFEEIDI_02673	SA20160228_MPFEEIDI_02673	100.000	314	0	0	1	314	1	314	0.0	655
SA20160228_MPFEEIDI_02673	SA20160228_MPFEEIDI_02675	29.268	123	79	5	1	117	1	121	5.52e-04	30.8
SA20160228_MPFEEIDI_02673	SA20160228_MPFEEIDI_02672	41.667	24	14	0	17	40	431	454	0.16	23.1
SA20160228_MPFEEIDI_02673	SA20160228_MPFEEIDI_02668	28.205	39	19	1	276	305	234	272	1.5	20.0
SA20160228_MPFEEIDI_02673	SA20160228_MPFEEIDI_02670	35.897	39	19	2	143	175	135	173	4.1	18.9
SA20160228_MPFEEIDI_02673	SA20160228_MPFEEIDI_02676	45.455	11	6	0	56	66	201	211	8.6	17.7
SA20160228_MPFEEIDI_02674	SA20160228_MPFEEIDI_02674	100.000	353	0	0	1	353	1	353	0.0	729
SA20160228_MPFEEIDI_02674	SA20160228_MPFEEIDI_02678	29.730	37	26	0	30	66	52	88	0.27	22.7
SA20160228_MPFEEIDI_02674	SA20160228_MPFEEIDI_02671	27.273	88	35	6	271	336	86	166	0.94	21.2
SA20160228_MPFEEIDI_02674	SA20160228_MPFEEIDI_02676	36.364	11	7	0	207	217	228	238	7.8	18.1
SA20160228_MPFEEIDI_02675	SA20160228_MPFEEIDI_02675	100.000	333	0	0	1	333	1	333	0.0	681
SA20160228_MPFEEIDI_02675	SA20160228_MPFEEIDI_02673	29.268	123	79	5	1	121	1	117	5.85e-04	30.8
SA20160228_MPFEEIDI_02675	SA20160228_MPFEEIDI_02659	37.778	45	24	3	156	198	93	135	0.014	26.6
SA20160228_MPFEEIDI_02675	SA20160228_MPFEEIDI_02661	29.688	64	38	3	3	62	106	166	1.1	20.8
SA20160228_MPFEEIDI_02675	SA20160228_MPFEEIDI_02663	26.364	110	52	6	52	140	20	121	2.6	19.2
SA20160228_MPFEEIDI_02675	SA20160228_MPFEEIDI_02669	46.154	13	7	0	7	19	52	64	5.8	18.5
SA20160228_MPFEEIDI_02675	SA20160228_MPFEEIDI_02667	29.167	24	13	1	173	192	49	72	8.8	17.7
SA20160228_MPFEEIDI_02675	SA20160228_MPFEEIDI_02678	85.714	7	1	0	225	231	64	70	10.0	17.7
SA20160228_MPFEEIDI_02676	SA20160228_MPFEEIDI_02676	100.000	301	0	0	1	301	1	301	0.0	592
SA20160228_MPFEEIDI_02676	SA20160228_MPFEEIDI_02664	42.857	21	11	1	62	81	155	175	2.2	19.2
SA20160228_MPFEEIDI_02676	SA20160228_MPFEEIDI_02672	38.095	21	13	0	193	213	234	254	2.8	19.2
SA20160228_MPFEEIDI_02676	SA20160228_MPFEEIDI_02674	36.364	11	7	0	228	238	207	217	6.6	18.1
SA20160228_MPFEEIDI_02676	SA20160228_MPFEEIDI_02677	30.769	39	19	2	194	226	113	149	7.6	17.7
SA20160228_MPFEEIDI_02676	SA20160228_MPFEEIDI_02673	45.455	11	6	0	201	211	56	66	8.2	17.7
SA20160228_MPFEEIDI_02676	SA20160228_MPFEEIDI_02671	23.009	113	55	5	24	119	319	416	8.6	17.7
SA20160228_MPFEEIDI_02677	SA20160228_MPFEEIDI_02677	100.000	299	0	0	1	299	1	299	0.0	619
SA20160228_MPFEEIDI_02677	SA20160228_MPFEEIDI_02658	21.138	123	81	3	101	218	94	205	0.001	29.3
SA20160228_MPFEEIDI_02677	SA20160228_MPFEEIDI_02659	26.667	60	44	0	14	73	14	73	1.7	19.6
SA20160228_MPFEEIDI_02677	SA20160228_MPFEEIDI_02667	26.667	60	40	2	208	267	104	159	3.4	18.9
SA20160228_MPFEEIDI_02677	SA20160228_MPFEEIDI_02676	30.769	39	19	2	113	149	194	226	7.6	17.7
SA20160228_MPFEEIDI_02678	SA20160228_MPFEEIDI_02678	100.000	437	0	0	1	437	1	437	0.0	906
SA20160228_MPFEEIDI_02678	SA20160228_MPFEEIDI_02674	29.730	37	26	0	52	88	30	66	0.33	22.7
SA20160228_MPFEEIDI_02678	SA20160228_MPFEEIDI_02664	31.034	29	20	0	330	358	45	73	4.5	18.9
SA20160228_MPFEEIDI_02678	SA20160228_MPFEEIDI_02661	32.258	31	19	1	301	331	267	295	7.4	18.5
