SA20160210_EPKMIBEH_00829	SA20153980_HPBJMGIL_03938	100.000	274	0	0	1	274	1	274	0.0	561
SA20160210_EPKMIBEH_00829	SA20153980_HPBJMGIL_03949	29.630	27	19	0	2	28	4	30	0.017	25.8
SA20160210_EPKMIBEH_00829	SA20153980_HPBJMGIL_03941	27.907	43	27	2	91	131	291	331	0.38	21.6
SA20160210_EPKMIBEH_00829	SA20153980_HPBJMGIL_03951	42.308	26	13	1	106	129	8	33	2.1	19.2
SA20160210_EPKMIBEH_00829	SA20153980_HPBJMGIL_03946	53.333	15	7	0	156	170	86	100	6.3	17.7
SA20160210_EPKMIBEH_00830	SA20153980_HPBJMGIL_03939	100.000	299	0	0	1	299	1	299	0.0	604
SA20160210_EPKMIBEH_00830	SA20153980_HPBJMGIL_03955	37.778	45	24	3	93	135	108	150	0.013	26.2
SA20160210_EPKMIBEH_00830	SA20153980_HPBJMGIL_03943	29.630	54	36	2	44	96	89	141	0.16	22.7
SA20160210_EPKMIBEH_00830	SA20153980_HPBJMGIL_03949	37.037	27	17	0	221	247	22	48	1.4	20.0
SA20160210_EPKMIBEH_00830	SA20153980_HPBJMGIL_03942	36.364	33	16	2	102	134	252	279	2.3	19.2
SA20160210_EPKMIBEH_00830	SA20153980_HPBJMGIL_03945	46.667	15	8	0	135	149	244	258	5.0	18.1
SA20160210_EPKMIBEH_00831	SA20153980_HPBJMGIL_03940	100.000	434	0	0	1	434	1	434	0.0	881
SA20160210_EPKMIBEH_00831	SA20153980_HPBJMGIL_03947	28.125	64	40	1	358	421	67	124	0.66	21.6
SA20160210_EPKMIBEH_00831	SA20153980_HPBJMGIL_03949	24.444	45	33	1	4	47	217	261	1.1	20.8
SA20160210_EPKMIBEH_00831	SA20153980_HPBJMGIL_03943	33.333	27	18	0	54	80	163	189	1.2	20.4
SA20160210_EPKMIBEH_00831	SA20153980_HPBJMGIL_03942	27.451	51	29	1	274	324	100	142	1.8	20.0
SA20160210_EPKMIBEH_00831	SA20153980_HPBJMGIL_03948	33.333	15	10	0	364	378	239	253	2.7	19.6
SA20160210_EPKMIBEH_00831	SA20153980_HPBJMGIL_03944	44.444	18	10	0	171	188	38	55	6.4	18.5
SA20160210_EPKMIBEH_00832	SA20153980_HPBJMGIL_03941	100.000	359	0	0	1	359	1	359	0.0	736
SA20160210_EPKMIBEH_00832	SA20153980_HPBJMGIL_03951	34.783	23	15	0	1	23	388	410	0.21	22.7
SA20160210_EPKMIBEH_00832	SA20153980_HPBJMGIL_03938	27.907	43	27	2	291	331	91	131	0.48	21.6
SA20160210_EPKMIBEH_00832	SA20153980_HPBJMGIL_03949	34.615	26	15	1	212	237	194	217	0.49	21.6
SA20160210_EPKMIBEH_00832	SA20153980_HPBJMGIL_03943	42.308	26	14	1	330	354	71	96	1.2	20.0
SA20160210_EPKMIBEH_00832	SA20153980_HPBJMGIL_03955	60.000	10	4	0	34	43	3	12	6.3	18.1
SA20160210_EPKMIBEH_00833	SA20153980_HPBJMGIL_03942	100.000	355	0	0	1	355	1	355	0.0	738
SA20160210_EPKMIBEH_00833	SA20153980_HPBJMGIL_03940	27.451	51	29	1	100	142	274	324	1.4	20.0
SA20160210_EPKMIBEH_00833	SA20153980_HPBJMGIL_03944	35.714	28	16	1	8	33	173	200	1.6	20.0
SA20160210_EPKMIBEH_00833	SA20153980_HPBJMGIL_03939	36.364	33	16	2	252	279	102	134	2.7	19.2
SA20160210_EPKMIBEH_00834	SA20153980_HPBJMGIL_03943	100.000	196	0	0	1	196	1	196	4.89e-152	410
SA20160210_EPKMIBEH_00834	SA20153980_HPBJMGIL_03939	29.630	54	36	2	89	141	44	96	0.11	22.7
SA20160210_EPKMIBEH_00834	SA20153980_HPBJMGIL_03940	33.333	27	18	0	163	189	54	80	0.54	20.4
SA20160210_EPKMIBEH_00834	SA20153980_HPBJMGIL_03941	42.308	26	14	1	71	96	330	354	0.66	20.0
SA20160210_EPKMIBEH_00834	SA20153980_HPBJMGIL_03955	26.364	110	52	6	20	121	4	92	1.4	19.2
SA20160210_EPKMIBEH_00834	SA20153980_HPBJMGIL_03945	21.951	41	32	0	22	62	185	225	5.1	17.3
SA20160210_EPKMIBEH_00834	SA20153980_HPBJMGIL_03950	35.294	17	11	0	86	102	166	182	5.6	17.3
SA20160210_EPKMIBEH_00835	SA20153980_HPBJMGIL_03944	100.000	245	0	0	1	245	1	245	0.0	490
SA20160210_EPKMIBEH_00835	SA20153980_HPBJMGIL_03945	28.261	230	151	7	2	223	6	229	2.57e-18	72.0
SA20160210_EPKMIBEH_00835	SA20153980_HPBJMGIL_03942	35.714	28	16	1	173	200	8	33	1.1	20.0
SA20160210_EPKMIBEH_00835	SA20153980_HPBJMGIL_03951	36.364	33	19	1	7	39	422	452	1.1	20.0
SA20160210_EPKMIBEH_00835	SA20153980_HPBJMGIL_03940	44.444	18	10	0	38	55	171	188	3.6	18.5
SA20160210_EPKMIBEH_00835	SA20153980_HPBJMGIL_03950	38.889	18	11	0	128	145	52	69	4.1	18.1
SA20160210_EPKMIBEH_00835	SA20153980_HPBJMGIL_03947	25.000	76	40	3	99	171	79	140	6.1	17.7
SA20160210_EPKMIBEH_00836	SA20153980_HPBJMGIL_03945	100.000	258	0	0	1	258	1	258	0.0	525
SA20160210_EPKMIBEH_00836	SA20153980_HPBJMGIL_03944	28.261	230	151	7	6	229	2	223	2.71e-18	72.0
SA20160210_EPKMIBEH_00836	SA20153980_HPBJMGIL_03951	28.571	84	53	3	142	219	372	454	0.14	22.7
SA20160210_EPKMIBEH_00836	SA20153980_HPBJMGIL_03939	46.667	15	8	0	244	258	135	149	4.3	18.1
SA20160210_EPKMIBEH_00836	SA20153980_HPBJMGIL_03952	45.455	11	6	0	202	212	4	14	6.4	17.7
SA20160210_EPKMIBEH_00836	SA20153980_HPBJMGIL_03943	21.951	41	32	0	185	225	22	62	6.7	17.3
SA20160210_EPKMIBEH_00837	SA20153980_HPBJMGIL_03946	100.000	203	0	0	1	203	1	203	3.72e-157	424
SA20160210_EPKMIBEH_00837	SA20153980_HPBJMGIL_03938	53.333	15	7	0	86	100	156	170	4.9	17.3
SA20160210_EPKMIBEH_00838	SA20153980_HPBJMGIL_03947	100.000	327	0	0	1	327	1	327	0.0	659
SA20160210_EPKMIBEH_00838	SA20153980_HPBJMGIL_03951	55.556	18	7	1	88	104	154	171	0.36	21.9
SA20160210_EPKMIBEH_00838	SA20153980_HPBJMGIL_03940	28.125	64	40	1	67	124	358	421	0.39	21.9
SA20160210_EPKMIBEH_00838	SA20153980_HPBJMGIL_03955	29.167	24	13	1	49	72	125	144	7.2	17.7
SA20160210_EPKMIBEH_00838	SA20153980_HPBJMGIL_03944	25.000	76	40	3	79	140	99	171	8.4	17.3
SA20160210_EPKMIBEH_00839	SA20153980_HPBJMGIL_03948	100.000	388	0	0	1	388	1	388	0.0	796
SA20160210_EPKMIBEH_00839	SA20153980_HPBJMGIL_03953	28.205	39	19	1	234	272	276	305	1.6	20.0
SA20160210_EPKMIBEH_00839	SA20153980_HPBJMGIL_03950	27.273	66	44	3	133	194	122	187	2.0	20.0
SA20160210_EPKMIBEH_00839	SA20153980_HPBJMGIL_03940	33.333	15	10	0	239	253	364	378	2.4	19.6
SA20160210_EPKMIBEH_00840	SA20153980_HPBJMGIL_03949	100.000	468	0	0	1	468	1	468	0.0	957
SA20160210_EPKMIBEH_00840	SA20153980_HPBJMGIL_03938	29.630	27	19	0	4	30	2	28	0.030	25.8
SA20160210_EPKMIBEH_00840	SA20153980_HPBJMGIL_03941	34.615	26	15	1	194	217	212	237	0.64	21.6
SA20160210_EPKMIBEH_00840	SA20153980_HPBJMGIL_03952	30.612	49	33	1	71	118	3	51	0.72	21.6
SA20160210_EPKMIBEH_00840	SA20153980_HPBJMGIL_03940	24.444	45	33	1	217	261	4	47	1.2	20.8
SA20160210_EPKMIBEH_00840	SA20153980_HPBJMGIL_03939	37.037	27	17	0	22	48	221	247	2.2	20.0
SA20160210_EPKMIBEH_00841	SA20153980_HPBJMGIL_03950	100.000	476	0	0	1	476	1	476	0.0	984
SA20160210_EPKMIBEH_00841	SA20153980_HPBJMGIL_03951	24.242	33	25	0	317	349	438	470	1.4	20.8
SA20160210_EPKMIBEH_00841	SA20153980_HPBJMGIL_03948	27.273	66	44	3	122	187	133	194	2.5	20.0
SA20160210_EPKMIBEH_00841	SA20153980_HPBJMGIL_03954	31.707	41	25	2	204	241	106	146	4.4	18.9
SA20160210_EPKMIBEH_00841	SA20153980_HPBJMGIL_03953	35.897	39	19	2	135	173	143	175	5.3	18.9
SA20160210_EPKMIBEH_00841	SA20153980_HPBJMGIL_03944	38.889	18	11	0	52	69	128	145	7.9	18.1
SA20160210_EPKMIBEH_00842	SA20153980_HPBJMGIL_03951	100.000	477	0	0	1	477	1	477	0.0	983
SA20160210_EPKMIBEH_00842	SA20153980_HPBJMGIL_03945	28.571	84	53	3	372	454	142	219	0.24	23.1
SA20160210_EPKMIBEH_00842	SA20153980_HPBJMGIL_03941	34.783	23	15	0	388	410	1	23	0.26	23.1
SA20160210_EPKMIBEH_00842	SA20153980_HPBJMGIL_03954	26.852	108	45	7	66	166	256	336	0.36	22.3
SA20160210_EPKMIBEH_00842	SA20153980_HPBJMGIL_03947	55.556	18	7	1	154	171	88	104	0.55	21.9
SA20160210_EPKMIBEH_00842	SA20153980_HPBJMGIL_03950	24.242	33	25	0	438	470	317	349	1.5	20.8
SA20160210_EPKMIBEH_00842	SA20153980_HPBJMGIL_03944	36.364	33	19	1	422	452	7	39	1.9	20.0
SA20160210_EPKMIBEH_00842	SA20153980_HPBJMGIL_03938	42.308	26	13	1	8	33	106	129	3.5	19.2
SA20160210_EPKMIBEH_00842	SA20153980_HPBJMGIL_03952	37.143	35	16	1	262	296	160	188	3.7	19.2
SA20160210_EPKMIBEH_00842	SA20153980_HPBJMGIL_03942	33.333	27	18	0	64	90	235	261	5.0	18.9
SA20160210_EPKMIBEH_00843	SA20153980_HPBJMGIL_03952	100.000	479	0	0	1	479	1	479	0.0	1003
SA20160210_EPKMIBEH_00843	SA20153980_HPBJMGIL_03953	41.667	24	14	0	431	454	17	40	0.20	23.1
SA20160210_EPKMIBEH_00843	SA20153980_HPBJMGIL_03949	30.612	49	33	1	3	51	71	118	0.73	21.6
SA20160210_EPKMIBEH_00843	SA20153980_HPBJMGIL_03951	37.143	35	16	1	160	188	262	296	3.9	19.2
SA20160210_EPKMIBEH_00844	SA20153980_HPBJMGIL_03953	100.000	314	0	0	1	314	1	314	0.0	655
SA20160210_EPKMIBEH_00844	SA20153980_HPBJMGIL_03952	41.667	24	14	0	17	40	431	454	0.13	23.1
SA20160210_EPKMIBEH_00844	SA20153980_HPBJMGIL_03948	28.205	39	19	1	276	305	234	272	1.3	20.0
SA20160210_EPKMIBEH_00844	SA20153980_HPBJMGIL_03950	35.897	39	19	2	143	175	135	173	3.5	18.9
SA20160210_EPKMIBEH_00845	SA20153980_HPBJMGIL_03954	100.000	353	0	0	1	353	1	353	0.0	729
SA20160210_EPKMIBEH_00845	SA20153980_HPBJMGIL_03951	27.273	88	35	6	271	336	86	166	0.80	21.2
SA20160210_EPKMIBEH_00845	SA20153980_HPBJMGIL_03950	31.707	41	25	2	106	146	204	241	3.3	18.9
SA20153980_HPBJMGIL_03938	SA20153980_HPBJMGIL_03938	100.000	274	0	0	1	274	1	274	0.0	561
SA20153980_HPBJMGIL_03938	SA20153980_HPBJMGIL_03949	29.630	27	19	0	2	28	4	30	0.017	25.8
SA20153980_HPBJMGIL_03938	SA20153980_HPBJMGIL_03941	27.907	43	27	2	91	131	291	331	0.38	21.6
SA20153980_HPBJMGIL_03938	SA20153980_HPBJMGIL_03951	42.308	26	13	1	106	129	8	33	2.1	19.2
SA20153980_HPBJMGIL_03938	SA20153980_HPBJMGIL_03946	53.333	15	7	0	156	170	86	100	6.3	17.7
SA20153980_HPBJMGIL_03939	SA20153980_HPBJMGIL_03939	100.000	299	0	0	1	299	1	299	0.0	604
SA20153980_HPBJMGIL_03939	SA20153980_HPBJMGIL_03955	37.778	45	24	3	93	135	108	150	0.013	26.2
SA20153980_HPBJMGIL_03939	SA20153980_HPBJMGIL_03943	29.630	54	36	2	44	96	89	141	0.16	22.7
SA20153980_HPBJMGIL_03939	SA20153980_HPBJMGIL_03949	37.037	27	17	0	221	247	22	48	1.4	20.0
SA20153980_HPBJMGIL_03939	SA20153980_HPBJMGIL_03942	36.364	33	16	2	102	134	252	279	2.3	19.2
SA20153980_HPBJMGIL_03939	SA20153980_HPBJMGIL_03945	46.667	15	8	0	135	149	244	258	5.0	18.1
SA20153980_HPBJMGIL_03940	SA20153980_HPBJMGIL_03940	100.000	434	0	0	1	434	1	434	0.0	881
SA20153980_HPBJMGIL_03940	SA20153980_HPBJMGIL_03947	28.125	64	40	1	358	421	67	124	0.66	21.6
SA20153980_HPBJMGIL_03940	SA20153980_HPBJMGIL_03949	24.444	45	33	1	4	47	217	261	1.1	20.8
SA20153980_HPBJMGIL_03940	SA20153980_HPBJMGIL_03943	33.333	27	18	0	54	80	163	189	1.2	20.4
SA20153980_HPBJMGIL_03940	SA20153980_HPBJMGIL_03942	27.451	51	29	1	274	324	100	142	1.8	20.0
SA20153980_HPBJMGIL_03940	SA20153980_HPBJMGIL_03948	33.333	15	10	0	364	378	239	253	2.7	19.6
SA20153980_HPBJMGIL_03940	SA20153980_HPBJMGIL_03944	44.444	18	10	0	171	188	38	55	6.4	18.5
SA20153980_HPBJMGIL_03941	SA20153980_HPBJMGIL_03941	100.000	359	0	0	1	359	1	359	0.0	736
SA20153980_HPBJMGIL_03941	SA20153980_HPBJMGIL_03951	34.783	23	15	0	1	23	388	410	0.21	22.7
SA20153980_HPBJMGIL_03941	SA20153980_HPBJMGIL_03938	27.907	43	27	2	291	331	91	131	0.48	21.6
SA20153980_HPBJMGIL_03941	SA20153980_HPBJMGIL_03949	34.615	26	15	1	212	237	194	217	0.49	21.6
SA20153980_HPBJMGIL_03941	SA20153980_HPBJMGIL_03955	60.000	10	4	0	34	43	3	12	6.3	18.1
SA20153980_HPBJMGIL_03942	SA20153980_HPBJMGIL_03942	100.000	355	0	0	1	355	1	355	0.0	738
SA20153980_HPBJMGIL_03942	SA20153980_HPBJMGIL_03940	27.451	51	29	1	100	142	274	324	1.4	20.0
SA20153980_HPBJMGIL_03942	SA20153980_HPBJMGIL_03944	35.714	28	16	1	8	33	173	200	1.6	20.0
SA20153980_HPBJMGIL_03942	SA20153980_HPBJMGIL_03939	36.364	33	16	2	252	279	102	134	2.7	19.2
SA20153980_HPBJMGIL_03943	SA20153980_HPBJMGIL_03943	100.000	196	0	0	1	196	1	196	4.89e-152	410
SA20153980_HPBJMGIL_03943	SA20153980_HPBJMGIL_03939	29.630	54	36	2	89	141	44	96	0.11	22.7
SA20153980_HPBJMGIL_03943	SA20153980_HPBJMGIL_03940	33.333	27	18	0	163	189	54	80	0.54	20.4
SA20153980_HPBJMGIL_03943	SA20153980_HPBJMGIL_03955	26.364	110	52	6	20	121	4	92	1.4	19.2
SA20153980_HPBJMGIL_03943	SA20153980_HPBJMGIL_03945	21.951	41	32	0	22	62	185	225	5.1	17.3
SA20153980_HPBJMGIL_03943	SA20153980_HPBJMGIL_03950	35.294	17	11	0	86	102	166	182	5.6	17.3
SA20153980_HPBJMGIL_03944	SA20153980_HPBJMGIL_03944	100.000	245	0	0	1	245	1	245	0.0	490
SA20153980_HPBJMGIL_03944	SA20153980_HPBJMGIL_03945	28.261	230	151	7	2	223	6	229	2.57e-18	72.0
SA20153980_HPBJMGIL_03944	SA20153980_HPBJMGIL_03942	35.714	28	16	1	173	200	8	33	1.1	20.0
SA20153980_HPBJMGIL_03944	SA20153980_HPBJMGIL_03951	36.364	33	19	1	7	39	422	452	1.1	20.0
SA20153980_HPBJMGIL_03944	SA20153980_HPBJMGIL_03940	44.444	18	10	0	38	55	171	188	3.6	18.5
SA20153980_HPBJMGIL_03944	SA20153980_HPBJMGIL_03950	38.889	18	11	0	128	145	52	69	4.1	18.1
SA20153980_HPBJMGIL_03945	SA20153980_HPBJMGIL_03945	100.000	258	0	0	1	258	1	258	0.0	525
SA20153980_HPBJMGIL_03945	SA20153980_HPBJMGIL_03944	28.261	230	151	7	6	229	2	223	2.71e-18	72.0
SA20153980_HPBJMGIL_03945	SA20153980_HPBJMGIL_03951	28.571	84	53	3	142	219	372	454	0.14	22.7
SA20153980_HPBJMGIL_03945	SA20153980_HPBJMGIL_03939	46.667	15	8	0	244	258	135	149	4.3	18.1
SA20153980_HPBJMGIL_03945	SA20153980_HPBJMGIL_03952	45.455	11	6	0	202	212	4	14	6.4	17.7
SA20153980_HPBJMGIL_03945	SA20153980_HPBJMGIL_03943	21.951	41	32	0	185	225	22	62	6.7	17.3
SA20153980_HPBJMGIL_03946	SA20153980_HPBJMGIL_03946	100.000	203	0	0	1	203	1	203	3.72e-157	424
SA20153980_HPBJMGIL_03946	SA20153980_HPBJMGIL_03938	53.333	15	7	0	86	100	156	170	4.9	17.3
SA20153980_HPBJMGIL_03947	SA20153980_HPBJMGIL_03947	100.000	327	0	0	1	327	1	327	0.0	659
SA20153980_HPBJMGIL_03947	SA20153980_HPBJMGIL_03951	55.556	18	7	1	88	104	154	171	0.36	21.9
SA20153980_HPBJMGIL_03947	SA20153980_HPBJMGIL_03940	28.125	64	40	1	67	124	358	421	0.39	21.9
SA20153980_HPBJMGIL_03947	SA20153980_HPBJMGIL_03955	29.167	24	13	1	49	72	125	144	7.2	17.7
SA20153980_HPBJMGIL_03948	SA20153980_HPBJMGIL_03948	100.000	388	0	0	1	388	1	388	0.0	796
SA20153980_HPBJMGIL_03948	SA20153980_HPBJMGIL_03953	28.205	39	19	1	234	272	276	305	1.6	20.0
SA20153980_HPBJMGIL_03948	SA20153980_HPBJMGIL_03940	33.333	15	10	0	239	253	364	378	2.4	19.6
SA20153980_HPBJMGIL_03949	SA20153980_HPBJMGIL_03949	100.000	468	0	0	1	468	1	468	0.0	957
SA20153980_HPBJMGIL_03949	SA20153980_HPBJMGIL_03938	29.630	27	19	0	4	30	2	28	0.030	25.8
SA20153980_HPBJMGIL_03949	SA20153980_HPBJMGIL_03941	34.615	26	15	1	194	217	212	237	0.64	21.6
SA20153980_HPBJMGIL_03949	SA20153980_HPBJMGIL_03952	30.612	49	33	1	71	118	3	51	0.72	21.6
SA20153980_HPBJMGIL_03949	SA20153980_HPBJMGIL_03940	24.444	45	33	1	217	261	4	47	1.2	20.8
SA20153980_HPBJMGIL_03949	SA20153980_HPBJMGIL_03939	37.037	27	17	0	22	48	221	247	2.2	20.0
SA20153980_HPBJMGIL_03950	SA20153980_HPBJMGIL_03950	100.000	476	0	0	1	476	1	476	0.0	984
SA20153980_HPBJMGIL_03950	SA20153980_HPBJMGIL_03951	24.242	33	25	0	317	349	438	470	1.4	20.8
SA20153980_HPBJMGIL_03950	SA20153980_HPBJMGIL_03953	35.897	39	19	2	135	173	143	175	5.3	18.9
SA20153980_HPBJMGIL_03950	SA20153980_HPBJMGIL_03944	38.889	18	11	0	52	69	128	145	7.9	18.1
SA20153980_HPBJMGIL_03951	SA20153980_HPBJMGIL_03951	100.000	477	0	0	1	477	1	477	0.0	983
SA20153980_HPBJMGIL_03951	SA20153980_HPBJMGIL_03945	28.571	84	53	3	372	454	142	219	0.24	23.1
SA20153980_HPBJMGIL_03951	SA20153980_HPBJMGIL_03941	34.783	23	15	0	388	410	1	23	0.26	23.1
SA20153980_HPBJMGIL_03951	SA20153980_HPBJMGIL_03954	26.852	108	45	7	66	166	256	336	0.36	22.3
SA20153980_HPBJMGIL_03951	SA20153980_HPBJMGIL_03947	55.556	18	7	1	154	171	88	104	0.55	21.9
SA20153980_HPBJMGIL_03951	SA20153980_HPBJMGIL_03950	24.242	33	25	0	438	470	317	349	1.5	20.8
SA20153980_HPBJMGIL_03951	SA20153980_HPBJMGIL_03944	36.364	33	19	1	422	452	7	39	1.9	20.0
SA20153980_HPBJMGIL_03951	SA20153980_HPBJMGIL_03938	42.308	26	13	1	8	33	106	129	3.5	19.2
SA20153980_HPBJMGIL_03951	SA20153980_HPBJMGIL_03952	37.143	35	16	1	262	296	160	188	3.7	19.2
SA20153980_HPBJMGIL_03951	SA20153980_HPBJMGIL_03942	33.333	27	18	0	64	90	235	261	5.0	18.9
SA20153980_HPBJMGIL_03952	SA20153980_HPBJMGIL_03952	100.000	479	0	0	1	479	1	479	0.0	1003
SA20153980_HPBJMGIL_03952	SA20153980_HPBJMGIL_03953	41.667	24	14	0	431	454	17	40	0.20	23.1
SA20153980_HPBJMGIL_03952	SA20153980_HPBJMGIL_03949	30.612	49	33	1	3	51	71	118	0.73	21.6
SA20153980_HPBJMGIL_03952	SA20153980_HPBJMGIL_03951	37.143	35	16	1	160	188	262	296	3.9	19.2
SA20153980_HPBJMGIL_03953	SA20153980_HPBJMGIL_03953	100.000	314	0	0	1	314	1	314	0.0	655
SA20153980_HPBJMGIL_03953	SA20153980_HPBJMGIL_03952	41.667	24	14	0	17	40	431	454	0.13	23.1
SA20153980_HPBJMGIL_03953	SA20153980_HPBJMGIL_03948	28.205	39	19	1	276	305	234	272	1.3	20.0
SA20153980_HPBJMGIL_03953	SA20153980_HPBJMGIL_03950	35.897	39	19	2	143	175	135	173	3.5	18.9
SA20153980_HPBJMGIL_03954	SA20153980_HPBJMGIL_03954	100.000	353	0	0	1	353	1	353	0.0	729
SA20153980_HPBJMGIL_03954	SA20153980_HPBJMGIL_03951	27.273	88	35	6	271	336	86	166	0.80	21.2
SA20153980_HPBJMGIL_03954	SA20153980_HPBJMGIL_03950	53.846	13	5	1	8	19	420	432	9.6	17.7
SA20153980_HPBJMGIL_03955	SA20153980_HPBJMGIL_03955	100.000	285	0	0	1	285	1	285	0.0	583
SA20153980_HPBJMGIL_03955	SA20153980_HPBJMGIL_03939	37.778	45	24	3	108	150	93	135	0.013	26.2
SA20153980_HPBJMGIL_03955	SA20153980_HPBJMGIL_03943	26.364	110	52	6	4	92	20	121	2.0	19.2
SA20153980_HPBJMGIL_03955	SA20153980_HPBJMGIL_03941	60.000	10	4	0	3	12	34	43	5.0	18.1
SA20153980_HPBJMGIL_03955	SA20153980_HPBJMGIL_03947	29.167	24	13	1	125	144	49	72	6.7	17.7
SA20160210_EPKMIBEH_00829	SA20160210_EPKMIBEH_00829	100.000	274	0	0	1	274	1	274	0.0	561
SA20160210_EPKMIBEH_00829	SA20160210_EPKMIBEH_00840	29.630	27	19	0	2	28	4	30	0.016	25.8
SA20160210_EPKMIBEH_00829	SA20160210_EPKMIBEH_00832	27.907	43	27	2	91	131	291	331	0.36	21.6
SA20160210_EPKMIBEH_00829	SA20160210_EPKMIBEH_00842	42.308	26	13	1	106	129	8	33	2.0	19.2
SA20160210_EPKMIBEH_00829	SA20160210_EPKMIBEH_00837	53.333	15	7	0	156	170	86	100	6.0	17.7
SA20160210_EPKMIBEH_00830	SA20160210_EPKMIBEH_00830	100.000	299	0	0	1	299	1	299	0.0	604
SA20160210_EPKMIBEH_00830	SA20160210_EPKMIBEH_00834	29.630	54	36	2	44	96	89	141	0.16	22.7
SA20160210_EPKMIBEH_00830	SA20160210_EPKMIBEH_00840	37.037	27	17	0	221	247	22	48	1.4	20.0
SA20160210_EPKMIBEH_00830	SA20160210_EPKMIBEH_00833	36.364	33	16	2	102	134	252	279	2.2	19.2
SA20160210_EPKMIBEH_00830	SA20160210_EPKMIBEH_00836	46.667	15	8	0	135	149	244	258	4.8	18.1
SA20160210_EPKMIBEH_00830	SA20160210_EPKMIBEH_00845	42.105	19	6	1	41	59	278	291	9.9	17.3
SA20160210_EPKMIBEH_00831	SA20160210_EPKMIBEH_00831	100.000	434	0	0	1	434	1	434	0.0	881
SA20160210_EPKMIBEH_00831	SA20160210_EPKMIBEH_00838	28.125	64	40	1	358	421	67	124	0.63	21.6
SA20160210_EPKMIBEH_00831	SA20160210_EPKMIBEH_00840	24.444	45	33	1	4	47	217	261	1.1	20.8
SA20160210_EPKMIBEH_00831	SA20160210_EPKMIBEH_00834	33.333	27	18	0	54	80	163	189	1.1	20.4
SA20160210_EPKMIBEH_00831	SA20160210_EPKMIBEH_00833	27.451	51	29	1	274	324	100	142	1.7	20.0
SA20160210_EPKMIBEH_00831	SA20160210_EPKMIBEH_00839	33.333	15	10	0	364	378	239	253	2.5	19.6
SA20160210_EPKMIBEH_00831	SA20160210_EPKMIBEH_00835	44.444	18	10	0	171	188	38	55	6.1	18.5
SA20160210_EPKMIBEH_00832	SA20160210_EPKMIBEH_00832	100.000	359	0	0	1	359	1	359	0.0	736
SA20160210_EPKMIBEH_00832	SA20160210_EPKMIBEH_00842	34.783	23	15	0	1	23	388	410	0.20	22.7
SA20160210_EPKMIBEH_00832	SA20160210_EPKMIBEH_00829	27.907	43	27	2	291	331	91	131	0.46	21.6
SA20160210_EPKMIBEH_00832	SA20160210_EPKMIBEH_00840	34.615	26	15	1	212	237	194	217	0.47	21.6
SA20160210_EPKMIBEH_00833	SA20160210_EPKMIBEH_00833	100.000	355	0	0	1	355	1	355	0.0	738
SA20160210_EPKMIBEH_00833	SA20160210_EPKMIBEH_00831	27.451	51	29	1	100	142	274	324	1.4	20.0
SA20160210_EPKMIBEH_00833	SA20160210_EPKMIBEH_00835	35.714	28	16	1	8	33	173	200	1.6	20.0
SA20160210_EPKMIBEH_00833	SA20160210_EPKMIBEH_00830	36.364	33	16	2	252	279	102	134	2.6	19.2
SA20160210_EPKMIBEH_00834	SA20160210_EPKMIBEH_00834	100.000	196	0	0	1	196	1	196	4.66e-152	410
SA20160210_EPKMIBEH_00834	SA20160210_EPKMIBEH_00830	29.630	54	36	2	89	141	44	96	0.10	22.7
SA20160210_EPKMIBEH_00834	SA20160210_EPKMIBEH_00831	33.333	27	18	0	163	189	54	80	0.51	20.4
SA20160210_EPKMIBEH_00834	SA20160210_EPKMIBEH_00832	42.308	26	14	1	71	96	330	354	0.63	20.0
SA20160210_EPKMIBEH_00834	SA20160210_EPKMIBEH_00836	21.951	41	32	0	22	62	185	225	4.9	17.3
SA20160210_EPKMIBEH_00834	SA20160210_EPKMIBEH_00841	35.294	17	11	0	86	102	166	182	5.4	17.3
SA20160210_EPKMIBEH_00835	SA20160210_EPKMIBEH_00835	100.000	245	0	0	1	245	1	245	0.0	490
SA20160210_EPKMIBEH_00835	SA20160210_EPKMIBEH_00836	28.261	230	151	7	2	223	6	229	2.45e-18	72.0
SA20160210_EPKMIBEH_00835	SA20160210_EPKMIBEH_00833	35.714	28	16	1	173	200	8	33	1.1	20.0
SA20160210_EPKMIBEH_00835	SA20160210_EPKMIBEH_00842	36.364	33	19	1	7	39	422	452	1.1	20.0
SA20160210_EPKMIBEH_00835	SA20160210_EPKMIBEH_00831	44.444	18	10	0	38	55	171	188	3.5	18.5
SA20160210_EPKMIBEH_00835	SA20160210_EPKMIBEH_00841	38.889	18	11	0	128	145	52	69	3.9	18.1
SA20160210_EPKMIBEH_00836	SA20160210_EPKMIBEH_00836	100.000	258	0	0	1	258	1	258	0.0	525
SA20160210_EPKMIBEH_00836	SA20160210_EPKMIBEH_00835	28.261	230	151	7	6	229	2	223	2.58e-18	72.0
SA20160210_EPKMIBEH_00836	SA20160210_EPKMIBEH_00842	28.571	84	53	3	142	219	372	454	0.13	22.7
SA20160210_EPKMIBEH_00836	SA20160210_EPKMIBEH_00830	46.667	15	8	0	244	258	135	149	4.1	18.1
SA20160210_EPKMIBEH_00836	SA20160210_EPKMIBEH_00843	45.455	11	6	0	202	212	4	14	6.1	17.7
SA20160210_EPKMIBEH_00836	SA20160210_EPKMIBEH_00834	21.951	41	32	0	185	225	22	62	6.4	17.3
SA20160210_EPKMIBEH_00837	SA20160210_EPKMIBEH_00837	100.000	203	0	0	1	203	1	203	3.55e-157	424
SA20160210_EPKMIBEH_00837	SA20160210_EPKMIBEH_00829	53.333	15	7	0	86	100	156	170	4.6	17.3
SA20160210_EPKMIBEH_00838	SA20160210_EPKMIBEH_00838	100.000	327	0	0	1	327	1	327	0.0	659
SA20160210_EPKMIBEH_00838	SA20160210_EPKMIBEH_00842	55.556	18	7	1	88	104	154	171	0.34	21.9
SA20160210_EPKMIBEH_00838	SA20160210_EPKMIBEH_00831	28.125	64	40	1	67	124	358	421	0.37	21.9
SA20160210_EPKMIBEH_00839	SA20160210_EPKMIBEH_00839	100.000	388	0	0	1	388	1	388	0.0	796
SA20160210_EPKMIBEH_00839	SA20160210_EPKMIBEH_00844	28.205	39	19	1	234	272	276	305	1.5	20.0
SA20160210_EPKMIBEH_00839	SA20160210_EPKMIBEH_00831	33.333	15	10	0	239	253	364	378	2.3	19.6
SA20160210_EPKMIBEH_00840	SA20160210_EPKMIBEH_00840	100.000	468	0	0	1	468	1	468	0.0	957
SA20160210_EPKMIBEH_00840	SA20160210_EPKMIBEH_00829	29.630	27	19	0	4	30	2	28	0.029	25.8
SA20160210_EPKMIBEH_00840	SA20160210_EPKMIBEH_00832	34.615	26	15	1	194	217	212	237	0.61	21.6
SA20160210_EPKMIBEH_00840	SA20160210_EPKMIBEH_00843	30.612	49	33	1	71	118	3	51	0.69	21.6
SA20160210_EPKMIBEH_00840	SA20160210_EPKMIBEH_00831	24.444	45	33	1	217	261	4	47	1.1	20.8
SA20160210_EPKMIBEH_00840	SA20160210_EPKMIBEH_00830	37.037	27	17	0	22	48	221	247	2.1	20.0
SA20160210_EPKMIBEH_00841	SA20160210_EPKMIBEH_00841	100.000	476	0	0	1	476	1	476	0.0	984
SA20160210_EPKMIBEH_00841	SA20160210_EPKMIBEH_00842	24.242	33	25	0	317	349	438	470	1.4	20.8
SA20160210_EPKMIBEH_00841	SA20160210_EPKMIBEH_00844	35.897	39	19	2	135	173	143	175	5.0	18.9
SA20160210_EPKMIBEH_00841	SA20160210_EPKMIBEH_00835	38.889	18	11	0	52	69	128	145	7.5	18.1
SA20160210_EPKMIBEH_00842	SA20160210_EPKMIBEH_00842	100.000	477	0	0	1	477	1	477	0.0	983
SA20160210_EPKMIBEH_00842	SA20160210_EPKMIBEH_00836	28.571	84	53	3	372	454	142	219	0.23	23.1
SA20160210_EPKMIBEH_00842	SA20160210_EPKMIBEH_00832	34.783	23	15	0	388	410	1	23	0.25	23.1
SA20160210_EPKMIBEH_00842	SA20160210_EPKMIBEH_00845	26.852	108	45	7	66	166	256	336	0.34	22.3
SA20160210_EPKMIBEH_00842	SA20160210_EPKMIBEH_00838	55.556	18	7	1	154	171	88	104	0.52	21.9
SA20160210_EPKMIBEH_00842	SA20160210_EPKMIBEH_00841	24.242	33	25	0	438	470	317	349	1.4	20.8
SA20160210_EPKMIBEH_00842	SA20160210_EPKMIBEH_00835	36.364	33	19	1	422	452	7	39	1.9	20.0
SA20160210_EPKMIBEH_00842	SA20160210_EPKMIBEH_00829	42.308	26	13	1	8	33	106	129	3.3	19.2
SA20160210_EPKMIBEH_00842	SA20160210_EPKMIBEH_00843	37.143	35	16	1	262	296	160	188	3.5	19.2
SA20160210_EPKMIBEH_00842	SA20160210_EPKMIBEH_00833	33.333	27	18	0	64	90	235	261	4.7	18.9
SA20160210_EPKMIBEH_00843	SA20160210_EPKMIBEH_00843	100.000	479	0	0	1	479	1	479	0.0	1003
SA20160210_EPKMIBEH_00843	SA20160210_EPKMIBEH_00844	41.667	24	14	0	431	454	17	40	0.20	23.1
SA20160210_EPKMIBEH_00843	SA20160210_EPKMIBEH_00840	30.612	49	33	1	3	51	71	118	0.70	21.6
SA20160210_EPKMIBEH_00843	SA20160210_EPKMIBEH_00842	37.143	35	16	1	160	188	262	296	3.7	19.2
SA20160210_EPKMIBEH_00844	SA20160210_EPKMIBEH_00844	100.000	314	0	0	1	314	1	314	0.0	655
SA20160210_EPKMIBEH_00844	SA20160210_EPKMIBEH_00843	41.667	24	14	0	17	40	431	454	0.13	23.1
SA20160210_EPKMIBEH_00844	SA20160210_EPKMIBEH_00839	28.205	39	19	1	276	305	234	272	1.2	20.0
SA20160210_EPKMIBEH_00844	SA20160210_EPKMIBEH_00841	35.897	39	19	2	143	175	135	173	3.3	18.9
SA20160210_EPKMIBEH_00845	SA20160210_EPKMIBEH_00845	100.000	353	0	0	1	353	1	353	0.0	729
SA20160210_EPKMIBEH_00845	SA20160210_EPKMIBEH_00842	27.273	88	35	6	271	336	86	166	0.76	21.2
SA20160210_EPKMIBEH_00845	SA20160210_EPKMIBEH_00841	53.846	13	5	1	8	19	420	432	9.2	17.7
