SA20160200_AKBDPEOC_00828	SA20153980_HPBJMGIL_03938	100.000	274	0	0	1	274	1	274	0.0	561
SA20160200_AKBDPEOC_00828	SA20153980_HPBJMGIL_03949	29.630	27	19	0	2	28	4	30	0.017	25.8
SA20160200_AKBDPEOC_00828	SA20153980_HPBJMGIL_03941	27.907	43	27	2	91	131	291	331	0.38	21.6
SA20160200_AKBDPEOC_00828	SA20153980_HPBJMGIL_03951	42.308	26	13	1	106	129	8	33	2.1	19.2
SA20160200_AKBDPEOC_00828	SA20153980_HPBJMGIL_03946	53.333	15	7	0	156	170	86	100	6.3	17.7
SA20160200_AKBDPEOC_00829	SA20153980_HPBJMGIL_03939	100.000	299	0	0	1	299	1	299	0.0	604
SA20160200_AKBDPEOC_00829	SA20153980_HPBJMGIL_03955	37.778	45	24	3	93	135	108	150	0.013	26.2
SA20160200_AKBDPEOC_00829	SA20153980_HPBJMGIL_03943	29.630	54	36	2	44	96	89	141	0.16	22.7
SA20160200_AKBDPEOC_00829	SA20153980_HPBJMGIL_03949	37.037	27	17	0	221	247	22	48	1.4	20.0
SA20160200_AKBDPEOC_00829	SA20153980_HPBJMGIL_03942	36.364	33	16	2	102	134	252	279	2.3	19.2
SA20160200_AKBDPEOC_00829	SA20153980_HPBJMGIL_03945	46.667	15	8	0	135	149	244	258	5.0	18.1
SA20160200_AKBDPEOC_00830	SA20153980_HPBJMGIL_03940	100.000	434	0	0	1	434	1	434	0.0	881
SA20160200_AKBDPEOC_00830	SA20153980_HPBJMGIL_03947	28.125	64	40	1	358	421	67	124	0.66	21.6
SA20160200_AKBDPEOC_00830	SA20153980_HPBJMGIL_03949	24.444	45	33	1	4	47	217	261	1.1	20.8
SA20160200_AKBDPEOC_00830	SA20153980_HPBJMGIL_03943	33.333	27	18	0	54	80	163	189	1.2	20.4
SA20160200_AKBDPEOC_00830	SA20153980_HPBJMGIL_03942	27.451	51	29	1	274	324	100	142	1.8	20.0
SA20160200_AKBDPEOC_00830	SA20153980_HPBJMGIL_03948	33.333	15	10	0	364	378	239	253	2.7	19.6
SA20160200_AKBDPEOC_00830	SA20153980_HPBJMGIL_03944	44.444	18	10	0	171	188	38	55	6.4	18.5
SA20160200_AKBDPEOC_00831	SA20153980_HPBJMGIL_03941	100.000	359	0	0	1	359	1	359	0.0	736
SA20160200_AKBDPEOC_00831	SA20153980_HPBJMGIL_03951	34.783	23	15	0	1	23	388	410	0.21	22.7
SA20160200_AKBDPEOC_00831	SA20153980_HPBJMGIL_03938	27.907	43	27	2	291	331	91	131	0.48	21.6
SA20160200_AKBDPEOC_00831	SA20153980_HPBJMGIL_03949	34.615	26	15	1	212	237	194	217	0.49	21.6
SA20160200_AKBDPEOC_00831	SA20153980_HPBJMGIL_03943	42.308	26	14	1	330	354	71	96	1.2	20.0
SA20160200_AKBDPEOC_00831	SA20153980_HPBJMGIL_03955	60.000	10	4	0	34	43	3	12	6.3	18.1
SA20160200_AKBDPEOC_00832	SA20153980_HPBJMGIL_03942	100.000	355	0	0	1	355	1	355	0.0	738
SA20160200_AKBDPEOC_00832	SA20153980_HPBJMGIL_03940	27.451	51	29	1	100	142	274	324	1.4	20.0
SA20160200_AKBDPEOC_00832	SA20153980_HPBJMGIL_03944	35.714	28	16	1	8	33	173	200	1.6	20.0
SA20160200_AKBDPEOC_00832	SA20153980_HPBJMGIL_03939	36.364	33	16	2	252	279	102	134	2.7	19.2
SA20160200_AKBDPEOC_00833	SA20153980_HPBJMGIL_03943	100.000	196	0	0	1	196	1	196	4.89e-152	410
SA20160200_AKBDPEOC_00833	SA20153980_HPBJMGIL_03939	29.630	54	36	2	89	141	44	96	0.11	22.7
SA20160200_AKBDPEOC_00833	SA20153980_HPBJMGIL_03940	33.333	27	18	0	163	189	54	80	0.54	20.4
SA20160200_AKBDPEOC_00833	SA20153980_HPBJMGIL_03941	42.308	26	14	1	71	96	330	354	0.66	20.0
SA20160200_AKBDPEOC_00833	SA20153980_HPBJMGIL_03955	26.364	110	52	6	20	121	4	92	1.4	19.2
SA20160200_AKBDPEOC_00833	SA20153980_HPBJMGIL_03945	21.951	41	32	0	22	62	185	225	5.1	17.3
SA20160200_AKBDPEOC_00833	SA20153980_HPBJMGIL_03950	35.294	17	11	0	86	102	166	182	5.6	17.3
SA20160200_AKBDPEOC_00834	SA20153980_HPBJMGIL_03944	100.000	245	0	0	1	245	1	245	0.0	490
SA20160200_AKBDPEOC_00834	SA20153980_HPBJMGIL_03945	28.261	230	151	7	2	223	6	229	2.57e-18	72.0
SA20160200_AKBDPEOC_00834	SA20153980_HPBJMGIL_03942	35.714	28	16	1	173	200	8	33	1.1	20.0
SA20160200_AKBDPEOC_00834	SA20153980_HPBJMGIL_03951	36.364	33	19	1	7	39	422	452	1.1	20.0
SA20160200_AKBDPEOC_00834	SA20153980_HPBJMGIL_03940	44.444	18	10	0	38	55	171	188	3.6	18.5
SA20160200_AKBDPEOC_00834	SA20153980_HPBJMGIL_03950	38.889	18	11	0	128	145	52	69	4.1	18.1
SA20160200_AKBDPEOC_00834	SA20153980_HPBJMGIL_03947	25.000	76	40	3	99	171	79	140	6.1	17.7
SA20160200_AKBDPEOC_00835	SA20153980_HPBJMGIL_03945	100.000	258	0	0	1	258	1	258	0.0	525
SA20160200_AKBDPEOC_00835	SA20153980_HPBJMGIL_03944	28.261	230	151	7	6	229	2	223	2.71e-18	72.0
SA20160200_AKBDPEOC_00835	SA20153980_HPBJMGIL_03951	28.571	84	53	3	142	219	372	454	0.14	22.7
SA20160200_AKBDPEOC_00835	SA20153980_HPBJMGIL_03939	46.667	15	8	0	244	258	135	149	4.3	18.1
SA20160200_AKBDPEOC_00835	SA20153980_HPBJMGIL_03952	45.455	11	6	0	202	212	4	14	6.4	17.7
SA20160200_AKBDPEOC_00835	SA20153980_HPBJMGIL_03943	21.951	41	32	0	185	225	22	62	6.7	17.3
SA20160200_AKBDPEOC_00836	SA20153980_HPBJMGIL_03946	100.000	203	0	0	1	203	1	203	3.72e-157	424
SA20160200_AKBDPEOC_00836	SA20153980_HPBJMGIL_03938	53.333	15	7	0	86	100	156	170	4.9	17.3
SA20160200_AKBDPEOC_00837	SA20153980_HPBJMGIL_03947	100.000	327	0	0	1	327	1	327	0.0	659
SA20160200_AKBDPEOC_00837	SA20153980_HPBJMGIL_03951	55.556	18	7	1	88	104	154	171	0.36	21.9
SA20160200_AKBDPEOC_00837	SA20153980_HPBJMGIL_03940	28.125	64	40	1	67	124	358	421	0.39	21.9
SA20160200_AKBDPEOC_00837	SA20153980_HPBJMGIL_03955	29.167	24	13	1	49	72	125	144	7.2	17.7
SA20160200_AKBDPEOC_00837	SA20153980_HPBJMGIL_03944	25.000	76	40	3	79	140	99	171	8.4	17.3
SA20160200_AKBDPEOC_00838	SA20153980_HPBJMGIL_03948	100.000	388	0	0	1	388	1	388	0.0	796
SA20160200_AKBDPEOC_00838	SA20153980_HPBJMGIL_03953	28.205	39	19	1	234	272	276	305	1.6	20.0
SA20160200_AKBDPEOC_00838	SA20153980_HPBJMGIL_03950	27.273	66	44	3	133	194	122	187	2.0	20.0
SA20160200_AKBDPEOC_00838	SA20153980_HPBJMGIL_03940	33.333	15	10	0	239	253	364	378	2.4	19.6
SA20160200_AKBDPEOC_00839	SA20153980_HPBJMGIL_03949	100.000	468	0	0	1	468	1	468	0.0	957
SA20160200_AKBDPEOC_00839	SA20153980_HPBJMGIL_03938	29.630	27	19	0	4	30	2	28	0.030	25.8
SA20160200_AKBDPEOC_00839	SA20153980_HPBJMGIL_03941	34.615	26	15	1	194	217	212	237	0.64	21.6
SA20160200_AKBDPEOC_00839	SA20153980_HPBJMGIL_03952	30.612	49	33	1	71	118	3	51	0.72	21.6
SA20160200_AKBDPEOC_00839	SA20153980_HPBJMGIL_03940	24.444	45	33	1	217	261	4	47	1.2	20.8
SA20160200_AKBDPEOC_00839	SA20153980_HPBJMGIL_03939	37.037	27	17	0	22	48	221	247	2.2	20.0
SA20160200_AKBDPEOC_00840	SA20153980_HPBJMGIL_03950	100.000	476	0	0	1	476	1	476	0.0	984
SA20160200_AKBDPEOC_00840	SA20153980_HPBJMGIL_03951	24.242	33	25	0	317	349	438	470	1.4	20.8
SA20160200_AKBDPEOC_00840	SA20153980_HPBJMGIL_03948	27.273	66	44	3	122	187	133	194	2.5	20.0
SA20160200_AKBDPEOC_00840	SA20153980_HPBJMGIL_03954	31.707	41	25	2	204	241	106	146	4.4	18.9
SA20160200_AKBDPEOC_00840	SA20153980_HPBJMGIL_03953	35.897	39	19	2	135	173	143	175	5.3	18.9
SA20160200_AKBDPEOC_00840	SA20153980_HPBJMGIL_03944	38.889	18	11	0	52	69	128	145	7.9	18.1
SA20160200_AKBDPEOC_00841	SA20153980_HPBJMGIL_03951	100.000	477	0	0	1	477	1	477	0.0	983
SA20160200_AKBDPEOC_00841	SA20153980_HPBJMGIL_03945	28.571	84	53	3	372	454	142	219	0.24	23.1
SA20160200_AKBDPEOC_00841	SA20153980_HPBJMGIL_03941	34.783	23	15	0	388	410	1	23	0.26	23.1
SA20160200_AKBDPEOC_00841	SA20153980_HPBJMGIL_03954	26.852	108	45	7	66	166	256	336	0.36	22.3
SA20160200_AKBDPEOC_00841	SA20153980_HPBJMGIL_03947	55.556	18	7	1	154	171	88	104	0.55	21.9
SA20160200_AKBDPEOC_00841	SA20153980_HPBJMGIL_03950	24.242	33	25	0	438	470	317	349	1.5	20.8
SA20160200_AKBDPEOC_00841	SA20153980_HPBJMGIL_03944	36.364	33	19	1	422	452	7	39	1.9	20.0
SA20160200_AKBDPEOC_00841	SA20153980_HPBJMGIL_03938	42.308	26	13	1	8	33	106	129	3.5	19.2
SA20160200_AKBDPEOC_00841	SA20153980_HPBJMGIL_03952	37.143	35	16	1	262	296	160	188	3.7	19.2
SA20160200_AKBDPEOC_00841	SA20153980_HPBJMGIL_03942	33.333	27	18	0	64	90	235	261	5.0	18.9
SA20160200_AKBDPEOC_00842	SA20153980_HPBJMGIL_03952	100.000	479	0	0	1	479	1	479	0.0	1003
SA20160200_AKBDPEOC_00842	SA20153980_HPBJMGIL_03953	41.667	24	14	0	431	454	17	40	0.20	23.1
SA20160200_AKBDPEOC_00842	SA20153980_HPBJMGIL_03949	30.612	49	33	1	3	51	71	118	0.73	21.6
SA20160200_AKBDPEOC_00842	SA20153980_HPBJMGIL_03951	37.143	35	16	1	160	188	262	296	3.9	19.2
SA20160200_AKBDPEOC_00843	SA20153980_HPBJMGIL_03953	100.000	314	0	0	1	314	1	314	0.0	655
SA20160200_AKBDPEOC_00843	SA20153980_HPBJMGIL_03952	41.667	24	14	0	17	40	431	454	0.13	23.1
SA20160200_AKBDPEOC_00843	SA20153980_HPBJMGIL_03948	28.205	39	19	1	276	305	234	272	1.3	20.0
SA20160200_AKBDPEOC_00843	SA20153980_HPBJMGIL_03950	35.897	39	19	2	143	175	135	173	3.5	18.9
SA20160200_AKBDPEOC_00844	SA20153980_HPBJMGIL_03954	100.000	353	0	0	1	353	1	353	0.0	729
SA20160200_AKBDPEOC_00844	SA20153980_HPBJMGIL_03951	27.273	88	35	6	271	336	86	166	0.80	21.2
SA20160200_AKBDPEOC_00844	SA20153980_HPBJMGIL_03950	31.707	41	25	2	106	146	204	241	3.3	18.9
SA20160200_AKBDPEOC_00845	SA20153980_HPBJMGIL_03955	100.000	285	0	0	49	333	1	285	0.0	585
SA20160200_AKBDPEOC_00845	SA20153980_HPBJMGIL_03953	29.268	123	79	5	1	121	1	117	4.98e-04	30.8
SA20160200_AKBDPEOC_00845	SA20153980_HPBJMGIL_03939	37.778	45	24	3	156	198	93	135	0.012	26.6
SA20160200_AKBDPEOC_00845	SA20153980_HPBJMGIL_03941	29.688	64	38	3	3	62	106	166	0.91	20.8
SA20160200_AKBDPEOC_00845	SA20153980_HPBJMGIL_03943	26.364	110	52	6	52	140	20	121	2.2	19.2
SA20160200_AKBDPEOC_00845	SA20153980_HPBJMGIL_03949	46.154	13	7	0	7	19	52	64	4.9	18.5
SA20160200_AKBDPEOC_00845	SA20153980_HPBJMGIL_03947	29.167	24	13	1	173	192	49	72	7.5	17.7
SA20160200_AKBDPEOC_00846	SA20153980_HPBJMGIL_03952	22.500	80	43	3	129	202	246	312	0.49	21.6
SA20160200_AKBDPEOC_00846	SA20153980_HPBJMGIL_03944	42.857	21	11	1	62	81	155	175	1.9	19.2
SA20160200_AKBDPEOC_00846	SA20153980_HPBJMGIL_03954	36.364	11	7	0	228	238	207	217	5.6	18.1
SA20160200_AKBDPEOC_00846	SA20153980_HPBJMGIL_03953	45.455	11	6	0	201	211	56	66	7.0	17.7
SA20160200_AKBDPEOC_00846	SA20153980_HPBJMGIL_03951	23.009	113	55	5	24	119	319	416	7.3	17.7
SA20160200_AKBDPEOC_00847	SA20153980_HPBJMGIL_03938	21.138	123	81	3	101	218	94	205	0.001	29.3
SA20160200_AKBDPEOC_00847	SA20153980_HPBJMGIL_03939	26.667	60	44	0	14	73	14	73	1.5	19.6
SA20160200_AKBDPEOC_00847	SA20153980_HPBJMGIL_03947	26.667	60	40	2	208	267	104	159	2.9	18.9
SA20160200_AKBDPEOC_00847	SA20153980_HPBJMGIL_03945	22.727	88	63	3	171	255	149	234	7.0	17.7
SA20160200_AKBDPEOC_00847	SA20153980_HPBJMGIL_03951	25.641	39	29	0	10	48	20	58	8.9	17.3
SA20160200_AKBDPEOC_00847	SA20153980_HPBJMGIL_03948	38.095	21	13	0	143	163	331	351	9.8	17.3
SA20160200_AKBDPEOC_00848	SA20153980_HPBJMGIL_03954	29.730	37	26	0	52	88	30	66	0.28	22.7
SA20160200_AKBDPEOC_00848	SA20153980_HPBJMGIL_03944	31.034	29	20	0	330	358	45	73	3.8	18.9
SA20160200_AKBDPEOC_00848	SA20153980_HPBJMGIL_03941	32.258	31	19	1	301	331	267	295	6.3	18.5
SA20160200_AKBDPEOC_00848	SA20153980_HPBJMGIL_03950	54.545	11	5	0	141	151	247	257	9.3	18.1
SA20153980_HPBJMGIL_03938	SA20153980_HPBJMGIL_03938	100.000	274	0	0	1	274	1	274	0.0	561
SA20153980_HPBJMGIL_03938	SA20153980_HPBJMGIL_03949	29.630	27	19	0	2	28	4	30	0.017	25.8
SA20153980_HPBJMGIL_03938	SA20153980_HPBJMGIL_03941	27.907	43	27	2	91	131	291	331	0.38	21.6
SA20153980_HPBJMGIL_03938	SA20153980_HPBJMGIL_03951	42.308	26	13	1	106	129	8	33	2.1	19.2
SA20153980_HPBJMGIL_03938	SA20153980_HPBJMGIL_03946	53.333	15	7	0	156	170	86	100	6.3	17.7
SA20153980_HPBJMGIL_03939	SA20153980_HPBJMGIL_03939	100.000	299	0	0	1	299	1	299	0.0	604
SA20153980_HPBJMGIL_03939	SA20153980_HPBJMGIL_03955	37.778	45	24	3	93	135	108	150	0.013	26.2
SA20153980_HPBJMGIL_03939	SA20153980_HPBJMGIL_03943	29.630	54	36	2	44	96	89	141	0.16	22.7
SA20153980_HPBJMGIL_03939	SA20153980_HPBJMGIL_03949	37.037	27	17	0	221	247	22	48	1.4	20.0
SA20153980_HPBJMGIL_03939	SA20153980_HPBJMGIL_03942	36.364	33	16	2	102	134	252	279	2.3	19.2
SA20153980_HPBJMGIL_03939	SA20153980_HPBJMGIL_03945	46.667	15	8	0	135	149	244	258	5.0	18.1
SA20153980_HPBJMGIL_03940	SA20153980_HPBJMGIL_03940	100.000	434	0	0	1	434	1	434	0.0	881
SA20153980_HPBJMGIL_03940	SA20153980_HPBJMGIL_03947	28.125	64	40	1	358	421	67	124	0.66	21.6
SA20153980_HPBJMGIL_03940	SA20153980_HPBJMGIL_03949	24.444	45	33	1	4	47	217	261	1.1	20.8
SA20153980_HPBJMGIL_03940	SA20153980_HPBJMGIL_03943	33.333	27	18	0	54	80	163	189	1.2	20.4
SA20153980_HPBJMGIL_03940	SA20153980_HPBJMGIL_03942	27.451	51	29	1	274	324	100	142	1.8	20.0
SA20153980_HPBJMGIL_03940	SA20153980_HPBJMGIL_03948	33.333	15	10	0	364	378	239	253	2.7	19.6
SA20153980_HPBJMGIL_03940	SA20153980_HPBJMGIL_03944	44.444	18	10	0	171	188	38	55	6.4	18.5
SA20153980_HPBJMGIL_03941	SA20153980_HPBJMGIL_03941	100.000	359	0	0	1	359	1	359	0.0	736
SA20153980_HPBJMGIL_03941	SA20153980_HPBJMGIL_03951	34.783	23	15	0	1	23	388	410	0.21	22.7
SA20153980_HPBJMGIL_03941	SA20153980_HPBJMGIL_03938	27.907	43	27	2	291	331	91	131	0.48	21.6
SA20153980_HPBJMGIL_03941	SA20153980_HPBJMGIL_03949	34.615	26	15	1	212	237	194	217	0.49	21.6
SA20153980_HPBJMGIL_03941	SA20153980_HPBJMGIL_03955	60.000	10	4	0	34	43	3	12	6.3	18.1
SA20153980_HPBJMGIL_03942	SA20153980_HPBJMGIL_03942	100.000	355	0	0	1	355	1	355	0.0	738
SA20153980_HPBJMGIL_03942	SA20153980_HPBJMGIL_03940	27.451	51	29	1	100	142	274	324	1.4	20.0
SA20153980_HPBJMGIL_03942	SA20153980_HPBJMGIL_03944	35.714	28	16	1	8	33	173	200	1.6	20.0
SA20153980_HPBJMGIL_03942	SA20153980_HPBJMGIL_03939	36.364	33	16	2	252	279	102	134	2.7	19.2
SA20153980_HPBJMGIL_03943	SA20153980_HPBJMGIL_03943	100.000	196	0	0	1	196	1	196	4.89e-152	410
SA20153980_HPBJMGIL_03943	SA20153980_HPBJMGIL_03939	29.630	54	36	2	89	141	44	96	0.11	22.7
SA20153980_HPBJMGIL_03943	SA20153980_HPBJMGIL_03940	33.333	27	18	0	163	189	54	80	0.54	20.4
SA20153980_HPBJMGIL_03943	SA20153980_HPBJMGIL_03955	26.364	110	52	6	20	121	4	92	1.4	19.2
SA20153980_HPBJMGIL_03943	SA20153980_HPBJMGIL_03945	21.951	41	32	0	22	62	185	225	5.1	17.3
SA20153980_HPBJMGIL_03943	SA20153980_HPBJMGIL_03950	35.294	17	11	0	86	102	166	182	5.6	17.3
SA20153980_HPBJMGIL_03944	SA20153980_HPBJMGIL_03944	100.000	245	0	0	1	245	1	245	0.0	490
SA20153980_HPBJMGIL_03944	SA20153980_HPBJMGIL_03945	28.261	230	151	7	2	223	6	229	2.57e-18	72.0
SA20153980_HPBJMGIL_03944	SA20153980_HPBJMGIL_03942	35.714	28	16	1	173	200	8	33	1.1	20.0
SA20153980_HPBJMGIL_03944	SA20153980_HPBJMGIL_03951	36.364	33	19	1	7	39	422	452	1.1	20.0
SA20153980_HPBJMGIL_03944	SA20153980_HPBJMGIL_03940	44.444	18	10	0	38	55	171	188	3.6	18.5
SA20153980_HPBJMGIL_03944	SA20153980_HPBJMGIL_03950	38.889	18	11	0	128	145	52	69	4.1	18.1
SA20153980_HPBJMGIL_03945	SA20153980_HPBJMGIL_03945	100.000	258	0	0	1	258	1	258	0.0	525
SA20153980_HPBJMGIL_03945	SA20153980_HPBJMGIL_03944	28.261	230	151	7	6	229	2	223	2.71e-18	72.0
SA20153980_HPBJMGIL_03945	SA20153980_HPBJMGIL_03951	28.571	84	53	3	142	219	372	454	0.14	22.7
SA20153980_HPBJMGIL_03945	SA20153980_HPBJMGIL_03939	46.667	15	8	0	244	258	135	149	4.3	18.1
SA20153980_HPBJMGIL_03945	SA20153980_HPBJMGIL_03952	45.455	11	6	0	202	212	4	14	6.4	17.7
SA20153980_HPBJMGIL_03945	SA20153980_HPBJMGIL_03943	21.951	41	32	0	185	225	22	62	6.7	17.3
SA20153980_HPBJMGIL_03946	SA20153980_HPBJMGIL_03946	100.000	203	0	0	1	203	1	203	3.72e-157	424
SA20153980_HPBJMGIL_03946	SA20153980_HPBJMGIL_03938	53.333	15	7	0	86	100	156	170	4.9	17.3
SA20153980_HPBJMGIL_03947	SA20153980_HPBJMGIL_03947	100.000	327	0	0	1	327	1	327	0.0	659
SA20153980_HPBJMGIL_03947	SA20153980_HPBJMGIL_03951	55.556	18	7	1	88	104	154	171	0.36	21.9
SA20153980_HPBJMGIL_03947	SA20153980_HPBJMGIL_03940	28.125	64	40	1	67	124	358	421	0.39	21.9
SA20153980_HPBJMGIL_03947	SA20153980_HPBJMGIL_03955	29.167	24	13	1	49	72	125	144	7.2	17.7
SA20153980_HPBJMGIL_03948	SA20153980_HPBJMGIL_03948	100.000	388	0	0	1	388	1	388	0.0	796
SA20153980_HPBJMGIL_03948	SA20153980_HPBJMGIL_03953	28.205	39	19	1	234	272	276	305	1.6	20.0
SA20153980_HPBJMGIL_03948	SA20153980_HPBJMGIL_03940	33.333	15	10	0	239	253	364	378	2.4	19.6
SA20153980_HPBJMGIL_03949	SA20153980_HPBJMGIL_03949	100.000	468	0	0	1	468	1	468	0.0	957
SA20153980_HPBJMGIL_03949	SA20153980_HPBJMGIL_03938	29.630	27	19	0	4	30	2	28	0.030	25.8
SA20153980_HPBJMGIL_03949	SA20153980_HPBJMGIL_03941	34.615	26	15	1	194	217	212	237	0.64	21.6
SA20153980_HPBJMGIL_03949	SA20153980_HPBJMGIL_03952	30.612	49	33	1	71	118	3	51	0.72	21.6
SA20153980_HPBJMGIL_03949	SA20153980_HPBJMGIL_03940	24.444	45	33	1	217	261	4	47	1.2	20.8
SA20153980_HPBJMGIL_03949	SA20153980_HPBJMGIL_03939	37.037	27	17	0	22	48	221	247	2.2	20.0
SA20153980_HPBJMGIL_03950	SA20153980_HPBJMGIL_03950	100.000	476	0	0	1	476	1	476	0.0	984
SA20153980_HPBJMGIL_03950	SA20153980_HPBJMGIL_03951	24.242	33	25	0	317	349	438	470	1.4	20.8
SA20153980_HPBJMGIL_03950	SA20153980_HPBJMGIL_03953	35.897	39	19	2	135	173	143	175	5.3	18.9
SA20153980_HPBJMGIL_03950	SA20153980_HPBJMGIL_03944	38.889	18	11	0	52	69	128	145	7.9	18.1
SA20153980_HPBJMGIL_03951	SA20153980_HPBJMGIL_03951	100.000	477	0	0	1	477	1	477	0.0	983
SA20153980_HPBJMGIL_03951	SA20153980_HPBJMGIL_03945	28.571	84	53	3	372	454	142	219	0.24	23.1
SA20153980_HPBJMGIL_03951	SA20153980_HPBJMGIL_03941	34.783	23	15	0	388	410	1	23	0.26	23.1
SA20153980_HPBJMGIL_03951	SA20153980_HPBJMGIL_03954	26.852	108	45	7	66	166	256	336	0.36	22.3
SA20153980_HPBJMGIL_03951	SA20153980_HPBJMGIL_03947	55.556	18	7	1	154	171	88	104	0.55	21.9
SA20153980_HPBJMGIL_03951	SA20153980_HPBJMGIL_03950	24.242	33	25	0	438	470	317	349	1.5	20.8
SA20153980_HPBJMGIL_03951	SA20153980_HPBJMGIL_03944	36.364	33	19	1	422	452	7	39	1.9	20.0
SA20153980_HPBJMGIL_03951	SA20153980_HPBJMGIL_03938	42.308	26	13	1	8	33	106	129	3.5	19.2
SA20153980_HPBJMGIL_03951	SA20153980_HPBJMGIL_03952	37.143	35	16	1	262	296	160	188	3.7	19.2
SA20153980_HPBJMGIL_03951	SA20153980_HPBJMGIL_03942	33.333	27	18	0	64	90	235	261	5.0	18.9
SA20153980_HPBJMGIL_03952	SA20153980_HPBJMGIL_03952	100.000	479	0	0	1	479	1	479	0.0	1003
SA20153980_HPBJMGIL_03952	SA20153980_HPBJMGIL_03953	41.667	24	14	0	431	454	17	40	0.20	23.1
SA20153980_HPBJMGIL_03952	SA20153980_HPBJMGIL_03949	30.612	49	33	1	3	51	71	118	0.73	21.6
SA20153980_HPBJMGIL_03952	SA20153980_HPBJMGIL_03951	37.143	35	16	1	160	188	262	296	3.9	19.2
SA20153980_HPBJMGIL_03953	SA20153980_HPBJMGIL_03953	100.000	314	0	0	1	314	1	314	0.0	655
SA20153980_HPBJMGIL_03953	SA20153980_HPBJMGIL_03952	41.667	24	14	0	17	40	431	454	0.13	23.1
SA20153980_HPBJMGIL_03953	SA20153980_HPBJMGIL_03948	28.205	39	19	1	276	305	234	272	1.3	20.0
SA20153980_HPBJMGIL_03953	SA20153980_HPBJMGIL_03950	35.897	39	19	2	143	175	135	173	3.5	18.9
SA20153980_HPBJMGIL_03954	SA20153980_HPBJMGIL_03954	100.000	353	0	0	1	353	1	353	0.0	729
SA20153980_HPBJMGIL_03954	SA20153980_HPBJMGIL_03951	27.273	88	35	6	271	336	86	166	0.80	21.2
SA20153980_HPBJMGIL_03954	SA20153980_HPBJMGIL_03950	53.846	13	5	1	8	19	420	432	9.6	17.7
SA20153980_HPBJMGIL_03955	SA20153980_HPBJMGIL_03955	100.000	285	0	0	1	285	1	285	0.0	583
SA20153980_HPBJMGIL_03955	SA20153980_HPBJMGIL_03939	37.778	45	24	3	108	150	93	135	0.013	26.2
SA20153980_HPBJMGIL_03955	SA20153980_HPBJMGIL_03943	26.364	110	52	6	4	92	20	121	2.0	19.2
SA20153980_HPBJMGIL_03955	SA20153980_HPBJMGIL_03941	60.000	10	4	0	3	12	34	43	5.0	18.1
SA20153980_HPBJMGIL_03955	SA20153980_HPBJMGIL_03947	29.167	24	13	1	125	144	49	72	6.7	17.7
SA20160200_AKBDPEOC_00828	SA20160200_AKBDPEOC_00828	100.000	274	0	0	1	274	1	274	0.0	561
SA20160200_AKBDPEOC_00828	SA20160200_AKBDPEOC_00847	21.138	123	81	3	94	205	101	218	0.001	29.3
SA20160200_AKBDPEOC_00828	SA20160200_AKBDPEOC_00839	29.630	27	19	0	2	28	4	30	0.020	25.8
SA20160200_AKBDPEOC_00828	SA20160200_AKBDPEOC_00831	27.907	43	27	2	91	131	291	331	0.44	21.6
SA20160200_AKBDPEOC_00828	SA20160200_AKBDPEOC_00841	42.308	26	13	1	106	129	8	33	2.4	19.2
SA20160200_AKBDPEOC_00828	SA20160200_AKBDPEOC_00836	53.333	15	7	0	156	170	86	100	7.4	17.7
SA20160200_AKBDPEOC_00828	SA20160200_AKBDPEOC_00848	27.907	43	27	1	228	266	373	415	9.8	17.3
SA20160200_AKBDPEOC_00829	SA20160200_AKBDPEOC_00829	100.000	299	0	0	1	299	1	299	0.0	604
SA20160200_AKBDPEOC_00829	SA20160200_AKBDPEOC_00845	37.778	45	24	3	93	135	156	198	0.012	26.6
SA20160200_AKBDPEOC_00829	SA20160200_AKBDPEOC_00833	29.630	54	36	2	44	96	89	141	0.19	22.7
SA20160200_AKBDPEOC_00829	SA20160200_AKBDPEOC_00839	37.037	27	17	0	221	247	22	48	1.7	20.0
SA20160200_AKBDPEOC_00829	SA20160200_AKBDPEOC_00847	26.667	60	44	0	14	73	14	73	1.7	19.6
SA20160200_AKBDPEOC_00829	SA20160200_AKBDPEOC_00832	36.364	33	16	2	102	134	252	279	2.7	19.2
SA20160200_AKBDPEOC_00829	SA20160200_AKBDPEOC_00835	46.667	15	8	0	135	149	244	258	5.9	18.1
SA20160200_AKBDPEOC_00830	SA20160200_AKBDPEOC_00830	100.000	434	0	0	1	434	1	434	0.0	881
SA20160200_AKBDPEOC_00830	SA20160200_AKBDPEOC_00837	28.125	64	40	1	358	421	67	124	0.78	21.6
SA20160200_AKBDPEOC_00830	SA20160200_AKBDPEOC_00839	24.444	45	33	1	4	47	217	261	1.3	20.8
SA20160200_AKBDPEOC_00830	SA20160200_AKBDPEOC_00833	33.333	27	18	0	54	80	163	189	1.4	20.4
SA20160200_AKBDPEOC_00830	SA20160200_AKBDPEOC_00832	27.451	51	29	1	274	324	100	142	2.1	20.0
SA20160200_AKBDPEOC_00830	SA20160200_AKBDPEOC_00838	33.333	15	10	0	364	378	239	253	3.1	19.6
SA20160200_AKBDPEOC_00830	SA20160200_AKBDPEOC_00834	44.444	18	10	0	171	188	38	55	7.5	18.5
SA20160200_AKBDPEOC_00831	SA20160200_AKBDPEOC_00831	100.000	359	0	0	1	359	1	359	0.0	736
SA20160200_AKBDPEOC_00831	SA20160200_AKBDPEOC_00841	34.783	23	15	0	1	23	388	410	0.24	22.7
SA20160200_AKBDPEOC_00831	SA20160200_AKBDPEOC_00828	27.907	43	27	2	291	331	91	131	0.57	21.6
SA20160200_AKBDPEOC_00831	SA20160200_AKBDPEOC_00839	34.615	26	15	1	212	237	194	217	0.58	21.6
SA20160200_AKBDPEOC_00831	SA20160200_AKBDPEOC_00845	29.688	64	38	3	106	166	3	62	1.1	20.8
SA20160200_AKBDPEOC_00831	SA20160200_AKBDPEOC_00848	32.258	31	19	1	267	295	301	331	6.1	18.5
SA20160200_AKBDPEOC_00832	SA20160200_AKBDPEOC_00832	100.000	355	0	0	1	355	1	355	0.0	738
SA20160200_AKBDPEOC_00832	SA20160200_AKBDPEOC_00830	27.451	51	29	1	100	142	274	324	1.7	20.0
SA20160200_AKBDPEOC_00832	SA20160200_AKBDPEOC_00834	35.714	28	16	1	8	33	173	200	1.9	20.0
SA20160200_AKBDPEOC_00832	SA20160200_AKBDPEOC_00829	36.364	33	16	2	252	279	102	134	3.2	19.2
SA20160200_AKBDPEOC_00833	SA20160200_AKBDPEOC_00833	100.000	196	0	0	1	196	1	196	5.75e-152	410
SA20160200_AKBDPEOC_00833	SA20160200_AKBDPEOC_00829	29.630	54	36	2	89	141	44	96	0.13	22.7
SA20160200_AKBDPEOC_00833	SA20160200_AKBDPEOC_00830	33.333	27	18	0	163	189	54	80	0.63	20.4
SA20160200_AKBDPEOC_00833	SA20160200_AKBDPEOC_00845	26.364	110	52	6	20	121	52	140	1.5	19.2
SA20160200_AKBDPEOC_00833	SA20160200_AKBDPEOC_00835	21.951	41	32	0	22	62	185	225	6.0	17.3
SA20160200_AKBDPEOC_00833	SA20160200_AKBDPEOC_00840	35.294	17	11	0	86	102	166	182	6.6	17.3
SA20160200_AKBDPEOC_00834	SA20160200_AKBDPEOC_00834	100.000	245	0	0	1	245	1	245	0.0	490
SA20160200_AKBDPEOC_00834	SA20160200_AKBDPEOC_00835	28.261	230	151	7	2	223	6	229	3.02e-18	72.0
SA20160200_AKBDPEOC_00834	SA20160200_AKBDPEOC_00832	35.714	28	16	1	173	200	8	33	1.3	20.0
SA20160200_AKBDPEOC_00834	SA20160200_AKBDPEOC_00841	36.364	33	19	1	7	39	422	452	1.3	20.0
SA20160200_AKBDPEOC_00834	SA20160200_AKBDPEOC_00846	42.857	21	11	1	155	175	62	81	1.8	19.2
SA20160200_AKBDPEOC_00834	SA20160200_AKBDPEOC_00848	31.034	29	20	0	45	73	330	358	2.5	18.9
SA20160200_AKBDPEOC_00834	SA20160200_AKBDPEOC_00830	44.444	18	10	0	38	55	171	188	4.3	18.5
SA20160200_AKBDPEOC_00834	SA20160200_AKBDPEOC_00840	38.889	18	11	0	128	145	52	69	4.8	18.1
SA20160200_AKBDPEOC_00835	SA20160200_AKBDPEOC_00835	100.000	258	0	0	1	258	1	258	0.0	525
SA20160200_AKBDPEOC_00835	SA20160200_AKBDPEOC_00834	28.261	230	151	7	6	229	2	223	3.18e-18	72.0
SA20160200_AKBDPEOC_00835	SA20160200_AKBDPEOC_00841	28.571	84	53	3	142	219	372	454	0.16	22.7
SA20160200_AKBDPEOC_00835	SA20160200_AKBDPEOC_00829	46.667	15	8	0	244	258	135	149	5.1	18.1
SA20160200_AKBDPEOC_00835	SA20160200_AKBDPEOC_00842	45.455	11	6	0	202	212	4	14	7.5	17.7
SA20160200_AKBDPEOC_00835	SA20160200_AKBDPEOC_00833	21.951	41	32	0	185	225	22	62	7.9	17.3
SA20160200_AKBDPEOC_00836	SA20160200_AKBDPEOC_00836	100.000	203	0	0	1	203	1	203	4.38e-157	424
SA20160200_AKBDPEOC_00836	SA20160200_AKBDPEOC_00848	83.333	6	1	0	78	83	254	259	5.6	17.7
SA20160200_AKBDPEOC_00836	SA20160200_AKBDPEOC_00828	53.333	15	7	0	86	100	156	170	5.7	17.3
SA20160200_AKBDPEOC_00837	SA20160200_AKBDPEOC_00837	100.000	327	0	0	1	327	1	327	0.0	659
SA20160200_AKBDPEOC_00837	SA20160200_AKBDPEOC_00841	55.556	18	7	1	88	104	154	171	0.42	21.9
SA20160200_AKBDPEOC_00837	SA20160200_AKBDPEOC_00830	28.125	64	40	1	67	124	358	421	0.45	21.9
SA20160200_AKBDPEOC_00837	SA20160200_AKBDPEOC_00847	26.667	60	40	2	104	159	208	267	4.2	18.9
SA20160200_AKBDPEOC_00837	SA20160200_AKBDPEOC_00845	29.167	24	13	1	49	72	173	192	8.0	17.7
SA20160200_AKBDPEOC_00838	SA20160200_AKBDPEOC_00838	100.000	388	0	0	1	388	1	388	0.0	796
SA20160200_AKBDPEOC_00838	SA20160200_AKBDPEOC_00843	28.205	39	19	1	234	272	276	305	1.8	20.0
SA20160200_AKBDPEOC_00838	SA20160200_AKBDPEOC_00830	33.333	15	10	0	239	253	364	378	2.8	19.6
SA20160200_AKBDPEOC_00839	SA20160200_AKBDPEOC_00839	100.000	468	0	0	1	468	1	468	0.0	957
SA20160200_AKBDPEOC_00839	SA20160200_AKBDPEOC_00828	29.630	27	19	0	4	30	2	28	0.036	25.8
SA20160200_AKBDPEOC_00839	SA20160200_AKBDPEOC_00831	34.615	26	15	1	194	217	212	237	0.75	21.6
SA20160200_AKBDPEOC_00839	SA20160200_AKBDPEOC_00842	30.612	49	33	1	71	118	3	51	0.84	21.6
SA20160200_AKBDPEOC_00839	SA20160200_AKBDPEOC_00830	24.444	45	33	1	217	261	4	47	1.4	20.8
SA20160200_AKBDPEOC_00839	SA20160200_AKBDPEOC_00829	37.037	27	17	0	22	48	221	247	2.6	20.0
SA20160200_AKBDPEOC_00839	SA20160200_AKBDPEOC_00845	46.154	13	7	0	52	64	7	19	8.1	18.5
SA20160200_AKBDPEOC_00840	SA20160200_AKBDPEOC_00840	100.000	476	0	0	1	476	1	476	0.0	984
SA20160200_AKBDPEOC_00840	SA20160200_AKBDPEOC_00841	24.242	33	25	0	317	349	438	470	1.7	20.8
SA20160200_AKBDPEOC_00840	SA20160200_AKBDPEOC_00843	35.897	39	19	2	135	173	143	175	6.2	18.9
SA20160200_AKBDPEOC_00840	SA20160200_AKBDPEOC_00834	38.889	18	11	0	52	69	128	145	9.3	18.1
SA20160200_AKBDPEOC_00841	SA20160200_AKBDPEOC_00841	100.000	477	0	0	1	477	1	477	0.0	983
SA20160200_AKBDPEOC_00841	SA20160200_AKBDPEOC_00835	28.571	84	53	3	372	454	142	219	0.28	23.1
SA20160200_AKBDPEOC_00841	SA20160200_AKBDPEOC_00831	34.783	23	15	0	388	410	1	23	0.31	23.1
SA20160200_AKBDPEOC_00841	SA20160200_AKBDPEOC_00844	26.852	108	45	7	66	166	256	336	0.42	22.3
SA20160200_AKBDPEOC_00841	SA20160200_AKBDPEOC_00837	55.556	18	7	1	154	171	88	104	0.64	21.9
SA20160200_AKBDPEOC_00841	SA20160200_AKBDPEOC_00840	24.242	33	25	0	438	470	317	349	1.7	20.8
SA20160200_AKBDPEOC_00841	SA20160200_AKBDPEOC_00834	36.364	33	19	1	422	452	7	39	2.3	20.0
SA20160200_AKBDPEOC_00841	SA20160200_AKBDPEOC_00828	42.308	26	13	1	8	33	106	129	4.1	19.2
SA20160200_AKBDPEOC_00841	SA20160200_AKBDPEOC_00842	37.143	35	16	1	262	296	160	188	4.4	19.2
SA20160200_AKBDPEOC_00841	SA20160200_AKBDPEOC_00832	33.333	27	18	0	64	90	235	261	5.8	18.9
SA20160200_AKBDPEOC_00842	SA20160200_AKBDPEOC_00842	100.000	479	0	0	1	479	1	479	0.0	1003
SA20160200_AKBDPEOC_00842	SA20160200_AKBDPEOC_00843	41.667	24	14	0	431	454	17	40	0.24	23.1
SA20160200_AKBDPEOC_00842	SA20160200_AKBDPEOC_00839	30.612	49	33	1	3	51	71	118	0.86	21.6
SA20160200_AKBDPEOC_00842	SA20160200_AKBDPEOC_00846	38.095	21	13	0	234	254	193	213	4.4	19.2
SA20160200_AKBDPEOC_00842	SA20160200_AKBDPEOC_00841	37.143	35	16	1	160	188	262	296	4.6	19.2
SA20160200_AKBDPEOC_00843	SA20160200_AKBDPEOC_00843	100.000	314	0	0	1	314	1	314	0.0	655
SA20160200_AKBDPEOC_00843	SA20160200_AKBDPEOC_00845	29.268	123	79	5	1	117	1	121	5.52e-04	30.8
SA20160200_AKBDPEOC_00843	SA20160200_AKBDPEOC_00842	41.667	24	14	0	17	40	431	454	0.16	23.1
SA20160200_AKBDPEOC_00843	SA20160200_AKBDPEOC_00838	28.205	39	19	1	276	305	234	272	1.5	20.0
SA20160200_AKBDPEOC_00843	SA20160200_AKBDPEOC_00840	35.897	39	19	2	143	175	135	173	4.1	18.9
SA20160200_AKBDPEOC_00843	SA20160200_AKBDPEOC_00846	45.455	11	6	0	56	66	201	211	8.6	17.7
SA20160200_AKBDPEOC_00844	SA20160200_AKBDPEOC_00844	100.000	353	0	0	1	353	1	353	0.0	729
SA20160200_AKBDPEOC_00844	SA20160200_AKBDPEOC_00848	29.730	37	26	0	30	66	52	88	0.27	22.7
SA20160200_AKBDPEOC_00844	SA20160200_AKBDPEOC_00841	27.273	88	35	6	271	336	86	166	0.94	21.2
SA20160200_AKBDPEOC_00844	SA20160200_AKBDPEOC_00846	36.364	11	7	0	207	217	228	238	7.8	18.1
SA20160200_AKBDPEOC_00845	SA20160200_AKBDPEOC_00845	100.000	333	0	0	1	333	1	333	0.0	681
SA20160200_AKBDPEOC_00845	SA20160200_AKBDPEOC_00843	29.268	123	79	5	1	121	1	117	5.85e-04	30.8
SA20160200_AKBDPEOC_00845	SA20160200_AKBDPEOC_00829	37.778	45	24	3	156	198	93	135	0.014	26.6
SA20160200_AKBDPEOC_00845	SA20160200_AKBDPEOC_00831	29.688	64	38	3	3	62	106	166	1.1	20.8
SA20160200_AKBDPEOC_00845	SA20160200_AKBDPEOC_00833	26.364	110	52	6	52	140	20	121	2.6	19.2
SA20160200_AKBDPEOC_00845	SA20160200_AKBDPEOC_00839	46.154	13	7	0	7	19	52	64	5.8	18.5
SA20160200_AKBDPEOC_00845	SA20160200_AKBDPEOC_00837	29.167	24	13	1	173	192	49	72	8.8	17.7
SA20160200_AKBDPEOC_00845	SA20160200_AKBDPEOC_00848	85.714	7	1	0	225	231	64	70	10.0	17.7
SA20160200_AKBDPEOC_00846	SA20160200_AKBDPEOC_00846	100.000	301	0	0	1	301	1	301	0.0	592
SA20160200_AKBDPEOC_00846	SA20160200_AKBDPEOC_00834	42.857	21	11	1	62	81	155	175	2.2	19.2
SA20160200_AKBDPEOC_00846	SA20160200_AKBDPEOC_00842	38.095	21	13	0	193	213	234	254	2.8	19.2
SA20160200_AKBDPEOC_00846	SA20160200_AKBDPEOC_00844	36.364	11	7	0	228	238	207	217	6.6	18.1
SA20160200_AKBDPEOC_00846	SA20160200_AKBDPEOC_00847	30.769	39	19	2	194	226	113	149	7.6	17.7
SA20160200_AKBDPEOC_00846	SA20160200_AKBDPEOC_00843	45.455	11	6	0	201	211	56	66	8.2	17.7
SA20160200_AKBDPEOC_00846	SA20160200_AKBDPEOC_00841	23.009	113	55	5	24	119	319	416	8.6	17.7
SA20160200_AKBDPEOC_00847	SA20160200_AKBDPEOC_00847	100.000	299	0	0	1	299	1	299	0.0	619
SA20160200_AKBDPEOC_00847	SA20160200_AKBDPEOC_00828	21.138	123	81	3	101	218	94	205	0.001	29.3
SA20160200_AKBDPEOC_00847	SA20160200_AKBDPEOC_00829	26.667	60	44	0	14	73	14	73	1.7	19.6
SA20160200_AKBDPEOC_00847	SA20160200_AKBDPEOC_00837	26.667	60	40	2	208	267	104	159	3.4	18.9
SA20160200_AKBDPEOC_00847	SA20160200_AKBDPEOC_00846	30.769	39	19	2	113	149	194	226	7.6	17.7
SA20160200_AKBDPEOC_00848	SA20160200_AKBDPEOC_00848	100.000	437	0	0	1	437	1	437	0.0	906
SA20160200_AKBDPEOC_00848	SA20160200_AKBDPEOC_00844	29.730	37	26	0	52	88	30	66	0.33	22.7
SA20160200_AKBDPEOC_00848	SA20160200_AKBDPEOC_00834	31.034	29	20	0	330	358	45	73	4.5	18.9
SA20160200_AKBDPEOC_00848	SA20160200_AKBDPEOC_00831	32.258	31	19	1	301	331	267	295	7.4	18.5
