SA20160190_KJBEGOPM_00371	SA20160201_IJJBCCFE_03333	100.000	274	0	0	1	274	1	274	0.0	561
SA20160190_KJBEGOPM_00371	SA20160201_IJJBCCFE_03344	29.630	27	19	0	2	28	4	30	0.016	25.8
SA20160190_KJBEGOPM_00371	SA20160201_IJJBCCFE_03336	27.907	43	27	2	91	131	291	331	0.36	21.6
SA20160190_KJBEGOPM_00371	SA20160201_IJJBCCFE_03346	42.308	26	13	1	106	129	8	33	2.0	19.2
SA20160190_KJBEGOPM_00371	SA20160201_IJJBCCFE_03341	53.333	15	7	0	156	170	86	100	6.0	17.7
SA20160190_KJBEGOPM_00372	SA20160201_IJJBCCFE_03334	99.331	299	2	0	1	299	1	299	0.0	602
SA20160190_KJBEGOPM_00372	SA20160201_IJJBCCFE_03338	31.481	54	35	2	44	96	89	141	0.033	24.6
SA20160190_KJBEGOPM_00372	SA20160201_IJJBCCFE_03344	37.037	27	17	0	221	247	22	48	1.3	20.0
SA20160190_KJBEGOPM_00372	SA20160201_IJJBCCFE_03337	36.364	33	16	2	102	134	252	279	2.1	19.2
SA20160190_KJBEGOPM_00372	SA20160201_IJJBCCFE_03340	46.667	15	8	0	135	149	244	258	4.6	18.1
SA20160190_KJBEGOPM_00372	SA20160201_IJJBCCFE_03349	42.105	19	6	1	41	59	278	291	9.7	17.3
SA20160190_KJBEGOPM_00373	SA20160201_IJJBCCFE_03335	98.618	434	6	0	1	434	1	434	0.0	870
SA20160190_KJBEGOPM_00373	SA20160201_IJJBCCFE_03342	28.125	64	40	1	358	421	67	124	0.70	21.2
SA20160190_KJBEGOPM_00373	SA20160201_IJJBCCFE_03344	24.444	45	33	1	4	47	217	261	1.1	20.8
SA20160190_KJBEGOPM_00373	SA20160201_IJJBCCFE_03338	33.333	27	18	0	54	80	163	189	1.2	20.4
SA20160190_KJBEGOPM_00373	SA20160201_IJJBCCFE_03343	33.333	15	10	0	364	378	239	253	2.8	19.6
SA20160190_KJBEGOPM_00373	SA20160201_IJJBCCFE_03337	27.451	51	29	1	274	324	100	142	4.7	18.9
SA20160190_KJBEGOPM_00373	SA20160201_IJJBCCFE_03339	44.444	18	10	0	171	188	38	55	6.1	18.5
SA20160190_KJBEGOPM_00374	SA20160201_IJJBCCFE_03336	98.607	359	5	0	1	359	1	359	0.0	729
SA20160190_KJBEGOPM_00374	SA20160201_IJJBCCFE_03346	34.783	23	15	0	1	23	388	410	0.16	23.1
SA20160190_KJBEGOPM_00374	SA20160201_IJJBCCFE_03333	27.907	43	27	2	291	331	91	131	0.49	21.6
SA20160190_KJBEGOPM_00374	SA20160201_IJJBCCFE_03344	34.615	26	15	1	212	237	194	217	0.49	21.6
SA20160190_KJBEGOPM_00374	SA20160201_IJJBCCFE_03338	42.308	26	14	1	330	354	71	96	1.2	20.0
SA20160190_KJBEGOPM_00374	SA20160201_IJJBCCFE_03335	30.000	70	38	3	251	318	293	353	3.2	18.9
SA20160190_KJBEGOPM_00374	SA20160201_IJJBCCFE_03347	32.000	25	17	0	98	122	234	258	9.1	17.7
SA20160190_KJBEGOPM_00375	SA20160201_IJJBCCFE_03337	99.437	355	2	0	1	355	1	355	0.0	735
SA20160190_KJBEGOPM_00375	SA20160201_IJJBCCFE_03339	35.714	28	16	1	8	33	173	200	1.6	20.0
SA20160190_KJBEGOPM_00375	SA20160201_IJJBCCFE_03334	36.364	33	16	2	252	279	102	134	2.4	19.2
SA20160190_KJBEGOPM_00375	SA20160201_IJJBCCFE_03335	25.490	51	30	1	100	142	274	324	3.8	18.9
SA20160190_KJBEGOPM_00375	SA20160201_IJJBCCFE_03344	18.919	74	49	1	111	173	294	367	7.6	17.7
SA20160190_KJBEGOPM_00376	SA20160201_IJJBCCFE_03338	100.000	196	0	0	1	196	1	196	4.66e-152	410
SA20160190_KJBEGOPM_00376	SA20160201_IJJBCCFE_03334	29.630	54	36	2	89	141	44	96	0.10	22.7
SA20160190_KJBEGOPM_00376	SA20160201_IJJBCCFE_03335	33.333	27	18	0	163	189	54	80	0.51	20.4
SA20160190_KJBEGOPM_00376	SA20160201_IJJBCCFE_03336	42.308	26	14	1	71	96	330	354	0.63	20.0
SA20160190_KJBEGOPM_00376	SA20160201_IJJBCCFE_03340	21.951	41	32	0	22	62	185	225	4.9	17.3
SA20160190_KJBEGOPM_00376	SA20160201_IJJBCCFE_03345	35.294	17	11	0	86	102	166	182	5.4	17.3
SA20160190_KJBEGOPM_00377	SA20160201_IJJBCCFE_03339	100.000	245	0	0	1	245	1	245	0.0	490
SA20160190_KJBEGOPM_00377	SA20160201_IJJBCCFE_03340	28.261	230	151	7	2	223	6	229	2.45e-18	72.0
SA20160190_KJBEGOPM_00377	SA20160201_IJJBCCFE_03337	35.714	28	16	1	173	200	8	33	1.1	20.0
SA20160190_KJBEGOPM_00377	SA20160201_IJJBCCFE_03346	36.364	33	19	1	7	39	422	452	1.1	20.0
SA20160190_KJBEGOPM_00377	SA20160201_IJJBCCFE_03335	44.444	18	10	0	38	55	171	188	3.5	18.5
SA20160190_KJBEGOPM_00377	SA20160201_IJJBCCFE_03345	38.889	18	11	0	128	145	52	69	3.9	18.1
SA20160190_KJBEGOPM_00377	SA20160201_IJJBCCFE_03342	25.000	76	40	3	99	171	79	140	5.8	17.7
SA20160190_KJBEGOPM_00378	SA20160201_IJJBCCFE_03340	100.000	258	0	0	1	258	1	258	0.0	525
SA20160190_KJBEGOPM_00378	SA20160201_IJJBCCFE_03339	28.261	230	151	7	6	229	2	223	2.58e-18	72.0
SA20160190_KJBEGOPM_00378	SA20160201_IJJBCCFE_03346	28.571	84	53	3	142	219	372	454	0.13	22.7
SA20160190_KJBEGOPM_00378	SA20160201_IJJBCCFE_03334	46.667	15	8	0	244	258	135	149	4.1	18.1
SA20160190_KJBEGOPM_00378	SA20160201_IJJBCCFE_03347	45.455	11	6	0	202	212	4	14	6.1	17.7
SA20160190_KJBEGOPM_00378	SA20160201_IJJBCCFE_03338	21.951	41	32	0	185	225	22	62	6.4	17.3
SA20160190_KJBEGOPM_00379	SA20160201_IJJBCCFE_03341	99.507	203	1	0	1	203	1	203	2.53e-156	421
SA20160190_KJBEGOPM_00379	SA20160201_IJJBCCFE_03333	53.333	15	7	0	86	100	156	170	4.7	17.3
SA20160190_KJBEGOPM_00380	SA20160201_IJJBCCFE_03342	98.777	327	4	0	1	327	1	327	0.0	652
SA20160190_KJBEGOPM_00380	SA20160201_IJJBCCFE_03346	55.556	18	7	1	88	104	154	171	0.32	21.9
SA20160190_KJBEGOPM_00380	SA20160201_IJJBCCFE_03335	28.125	64	40	1	67	124	358	421	0.44	21.6
SA20160190_KJBEGOPM_00380	SA20160201_IJJBCCFE_03339	26.316	76	39	3	79	140	99	171	1.8	19.6
SA20160190_KJBEGOPM_00381	SA20160201_IJJBCCFE_03343	99.485	388	2	0	1	388	1	388	0.0	793
SA20160190_KJBEGOPM_00381	SA20160201_IJJBCCFE_03348	28.205	39	19	1	234	272	276	305	1.5	20.0
SA20160190_KJBEGOPM_00381	SA20160201_IJJBCCFE_03345	27.273	66	44	3	133	194	122	187	1.8	20.0
SA20160190_KJBEGOPM_00381	SA20160201_IJJBCCFE_03335	33.333	15	10	0	239	253	364	378	2.4	19.6
SA20160190_KJBEGOPM_00382	SA20160201_IJJBCCFE_03344	99.786	468	1	0	1	468	1	468	0.0	954
SA20160190_KJBEGOPM_00382	SA20160201_IJJBCCFE_03333	29.630	27	19	0	4	30	2	28	0.029	25.8
SA20160190_KJBEGOPM_00382	SA20160201_IJJBCCFE_03336	34.615	26	15	1	194	217	212	237	0.62	21.6
SA20160190_KJBEGOPM_00382	SA20160201_IJJBCCFE_03347	30.612	49	33	1	71	118	3	51	0.74	21.6
SA20160190_KJBEGOPM_00382	SA20160201_IJJBCCFE_03335	24.444	45	33	1	217	261	4	47	1.1	20.8
SA20160190_KJBEGOPM_00382	SA20160201_IJJBCCFE_03334	37.037	27	17	0	22	48	221	247	2.1	20.0
SA20160190_KJBEGOPM_00383	SA20160201_IJJBCCFE_03345	95.378	476	22	0	1	476	1	476	0.0	951
SA20160190_KJBEGOPM_00383	SA20160201_IJJBCCFE_03343	28.788	66	43	3	122	187	133	194	1.3	20.8
SA20160190_KJBEGOPM_00383	SA20160201_IJJBCCFE_03346	24.242	33	25	0	317	349	438	470	1.4	20.4
SA20160190_KJBEGOPM_00383	SA20160201_IJJBCCFE_03349	31.707	41	25	2	204	241	106	146	3.5	19.2
SA20160190_KJBEGOPM_00383	SA20160201_IJJBCCFE_03348	35.897	39	19	2	135	173	143	175	5.1	18.9
SA20160190_KJBEGOPM_00384	SA20160201_IJJBCCFE_03346	68.776	474	148	0	1	474	1	474	0.0	650
SA20160190_KJBEGOPM_00384	SA20160201_IJJBCCFE_03349	31.429	35	24	0	387	421	223	257	0.067	24.6
SA20160190_KJBEGOPM_00384	SA20160201_IJJBCCFE_03339	29.032	31	22	0	48	78	117	147	0.29	22.7
SA20160190_KJBEGOPM_00384	SA20160201_IJJBCCFE_03342	43.750	16	9	0	110	125	309	324	0.93	21.2
SA20160190_KJBEGOPM_00384	SA20160201_IJJBCCFE_03343	34.375	32	21	0	28	59	83	114	5.2	18.9
SA20160190_KJBEGOPM_00384	SA20160201_IJJBCCFE_03334	33.333	27	18	0	52	78	214	240	5.6	18.5
SA20160190_KJBEGOPM_00384	SA20160201_IJJBCCFE_03345	55.556	9	4	0	248	256	399	407	7.5	18.1
SA20160190_KJBEGOPM_00384	SA20160201_IJJBCCFE_03347	50.000	12	6	0	82	93	140	151	8.1	18.1
SA20160190_KJBEGOPM_00385	SA20160201_IJJBCCFE_03347	77.970	463	102	0	1	463	8	470	0.0	755
SA20160190_KJBEGOPM_00385	SA20160201_IJJBCCFE_03337	28.000	25	18	0	337	361	311	335	1.0	20.8
SA20160190_KJBEGOPM_00385	SA20160201_IJJBCCFE_03334	40.000	15	9	0	175	189	263	277	2.3	19.6
SA20160190_KJBEGOPM_00385	SA20160201_IJJBCCFE_03338	36.842	19	12	0	108	126	33	51	2.8	19.2
SA20160190_KJBEGOPM_00385	SA20160201_IJJBCCFE_03345	42.105	19	11	0	29	47	334	352	3.8	19.2
SA20160190_KJBEGOPM_00385	SA20160201_IJJBCCFE_03344	40.000	20	12	0	24	43	98	117	5.4	18.9
SA20160190_KJBEGOPM_00385	SA20160201_IJJBCCFE_03348	23.529	34	17	1	310	334	68	101	7.2	18.1
SA20160190_KJBEGOPM_00386	SA20160201_IJJBCCFE_03349	28.082	146	94	3	166	300	142	287	2.94e-09	47.8
SA20160190_KJBEGOPM_00386	SA20160201_IJJBCCFE_03334	18.841	69	55	1	13	81	227	294	0.59	21.6
SA20160190_KJBEGOPM_00386	SA20160201_IJJBCCFE_03343	26.829	41	29	1	96	135	95	135	5.5	18.5
SA20160190_KJBEGOPM_00386	SA20160201_IJJBCCFE_03335	26.923	26	19	0	172	197	86	111	6.3	18.1
SA20160190_KJBEGOPM_00386	SA20160201_IJJBCCFE_03347	50.000	10	5	0	284	293	144	153	9.2	17.7
SA20160190_KJBEGOPM_00386	SA20160201_IJJBCCFE_03336	33.333	36	24	0	15	50	93	128	9.7	17.7
SA20160190_KJBEGOPM_00387	SA20160201_IJJBCCFE_03349	28.636	220	143	4	80	294	109	319	4.97e-23	88.6
SA20160190_KJBEGOPM_00387	SA20160201_IJJBCCFE_03344	33.333	27	18	0	274	300	245	271	3.0	18.9
SA20160190_KJBEGOPM_00387	SA20160201_IJJBCCFE_03335	22.857	70	47	2	19	81	78	147	3.8	18.9
SA20160190_KJBEGOPM_00387	SA20160201_IJJBCCFE_03348	53.846	13	6	0	147	159	55	67	7.7	17.7
SA20160190_KJBEGOPM_00388	SA20160201_IJJBCCFE_03336	40.909	22	13	0	236	257	290	311	0.51	21.6
SA20160190_KJBEGOPM_00388	SA20160201_IJJBCCFE_03341	31.034	29	18	1	310	338	61	87	2.7	19.2
SA20160190_KJBEGOPM_00389	SA20160201_IJJBCCFE_03348	24.272	103	68	4	5	107	3	95	0.090	23.9
SA20160190_KJBEGOPM_00389	SA20160201_IJJBCCFE_03342	42.105	19	11	0	146	164	223	241	0.36	21.9
SA20160190_KJBEGOPM_00389	SA20160201_IJJBCCFE_03344	28.302	53	28	2	199	241	94	146	0.46	21.6
SA20160190_KJBEGOPM_00389	SA20160201_IJJBCCFE_03346	25.806	62	39	2	11	71	318	373	0.65	21.2
SA20160190_KJBEGOPM_00389	SA20160201_IJJBCCFE_03336	22.414	58	45	0	136	193	245	302	5.6	18.1
SA20160190_KJBEGOPM_00390	SA20160201_IJJBCCFE_03339	24.719	89	54	3	62	150	136	211	2.1	18.5
SA20160190_KJBEGOPM_00390	SA20160201_IJJBCCFE_03342	35.294	17	11	0	114	130	307	323	6.2	17.3
SA20160190_KJBEGOPM_00390	SA20160201_IJJBCCFE_03340	29.091	55	37	2	144	196	29	83	9.0	16.5
SA20160190_KJBEGOPM_00391	SA20160201_IJJBCCFE_03348	42.857	49	25	1	7	55	3	48	2.61e-06	37.7
SA20160190_KJBEGOPM_00391	SA20160201_IJJBCCFE_03347	36.170	47	22	3	72	115	438	479	0.26	22.3
SA20160190_KJBEGOPM_00391	SA20160201_IJJBCCFE_03336	27.273	33	24	0	47	79	2	34	1.2	20.0
SA20160190_KJBEGOPM_00391	SA20160201_IJJBCCFE_03335	35.484	31	16	1	169	195	340	370	1.8	19.6
SA20160190_KJBEGOPM_00391	SA20160201_IJJBCCFE_03344	45.455	22	11	1	204	225	434	454	3.2	18.9
SA20160190_KJBEGOPM_00391	SA20160201_IJJBCCFE_03342	41.667	24	14	0	22	45	147	170	3.5	18.5
SA20160190_KJBEGOPM_00391	SA20160201_IJJBCCFE_03337	28.571	28	18	1	23	50	75	100	6.0	18.1
SA20160190_KJBEGOPM_00391	SA20160201_IJJBCCFE_03345	17.391	46	36	2	113	157	419	463	6.4	17.7
SA20160201_IJJBCCFE_03333	SA20160201_IJJBCCFE_03333	100.000	274	0	0	1	274	1	274	0.0	561
SA20160201_IJJBCCFE_03333	SA20160201_IJJBCCFE_03344	29.630	27	19	0	2	28	4	30	0.016	25.8
SA20160201_IJJBCCFE_03333	SA20160201_IJJBCCFE_03336	27.907	43	27	2	91	131	291	331	0.36	21.6
SA20160201_IJJBCCFE_03333	SA20160201_IJJBCCFE_03346	42.308	26	13	1	106	129	8	33	2.0	19.2
SA20160201_IJJBCCFE_03333	SA20160201_IJJBCCFE_03341	53.333	15	7	0	156	170	86	100	6.0	17.7
SA20160201_IJJBCCFE_03334	SA20160201_IJJBCCFE_03334	100.000	299	0	0	1	299	1	299	0.0	604
SA20160201_IJJBCCFE_03334	SA20160201_IJJBCCFE_03338	29.630	54	36	2	44	96	89	141	0.16	22.7
SA20160201_IJJBCCFE_03334	SA20160201_IJJBCCFE_03344	37.037	27	17	0	221	247	22	48	1.4	20.0
SA20160201_IJJBCCFE_03334	SA20160201_IJJBCCFE_03337	36.364	33	16	2	102	134	252	279	2.2	19.2
SA20160201_IJJBCCFE_03334	SA20160201_IJJBCCFE_03340	46.667	15	8	0	135	149	244	258	4.8	18.1
SA20160201_IJJBCCFE_03334	SA20160201_IJJBCCFE_03349	42.105	19	6	1	41	59	278	291	9.9	17.3
SA20160201_IJJBCCFE_03335	SA20160201_IJJBCCFE_03335	100.000	434	0	0	1	434	1	434	0.0	881
SA20160201_IJJBCCFE_03335	SA20160201_IJJBCCFE_03342	28.125	64	40	1	358	421	67	124	0.63	21.6
SA20160201_IJJBCCFE_03335	SA20160201_IJJBCCFE_03344	24.444	45	33	1	4	47	217	261	1.1	20.8
SA20160201_IJJBCCFE_03335	SA20160201_IJJBCCFE_03338	33.333	27	18	0	54	80	163	189	1.1	20.4
SA20160201_IJJBCCFE_03335	SA20160201_IJJBCCFE_03337	27.451	51	29	1	274	324	100	142	1.7	20.0
SA20160201_IJJBCCFE_03335	SA20160201_IJJBCCFE_03343	33.333	15	10	0	364	378	239	253	2.5	19.6
SA20160201_IJJBCCFE_03335	SA20160201_IJJBCCFE_03339	44.444	18	10	0	171	188	38	55	6.1	18.5
SA20160201_IJJBCCFE_03336	SA20160201_IJJBCCFE_03336	100.000	359	0	0	1	359	1	359	0.0	736
SA20160201_IJJBCCFE_03336	SA20160201_IJJBCCFE_03346	34.783	23	15	0	1	23	388	410	0.20	22.7
SA20160201_IJJBCCFE_03336	SA20160201_IJJBCCFE_03333	27.907	43	27	2	291	331	91	131	0.46	21.6
SA20160201_IJJBCCFE_03336	SA20160201_IJJBCCFE_03344	34.615	26	15	1	212	237	194	217	0.47	21.6
SA20160201_IJJBCCFE_03337	SA20160201_IJJBCCFE_03337	100.000	355	0	0	1	355	1	355	0.0	738
SA20160201_IJJBCCFE_03337	SA20160201_IJJBCCFE_03335	27.451	51	29	1	100	142	274	324	1.4	20.0
SA20160201_IJJBCCFE_03337	SA20160201_IJJBCCFE_03339	35.714	28	16	1	8	33	173	200	1.6	20.0
SA20160201_IJJBCCFE_03337	SA20160201_IJJBCCFE_03334	36.364	33	16	2	252	279	102	134	2.6	19.2
SA20160201_IJJBCCFE_03338	SA20160201_IJJBCCFE_03338	100.000	196	0	0	1	196	1	196	4.66e-152	410
SA20160201_IJJBCCFE_03338	SA20160201_IJJBCCFE_03334	29.630	54	36	2	89	141	44	96	0.10	22.7
SA20160201_IJJBCCFE_03338	SA20160201_IJJBCCFE_03335	33.333	27	18	0	163	189	54	80	0.51	20.4
SA20160201_IJJBCCFE_03338	SA20160201_IJJBCCFE_03336	42.308	26	14	1	71	96	330	354	0.63	20.0
SA20160201_IJJBCCFE_03338	SA20160201_IJJBCCFE_03340	21.951	41	32	0	22	62	185	225	4.9	17.3
SA20160201_IJJBCCFE_03338	SA20160201_IJJBCCFE_03345	35.294	17	11	0	86	102	166	182	5.4	17.3
SA20160201_IJJBCCFE_03339	SA20160201_IJJBCCFE_03339	100.000	245	0	0	1	245	1	245	0.0	490
SA20160201_IJJBCCFE_03339	SA20160201_IJJBCCFE_03340	28.261	230	151	7	2	223	6	229	2.45e-18	72.0
SA20160201_IJJBCCFE_03339	SA20160201_IJJBCCFE_03337	35.714	28	16	1	173	200	8	33	1.1	20.0
SA20160201_IJJBCCFE_03339	SA20160201_IJJBCCFE_03346	36.364	33	19	1	7	39	422	452	1.1	20.0
SA20160201_IJJBCCFE_03339	SA20160201_IJJBCCFE_03335	44.444	18	10	0	38	55	171	188	3.5	18.5
SA20160201_IJJBCCFE_03339	SA20160201_IJJBCCFE_03345	38.889	18	11	0	128	145	52	69	3.9	18.1
SA20160201_IJJBCCFE_03340	SA20160201_IJJBCCFE_03340	100.000	258	0	0	1	258	1	258	0.0	525
SA20160201_IJJBCCFE_03340	SA20160201_IJJBCCFE_03339	28.261	230	151	7	6	229	2	223	2.58e-18	72.0
SA20160201_IJJBCCFE_03340	SA20160201_IJJBCCFE_03346	28.571	84	53	3	142	219	372	454	0.13	22.7
SA20160201_IJJBCCFE_03340	SA20160201_IJJBCCFE_03334	46.667	15	8	0	244	258	135	149	4.1	18.1
SA20160201_IJJBCCFE_03340	SA20160201_IJJBCCFE_03347	45.455	11	6	0	202	212	4	14	6.1	17.7
SA20160201_IJJBCCFE_03340	SA20160201_IJJBCCFE_03338	21.951	41	32	0	185	225	22	62	6.4	17.3
SA20160201_IJJBCCFE_03341	SA20160201_IJJBCCFE_03341	100.000	203	0	0	1	203	1	203	3.55e-157	424
SA20160201_IJJBCCFE_03341	SA20160201_IJJBCCFE_03333	53.333	15	7	0	86	100	156	170	4.6	17.3
SA20160201_IJJBCCFE_03342	SA20160201_IJJBCCFE_03342	100.000	327	0	0	1	327	1	327	0.0	659
SA20160201_IJJBCCFE_03342	SA20160201_IJJBCCFE_03346	55.556	18	7	1	88	104	154	171	0.34	21.9
SA20160201_IJJBCCFE_03342	SA20160201_IJJBCCFE_03335	28.125	64	40	1	67	124	358	421	0.37	21.9
SA20160201_IJJBCCFE_03343	SA20160201_IJJBCCFE_03343	100.000	388	0	0	1	388	1	388	0.0	796
SA20160201_IJJBCCFE_03343	SA20160201_IJJBCCFE_03348	28.205	39	19	1	234	272	276	305	1.5	20.0
SA20160201_IJJBCCFE_03343	SA20160201_IJJBCCFE_03335	33.333	15	10	0	239	253	364	378	2.3	19.6
SA20160201_IJJBCCFE_03344	SA20160201_IJJBCCFE_03344	100.000	468	0	0	1	468	1	468	0.0	957
SA20160201_IJJBCCFE_03344	SA20160201_IJJBCCFE_03333	29.630	27	19	0	4	30	2	28	0.029	25.8
SA20160201_IJJBCCFE_03344	SA20160201_IJJBCCFE_03336	34.615	26	15	1	194	217	212	237	0.61	21.6
SA20160201_IJJBCCFE_03344	SA20160201_IJJBCCFE_03347	30.612	49	33	1	71	118	3	51	0.69	21.6
SA20160201_IJJBCCFE_03344	SA20160201_IJJBCCFE_03335	24.444	45	33	1	217	261	4	47	1.1	20.8
SA20160201_IJJBCCFE_03344	SA20160201_IJJBCCFE_03334	37.037	27	17	0	22	48	221	247	2.1	20.0
SA20160201_IJJBCCFE_03345	SA20160201_IJJBCCFE_03345	100.000	476	0	0	1	476	1	476	0.0	984
SA20160201_IJJBCCFE_03345	SA20160201_IJJBCCFE_03346	24.242	33	25	0	317	349	438	470	1.4	20.8
SA20160201_IJJBCCFE_03345	SA20160201_IJJBCCFE_03348	35.897	39	19	2	135	173	143	175	5.0	18.9
SA20160201_IJJBCCFE_03345	SA20160201_IJJBCCFE_03339	38.889	18	11	0	52	69	128	145	7.5	18.1
SA20160201_IJJBCCFE_03346	SA20160201_IJJBCCFE_03346	100.000	477	0	0	1	477	1	477	0.0	983
SA20160201_IJJBCCFE_03346	SA20160201_IJJBCCFE_03340	28.571	84	53	3	372	454	142	219	0.23	23.1
SA20160201_IJJBCCFE_03346	SA20160201_IJJBCCFE_03336	34.783	23	15	0	388	410	1	23	0.25	23.1
SA20160201_IJJBCCFE_03346	SA20160201_IJJBCCFE_03349	26.852	108	45	7	66	166	256	336	0.34	22.3
SA20160201_IJJBCCFE_03346	SA20160201_IJJBCCFE_03342	55.556	18	7	1	154	171	88	104	0.52	21.9
SA20160201_IJJBCCFE_03346	SA20160201_IJJBCCFE_03345	24.242	33	25	0	438	470	317	349	1.4	20.8
SA20160201_IJJBCCFE_03346	SA20160201_IJJBCCFE_03339	36.364	33	19	1	422	452	7	39	1.9	20.0
SA20160201_IJJBCCFE_03346	SA20160201_IJJBCCFE_03333	42.308	26	13	1	8	33	106	129	3.3	19.2
SA20160201_IJJBCCFE_03346	SA20160201_IJJBCCFE_03347	37.143	35	16	1	262	296	160	188	3.5	19.2
SA20160201_IJJBCCFE_03346	SA20160201_IJJBCCFE_03337	33.333	27	18	0	64	90	235	261	4.7	18.9
SA20160201_IJJBCCFE_03347	SA20160201_IJJBCCFE_03347	100.000	479	0	0	1	479	1	479	0.0	1003
SA20160201_IJJBCCFE_03347	SA20160201_IJJBCCFE_03348	41.667	24	14	0	431	454	17	40	0.20	23.1
SA20160201_IJJBCCFE_03347	SA20160201_IJJBCCFE_03344	30.612	49	33	1	3	51	71	118	0.70	21.6
SA20160201_IJJBCCFE_03347	SA20160201_IJJBCCFE_03346	37.143	35	16	1	160	188	262	296	3.7	19.2
SA20160201_IJJBCCFE_03348	SA20160201_IJJBCCFE_03348	100.000	314	0	0	1	314	1	314	0.0	655
SA20160201_IJJBCCFE_03348	SA20160201_IJJBCCFE_03347	41.667	24	14	0	17	40	431	454	0.13	23.1
SA20160201_IJJBCCFE_03348	SA20160201_IJJBCCFE_03343	28.205	39	19	1	276	305	234	272	1.2	20.0
SA20160201_IJJBCCFE_03348	SA20160201_IJJBCCFE_03345	35.897	39	19	2	143	175	135	173	3.3	18.9
SA20160201_IJJBCCFE_03349	SA20160201_IJJBCCFE_03349	100.000	353	0	0	1	353	1	353	0.0	729
SA20160201_IJJBCCFE_03349	SA20160201_IJJBCCFE_03346	27.273	88	35	6	271	336	86	166	0.76	21.2
SA20160201_IJJBCCFE_03349	SA20160201_IJJBCCFE_03345	53.846	13	5	1	8	19	420	432	9.2	17.7
SA20160190_KJBEGOPM_00371	SA20160190_KJBEGOPM_00371	100.000	274	0	0	1	274	1	274	0.0	561
SA20160190_KJBEGOPM_00371	SA20160190_KJBEGOPM_00382	29.630	27	19	0	2	28	4	30	0.020	25.8
SA20160190_KJBEGOPM_00371	SA20160190_KJBEGOPM_00374	27.907	43	27	2	91	131	291	331	0.46	21.6
SA20160190_KJBEGOPM_00371	SA20160190_KJBEGOPM_00379	53.333	15	7	0	156	170	86	100	7.5	17.7
SA20160190_KJBEGOPM_00372	SA20160190_KJBEGOPM_00372	100.000	299	0	0	1	299	1	299	0.0	606
SA20160190_KJBEGOPM_00372	SA20160190_KJBEGOPM_00376	31.481	54	35	2	44	96	89	141	0.041	24.6
SA20160190_KJBEGOPM_00372	SA20160190_KJBEGOPM_00386	18.841	69	55	1	227	294	13	81	0.56	21.6
SA20160190_KJBEGOPM_00372	SA20160190_KJBEGOPM_00382	37.037	27	17	0	221	247	22	48	1.6	20.0
SA20160190_KJBEGOPM_00372	SA20160190_KJBEGOPM_00385	40.000	15	9	0	263	277	175	189	1.8	19.6
SA20160190_KJBEGOPM_00372	SA20160190_KJBEGOPM_00375	36.364	33	16	2	102	134	252	279	2.4	19.2
SA20160190_KJBEGOPM_00372	SA20160190_KJBEGOPM_00378	46.667	15	8	0	135	149	244	258	5.7	18.1
SA20160190_KJBEGOPM_00373	SA20160190_KJBEGOPM_00373	100.000	434	0	0	1	434	1	434	0.0	883
SA20160190_KJBEGOPM_00373	SA20160190_KJBEGOPM_00380	28.125	64	40	1	358	421	67	124	1.0	21.2
SA20160190_KJBEGOPM_00373	SA20160190_KJBEGOPM_00382	24.444	45	33	1	4	47	217	261	1.4	20.8
SA20160190_KJBEGOPM_00373	SA20160190_KJBEGOPM_00376	33.333	27	18	0	54	80	163	189	1.5	20.4
SA20160190_KJBEGOPM_00373	SA20160190_KJBEGOPM_00386	30.769	26	18	0	86	111	172	197	2.5	20.0
SA20160190_KJBEGOPM_00373	SA20160190_KJBEGOPM_00391	35.484	31	16	1	340	370	169	195	3.3	19.6
SA20160190_KJBEGOPM_00373	SA20160190_KJBEGOPM_00381	33.333	15	10	0	364	378	239	253	3.6	19.2
SA20160190_KJBEGOPM_00373	SA20160190_KJBEGOPM_00387	22.857	70	47	2	78	147	19	81	6.4	18.5
SA20160190_KJBEGOPM_00373	SA20160190_KJBEGOPM_00374	30.435	69	39	2	293	353	251	318	6.8	18.5
SA20160190_KJBEGOPM_00373	SA20160190_KJBEGOPM_00377	44.444	18	10	0	171	188	38	55	7.4	18.5
SA20160190_KJBEGOPM_00374	SA20160190_KJBEGOPM_00374	100.000	359	0	0	1	359	1	359	0.0	737
SA20160190_KJBEGOPM_00374	SA20160190_KJBEGOPM_00388	40.909	22	13	0	290	311	236	257	0.57	21.6
SA20160190_KJBEGOPM_00374	SA20160190_KJBEGOPM_00371	27.907	43	27	2	291	331	91	131	0.60	21.6
SA20160190_KJBEGOPM_00374	SA20160190_KJBEGOPM_00382	34.615	26	15	1	212	237	194	217	0.60	21.6
SA20160190_KJBEGOPM_00374	SA20160190_KJBEGOPM_00391	30.303	33	23	0	2	34	47	79	1.2	20.4
SA20160190_KJBEGOPM_00374	SA20160190_KJBEGOPM_00373	30.435	69	39	2	251	318	293	353	5.6	18.5
SA20160190_KJBEGOPM_00374	SA20160190_KJBEGOPM_00385	36.000	25	16	0	98	122	227	251	5.7	18.5
SA20160190_KJBEGOPM_00375	SA20160190_KJBEGOPM_00375	100.000	355	0	0	1	355	1	355	0.0	738
SA20160190_KJBEGOPM_00375	SA20160190_KJBEGOPM_00385	27.273	22	16	0	314	335	340	361	0.98	20.8
SA20160190_KJBEGOPM_00375	SA20160190_KJBEGOPM_00377	35.714	28	16	1	8	33	173	200	1.9	20.0
SA20160190_KJBEGOPM_00375	SA20160190_KJBEGOPM_00372	36.364	33	16	2	252	279	102	134	2.9	19.2
SA20160190_KJBEGOPM_00375	SA20160190_KJBEGOPM_00391	28.571	28	18	1	75	100	23	50	8.0	18.1
SA20160190_KJBEGOPM_00375	SA20160190_KJBEGOPM_00382	18.919	74	49	1	111	173	294	367	9.1	17.7
SA20160190_KJBEGOPM_00376	SA20160190_KJBEGOPM_00376	100.000	196	0	0	1	196	1	196	5.70e-152	410
SA20160190_KJBEGOPM_00376	SA20160190_KJBEGOPM_00372	31.481	54	35	2	89	141	44	96	0.027	24.6
SA20160190_KJBEGOPM_00376	SA20160190_KJBEGOPM_00373	33.333	27	18	0	163	189	54	80	0.67	20.4
SA20160190_KJBEGOPM_00376	SA20160190_KJBEGOPM_00385	36.842	19	12	0	33	51	108	126	1.4	19.2
SA20160190_KJBEGOPM_00376	SA20160190_KJBEGOPM_00378	21.951	41	32	0	22	62	185	225	5.9	17.3
SA20160190_KJBEGOPM_00376	SA20160190_KJBEGOPM_00383	35.294	17	11	0	86	102	166	182	6.7	17.3
SA20160190_KJBEGOPM_00377	SA20160190_KJBEGOPM_00377	100.000	245	0	0	1	245	1	245	0.0	490
SA20160190_KJBEGOPM_00377	SA20160190_KJBEGOPM_00378	28.261	230	151	7	2	223	6	229	3.00e-18	72.0
SA20160190_KJBEGOPM_00377	SA20160190_KJBEGOPM_00375	35.714	28	16	1	173	200	8	33	1.3	20.0
SA20160190_KJBEGOPM_00377	SA20160190_KJBEGOPM_00384	39.394	33	20	0	193	225	235	267	3.2	18.9
SA20160190_KJBEGOPM_00377	SA20160190_KJBEGOPM_00373	44.444	18	10	0	38	55	171	188	4.2	18.5
SA20160190_KJBEGOPM_00378	SA20160190_KJBEGOPM_00378	100.000	258	0	0	1	258	1	258	0.0	525
SA20160190_KJBEGOPM_00378	SA20160190_KJBEGOPM_00377	28.261	230	151	7	6	229	2	223	3.16e-18	72.0
SA20160190_KJBEGOPM_00378	SA20160190_KJBEGOPM_00372	46.667	15	8	0	244	258	135	149	4.9	18.1
SA20160190_KJBEGOPM_00378	SA20160190_KJBEGOPM_00376	21.951	41	32	0	185	225	22	62	7.8	17.3
SA20160190_KJBEGOPM_00379	SA20160190_KJBEGOPM_00379	100.000	203	0	0	1	203	1	203	4.39e-157	424
SA20160190_KJBEGOPM_00379	SA20160190_KJBEGOPM_00371	53.333	15	7	0	86	100	156	170	5.8	17.3
SA20160190_KJBEGOPM_00380	SA20160190_KJBEGOPM_00380	100.000	327	0	0	1	327	1	327	0.0	660
SA20160190_KJBEGOPM_00380	SA20160190_KJBEGOPM_00389	38.095	21	13	0	221	241	144	164	0.35	21.9
SA20160190_KJBEGOPM_00380	SA20160190_KJBEGOPM_00373	28.125	64	40	1	67	124	358	421	0.58	21.6
SA20160190_KJBEGOPM_00380	SA20160190_KJBEGOPM_00384	38.889	18	11	0	309	326	110	127	0.66	21.2
SA20160190_KJBEGOPM_00380	SA20160190_KJBEGOPM_00391	41.667	24	14	0	147	170	22	45	5.0	18.5
SA20160190_KJBEGOPM_00381	SA20160190_KJBEGOPM_00381	100.000	388	0	0	1	388	1	388	0.0	796
SA20160190_KJBEGOPM_00381	SA20160190_KJBEGOPM_00373	33.333	15	10	0	239	253	364	378	3.2	19.2
SA20160190_KJBEGOPM_00382	SA20160190_KJBEGOPM_00382	100.000	468	0	0	1	468	1	468	0.0	957
SA20160190_KJBEGOPM_00382	SA20160190_KJBEGOPM_00371	29.630	27	19	0	4	30	2	28	0.036	25.8
SA20160190_KJBEGOPM_00382	SA20160190_KJBEGOPM_00374	34.615	26	15	1	194	217	212	237	0.79	21.6
SA20160190_KJBEGOPM_00382	SA20160190_KJBEGOPM_00373	24.444	45	33	1	217	261	4	47	1.5	20.8
SA20160190_KJBEGOPM_00382	SA20160190_KJBEGOPM_00372	37.037	27	17	0	22	48	221	247	2.5	20.0
SA20160190_KJBEGOPM_00382	SA20160190_KJBEGOPM_00389	35.294	17	11	0	310	326	10	26	4.3	19.2
SA20160190_KJBEGOPM_00382	SA20160190_KJBEGOPM_00387	33.333	27	18	0	245	271	274	300	4.9	19.2
SA20160190_KJBEGOPM_00382	SA20160190_KJBEGOPM_00385	40.000	20	12	0	98	117	24	43	6.6	18.9
SA20160190_KJBEGOPM_00382	SA20160190_KJBEGOPM_00391	57.143	14	6	0	300	313	107	120	8.1	18.5
SA20160190_KJBEGOPM_00383	SA20160190_KJBEGOPM_00383	100.000	476	0	0	1	476	1	476	0.0	983
SA20160190_KJBEGOPM_00383	SA20160190_KJBEGOPM_00385	42.105	19	11	0	334	352	29	47	4.8	19.2
SA20160190_KJBEGOPM_00383	SA20160190_KJBEGOPM_00384	55.556	9	4	0	399	407	248	256	9.5	18.1
SA20160190_KJBEGOPM_00384	SA20160190_KJBEGOPM_00384	100.000	478	0	0	1	478	1	478	0.0	988
SA20160190_KJBEGOPM_00384	SA20160190_KJBEGOPM_00377	29.032	31	22	0	48	78	117	147	0.36	22.7
SA20160190_KJBEGOPM_00384	SA20160190_KJBEGOPM_00380	43.750	16	9	0	110	125	309	324	1.1	21.2
SA20160190_KJBEGOPM_00384	SA20160190_KJBEGOPM_00372	33.333	27	18	0	52	78	214	240	6.8	18.5
SA20160190_KJBEGOPM_00384	SA20160190_KJBEGOPM_00385	50.000	12	6	0	82	93	133	144	7.3	18.5
SA20160190_KJBEGOPM_00384	SA20160190_KJBEGOPM_00383	55.556	9	4	0	248	256	399	407	9.2	18.1
SA20160190_KJBEGOPM_00385	SA20160190_KJBEGOPM_00385	100.000	465	0	0	1	465	1	465	0.0	966
SA20160190_KJBEGOPM_00385	SA20160190_KJBEGOPM_00375	27.273	22	16	0	340	361	314	335	1.3	20.8
SA20160190_KJBEGOPM_00385	SA20160190_KJBEGOPM_00372	40.000	15	9	0	175	189	263	277	2.8	19.6
SA20160190_KJBEGOPM_00385	SA20160190_KJBEGOPM_00376	36.842	19	12	0	108	126	33	51	3.4	19.2
SA20160190_KJBEGOPM_00385	SA20160190_KJBEGOPM_00383	42.105	19	11	0	29	47	334	352	4.7	19.2
SA20160190_KJBEGOPM_00385	SA20160190_KJBEGOPM_00389	24.000	75	49	3	278	344	45	119	4.8	19.2
SA20160190_KJBEGOPM_00385	SA20160190_KJBEGOPM_00382	40.000	20	12	0	24	43	98	117	6.6	18.9
SA20160190_KJBEGOPM_00385	SA20160190_KJBEGOPM_00384	50.000	12	6	0	133	144	82	93	7.2	18.5
SA20160190_KJBEGOPM_00385	SA20160190_KJBEGOPM_00374	36.000	25	16	0	227	251	98	122	7.4	18.5
SA20160190_KJBEGOPM_00385	SA20160190_KJBEGOPM_00391	37.500	16	10	0	352	367	193	208	8.2	18.5
SA20160190_KJBEGOPM_00385	SA20160190_KJBEGOPM_00386	50.000	10	5	0	137	146	284	293	8.9	18.1
SA20160190_KJBEGOPM_00386	SA20160190_KJBEGOPM_00386	100.000	385	0	0	1	385	1	385	0.0	796
SA20160190_KJBEGOPM_00386	SA20160190_KJBEGOPM_00387	28.319	113	72	5	197	300	150	262	1.40e-05	36.2
SA20160190_KJBEGOPM_00386	SA20160190_KJBEGOPM_00372	18.841	69	55	1	13	81	227	294	0.72	21.6
SA20160190_KJBEGOPM_00386	SA20160190_KJBEGOPM_00373	30.769	26	18	0	172	197	86	111	2.3	20.0
SA20160190_KJBEGOPM_00386	SA20160190_KJBEGOPM_00385	50.000	10	5	0	284	293	137	146	7.4	18.1
SA20160190_KJBEGOPM_00387	SA20160190_KJBEGOPM_00387	100.000	336	0	0	1	336	1	336	0.0	682
SA20160190_KJBEGOPM_00387	SA20160190_KJBEGOPM_00386	28.319	113	72	5	150	262	197	300	1.22e-05	36.2
SA20160190_KJBEGOPM_00387	SA20160190_KJBEGOPM_00382	33.333	27	18	0	274	300	245	271	3.5	19.2
SA20160190_KJBEGOPM_00387	SA20160190_KJBEGOPM_00373	22.857	70	47	2	19	81	78	147	4.9	18.5
SA20160190_KJBEGOPM_00387	SA20160190_KJBEGOPM_00388	85.714	7	1	0	18	24	250	256	8.2	17.7
SA20160190_KJBEGOPM_00388	SA20160190_KJBEGOPM_00388	100.000	399	0	0	1	399	1	399	0.0	799
SA20160190_KJBEGOPM_00388	SA20160190_KJBEGOPM_00374	40.909	22	13	0	236	257	290	311	0.66	21.6
SA20160190_KJBEGOPM_00388	SA20160190_KJBEGOPM_00379	31.034	29	18	1	310	338	61	87	2.5	19.6
SA20160190_KJBEGOPM_00388	SA20160190_KJBEGOPM_00387	85.714	7	1	0	250	256	18	24	9.3	18.1
SA20160190_KJBEGOPM_00389	SA20160190_KJBEGOPM_00389	100.000	347	0	0	1	347	1	347	0.0	714
SA20160190_KJBEGOPM_00389	SA20160190_KJBEGOPM_00391	40.164	122	62	5	4	122	6	119	4.68e-22	85.5
SA20160190_KJBEGOPM_00389	SA20160190_KJBEGOPM_00380	42.105	19	11	0	146	164	223	241	0.46	21.9
SA20160190_KJBEGOPM_00389	SA20160190_KJBEGOPM_00382	35.294	17	11	0	10	26	310	326	3.2	19.2
SA20160190_KJBEGOPM_00389	SA20160190_KJBEGOPM_00385	24.000	75	49	3	45	119	278	344	3.6	19.2
SA20160190_KJBEGOPM_00390	SA20160190_KJBEGOPM_00390	100.000	204	0	0	1	204	1	204	1.69e-150	407
SA20160190_KJBEGOPM_00390	SA20160190_KJBEGOPM_00384	35.000	20	13	0	102	121	320	339	4.8	17.7
SA20160190_KJBEGOPM_00390	SA20160190_KJBEGOPM_00380	35.294	17	11	0	114	130	307	323	7.5	17.3
SA20160190_KJBEGOPM_00391	SA20160190_KJBEGOPM_00391	100.000	320	0	0	1	320	1	320	0.0	664
SA20160190_KJBEGOPM_00391	SA20160190_KJBEGOPM_00389	40.164	122	62	5	6	119	4	122	4.31e-22	85.5
SA20160190_KJBEGOPM_00391	SA20160190_KJBEGOPM_00374	30.303	33	23	0	47	79	2	34	1.1	20.4
SA20160190_KJBEGOPM_00391	SA20160190_KJBEGOPM_00373	35.484	31	16	1	169	195	340	370	2.4	19.6
SA20160190_KJBEGOPM_00391	SA20160190_KJBEGOPM_00380	41.667	24	14	0	22	45	147	170	4.1	18.9
SA20160190_KJBEGOPM_00391	SA20160190_KJBEGOPM_00382	57.143	14	6	0	107	120	300	313	5.5	18.5
SA20160190_KJBEGOPM_00391	SA20160190_KJBEGOPM_00385	37.500	16	10	0	193	208	352	367	5.6	18.5
SA20160190_KJBEGOPM_00391	SA20160190_KJBEGOPM_00375	28.571	28	18	1	23	50	75	100	7.3	18.1
