SA20160170_CHGPAPHK_03909	SA20160323_HIEPLBCK_00972	99.750	400	1	0	1	400	1	400	0.0	829
SA20160170_CHGPAPHK_03909	SA20160323_HIEPLBCK_00990	24.650	357	219	10	40	387	75	390	2.86e-20	82.0
SA20160170_CHGPAPHK_03909	SA20160323_HIEPLBCK_00983	44.444	27	9	2	269	289	511	537	2.3	20.0
SA20160170_CHGPAPHK_03909	SA20160323_HIEPLBCK_00977	26.531	49	32	1	12	60	146	190	6.6	18.5
SA20160170_CHGPAPHK_03910	SA20160323_HIEPLBCK_00973	99.773	441	1	0	1	441	1	441	0.0	890
SA20160170_CHGPAPHK_03910	SA20160323_HIEPLBCK_00989	31.099	373	250	2	16	388	14	379	1.49e-66	210
SA20160170_CHGPAPHK_03910	SA20160323_HIEPLBCK_00982	18.824	170	124	5	111	274	120	281	0.19	23.5
SA20160170_CHGPAPHK_03910	SA20160323_HIEPLBCK_00990	34.286	35	18	1	164	193	36	70	0.32	22.7
SA20160170_CHGPAPHK_03910	SA20160323_HIEPLBCK_00979	45.455	22	12	0	136	157	136	157	0.62	21.9
SA20160170_CHGPAPHK_03910	SA20160323_HIEPLBCK_00985	29.032	62	43	1	147	208	246	306	2.4	20.0
SA20160170_CHGPAPHK_03910	SA20160323_HIEPLBCK_00988	24.390	82	50	3	175	255	159	229	3.0	19.6
SA20160170_CHGPAPHK_03910	SA20160323_HIEPLBCK_00992	52.381	21	6	1	157	173	323	343	5.8	18.9
SA20160170_CHGPAPHK_03911	SA20160323_HIEPLBCK_00974	100.000	294	0	0	1	294	1	294	0.0	600
SA20160170_CHGPAPHK_03911	SA20160323_HIEPLBCK_00990	24.242	66	31	3	27	74	337	401	0.13	23.5
SA20160170_CHGPAPHK_03911	SA20160323_HIEPLBCK_00985	63.636	11	4	0	278	288	207	217	1.1	20.4
SA20160170_CHGPAPHK_03911	SA20160323_HIEPLBCK_00984	31.034	29	18	1	44	72	240	266	4.5	18.5
SA20160170_CHGPAPHK_03911	SA20160323_HIEPLBCK_00976	42.105	19	11	0	207	225	140	158	4.8	18.5
SA20160170_CHGPAPHK_03911	SA20160323_HIEPLBCK_00992	37.143	35	16	2	45	73	140	174	9.7	17.3
SA20160170_CHGPAPHK_03912	SA20160323_HIEPLBCK_00975	100.000	242	0	0	1	242	1	242	0.0	502
SA20160170_CHGPAPHK_03912	SA20160323_HIEPLBCK_00984	70.000	10	3	0	64	73	394	403	0.97	20.4
SA20160170_CHGPAPHK_03912	SA20160323_HIEPLBCK_00978	37.143	35	21	1	74	107	1	35	1.3	19.2
SA20160170_CHGPAPHK_03912	SA20160323_HIEPLBCK_00989	45.455	11	6	0	162	172	236	246	1.9	19.2
SA20160170_CHGPAPHK_03912	SA20160323_HIEPLBCK_00986	28.302	53	26	2	8	60	89	129	2.8	18.9
SA20160170_CHGPAPHK_03912	SA20160323_HIEPLBCK_00983	29.091	55	29	2	40	84	133	187	3.9	18.5
SA20160170_CHGPAPHK_03912	SA20160323_HIEPLBCK_00976	29.032	31	18	2	128	157	278	305	9.2	17.3
SA20160170_CHGPAPHK_03913	SA20160323_HIEPLBCK_00976	99.869	761	1	0	1	761	1	761	0.0	1585
SA20160170_CHGPAPHK_03913	SA20160323_HIEPLBCK_00990	47.368	19	10	0	545	563	162	180	1.6	21.6
SA20160170_CHGPAPHK_03913	SA20160323_HIEPLBCK_00992	30.769	52	25	2	230	274	43	90	3.8	20.4
SA20160170_CHGPAPHK_03913	SA20160323_HIEPLBCK_00979	53.333	15	7	0	141	155	228	242	5.6	19.6
SA20160170_CHGPAPHK_03913	SA20160323_HIEPLBCK_00982	20.968	62	34	1	114	175	222	268	6.3	19.6
SA20160170_CHGPAPHK_03913	SA20160323_HIEPLBCK_00981	75.000	8	2	0	701	708	130	137	7.6	19.2
SA20160170_CHGPAPHK_03914	SA20160323_HIEPLBCK_00977	99.734	376	1	0	1	376	1	376	0.0	781
SA20160170_CHGPAPHK_03914	SA20160323_HIEPLBCK_00992	25.581	43	32	0	139	181	75	117	7.6	18.1
SA20160170_CHGPAPHK_03915	SA20160323_HIEPLBCK_00978	100.000	84	0	0	1	84	1	84	5.67e-62	174
SA20160170_CHGPAPHK_03915	SA20160323_HIEPLBCK_00975	37.143	35	21	1	1	35	74	107	0.47	19.2
SA20160170_CHGPAPHK_03915	SA20160323_HIEPLBCK_00983	26.562	64	41	3	6	67	151	210	0.82	18.5
SA20160170_CHGPAPHK_03915	SA20160323_HIEPLBCK_00980	25.000	36	27	0	20	55	108	143	3.9	16.5
SA20160170_CHGPAPHK_03916	SA20160323_HIEPLBCK_00979	99.753	405	1	0	1	405	1	405	0.0	810
SA20160170_CHGPAPHK_03916	SA20160323_HIEPLBCK_00982	28.261	46	33	0	10	55	246	291	0.023	26.6
SA20160170_CHGPAPHK_03916	SA20160323_HIEPLBCK_00973	45.455	22	12	0	136	157	136	157	0.54	21.9
SA20160170_CHGPAPHK_03916	SA20160323_HIEPLBCK_00988	31.169	77	39	4	196	258	71	147	0.74	21.6
SA20160170_CHGPAPHK_03916	SA20160323_HIEPLBCK_00989	23.684	76	53	2	9	83	230	301	1.1	21.2
SA20160170_CHGPAPHK_03916	SA20160323_HIEPLBCK_00976	53.333	15	7	0	228	242	141	155	2.9	19.6
SA20160170_CHGPAPHK_03917	SA20160323_HIEPLBCK_00980	99.315	292	2	0	1	292	1	292	0.0	590
SA20160170_CHGPAPHK_03917	SA20160323_HIEPLBCK_00981	18.012	161	110	5	10	150	187	345	1.1	20.4
SA20160170_CHGPAPHK_03917	SA20160323_HIEPLBCK_00983	37.931	29	17	1	45	73	288	315	8.2	17.7
SA20160170_CHGPAPHK_03917	SA20160323_HIEPLBCK_00990	34.286	35	15	2	185	219	364	390	8.4	17.7
SA20160170_CHGPAPHK_03918	SA20160323_HIEPLBCK_00981	99.719	356	1	0	1	356	1	356	0.0	738
SA20160170_CHGPAPHK_03918	SA20160323_HIEPLBCK_00986	26.316	38	28	0	169	206	11	48	0.25	22.7
SA20160170_CHGPAPHK_03918	SA20160323_HIEPLBCK_00992	24.510	102	56	4	264	351	54	148	1.5	20.4
SA20160170_CHGPAPHK_03918	SA20160323_HIEPLBCK_00980	18.634	161	109	5	187	345	10	150	2.4	19.6
SA20160170_CHGPAPHK_03918	SA20160323_HIEPLBCK_00976	75.000	8	2	0	130	137	701	708	3.5	19.2
SA20160170_CHGPAPHK_03918	SA20160323_HIEPLBCK_00990	35.294	34	22	0	47	80	17	50	4.8	18.9
SA20160170_CHGPAPHK_03919	SA20160323_HIEPLBCK_00982	100.000	452	0	0	1	452	1	452	0.0	919
SA20160170_CHGPAPHK_03919	SA20160323_HIEPLBCK_00989	22.951	427	282	17	43	438	9	419	1.81e-07	42.7
SA20160170_CHGPAPHK_03919	SA20160323_HIEPLBCK_00979	28.261	46	33	0	246	291	10	55	0.027	26.2
SA20160170_CHGPAPHK_03919	SA20160323_HIEPLBCK_00973	18.824	170	124	5	120	281	111	274	0.19	23.5
SA20160170_CHGPAPHK_03919	SA20160323_HIEPLBCK_00990	28.333	60	34	3	38	88	48	107	2.7	20.0
SA20160170_CHGPAPHK_03919	SA20160323_HIEPLBCK_00976	20.968	62	34	1	222	268	114	175	3.9	19.6
SA20160170_CHGPAPHK_03919	SA20160323_HIEPLBCK_00988	33.929	56	26	3	321	366	168	222	8.7	18.1
SA20160170_CHGPAPHK_03920	SA20160323_HIEPLBCK_00983	99.631	542	2	0	1	542	1	542	0.0	1105
SA20160170_CHGPAPHK_03920	SA20160323_HIEPLBCK_00989	37.500	24	14	1	401	423	153	176	1.6	20.8
SA20160170_CHGPAPHK_03920	SA20160323_HIEPLBCK_00992	58.333	12	5	0	6	17	58	69	2.8	20.0
SA20160170_CHGPAPHK_03920	SA20160323_HIEPLBCK_00972	44.444	27	9	2	511	537	269	289	3.0	20.0
SA20160170_CHGPAPHK_03920	SA20160323_HIEPLBCK_00978	26.562	64	41	3	151	210	6	67	4.6	18.9
SA20160170_CHGPAPHK_03920	SA20160323_HIEPLBCK_00975	63.636	11	4	0	177	187	74	84	9.5	18.5
SA20160170_CHGPAPHK_03921	SA20160323_HIEPLBCK_00984	99.761	419	1	0	1	419	1	419	0.0	848
SA20160170_CHGPAPHK_03921	SA20160323_HIEPLBCK_00985	35.714	28	18	0	364	391	84	111	1.3	20.8
SA20160170_CHGPAPHK_03921	SA20160323_HIEPLBCK_00975	70.000	10	3	0	394	403	64	73	2.0	20.0
SA20160170_CHGPAPHK_03921	SA20160323_HIEPLBCK_00974	31.034	29	18	1	240	266	44	72	5.8	18.9
SA20160170_CHGPAPHK_03921	SA20160323_HIEPLBCK_00986	40.741	27	15	1	78	103	309	335	6.1	18.5
SA20160170_CHGPAPHK_03921	SA20160323_HIEPLBCK_00992	27.586	29	21	0	278	306	99	127	8.6	18.1
SA20160170_CHGPAPHK_03922	SA20160323_HIEPLBCK_00985	99.747	396	1	0	1	396	1	396	0.0	823
SA20160170_CHGPAPHK_03922	SA20160323_HIEPLBCK_00991	28.358	67	45	1	301	367	157	220	0.36	22.3
SA20160170_CHGPAPHK_03922	SA20160323_HIEPLBCK_00990	35.000	40	21	1	333	372	268	302	0.49	21.9
SA20160170_CHGPAPHK_03922	SA20160323_HIEPLBCK_00984	35.714	28	18	0	84	111	364	391	1.5	20.4
SA20160170_CHGPAPHK_03922	SA20160323_HIEPLBCK_00974	63.636	11	4	0	207	217	278	288	1.5	20.4
SA20160170_CHGPAPHK_03922	SA20160323_HIEPLBCK_00973	29.032	62	43	1	246	306	147	208	2.1	20.0
SA20160170_CHGPAPHK_03922	SA20160323_HIEPLBCK_00988	23.881	67	42	2	217	283	155	212	6.6	18.5
SA20160170_CHGPAPHK_03922	SA20160323_HIEPLBCK_00983	33.333	33	17	1	360	387	56	88	8.8	18.1
SA20160170_CHGPAPHK_03922	SA20160323_HIEPLBCK_00976	42.857	21	6	1	103	123	421	435	9.3	18.1
SA20160170_CHGPAPHK_03923	SA20160323_HIEPLBCK_00986	89.412	340	36	0	1	340	1	340	0.0	642
SA20160170_CHGPAPHK_03923	SA20160323_HIEPLBCK_00981	26.316	38	28	0	11	48	169	206	0.33	22.3
SA20160170_CHGPAPHK_03923	SA20160323_HIEPLBCK_00989	29.730	37	25	1	1	36	333	369	1.6	20.0
SA20160170_CHGPAPHK_03923	SA20160323_HIEPLBCK_00988	27.500	40	23	2	55	88	188	227	1.8	20.0
SA20160170_CHGPAPHK_03923	SA20160323_HIEPLBCK_00984	45.000	20	11	0	309	328	78	97	3.3	19.2
SA20160170_CHGPAPHK_03923	SA20160323_HIEPLBCK_00975	26.168	107	57	5	89	176	8	111	3.5	18.9
SA20160170_CHGPAPHK_03923	SA20160323_HIEPLBCK_00990	27.778	18	13	0	281	298	323	340	4.4	18.9
SA20160170_CHGPAPHK_03923	SA20160323_HIEPLBCK_00992	36.000	25	16	0	88	112	90	114	4.7	18.9
SA20160170_CHGPAPHK_03924	SA20160323_HIEPLBCK_00987	93.103	58	4	0	1	58	1	58	2.90e-39	114
SA20160170_CHGPAPHK_03924	SA20160323_HIEPLBCK_00992	92.982	57	4	0	2	58	342	398	2.29e-36	115
SA20160170_CHGPAPHK_03924	SA20160323_HIEPLBCK_00991	31.579	19	13	0	40	58	242	260	5.8	15.4
SA20160170_CHGPAPHK_03925	SA20160323_HIEPLBCK_00988	99.251	267	2	0	1	267	1	267	0.0	545
SA20160170_CHGPAPHK_03925	SA20160323_HIEPLBCK_00986	30.000	40	22	2	188	227	55	88	0.41	21.6
SA20160170_CHGPAPHK_03925	SA20160323_HIEPLBCK_00979	31.169	77	39	4	71	147	196	258	0.46	21.6
SA20160170_CHGPAPHK_03925	SA20160323_HIEPLBCK_00973	38.889	18	11	0	159	176	175	192	3.6	18.9
SA20160170_CHGPAPHK_03925	SA20160323_HIEPLBCK_00985	23.881	67	42	2	155	212	217	283	3.7	18.9
SA20160170_CHGPAPHK_03925	SA20160323_HIEPLBCK_00982	77.778	9	2	0	207	215	379	387	6.8	17.7
SA20160170_CHGPAPHK_03925	SA20160323_HIEPLBCK_00976	29.167	24	17	0	109	132	500	523	7.1	17.7
SA20160170_CHGPAPHK_03925	SA20160323_HIEPLBCK_00989	27.907	43	24	1	180	222	314	349	9.7	17.3
SA20160170_CHGPAPHK_03926	SA20160323_HIEPLBCK_00989	99.767	429	1	0	1	429	1	429	0.0	844
SA20160170_CHGPAPHK_03926	SA20160323_HIEPLBCK_00973	31.099	373	250	2	14	379	16	388	3.41e-66	209
SA20160170_CHGPAPHK_03926	SA20160323_HIEPLBCK_00982	22.951	427	282	17	9	419	43	438	2.03e-07	42.7
SA20160170_CHGPAPHK_03926	SA20160323_HIEPLBCK_00983	37.500	24	14	1	153	176	401	423	1.2	21.2
SA20160170_CHGPAPHK_03926	SA20160323_HIEPLBCK_00979	23.684	76	53	2	230	301	9	83	1.2	21.2
SA20160170_CHGPAPHK_03926	SA20160323_HIEPLBCK_00975	45.455	11	6	0	236	246	162	172	3.4	19.2
SA20160170_CHGPAPHK_03927	SA20160323_HIEPLBCK_00990	99.501	401	2	0	1	401	1	401	0.0	834
SA20160170_CHGPAPHK_03927	SA20160323_HIEPLBCK_00972	24.225	355	223	9	75	390	40	387	1.39e-20	83.2
SA20160170_CHGPAPHK_03927	SA20160323_HIEPLBCK_00973	34.286	35	18	1	36	70	164	193	0.28	22.7
SA20160170_CHGPAPHK_03927	SA20160323_HIEPLBCK_00985	35.000	40	21	1	268	302	333	372	0.42	22.3
SA20160170_CHGPAPHK_03927	SA20160323_HIEPLBCK_00976	47.368	19	10	0	162	180	545	563	0.85	21.6
SA20160170_CHGPAPHK_03927	SA20160323_HIEPLBCK_00974	22.727	66	32	3	337	401	27	74	0.97	21.2
SA20160170_CHGPAPHK_03927	SA20160323_HIEPLBCK_00986	25.641	39	19	1	323	351	281	319	1.4	20.8
SA20160170_CHGPAPHK_03927	SA20160323_HIEPLBCK_00982	28.333	60	34	3	48	107	38	88	2.4	20.0
SA20160170_CHGPAPHK_03927	SA20160323_HIEPLBCK_00992	25.714	35	26	0	308	342	97	131	5.3	18.9
SA20160170_CHGPAPHK_03927	SA20160323_HIEPLBCK_00981	35.294	34	22	0	17	50	47	80	9.0	18.1
SA20160170_CHGPAPHK_03928	SA20160323_HIEPLBCK_00991	98.846	260	3	0	1	260	1	260	0.0	528
SA20160170_CHGPAPHK_03928	SA20160323_HIEPLBCK_00985	37.037	27	17	0	194	220	341	367	0.30	21.9
SA20160170_CHGPAPHK_03928	SA20160323_HIEPLBCK_00982	28.571	42	27	1	102	140	31	72	7.1	17.7
SA20160170_CHGPAPHK_03928	SA20160323_HIEPLBCK_00973	27.273	22	16	0	102	123	168	189	8.1	17.7
SA20160170_CHGPAPHK_03929	SA20160323_HIEPLBCK_00992	99.246	398	3	0	1	398	1	398	0.0	808
SA20160170_CHGPAPHK_03929	SA20160323_HIEPLBCK_00987	94.737	57	3	0	342	398	2	58	2.77e-36	118
SA20160170_CHGPAPHK_03929	SA20160323_HIEPLBCK_00981	24.510	102	56	4	54	148	264	351	1.7	20.4
SA20160170_CHGPAPHK_03929	SA20160323_HIEPLBCK_00976	30.769	52	25	2	43	90	230	274	2.0	20.4
SA20160170_CHGPAPHK_03929	SA20160323_HIEPLBCK_00977	25.581	43	32	0	75	117	139	181	4.8	18.9
SA20160170_CHGPAPHK_03929	SA20160323_HIEPLBCK_00973	52.381	21	6	1	323	343	157	173	5.2	18.9
SA20160170_CHGPAPHK_03929	SA20160323_HIEPLBCK_00990	25.714	35	26	0	97	131	308	342	5.7	18.9
SA20160170_CHGPAPHK_03929	SA20160323_HIEPLBCK_00984	27.586	29	21	0	99	127	278	306	9.3	18.1
SA20160323_HIEPLBCK_00972	SA20160323_HIEPLBCK_00972	100.000	400	0	0	1	400	1	400	0.0	831
SA20160323_HIEPLBCK_00972	SA20160323_HIEPLBCK_00990	24.225	355	223	9	40	387	75	390	1.05e-20	83.2
SA20160323_HIEPLBCK_00972	SA20160323_HIEPLBCK_00983	44.444	27	9	2	269	289	511	537	2.3	20.0
SA20160323_HIEPLBCK_00972	SA20160323_HIEPLBCK_00977	26.531	49	32	1	12	60	146	190	6.0	18.5
SA20160323_HIEPLBCK_00973	SA20160323_HIEPLBCK_00973	100.000	441	0	0	1	441	1	441	0.0	892
SA20160323_HIEPLBCK_00973	SA20160323_HIEPLBCK_00989	31.099	373	250	2	16	388	14	379	3.15e-66	209
SA20160323_HIEPLBCK_00973	SA20160323_HIEPLBCK_00982	18.824	170	124	5	111	274	120	281	0.19	23.5
SA20160323_HIEPLBCK_00973	SA20160323_HIEPLBCK_00990	34.286	35	18	1	164	193	36	70	0.31	23.1
SA20160323_HIEPLBCK_00973	SA20160323_HIEPLBCK_00979	45.455	22	12	0	136	157	136	157	0.64	21.9
SA20160323_HIEPLBCK_00973	SA20160323_HIEPLBCK_00985	29.032	62	43	1	147	208	246	306	2.3	20.0
SA20160323_HIEPLBCK_00973	SA20160323_HIEPLBCK_00988	24.390	82	50	3	175	255	159	229	3.0	19.6
SA20160323_HIEPLBCK_00973	SA20160323_HIEPLBCK_00992	52.381	21	6	1	157	173	323	343	5.8	18.9
SA20160323_HIEPLBCK_00974	SA20160323_HIEPLBCK_00974	100.000	294	0	0	1	294	1	294	0.0	600
SA20160323_HIEPLBCK_00974	SA20160323_HIEPLBCK_00990	24.242	66	31	3	27	74	337	401	0.13	23.5
SA20160323_HIEPLBCK_00974	SA20160323_HIEPLBCK_00985	63.636	11	4	0	278	288	207	217	1.1	20.4
SA20160323_HIEPLBCK_00974	SA20160323_HIEPLBCK_00984	31.034	29	18	1	44	72	240	266	4.5	18.5
SA20160323_HIEPLBCK_00974	SA20160323_HIEPLBCK_00976	42.105	19	11	0	207	225	140	158	4.8	18.5
SA20160323_HIEPLBCK_00974	SA20160323_HIEPLBCK_00992	37.143	35	16	2	45	73	140	174	9.7	17.3
SA20160323_HIEPLBCK_00975	SA20160323_HIEPLBCK_00975	100.000	242	0	0	1	242	1	242	0.0	502
SA20160323_HIEPLBCK_00975	SA20160323_HIEPLBCK_00984	70.000	10	3	0	64	73	394	403	0.97	20.4
SA20160323_HIEPLBCK_00975	SA20160323_HIEPLBCK_00978	37.143	35	21	1	74	107	1	35	1.3	19.2
SA20160323_HIEPLBCK_00975	SA20160323_HIEPLBCK_00989	45.455	11	6	0	162	172	236	246	1.9	19.2
SA20160323_HIEPLBCK_00975	SA20160323_HIEPLBCK_00986	28.302	53	26	2	8	60	89	129	2.8	18.9
SA20160323_HIEPLBCK_00975	SA20160323_HIEPLBCK_00983	29.091	55	29	2	40	84	133	187	3.9	18.5
SA20160323_HIEPLBCK_00975	SA20160323_HIEPLBCK_00976	29.032	31	18	2	128	157	278	305	9.2	17.3
SA20160323_HIEPLBCK_00976	SA20160323_HIEPLBCK_00976	100.000	761	0	0	1	761	1	761	0.0	1588
SA20160323_HIEPLBCK_00976	SA20160323_HIEPLBCK_00990	47.368	19	10	0	545	563	162	180	1.6	21.6
SA20160323_HIEPLBCK_00976	SA20160323_HIEPLBCK_00992	30.769	52	25	2	230	274	43	90	3.7	20.4
SA20160323_HIEPLBCK_00976	SA20160323_HIEPLBCK_00979	53.333	15	7	0	141	155	228	242	5.6	19.6
SA20160323_HIEPLBCK_00976	SA20160323_HIEPLBCK_00982	20.968	62	34	1	114	175	222	268	6.5	19.6
SA20160323_HIEPLBCK_00976	SA20160323_HIEPLBCK_00981	75.000	8	2	0	701	708	130	137	7.6	19.2
SA20160323_HIEPLBCK_00977	SA20160323_HIEPLBCK_00977	100.000	376	0	0	1	376	1	376	0.0	783
SA20160323_HIEPLBCK_00977	SA20160323_HIEPLBCK_00992	25.581	43	32	0	139	181	75	117	4.6	18.9
SA20160323_HIEPLBCK_00977	SA20160323_HIEPLBCK_00972	26.531	49	32	1	146	190	12	60	5.7	18.5
SA20160323_HIEPLBCK_00978	SA20160323_HIEPLBCK_00978	100.000	84	0	0	1	84	1	84	5.67e-62	174
SA20160323_HIEPLBCK_00978	SA20160323_HIEPLBCK_00975	37.143	35	21	1	1	35	74	107	0.47	19.2
SA20160323_HIEPLBCK_00978	SA20160323_HIEPLBCK_00983	26.562	64	41	3	6	67	151	210	0.82	18.5
SA20160323_HIEPLBCK_00978	SA20160323_HIEPLBCK_00980	25.000	36	27	0	20	55	108	143	3.9	16.5
SA20160323_HIEPLBCK_00979	SA20160323_HIEPLBCK_00979	100.000	405	0	0	1	405	1	405	0.0	811
SA20160323_HIEPLBCK_00979	SA20160323_HIEPLBCK_00982	28.261	46	33	0	10	55	246	291	0.022	26.6
SA20160323_HIEPLBCK_00979	SA20160323_HIEPLBCK_00973	45.455	22	12	0	136	157	136	157	0.54	21.9
SA20160323_HIEPLBCK_00979	SA20160323_HIEPLBCK_00988	31.169	77	39	4	196	258	71	147	0.73	21.6
SA20160323_HIEPLBCK_00979	SA20160323_HIEPLBCK_00989	23.684	76	53	2	9	83	230	301	1.1	21.2
SA20160323_HIEPLBCK_00979	SA20160323_HIEPLBCK_00976	53.333	15	7	0	228	242	141	155	2.9	19.6
SA20160323_HIEPLBCK_00980	SA20160323_HIEPLBCK_00980	100.000	292	0	0	1	292	1	292	0.0	597
SA20160323_HIEPLBCK_00980	SA20160323_HIEPLBCK_00983	47.826	23	11	1	45	67	288	309	8.4	17.7
SA20160323_HIEPLBCK_00980	SA20160323_HIEPLBCK_00990	34.286	35	15	2	185	219	364	390	8.7	17.7
SA20160323_HIEPLBCK_00981	SA20160323_HIEPLBCK_00981	100.000	356	0	0	1	356	1	356	0.0	740
SA20160323_HIEPLBCK_00981	SA20160323_HIEPLBCK_00986	26.316	38	28	0	169	206	11	48	0.25	22.7
SA20160323_HIEPLBCK_00981	SA20160323_HIEPLBCK_00992	24.510	102	56	4	264	351	54	148	1.5	20.4
SA20160323_HIEPLBCK_00981	SA20160323_HIEPLBCK_00976	75.000	8	2	0	130	137	701	708	3.6	19.2
SA20160323_HIEPLBCK_00981	SA20160323_HIEPLBCK_00990	35.294	34	22	0	47	80	17	50	7.8	18.1
SA20160323_HIEPLBCK_00982	SA20160323_HIEPLBCK_00982	100.000	452	0	0	1	452	1	452	0.0	919
SA20160323_HIEPLBCK_00982	SA20160323_HIEPLBCK_00989	22.951	427	282	17	43	438	9	419	1.81e-07	42.7
SA20160323_HIEPLBCK_00982	SA20160323_HIEPLBCK_00979	28.261	46	33	0	246	291	10	55	0.027	26.2
SA20160323_HIEPLBCK_00982	SA20160323_HIEPLBCK_00973	18.824	170	124	5	120	281	111	274	0.19	23.5
SA20160323_HIEPLBCK_00982	SA20160323_HIEPLBCK_00990	28.333	60	34	3	38	88	48	107	2.7	20.0
SA20160323_HIEPLBCK_00982	SA20160323_HIEPLBCK_00976	20.968	62	34	1	222	268	114	175	3.9	19.6
SA20160323_HIEPLBCK_00983	SA20160323_HIEPLBCK_00983	100.000	542	0	0	1	542	1	542	0.0	1107
SA20160323_HIEPLBCK_00983	SA20160323_HIEPLBCK_00989	37.500	24	14	1	401	423	153	176	1.6	21.2
SA20160323_HIEPLBCK_00983	SA20160323_HIEPLBCK_00992	58.333	12	5	0	6	17	58	69	2.9	20.0
SA20160323_HIEPLBCK_00983	SA20160323_HIEPLBCK_00972	44.444	27	9	2	511	537	269	289	3.0	20.0
SA20160323_HIEPLBCK_00983	SA20160323_HIEPLBCK_00975	63.636	11	4	0	177	187	74	84	9.3	18.5
SA20160323_HIEPLBCK_00984	SA20160323_HIEPLBCK_00984	100.000	419	0	0	1	419	1	419	0.0	852
SA20160323_HIEPLBCK_00984	SA20160323_HIEPLBCK_00985	35.714	28	18	0	364	391	84	111	1.4	20.8
SA20160323_HIEPLBCK_00984	SA20160323_HIEPLBCK_00975	70.000	10	3	0	394	403	64	73	2.0	20.0
SA20160323_HIEPLBCK_00984	SA20160323_HIEPLBCK_00986	27.692	65	29	2	40	103	288	335	6.0	18.9
SA20160323_HIEPLBCK_00984	SA20160323_HIEPLBCK_00992	27.586	29	21	0	278	306	99	127	9.1	18.1
SA20160323_HIEPLBCK_00985	SA20160323_HIEPLBCK_00985	100.000	396	0	0	1	396	1	396	0.0	826
SA20160323_HIEPLBCK_00985	SA20160323_HIEPLBCK_00991	28.358	67	45	1	301	367	157	220	0.38	22.3
SA20160323_HIEPLBCK_00985	SA20160323_HIEPLBCK_00990	35.000	40	21	1	333	372	268	302	0.50	21.9
SA20160323_HIEPLBCK_00985	SA20160323_HIEPLBCK_00984	35.714	28	18	0	84	111	364	391	1.5	20.4
SA20160323_HIEPLBCK_00985	SA20160323_HIEPLBCK_00974	63.636	11	4	0	207	217	278	288	1.5	20.4
SA20160323_HIEPLBCK_00985	SA20160323_HIEPLBCK_00973	29.032	62	43	1	246	306	147	208	2.1	20.0
SA20160323_HIEPLBCK_00985	SA20160323_HIEPLBCK_00988	23.881	67	42	2	217	283	155	212	6.6	18.5
SA20160323_HIEPLBCK_00985	SA20160323_HIEPLBCK_00983	33.333	33	17	1	360	387	56	88	8.8	18.1
SA20160323_HIEPLBCK_00985	SA20160323_HIEPLBCK_00976	42.857	21	6	1	103	123	421	435	9.4	18.1
SA20160323_HIEPLBCK_00986	SA20160323_HIEPLBCK_00986	100.000	340	0	0	1	340	1	340	0.0	702
SA20160323_HIEPLBCK_00986	SA20160323_HIEPLBCK_00981	26.316	38	28	0	11	48	169	206	0.24	22.7
SA20160323_HIEPLBCK_00986	SA20160323_HIEPLBCK_00988	30.000	40	22	2	55	88	188	227	0.54	21.6
SA20160323_HIEPLBCK_00986	SA20160323_HIEPLBCK_00990	25.641	39	19	1	281	319	323	351	1.2	20.8
SA20160323_HIEPLBCK_00986	SA20160323_HIEPLBCK_00975	28.302	53	26	2	89	129	8	60	4.0	18.9
SA20160323_HIEPLBCK_00986	SA20160323_HIEPLBCK_00984	27.586	58	25	1	288	328	40	97	5.8	18.5
SA20160323_HIEPLBCK_00987	SA20160323_HIEPLBCK_00987	100.000	58	0	0	1	58	1	58	3.38e-42	122
SA20160323_HIEPLBCK_00987	SA20160323_HIEPLBCK_00992	96.491	57	2	0	2	58	342	398	5.25e-38	120
SA20160323_HIEPLBCK_00987	SA20160323_HIEPLBCK_00984	42.857	7	4	0	37	43	273	279	7.8	15.0
SA20160323_HIEPLBCK_00988	SA20160323_HIEPLBCK_00988	100.000	267	0	0	1	267	1	267	0.0	547
SA20160323_HIEPLBCK_00988	SA20160323_HIEPLBCK_00986	30.000	40	22	2	188	227	55	88	0.43	21.6
SA20160323_HIEPLBCK_00988	SA20160323_HIEPLBCK_00979	31.169	77	39	4	71	147	196	258	0.48	21.6
SA20160323_HIEPLBCK_00988	SA20160323_HIEPLBCK_00973	24.390	82	50	3	159	229	175	255	1.8	19.6
SA20160323_HIEPLBCK_00988	SA20160323_HIEPLBCK_00985	23.881	67	42	2	155	212	217	283	4.5	18.5
SA20160323_HIEPLBCK_00988	SA20160323_HIEPLBCK_00982	33.929	56	26	3	168	222	321	366	5.2	18.1
SA20160323_HIEPLBCK_00988	SA20160323_HIEPLBCK_00976	29.167	24	17	0	109	132	500	523	7.3	17.7
SA20160323_HIEPLBCK_00988	SA20160323_HIEPLBCK_00989	27.907	43	24	1	180	222	314	349	8.6	17.7
SA20160323_HIEPLBCK_00989	SA20160323_HIEPLBCK_00989	100.000	429	0	0	1	429	1	429	0.0	845
SA20160323_HIEPLBCK_00989	SA20160323_HIEPLBCK_00973	31.099	373	250	2	14	379	16	388	3.06e-66	209
SA20160323_HIEPLBCK_00989	SA20160323_HIEPLBCK_00982	22.951	427	282	17	9	419	43	438	1.72e-07	42.7
SA20160323_HIEPLBCK_00989	SA20160323_HIEPLBCK_00983	37.500	24	14	1	153	176	401	423	1.1	21.2
SA20160323_HIEPLBCK_00989	SA20160323_HIEPLBCK_00979	23.684	76	53	2	230	301	9	83	1.2	20.8
SA20160323_HIEPLBCK_00989	SA20160323_HIEPLBCK_00975	45.455	11	6	0	236	246	162	172	3.4	19.2
SA20160323_HIEPLBCK_00990	SA20160323_HIEPLBCK_00990	100.000	401	0	0	1	401	1	401	0.0	838
SA20160323_HIEPLBCK_00990	SA20160323_HIEPLBCK_00972	24.225	355	223	9	75	390	40	387	1.05e-20	83.2
SA20160323_HIEPLBCK_00990	SA20160323_HIEPLBCK_00974	24.242	66	31	3	337	401	27	74	0.17	23.5
SA20160323_HIEPLBCK_00990	SA20160323_HIEPLBCK_00973	34.286	35	18	1	36	70	164	193	0.28	23.1
SA20160323_HIEPLBCK_00990	SA20160323_HIEPLBCK_00985	35.000	40	21	1	268	302	333	372	0.51	21.9
SA20160323_HIEPLBCK_00990	SA20160323_HIEPLBCK_00976	47.368	19	10	0	162	180	545	563	0.87	21.6
SA20160323_HIEPLBCK_00990	SA20160323_HIEPLBCK_00986	25.641	39	19	1	323	351	281	319	1.4	20.8
SA20160323_HIEPLBCK_00990	SA20160323_HIEPLBCK_00982	28.333	60	34	3	48	107	38	88	2.4	20.0
SA20160323_HIEPLBCK_00990	SA20160323_HIEPLBCK_00992	25.714	35	26	0	308	342	97	131	5.7	18.9
SA20160323_HIEPLBCK_00990	SA20160323_HIEPLBCK_00981	35.294	34	22	0	17	50	47	80	8.8	18.1
SA20160323_HIEPLBCK_00991	SA20160323_HIEPLBCK_00991	100.000	260	0	0	1	260	1	260	0.0	532
SA20160323_HIEPLBCK_00991	SA20160323_HIEPLBCK_00985	28.358	67	45	1	157	220	301	367	0.25	22.3
SA20160323_HIEPLBCK_00991	SA20160323_HIEPLBCK_00982	28.571	42	27	1	102	140	31	72	6.9	17.7
SA20160323_HIEPLBCK_00991	SA20160323_HIEPLBCK_00973	27.273	22	16	0	102	123	168	189	8.1	17.7
SA20160323_HIEPLBCK_00992	SA20160323_HIEPLBCK_00992	100.000	398	0	0	1	398	1	398	0.0	814
SA20160323_HIEPLBCK_00992	SA20160323_HIEPLBCK_00987	96.491	57	2	0	342	398	2	58	3.60e-37	120
SA20160323_HIEPLBCK_00992	SA20160323_HIEPLBCK_00981	24.510	102	56	4	54	148	264	351	1.7	20.4
SA20160323_HIEPLBCK_00992	SA20160323_HIEPLBCK_00976	30.769	52	25	2	43	90	230	274	2.0	20.4
SA20160323_HIEPLBCK_00992	SA20160323_HIEPLBCK_00977	25.581	43	32	0	75	117	139	181	4.9	18.9
SA20160323_HIEPLBCK_00992	SA20160323_HIEPLBCK_00973	52.381	21	6	1	323	343	157	173	5.2	18.9
SA20160323_HIEPLBCK_00992	SA20160323_HIEPLBCK_00990	25.714	35	26	0	97	131	308	342	5.7	18.9
SA20160323_HIEPLBCK_00992	SA20160323_HIEPLBCK_00984	27.586	29	21	0	99	127	278	306	9.4	18.1
SA20160170_CHGPAPHK_03909	SA20160170_CHGPAPHK_03909	100.000	400	0	0	1	400	1	400	0.0	831
SA20160170_CHGPAPHK_03909	SA20160170_CHGPAPHK_03927	24.650	357	219	10	40	387	75	390	3.74e-20	81.6
SA20160170_CHGPAPHK_03909	SA20160170_CHGPAPHK_03920	44.444	27	9	2	269	289	511	537	2.4	20.0
SA20160170_CHGPAPHK_03910	SA20160170_CHGPAPHK_03910	100.000	441	0	0	1	441	1	441	0.0	893
SA20160170_CHGPAPHK_03910	SA20160170_CHGPAPHK_03926	31.099	373	250	2	16	388	14	379	1.65e-66	210
SA20160170_CHGPAPHK_03910	SA20160170_CHGPAPHK_03919	18.824	170	124	5	111	274	120	281	0.19	23.5
SA20160170_CHGPAPHK_03910	SA20160170_CHGPAPHK_03927	34.286	35	18	1	164	193	36	70	0.33	22.7
SA20160170_CHGPAPHK_03910	SA20160170_CHGPAPHK_03916	45.455	22	12	0	136	157	136	157	0.62	21.9
SA20160170_CHGPAPHK_03910	SA20160170_CHGPAPHK_03922	29.032	62	43	1	147	208	246	306	2.4	20.0
SA20160170_CHGPAPHK_03910	SA20160170_CHGPAPHK_03929	52.381	21	6	1	157	173	323	343	5.9	18.9
SA20160170_CHGPAPHK_03910	SA20160170_CHGPAPHK_03925	38.889	18	11	0	175	192	159	176	6.3	18.5
SA20160170_CHGPAPHK_03911	SA20160170_CHGPAPHK_03911	100.000	294	0	0	1	294	1	294	0.0	600
SA20160170_CHGPAPHK_03911	SA20160170_CHGPAPHK_03927	22.727	66	32	3	27	74	337	401	0.71	21.2
SA20160170_CHGPAPHK_03911	SA20160170_CHGPAPHK_03922	63.636	11	4	0	278	288	207	217	1.1	20.4
SA20160170_CHGPAPHK_03911	SA20160170_CHGPAPHK_03921	31.034	29	18	1	44	72	240	266	4.3	18.5
SA20160170_CHGPAPHK_03911	SA20160170_CHGPAPHK_03913	42.105	19	11	0	207	225	140	158	5.0	18.5
SA20160170_CHGPAPHK_03911	SA20160170_CHGPAPHK_03929	37.143	35	16	2	45	73	140	174	9.6	17.3
SA20160170_CHGPAPHK_03912	SA20160170_CHGPAPHK_03912	100.000	242	0	0	1	242	1	242	0.0	502
SA20160170_CHGPAPHK_03912	SA20160170_CHGPAPHK_03921	70.000	10	3	0	64	73	394	403	1.00	20.4
SA20160170_CHGPAPHK_03912	SA20160170_CHGPAPHK_03915	37.143	35	21	1	74	107	1	35	1.3	19.2
SA20160170_CHGPAPHK_03912	SA20160170_CHGPAPHK_03926	45.455	11	6	0	162	172	236	246	1.9	19.2
SA20160170_CHGPAPHK_03912	SA20160170_CHGPAPHK_03923	26.168	107	57	5	8	111	89	176	2.5	18.9
SA20160170_CHGPAPHK_03912	SA20160170_CHGPAPHK_03920	29.091	55	29	2	40	84	133	187	3.9	18.5
SA20160170_CHGPAPHK_03912	SA20160170_CHGPAPHK_03913	29.032	31	18	2	128	157	278	305	9.3	17.3
SA20160170_CHGPAPHK_03913	SA20160170_CHGPAPHK_03913	100.000	761	0	0	1	761	1	761	0.0	1588
SA20160170_CHGPAPHK_03913	SA20160170_CHGPAPHK_03927	47.368	19	10	0	545	563	162	180	1.7	21.6
SA20160170_CHGPAPHK_03913	SA20160170_CHGPAPHK_03929	30.769	52	25	2	230	274	43	90	4.0	20.0
SA20160170_CHGPAPHK_03913	SA20160170_CHGPAPHK_03916	53.333	15	7	0	141	155	228	242	5.6	19.6
SA20160170_CHGPAPHK_03913	SA20160170_CHGPAPHK_03919	20.968	62	34	1	114	175	222	268	6.3	19.6
SA20160170_CHGPAPHK_03913	SA20160170_CHGPAPHK_03918	75.000	8	2	0	701	708	130	137	7.5	19.2
SA20160170_CHGPAPHK_03914	SA20160170_CHGPAPHK_03914	100.000	376	0	0	1	376	1	376	0.0	783
SA20160170_CHGPAPHK_03914	SA20160170_CHGPAPHK_03929	25.581	43	32	0	139	181	75	117	7.5	18.1
SA20160170_CHGPAPHK_03915	SA20160170_CHGPAPHK_03915	100.000	84	0	0	1	84	1	84	5.67e-62	174
SA20160170_CHGPAPHK_03915	SA20160170_CHGPAPHK_03912	37.143	35	21	1	1	35	74	107	0.47	19.2
SA20160170_CHGPAPHK_03915	SA20160170_CHGPAPHK_03920	26.562	64	41	3	6	67	151	210	0.83	18.5
SA20160170_CHGPAPHK_03915	SA20160170_CHGPAPHK_03917	25.000	36	27	0	20	55	108	143	3.7	16.5
SA20160170_CHGPAPHK_03916	SA20160170_CHGPAPHK_03916	100.000	405	0	0	1	405	1	405	0.0	812
SA20160170_CHGPAPHK_03916	SA20160170_CHGPAPHK_03919	28.261	46	33	0	10	55	246	291	0.023	26.6
SA20160170_CHGPAPHK_03916	SA20160170_CHGPAPHK_03910	45.455	22	12	0	136	157	136	157	0.52	21.9
SA20160170_CHGPAPHK_03916	SA20160170_CHGPAPHK_03925	31.169	77	39	4	196	258	71	147	0.79	21.6
SA20160170_CHGPAPHK_03916	SA20160170_CHGPAPHK_03926	23.684	76	53	2	9	83	230	301	1.1	21.2
SA20160170_CHGPAPHK_03916	SA20160170_CHGPAPHK_03913	53.333	15	7	0	228	242	141	155	2.9	19.6
SA20160170_CHGPAPHK_03917	SA20160170_CHGPAPHK_03917	100.000	292	0	0	1	292	1	292	0.0	597
SA20160170_CHGPAPHK_03917	SA20160170_CHGPAPHK_03910	20.721	111	66	4	26	119	31	136	4.3	18.5
SA20160170_CHGPAPHK_03917	SA20160170_CHGPAPHK_03920	37.931	29	17	1	45	73	288	315	8.3	17.7
SA20160170_CHGPAPHK_03917	SA20160170_CHGPAPHK_03927	34.286	35	15	2	185	219	364	390	8.4	17.7
SA20160170_CHGPAPHK_03918	SA20160170_CHGPAPHK_03918	100.000	356	0	0	1	356	1	356	0.0	740
SA20160170_CHGPAPHK_03918	SA20160170_CHGPAPHK_03923	26.316	38	28	0	169	206	11	48	0.35	22.3
SA20160170_CHGPAPHK_03918	SA20160170_CHGPAPHK_03929	24.510	102	56	4	264	351	54	148	1.5	20.4
SA20160170_CHGPAPHK_03918	SA20160170_CHGPAPHK_03913	75.000	8	2	0	130	137	701	708	3.5	19.2
SA20160170_CHGPAPHK_03918	SA20160170_CHGPAPHK_03927	35.294	34	22	0	47	80	17	50	4.8	18.9
SA20160170_CHGPAPHK_03919	SA20160170_CHGPAPHK_03919	100.000	452	0	0	1	452	1	452	0.0	919
SA20160170_CHGPAPHK_03919	SA20160170_CHGPAPHK_03926	22.951	427	282	17	43	438	9	419	2.13e-07	42.7
SA20160170_CHGPAPHK_03919	SA20160170_CHGPAPHK_03916	28.261	46	33	0	246	291	10	55	0.027	26.2
SA20160170_CHGPAPHK_03919	SA20160170_CHGPAPHK_03910	18.824	170	124	5	120	281	111	274	0.20	23.5
SA20160170_CHGPAPHK_03919	SA20160170_CHGPAPHK_03927	28.333	60	34	3	38	88	48	107	2.8	20.0
SA20160170_CHGPAPHK_03919	SA20160170_CHGPAPHK_03913	20.968	62	34	1	222	268	114	175	3.8	19.6
SA20160170_CHGPAPHK_03920	SA20160170_CHGPAPHK_03920	100.000	542	0	0	1	542	1	542	0.0	1108
SA20160170_CHGPAPHK_03920	SA20160170_CHGPAPHK_03926	37.500	24	14	1	401	423	153	176	1.6	20.8
SA20160170_CHGPAPHK_03920	SA20160170_CHGPAPHK_03929	58.333	12	5	0	6	17	58	69	2.8	20.0
SA20160170_CHGPAPHK_03920	SA20160170_CHGPAPHK_03909	44.444	27	9	2	511	537	269	289	3.1	20.0
SA20160170_CHGPAPHK_03920	SA20160170_CHGPAPHK_03912	63.636	11	4	0	177	187	74	84	9.5	18.5
SA20160170_CHGPAPHK_03921	SA20160170_CHGPAPHK_03921	100.000	419	0	0	1	419	1	419	0.0	853
SA20160170_CHGPAPHK_03921	SA20160170_CHGPAPHK_03922	35.714	28	18	0	364	391	84	111	1.4	20.8
SA20160170_CHGPAPHK_03921	SA20160170_CHGPAPHK_03912	70.000	10	3	0	394	403	64	73	2.0	20.0
SA20160170_CHGPAPHK_03921	SA20160170_CHGPAPHK_03923	45.000	20	11	0	78	97	309	328	3.6	19.2
SA20160170_CHGPAPHK_03921	SA20160170_CHGPAPHK_03929	27.586	29	21	0	278	306	99	127	8.8	18.1
SA20160170_CHGPAPHK_03922	SA20160170_CHGPAPHK_03922	100.000	396	0	0	1	396	1	396	0.0	825
SA20160170_CHGPAPHK_03922	SA20160170_CHGPAPHK_03927	35.000	40	21	1	333	372	268	302	0.40	22.3
SA20160170_CHGPAPHK_03922	SA20160170_CHGPAPHK_03928	37.037	27	17	0	341	367	194	220	0.47	21.9
SA20160170_CHGPAPHK_03922	SA20160170_CHGPAPHK_03921	35.714	28	18	0	84	111	364	391	1.5	20.4
SA20160170_CHGPAPHK_03922	SA20160170_CHGPAPHK_03911	63.636	11	4	0	207	217	278	288	1.5	20.4
SA20160170_CHGPAPHK_03922	SA20160170_CHGPAPHK_03910	29.032	62	43	1	246	306	147	208	2.1	20.0
SA20160170_CHGPAPHK_03922	SA20160170_CHGPAPHK_03925	23.881	67	42	2	217	283	155	212	5.5	18.9
SA20160170_CHGPAPHK_03922	SA20160170_CHGPAPHK_03920	33.333	33	17	1	360	387	56	88	9.0	18.1
SA20160170_CHGPAPHK_03922	SA20160170_CHGPAPHK_03913	42.857	21	6	1	103	123	421	435	9.3	18.1
SA20160170_CHGPAPHK_03923	SA20160170_CHGPAPHK_03923	100.000	340	0	0	1	340	1	340	0.0	700
SA20160170_CHGPAPHK_03923	SA20160170_CHGPAPHK_03918	26.316	38	28	0	11	48	169	206	0.33	22.3
SA20160170_CHGPAPHK_03923	SA20160170_CHGPAPHK_03926	29.730	37	25	1	1	36	333	369	1.6	20.0
SA20160170_CHGPAPHK_03923	SA20160170_CHGPAPHK_03925	27.500	40	23	2	55	88	188	227	1.8	20.0
SA20160170_CHGPAPHK_03923	SA20160170_CHGPAPHK_03921	45.000	20	11	0	309	328	78	97	3.3	19.2
SA20160170_CHGPAPHK_03923	SA20160170_CHGPAPHK_03912	26.168	107	57	5	89	176	8	111	3.5	18.9
SA20160170_CHGPAPHK_03923	SA20160170_CHGPAPHK_03927	27.778	18	13	0	281	298	323	340	4.4	18.9
SA20160170_CHGPAPHK_03923	SA20160170_CHGPAPHK_03929	36.000	25	16	0	88	112	90	114	4.6	18.9
SA20160170_CHGPAPHK_03924	SA20160170_CHGPAPHK_03924	100.000	58	0	0	1	58	1	58	2.27e-42	122
SA20160170_CHGPAPHK_03924	SA20160170_CHGPAPHK_03929	91.228	57	5	0	2	58	342	398	1.66e-35	113
SA20160170_CHGPAPHK_03924	SA20160170_CHGPAPHK_03928	31.579	19	13	0	40	58	242	260	6.1	15.4
SA20160170_CHGPAPHK_03925	SA20160170_CHGPAPHK_03925	100.000	267	0	0	1	267	1	267	0.0	547
SA20160170_CHGPAPHK_03925	SA20160170_CHGPAPHK_03916	31.169	77	39	4	71	147	196	258	0.48	21.6
SA20160170_CHGPAPHK_03925	SA20160170_CHGPAPHK_03923	27.500	40	23	2	188	227	55	88	1.4	20.0
SA20160170_CHGPAPHK_03925	SA20160170_CHGPAPHK_03922	23.881	67	42	2	155	212	217	283	3.7	18.9
SA20160170_CHGPAPHK_03925	SA20160170_CHGPAPHK_03910	38.889	18	11	0	159	176	175	192	3.8	18.5
SA20160170_CHGPAPHK_03925	SA20160170_CHGPAPHK_03919	77.778	9	2	0	207	215	379	387	6.8	17.7
SA20160170_CHGPAPHK_03925	SA20160170_CHGPAPHK_03913	29.167	24	17	0	109	132	500	523	7.1	17.7
SA20160170_CHGPAPHK_03925	SA20160170_CHGPAPHK_03926	27.907	43	24	1	180	222	314	349	10.0	17.3
SA20160170_CHGPAPHK_03926	SA20160170_CHGPAPHK_03926	100.000	429	0	0	1	429	1	429	0.0	845
SA20160170_CHGPAPHK_03926	SA20160170_CHGPAPHK_03910	31.099	373	250	2	14	379	16	388	1.61e-66	210
SA20160170_CHGPAPHK_03926	SA20160170_CHGPAPHK_03919	22.951	427	282	17	9	419	43	438	2.03e-07	42.7
SA20160170_CHGPAPHK_03926	SA20160170_CHGPAPHK_03916	23.684	76	53	2	230	301	9	83	1.2	21.2
SA20160170_CHGPAPHK_03926	SA20160170_CHGPAPHK_03920	37.500	24	14	1	153	176	401	423	1.2	21.2
SA20160170_CHGPAPHK_03926	SA20160170_CHGPAPHK_03923	29.730	37	25	1	333	369	1	36	2.1	20.0
SA20160170_CHGPAPHK_03926	SA20160170_CHGPAPHK_03912	45.455	11	6	0	236	246	162	172	3.4	19.2
SA20160170_CHGPAPHK_03927	SA20160170_CHGPAPHK_03927	100.000	401	0	0	1	401	1	401	0.0	838
SA20160170_CHGPAPHK_03927	SA20160170_CHGPAPHK_03909	23.944	355	224	9	75	390	40	387	1.85e-19	79.7
SA20160170_CHGPAPHK_03927	SA20160170_CHGPAPHK_03910	34.286	35	18	1	36	70	164	193	0.30	22.7
SA20160170_CHGPAPHK_03927	SA20160170_CHGPAPHK_03922	35.000	40	21	1	268	302	333	372	0.41	22.3
SA20160170_CHGPAPHK_03927	SA20160170_CHGPAPHK_03913	47.368	19	10	0	162	180	545	563	0.87	21.6
SA20160170_CHGPAPHK_03927	SA20160170_CHGPAPHK_03911	22.727	66	32	3	337	401	27	74	0.97	21.2
SA20160170_CHGPAPHK_03927	SA20160170_CHGPAPHK_03919	28.333	60	34	3	48	107	38	88	2.4	20.0
SA20160170_CHGPAPHK_03927	SA20160170_CHGPAPHK_03923	27.778	18	13	0	323	340	281	298	5.2	18.9
SA20160170_CHGPAPHK_03927	SA20160170_CHGPAPHK_03929	25.714	35	26	0	308	342	97	131	5.3	18.9
SA20160170_CHGPAPHK_03927	SA20160170_CHGPAPHK_03918	35.294	34	22	0	17	50	47	80	5.5	18.9
SA20160170_CHGPAPHK_03928	SA20160170_CHGPAPHK_03928	100.000	260	0	0	1	260	1	260	0.0	532
SA20160170_CHGPAPHK_03928	SA20160170_CHGPAPHK_03922	37.037	27	17	0	194	220	341	367	0.31	21.9
SA20160170_CHGPAPHK_03928	SA20160170_CHGPAPHK_03919	28.571	42	27	1	102	140	31	72	7.1	17.7
SA20160170_CHGPAPHK_03928	SA20160170_CHGPAPHK_03910	27.273	22	16	0	102	123	168	189	8.1	17.7
SA20160170_CHGPAPHK_03929	SA20160170_CHGPAPHK_03929	100.000	398	0	0	1	398	1	398	0.0	814
SA20160170_CHGPAPHK_03929	SA20160170_CHGPAPHK_03924	91.228	57	5	0	342	398	2	58	1.14e-34	113
SA20160170_CHGPAPHK_03929	SA20160170_CHGPAPHK_03918	24.510	102	56	4	54	148	264	351	1.7	20.4
SA20160170_CHGPAPHK_03929	SA20160170_CHGPAPHK_03913	30.769	52	25	2	43	90	230	274	2.1	20.0
SA20160170_CHGPAPHK_03929	SA20160170_CHGPAPHK_03927	25.714	35	26	0	97	131	308	342	5.3	18.9
SA20160170_CHGPAPHK_03929	SA20160170_CHGPAPHK_03910	52.381	21	6	1	323	343	157	173	5.3	18.9
SA20160170_CHGPAPHK_03929	SA20160170_CHGPAPHK_03923	36.000	25	16	0	90	114	88	112	5.4	18.9
SA20160170_CHGPAPHK_03929	SA20160170_CHGPAPHK_03914	25.581	43	32	0	75	117	139	181	7.9	18.1
SA20160170_CHGPAPHK_03929	SA20160170_CHGPAPHK_03921	27.586	29	21	0	99	127	278	306	9.0	18.1
