SA20153983_GBAKOBEN_03060	SA20160323_HIEPLBCK_00972	99.500	400	2	0	1	400	1	400	0.0	829
SA20153983_GBAKOBEN_03060	SA20160323_HIEPLBCK_00990	24.370	357	220	10	40	387	75	390	4.26e-20	81.6
SA20153983_GBAKOBEN_03060	SA20160323_HIEPLBCK_00983	44.444	27	9	2	269	289	511	537	2.3	20.0
SA20153983_GBAKOBEN_03060	SA20160323_HIEPLBCK_00977	26.531	49	32	1	12	60	146	190	6.3	18.5
SA20153983_GBAKOBEN_03061	SA20160323_HIEPLBCK_00973	99.773	441	1	0	1	441	1	441	0.0	892
SA20153983_GBAKOBEN_03061	SA20160323_HIEPLBCK_00989	30.831	373	251	2	16	388	14	379	5.46e-66	209
SA20153983_GBAKOBEN_03061	SA20160323_HIEPLBCK_00982	18.824	170	124	5	111	274	120	281	0.17	23.9
SA20153983_GBAKOBEN_03061	SA20160323_HIEPLBCK_00990	34.286	35	18	1	164	193	36	70	0.31	23.1
SA20153983_GBAKOBEN_03061	SA20160323_HIEPLBCK_00979	45.455	22	12	0	136	157	136	157	0.64	21.9
SA20153983_GBAKOBEN_03061	SA20160323_HIEPLBCK_00985	29.032	62	43	1	147	208	246	306	2.4	20.0
SA20153983_GBAKOBEN_03061	SA20160323_HIEPLBCK_00988	24.390	82	50	3	175	255	159	229	2.9	19.6
SA20153983_GBAKOBEN_03061	SA20160323_HIEPLBCK_00992	52.381	21	6	1	157	173	323	343	5.7	18.9
SA20153983_GBAKOBEN_03062	SA20160323_HIEPLBCK_00974	99.660	294	1	0	1	294	1	294	0.0	598
SA20153983_GBAKOBEN_03062	SA20160323_HIEPLBCK_00990	24.242	66	31	3	27	74	337	401	0.13	23.5
SA20153983_GBAKOBEN_03062	SA20160323_HIEPLBCK_00985	63.636	11	4	0	278	288	207	217	1.1	20.4
SA20153983_GBAKOBEN_03062	SA20160323_HIEPLBCK_00984	31.034	29	18	1	44	72	240	266	4.6	18.5
SA20153983_GBAKOBEN_03062	SA20160323_HIEPLBCK_00976	42.105	19	11	0	207	225	140	158	4.7	18.5
SA20153983_GBAKOBEN_03062	SA20160323_HIEPLBCK_00992	37.143	35	16	2	45	73	140	174	9.6	17.3
SA20153983_GBAKOBEN_03063	SA20160323_HIEPLBCK_00975	99.587	242	1	0	1	242	1	242	0.0	501
SA20153983_GBAKOBEN_03063	SA20160323_HIEPLBCK_00984	70.000	10	3	0	64	73	394	403	0.96	20.4
SA20153983_GBAKOBEN_03063	SA20160323_HIEPLBCK_00978	37.143	35	21	1	74	107	1	35	1.3	19.2
SA20153983_GBAKOBEN_03063	SA20160323_HIEPLBCK_00989	45.455	11	6	0	162	172	236	246	1.9	19.6
SA20153983_GBAKOBEN_03063	SA20160323_HIEPLBCK_00986	28.302	53	26	2	8	60	89	129	2.8	18.9
SA20153983_GBAKOBEN_03063	SA20160323_HIEPLBCK_00983	29.091	55	29	2	40	84	133	187	3.6	18.5
SA20153983_GBAKOBEN_03063	SA20160323_HIEPLBCK_00976	29.032	31	18	2	128	157	278	305	9.1	17.3
SA20153983_GBAKOBEN_03064	SA20160323_HIEPLBCK_00976	99.869	761	1	0	1	761	1	761	0.0	1585
SA20153983_GBAKOBEN_03064	SA20160323_HIEPLBCK_00990	47.368	19	10	0	545	563	162	180	1.6	21.6
SA20153983_GBAKOBEN_03064	SA20160323_HIEPLBCK_00992	30.769	52	25	2	230	274	43	90	3.8	20.4
SA20153983_GBAKOBEN_03064	SA20160323_HIEPLBCK_00979	53.333	15	7	0	141	155	228	242	5.6	19.6
SA20153983_GBAKOBEN_03064	SA20160323_HIEPLBCK_00982	20.968	62	34	1	114	175	222	268	6.3	19.6
SA20153983_GBAKOBEN_03064	SA20160323_HIEPLBCK_00981	75.000	8	2	0	701	708	130	137	7.6	19.2
SA20153983_GBAKOBEN_03065	SA20160323_HIEPLBCK_00977	99.734	376	1	0	1	376	1	376	0.0	781
SA20153983_GBAKOBEN_03065	SA20160323_HIEPLBCK_00992	25.581	43	32	0	139	181	75	117	7.6	18.1
SA20153983_GBAKOBEN_03066	SA20160323_HIEPLBCK_00978	100.000	84	0	0	1	84	1	84	5.67e-62	174
SA20153983_GBAKOBEN_03066	SA20160323_HIEPLBCK_00975	37.143	35	21	1	1	35	74	107	0.47	19.2
SA20153983_GBAKOBEN_03066	SA20160323_HIEPLBCK_00983	26.562	64	41	3	6	67	151	210	0.82	18.5
SA20153983_GBAKOBEN_03066	SA20160323_HIEPLBCK_00980	25.000	36	27	0	20	55	108	143	3.9	16.5
SA20153983_GBAKOBEN_03067	SA20160323_HIEPLBCK_00979	100.000	405	0	0	1	405	1	405	0.0	811
SA20153983_GBAKOBEN_03067	SA20160323_HIEPLBCK_00982	28.261	46	33	0	10	55	246	291	0.022	26.6
SA20153983_GBAKOBEN_03067	SA20160323_HIEPLBCK_00973	45.455	22	12	0	136	157	136	157	0.54	21.9
SA20153983_GBAKOBEN_03067	SA20160323_HIEPLBCK_00988	31.169	77	39	4	196	258	71	147	0.73	21.6
SA20153983_GBAKOBEN_03067	SA20160323_HIEPLBCK_00989	23.684	76	53	2	9	83	230	301	1.1	21.2
SA20153983_GBAKOBEN_03067	SA20160323_HIEPLBCK_00976	53.333	15	7	0	228	242	141	155	2.9	19.6
SA20153983_GBAKOBEN_03068	SA20160323_HIEPLBCK_00980	100.000	292	0	0	1	292	1	292	0.0	597
SA20153983_GBAKOBEN_03068	SA20160323_HIEPLBCK_00981	18.634	161	109	5	10	150	187	345	1.8	19.6
SA20153983_GBAKOBEN_03068	SA20160323_HIEPLBCK_00983	47.826	23	11	1	45	67	288	309	8.4	17.7
SA20153983_GBAKOBEN_03068	SA20160323_HIEPLBCK_00990	34.286	35	15	2	185	219	364	390	8.7	17.7
SA20153983_GBAKOBEN_03069	SA20160323_HIEPLBCK_00981	99.719	356	1	0	1	356	1	356	0.0	738
SA20153983_GBAKOBEN_03069	SA20160323_HIEPLBCK_00986	26.316	38	28	0	169	206	11	48	0.25	22.7
SA20153983_GBAKOBEN_03069	SA20160323_HIEPLBCK_00992	24.510	102	56	4	264	351	54	148	1.5	20.4
SA20153983_GBAKOBEN_03069	SA20160323_HIEPLBCK_00980	18.634	161	109	5	187	345	10	150	2.4	19.6
SA20153983_GBAKOBEN_03069	SA20160323_HIEPLBCK_00976	75.000	8	2	0	130	137	701	708	3.5	19.2
SA20153983_GBAKOBEN_03069	SA20160323_HIEPLBCK_00990	35.294	34	22	0	47	80	17	50	4.8	18.9
SA20153983_GBAKOBEN_03070	SA20160323_HIEPLBCK_00982	100.000	452	0	0	1	452	1	452	0.0	919
SA20153983_GBAKOBEN_03070	SA20160323_HIEPLBCK_00989	22.951	427	282	17	43	438	9	419	1.81e-07	42.7
SA20153983_GBAKOBEN_03070	SA20160323_HIEPLBCK_00979	28.261	46	33	0	246	291	10	55	0.027	26.2
SA20153983_GBAKOBEN_03070	SA20160323_HIEPLBCK_00973	18.824	170	124	5	120	281	111	274	0.19	23.5
SA20153983_GBAKOBEN_03070	SA20160323_HIEPLBCK_00990	28.333	60	34	3	38	88	48	107	2.7	20.0
SA20153983_GBAKOBEN_03070	SA20160323_HIEPLBCK_00976	20.968	62	34	1	222	268	114	175	3.9	19.6
SA20153983_GBAKOBEN_03070	SA20160323_HIEPLBCK_00988	33.929	56	26	3	321	366	168	222	8.7	18.1
SA20153983_GBAKOBEN_03071	SA20160323_HIEPLBCK_00983	99.631	542	2	0	1	542	1	542	0.0	1105
SA20153983_GBAKOBEN_03071	SA20160323_HIEPLBCK_00989	37.500	24	14	1	401	423	153	176	1.6	21.2
SA20153983_GBAKOBEN_03071	SA20160323_HIEPLBCK_00992	58.333	12	5	0	6	17	58	69	2.9	20.0
SA20153983_GBAKOBEN_03071	SA20160323_HIEPLBCK_00972	44.444	27	9	2	511	537	269	289	3.0	20.0
SA20153983_GBAKOBEN_03071	SA20160323_HIEPLBCK_00978	26.562	64	41	3	151	210	6	67	4.5	18.9
SA20153983_GBAKOBEN_03071	SA20160323_HIEPLBCK_00975	63.636	11	4	0	177	187	74	84	9.2	18.5
SA20153983_GBAKOBEN_03072	SA20160323_HIEPLBCK_00984	99.761	419	1	0	1	419	1	419	0.0	848
SA20153983_GBAKOBEN_03072	SA20160323_HIEPLBCK_00985	35.714	28	18	0	364	391	84	111	1.3	20.8
SA20153983_GBAKOBEN_03072	SA20160323_HIEPLBCK_00975	70.000	10	3	0	394	403	64	73	2.0	20.0
SA20153983_GBAKOBEN_03072	SA20160323_HIEPLBCK_00974	31.034	29	18	1	240	266	44	72	5.8	18.9
SA20153983_GBAKOBEN_03072	SA20160323_HIEPLBCK_00986	40.741	27	15	1	78	103	309	335	6.1	18.5
SA20153983_GBAKOBEN_03072	SA20160323_HIEPLBCK_00992	27.586	29	21	0	278	306	99	127	8.6	18.1
SA20153983_GBAKOBEN_03073	SA20160323_HIEPLBCK_00985	99.747	396	1	0	1	396	1	396	0.0	823
SA20153983_GBAKOBEN_03073	SA20160323_HIEPLBCK_00991	28.358	67	45	1	301	367	157	220	0.36	22.3
SA20153983_GBAKOBEN_03073	SA20160323_HIEPLBCK_00990	35.000	40	21	1	333	372	268	302	0.49	21.9
SA20153983_GBAKOBEN_03073	SA20160323_HIEPLBCK_00984	35.714	28	18	0	84	111	364	391	1.5	20.4
SA20153983_GBAKOBEN_03073	SA20160323_HIEPLBCK_00974	63.636	11	4	0	207	217	278	288	1.5	20.4
SA20153983_GBAKOBEN_03073	SA20160323_HIEPLBCK_00973	29.032	62	43	1	246	306	147	208	2.1	20.0
SA20153983_GBAKOBEN_03073	SA20160323_HIEPLBCK_00988	23.881	67	42	2	217	283	155	212	6.6	18.5
SA20153983_GBAKOBEN_03073	SA20160323_HIEPLBCK_00983	33.333	33	17	1	360	387	56	88	8.8	18.1
SA20153983_GBAKOBEN_03073	SA20160323_HIEPLBCK_00976	42.857	21	6	1	103	123	421	435	9.3	18.1
SA20153983_GBAKOBEN_03074	SA20160323_HIEPLBCK_00986	89.865	296	30	0	1	296	1	296	0.0	560
SA20153983_GBAKOBEN_03074	SA20160323_HIEPLBCK_00981	26.316	38	28	0	11	48	169	206	0.32	22.3
SA20153983_GBAKOBEN_03074	SA20160323_HIEPLBCK_00975	27.103	107	56	5	89	176	8	111	1.5	20.0
SA20153983_GBAKOBEN_03074	SA20160323_HIEPLBCK_00989	29.730	37	25	1	1	36	333	369	1.7	20.0
SA20153983_GBAKOBEN_03074	SA20160323_HIEPLBCK_00988	27.500	40	23	2	55	88	188	227	2.3	19.2
SA20153983_GBAKOBEN_03074	SA20160323_HIEPLBCK_00990	38.462	13	8	0	281	293	323	335	3.6	18.9
SA20153983_GBAKOBEN_03074	SA20160323_HIEPLBCK_00992	32.000	25	17	0	88	112	90	114	7.9	17.7
SA20153983_GBAKOBEN_03075	SA20160323_HIEPLBCK_00987	93.103	58	4	0	1	58	1	58	2.90e-39	114
SA20153983_GBAKOBEN_03075	SA20160323_HIEPLBCK_00992	92.982	57	4	0	2	58	342	398	2.29e-36	115
SA20153983_GBAKOBEN_03075	SA20160323_HIEPLBCK_00991	31.579	19	13	0	40	58	242	260	5.8	15.4
SA20153983_GBAKOBEN_03076	SA20160323_HIEPLBCK_00988	99.251	267	2	0	1	267	1	267	0.0	545
SA20153983_GBAKOBEN_03076	SA20160323_HIEPLBCK_00986	30.000	40	22	2	188	227	55	88	0.41	21.6
SA20153983_GBAKOBEN_03076	SA20160323_HIEPLBCK_00979	31.169	77	39	4	71	147	196	258	0.46	21.6
SA20153983_GBAKOBEN_03076	SA20160323_HIEPLBCK_00973	38.889	18	11	0	159	176	175	192	3.6	18.9
SA20153983_GBAKOBEN_03076	SA20160323_HIEPLBCK_00985	23.881	67	42	2	155	212	217	283	3.7	18.9
SA20153983_GBAKOBEN_03076	SA20160323_HIEPLBCK_00982	77.778	9	2	0	207	215	379	387	6.8	17.7
SA20153983_GBAKOBEN_03076	SA20160323_HIEPLBCK_00976	29.167	24	17	0	109	132	500	523	7.1	17.7
SA20153983_GBAKOBEN_03076	SA20160323_HIEPLBCK_00989	27.907	43	24	1	180	222	314	349	9.7	17.3
SA20153983_GBAKOBEN_03077	SA20160323_HIEPLBCK_00989	100.000	429	0	0	1	429	1	429	0.0	845
SA20153983_GBAKOBEN_03077	SA20160323_HIEPLBCK_00973	31.099	373	250	2	14	379	16	388	3.06e-66	209
SA20153983_GBAKOBEN_03077	SA20160323_HIEPLBCK_00982	22.951	427	282	17	9	419	43	438	1.72e-07	42.7
SA20153983_GBAKOBEN_03077	SA20160323_HIEPLBCK_00983	37.500	24	14	1	153	176	401	423	1.1	21.2
SA20153983_GBAKOBEN_03077	SA20160323_HIEPLBCK_00979	23.684	76	53	2	230	301	9	83	1.2	20.8
SA20153983_GBAKOBEN_03077	SA20160323_HIEPLBCK_00975	45.455	11	6	0	236	246	162	172	3.4	19.2
SA20153983_GBAKOBEN_03078	SA20160323_HIEPLBCK_00990	99.751	401	1	0	1	401	1	401	0.0	835
SA20153983_GBAKOBEN_03078	SA20160323_HIEPLBCK_00972	24.225	355	223	9	75	390	40	387	1.08e-20	83.2
SA20153983_GBAKOBEN_03078	SA20160323_HIEPLBCK_00973	34.286	35	18	1	36	70	164	193	0.28	23.1
SA20153983_GBAKOBEN_03078	SA20160323_HIEPLBCK_00985	35.000	40	21	1	268	302	333	372	0.51	21.9
SA20153983_GBAKOBEN_03078	SA20160323_HIEPLBCK_00976	47.368	19	10	0	162	180	545	563	0.86	21.6
SA20153983_GBAKOBEN_03078	SA20160323_HIEPLBCK_00974	22.727	66	32	3	337	401	27	74	0.97	21.2
SA20153983_GBAKOBEN_03078	SA20160323_HIEPLBCK_00986	25.641	39	19	1	323	351	281	319	1.5	20.4
SA20153983_GBAKOBEN_03078	SA20160323_HIEPLBCK_00982	28.333	60	34	3	48	107	38	88	2.4	20.0
SA20153983_GBAKOBEN_03078	SA20160323_HIEPLBCK_00992	25.714	35	26	0	308	342	97	131	5.4	18.9
SA20153983_GBAKOBEN_03078	SA20160323_HIEPLBCK_00981	35.294	34	22	0	17	50	47	80	9.0	18.1
SA20153983_GBAKOBEN_03079	SA20160323_HIEPLBCK_00991	98.846	260	3	0	1	260	1	260	0.0	528
SA20153983_GBAKOBEN_03079	SA20160323_HIEPLBCK_00985	37.037	27	17	0	194	220	341	367	0.30	21.9
SA20153983_GBAKOBEN_03079	SA20160323_HIEPLBCK_00982	28.571	42	27	1	102	140	31	72	7.1	17.7
SA20153983_GBAKOBEN_03079	SA20160323_HIEPLBCK_00973	27.273	22	16	0	102	123	168	189	8.1	17.7
SA20153983_GBAKOBEN_03080	SA20160323_HIEPLBCK_00992	99.497	398	2	0	1	398	1	398	0.0	810
SA20153983_GBAKOBEN_03080	SA20160323_HIEPLBCK_00987	96.491	57	2	0	342	398	2	58	3.88e-37	120
SA20153983_GBAKOBEN_03080	SA20160323_HIEPLBCK_00981	24.510	102	56	4	54	148	264	351	1.6	20.4
SA20153983_GBAKOBEN_03080	SA20160323_HIEPLBCK_00976	30.769	52	25	2	43	90	230	274	1.9	20.4
SA20153983_GBAKOBEN_03080	SA20160323_HIEPLBCK_00977	25.581	43	32	0	75	117	139	181	5.0	18.9
SA20153983_GBAKOBEN_03080	SA20160323_HIEPLBCK_00973	52.381	21	6	1	323	343	157	173	5.2	18.9
SA20153983_GBAKOBEN_03080	SA20160323_HIEPLBCK_00990	25.714	35	26	0	97	131	308	342	5.7	18.9
SA20153983_GBAKOBEN_03080	SA20160323_HIEPLBCK_00984	27.586	29	21	0	99	127	278	306	9.4	18.1
SA20160323_HIEPLBCK_00972	SA20160323_HIEPLBCK_00972	100.000	400	0	0	1	400	1	400	0.0	831
SA20160323_HIEPLBCK_00972	SA20160323_HIEPLBCK_00990	24.225	355	223	9	40	387	75	390	1.05e-20	83.2
SA20160323_HIEPLBCK_00972	SA20160323_HIEPLBCK_00983	44.444	27	9	2	269	289	511	537	2.3	20.0
SA20160323_HIEPLBCK_00972	SA20160323_HIEPLBCK_00977	26.531	49	32	1	12	60	146	190	6.0	18.5
SA20160323_HIEPLBCK_00973	SA20160323_HIEPLBCK_00973	100.000	441	0	0	1	441	1	441	0.0	892
SA20160323_HIEPLBCK_00973	SA20160323_HIEPLBCK_00989	31.099	373	250	2	16	388	14	379	3.15e-66	209
SA20160323_HIEPLBCK_00973	SA20160323_HIEPLBCK_00982	18.824	170	124	5	111	274	120	281	0.19	23.5
SA20160323_HIEPLBCK_00973	SA20160323_HIEPLBCK_00990	34.286	35	18	1	164	193	36	70	0.31	23.1
SA20160323_HIEPLBCK_00973	SA20160323_HIEPLBCK_00979	45.455	22	12	0	136	157	136	157	0.64	21.9
SA20160323_HIEPLBCK_00973	SA20160323_HIEPLBCK_00985	29.032	62	43	1	147	208	246	306	2.3	20.0
SA20160323_HIEPLBCK_00973	SA20160323_HIEPLBCK_00988	24.390	82	50	3	175	255	159	229	3.0	19.6
SA20160323_HIEPLBCK_00973	SA20160323_HIEPLBCK_00992	52.381	21	6	1	157	173	323	343	5.8	18.9
SA20160323_HIEPLBCK_00974	SA20160323_HIEPLBCK_00974	100.000	294	0	0	1	294	1	294	0.0	600
SA20160323_HIEPLBCK_00974	SA20160323_HIEPLBCK_00990	24.242	66	31	3	27	74	337	401	0.13	23.5
SA20160323_HIEPLBCK_00974	SA20160323_HIEPLBCK_00985	63.636	11	4	0	278	288	207	217	1.1	20.4
SA20160323_HIEPLBCK_00974	SA20160323_HIEPLBCK_00984	31.034	29	18	1	44	72	240	266	4.5	18.5
SA20160323_HIEPLBCK_00974	SA20160323_HIEPLBCK_00976	42.105	19	11	0	207	225	140	158	4.8	18.5
SA20160323_HIEPLBCK_00974	SA20160323_HIEPLBCK_00992	37.143	35	16	2	45	73	140	174	9.7	17.3
SA20160323_HIEPLBCK_00975	SA20160323_HIEPLBCK_00975	100.000	242	0	0	1	242	1	242	0.0	502
SA20160323_HIEPLBCK_00975	SA20160323_HIEPLBCK_00984	70.000	10	3	0	64	73	394	403	0.97	20.4
SA20160323_HIEPLBCK_00975	SA20160323_HIEPLBCK_00978	37.143	35	21	1	74	107	1	35	1.3	19.2
SA20160323_HIEPLBCK_00975	SA20160323_HIEPLBCK_00989	45.455	11	6	0	162	172	236	246	1.9	19.2
SA20160323_HIEPLBCK_00975	SA20160323_HIEPLBCK_00986	28.302	53	26	2	8	60	89	129	2.8	18.9
SA20160323_HIEPLBCK_00975	SA20160323_HIEPLBCK_00983	29.091	55	29	2	40	84	133	187	3.9	18.5
SA20160323_HIEPLBCK_00975	SA20160323_HIEPLBCK_00976	29.032	31	18	2	128	157	278	305	9.2	17.3
SA20160323_HIEPLBCK_00976	SA20160323_HIEPLBCK_00976	100.000	761	0	0	1	761	1	761	0.0	1588
SA20160323_HIEPLBCK_00976	SA20160323_HIEPLBCK_00990	47.368	19	10	0	545	563	162	180	1.6	21.6
SA20160323_HIEPLBCK_00976	SA20160323_HIEPLBCK_00992	30.769	52	25	2	230	274	43	90	3.7	20.4
SA20160323_HIEPLBCK_00976	SA20160323_HIEPLBCK_00979	53.333	15	7	0	141	155	228	242	5.6	19.6
SA20160323_HIEPLBCK_00976	SA20160323_HIEPLBCK_00982	20.968	62	34	1	114	175	222	268	6.5	19.6
SA20160323_HIEPLBCK_00976	SA20160323_HIEPLBCK_00981	75.000	8	2	0	701	708	130	137	7.6	19.2
SA20160323_HIEPLBCK_00977	SA20160323_HIEPLBCK_00977	100.000	376	0	0	1	376	1	376	0.0	783
SA20160323_HIEPLBCK_00977	SA20160323_HIEPLBCK_00992	25.581	43	32	0	139	181	75	117	4.6	18.9
SA20160323_HIEPLBCK_00977	SA20160323_HIEPLBCK_00972	26.531	49	32	1	146	190	12	60	5.7	18.5
SA20160323_HIEPLBCK_00978	SA20160323_HIEPLBCK_00978	100.000	84	0	0	1	84	1	84	5.67e-62	174
SA20160323_HIEPLBCK_00978	SA20160323_HIEPLBCK_00975	37.143	35	21	1	1	35	74	107	0.47	19.2
SA20160323_HIEPLBCK_00978	SA20160323_HIEPLBCK_00983	26.562	64	41	3	6	67	151	210	0.82	18.5
SA20160323_HIEPLBCK_00978	SA20160323_HIEPLBCK_00980	25.000	36	27	0	20	55	108	143	3.9	16.5
SA20160323_HIEPLBCK_00979	SA20160323_HIEPLBCK_00979	100.000	405	0	0	1	405	1	405	0.0	811
SA20160323_HIEPLBCK_00979	SA20160323_HIEPLBCK_00982	28.261	46	33	0	10	55	246	291	0.022	26.6
SA20160323_HIEPLBCK_00979	SA20160323_HIEPLBCK_00973	45.455	22	12	0	136	157	136	157	0.54	21.9
SA20160323_HIEPLBCK_00979	SA20160323_HIEPLBCK_00988	31.169	77	39	4	196	258	71	147	0.73	21.6
SA20160323_HIEPLBCK_00979	SA20160323_HIEPLBCK_00989	23.684	76	53	2	9	83	230	301	1.1	21.2
SA20160323_HIEPLBCK_00979	SA20160323_HIEPLBCK_00976	53.333	15	7	0	228	242	141	155	2.9	19.6
SA20160323_HIEPLBCK_00980	SA20160323_HIEPLBCK_00980	100.000	292	0	0	1	292	1	292	0.0	597
SA20160323_HIEPLBCK_00980	SA20160323_HIEPLBCK_00983	47.826	23	11	1	45	67	288	309	8.4	17.7
SA20160323_HIEPLBCK_00980	SA20160323_HIEPLBCK_00990	34.286	35	15	2	185	219	364	390	8.7	17.7
SA20160323_HIEPLBCK_00981	SA20160323_HIEPLBCK_00981	100.000	356	0	0	1	356	1	356	0.0	740
SA20160323_HIEPLBCK_00981	SA20160323_HIEPLBCK_00986	26.316	38	28	0	169	206	11	48	0.25	22.7
SA20160323_HIEPLBCK_00981	SA20160323_HIEPLBCK_00992	24.510	102	56	4	264	351	54	148	1.5	20.4
SA20160323_HIEPLBCK_00981	SA20160323_HIEPLBCK_00976	75.000	8	2	0	130	137	701	708	3.6	19.2
SA20160323_HIEPLBCK_00981	SA20160323_HIEPLBCK_00990	35.294	34	22	0	47	80	17	50	7.8	18.1
SA20160323_HIEPLBCK_00982	SA20160323_HIEPLBCK_00982	100.000	452	0	0	1	452	1	452	0.0	919
SA20160323_HIEPLBCK_00982	SA20160323_HIEPLBCK_00989	22.951	427	282	17	43	438	9	419	1.81e-07	42.7
SA20160323_HIEPLBCK_00982	SA20160323_HIEPLBCK_00979	28.261	46	33	0	246	291	10	55	0.027	26.2
SA20160323_HIEPLBCK_00982	SA20160323_HIEPLBCK_00973	18.824	170	124	5	120	281	111	274	0.19	23.5
SA20160323_HIEPLBCK_00982	SA20160323_HIEPLBCK_00990	28.333	60	34	3	38	88	48	107	2.7	20.0
SA20160323_HIEPLBCK_00982	SA20160323_HIEPLBCK_00976	20.968	62	34	1	222	268	114	175	3.9	19.6
SA20160323_HIEPLBCK_00983	SA20160323_HIEPLBCK_00983	100.000	542	0	0	1	542	1	542	0.0	1107
SA20160323_HIEPLBCK_00983	SA20160323_HIEPLBCK_00989	37.500	24	14	1	401	423	153	176	1.6	21.2
SA20160323_HIEPLBCK_00983	SA20160323_HIEPLBCK_00992	58.333	12	5	0	6	17	58	69	2.9	20.0
SA20160323_HIEPLBCK_00983	SA20160323_HIEPLBCK_00972	44.444	27	9	2	511	537	269	289	3.0	20.0
SA20160323_HIEPLBCK_00983	SA20160323_HIEPLBCK_00975	63.636	11	4	0	177	187	74	84	9.3	18.5
SA20160323_HIEPLBCK_00984	SA20160323_HIEPLBCK_00984	100.000	419	0	0	1	419	1	419	0.0	852
SA20160323_HIEPLBCK_00984	SA20160323_HIEPLBCK_00985	35.714	28	18	0	364	391	84	111	1.4	20.8
SA20160323_HIEPLBCK_00984	SA20160323_HIEPLBCK_00975	70.000	10	3	0	394	403	64	73	2.0	20.0
SA20160323_HIEPLBCK_00984	SA20160323_HIEPLBCK_00986	27.692	65	29	2	40	103	288	335	6.0	18.9
SA20160323_HIEPLBCK_00984	SA20160323_HIEPLBCK_00992	27.586	29	21	0	278	306	99	127	9.1	18.1
SA20160323_HIEPLBCK_00985	SA20160323_HIEPLBCK_00985	100.000	396	0	0	1	396	1	396	0.0	826
SA20160323_HIEPLBCK_00985	SA20160323_HIEPLBCK_00991	28.358	67	45	1	301	367	157	220	0.38	22.3
SA20160323_HIEPLBCK_00985	SA20160323_HIEPLBCK_00990	35.000	40	21	1	333	372	268	302	0.50	21.9
SA20160323_HIEPLBCK_00985	SA20160323_HIEPLBCK_00984	35.714	28	18	0	84	111	364	391	1.5	20.4
SA20160323_HIEPLBCK_00985	SA20160323_HIEPLBCK_00974	63.636	11	4	0	207	217	278	288	1.5	20.4
SA20160323_HIEPLBCK_00985	SA20160323_HIEPLBCK_00973	29.032	62	43	1	246	306	147	208	2.1	20.0
SA20160323_HIEPLBCK_00985	SA20160323_HIEPLBCK_00988	23.881	67	42	2	217	283	155	212	6.6	18.5
SA20160323_HIEPLBCK_00985	SA20160323_HIEPLBCK_00983	33.333	33	17	1	360	387	56	88	8.8	18.1
SA20160323_HIEPLBCK_00985	SA20160323_HIEPLBCK_00976	42.857	21	6	1	103	123	421	435	9.4	18.1
SA20160323_HIEPLBCK_00986	SA20160323_HIEPLBCK_00986	100.000	340	0	0	1	340	1	340	0.0	702
SA20160323_HIEPLBCK_00986	SA20160323_HIEPLBCK_00981	26.316	38	28	0	11	48	169	206	0.24	22.7
SA20160323_HIEPLBCK_00986	SA20160323_HIEPLBCK_00988	30.000	40	22	2	55	88	188	227	0.54	21.6
SA20160323_HIEPLBCK_00986	SA20160323_HIEPLBCK_00990	25.641	39	19	1	281	319	323	351	1.2	20.8
SA20160323_HIEPLBCK_00986	SA20160323_HIEPLBCK_00975	28.302	53	26	2	89	129	8	60	4.0	18.9
SA20160323_HIEPLBCK_00986	SA20160323_HIEPLBCK_00984	27.586	58	25	1	288	328	40	97	5.8	18.5
SA20160323_HIEPLBCK_00987	SA20160323_HIEPLBCK_00987	100.000	58	0	0	1	58	1	58	3.38e-42	122
SA20160323_HIEPLBCK_00987	SA20160323_HIEPLBCK_00992	96.491	57	2	0	2	58	342	398	5.25e-38	120
SA20160323_HIEPLBCK_00987	SA20160323_HIEPLBCK_00984	42.857	7	4	0	37	43	273	279	7.8	15.0
SA20160323_HIEPLBCK_00988	SA20160323_HIEPLBCK_00988	100.000	267	0	0	1	267	1	267	0.0	547
SA20160323_HIEPLBCK_00988	SA20160323_HIEPLBCK_00986	30.000	40	22	2	188	227	55	88	0.43	21.6
SA20160323_HIEPLBCK_00988	SA20160323_HIEPLBCK_00979	31.169	77	39	4	71	147	196	258	0.48	21.6
SA20160323_HIEPLBCK_00988	SA20160323_HIEPLBCK_00973	24.390	82	50	3	159	229	175	255	1.8	19.6
SA20160323_HIEPLBCK_00988	SA20160323_HIEPLBCK_00985	23.881	67	42	2	155	212	217	283	4.5	18.5
SA20160323_HIEPLBCK_00988	SA20160323_HIEPLBCK_00982	33.929	56	26	3	168	222	321	366	5.2	18.1
SA20160323_HIEPLBCK_00988	SA20160323_HIEPLBCK_00976	29.167	24	17	0	109	132	500	523	7.3	17.7
SA20160323_HIEPLBCK_00988	SA20160323_HIEPLBCK_00989	27.907	43	24	1	180	222	314	349	8.6	17.7
SA20160323_HIEPLBCK_00989	SA20160323_HIEPLBCK_00989	100.000	429	0	0	1	429	1	429	0.0	845
SA20160323_HIEPLBCK_00989	SA20160323_HIEPLBCK_00973	31.099	373	250	2	14	379	16	388	3.06e-66	209
SA20160323_HIEPLBCK_00989	SA20160323_HIEPLBCK_00982	22.951	427	282	17	9	419	43	438	1.72e-07	42.7
SA20160323_HIEPLBCK_00989	SA20160323_HIEPLBCK_00983	37.500	24	14	1	153	176	401	423	1.1	21.2
SA20160323_HIEPLBCK_00989	SA20160323_HIEPLBCK_00979	23.684	76	53	2	230	301	9	83	1.2	20.8
SA20160323_HIEPLBCK_00989	SA20160323_HIEPLBCK_00975	45.455	11	6	0	236	246	162	172	3.4	19.2
SA20160323_HIEPLBCK_00990	SA20160323_HIEPLBCK_00990	100.000	401	0	0	1	401	1	401	0.0	838
SA20160323_HIEPLBCK_00990	SA20160323_HIEPLBCK_00972	24.225	355	223	9	75	390	40	387	1.05e-20	83.2
SA20160323_HIEPLBCK_00990	SA20160323_HIEPLBCK_00974	24.242	66	31	3	337	401	27	74	0.17	23.5
SA20160323_HIEPLBCK_00990	SA20160323_HIEPLBCK_00973	34.286	35	18	1	36	70	164	193	0.28	23.1
SA20160323_HIEPLBCK_00990	SA20160323_HIEPLBCK_00985	35.000	40	21	1	268	302	333	372	0.51	21.9
SA20160323_HIEPLBCK_00990	SA20160323_HIEPLBCK_00976	47.368	19	10	0	162	180	545	563	0.87	21.6
SA20160323_HIEPLBCK_00990	SA20160323_HIEPLBCK_00986	25.641	39	19	1	323	351	281	319	1.4	20.8
SA20160323_HIEPLBCK_00990	SA20160323_HIEPLBCK_00982	28.333	60	34	3	48	107	38	88	2.4	20.0
SA20160323_HIEPLBCK_00990	SA20160323_HIEPLBCK_00992	25.714	35	26	0	308	342	97	131	5.7	18.9
SA20160323_HIEPLBCK_00990	SA20160323_HIEPLBCK_00981	35.294	34	22	0	17	50	47	80	8.8	18.1
SA20160323_HIEPLBCK_00991	SA20160323_HIEPLBCK_00991	100.000	260	0	0	1	260	1	260	0.0	532
SA20160323_HIEPLBCK_00991	SA20160323_HIEPLBCK_00985	28.358	67	45	1	157	220	301	367	0.25	22.3
SA20160323_HIEPLBCK_00991	SA20160323_HIEPLBCK_00982	28.571	42	27	1	102	140	31	72	6.9	17.7
SA20160323_HIEPLBCK_00991	SA20160323_HIEPLBCK_00973	27.273	22	16	0	102	123	168	189	8.1	17.7
SA20160323_HIEPLBCK_00992	SA20160323_HIEPLBCK_00992	100.000	398	0	0	1	398	1	398	0.0	814
SA20160323_HIEPLBCK_00992	SA20160323_HIEPLBCK_00987	96.491	57	2	0	342	398	2	58	3.60e-37	120
SA20160323_HIEPLBCK_00992	SA20160323_HIEPLBCK_00981	24.510	102	56	4	54	148	264	351	1.7	20.4
SA20160323_HIEPLBCK_00992	SA20160323_HIEPLBCK_00976	30.769	52	25	2	43	90	230	274	2.0	20.4
SA20160323_HIEPLBCK_00992	SA20160323_HIEPLBCK_00977	25.581	43	32	0	75	117	139	181	4.9	18.9
SA20160323_HIEPLBCK_00992	SA20160323_HIEPLBCK_00973	52.381	21	6	1	323	343	157	173	5.2	18.9
SA20160323_HIEPLBCK_00992	SA20160323_HIEPLBCK_00990	25.714	35	26	0	97	131	308	342	5.7	18.9
SA20160323_HIEPLBCK_00992	SA20160323_HIEPLBCK_00984	27.586	29	21	0	99	127	278	306	9.4	18.1
SA20153983_GBAKOBEN_03060	SA20153983_GBAKOBEN_03060	100.000	400	0	0	1	400	1	400	0.0	831
SA20153983_GBAKOBEN_03060	SA20153983_GBAKOBEN_03078	24.370	357	220	10	40	387	75	390	4.23e-20	81.6
SA20153983_GBAKOBEN_03060	SA20153983_GBAKOBEN_03071	44.444	27	9	2	269	289	511	537	2.3	20.0
SA20153983_GBAKOBEN_03061	SA20153983_GBAKOBEN_03061	100.000	441	0	0	1	441	1	441	0.0	893
SA20153983_GBAKOBEN_03061	SA20153983_GBAKOBEN_03077	30.831	373	251	2	16	388	14	379	5.43e-66	209
SA20153983_GBAKOBEN_03061	SA20153983_GBAKOBEN_03070	18.824	170	124	5	111	274	120	281	0.17	23.9
SA20153983_GBAKOBEN_03061	SA20153983_GBAKOBEN_03078	34.286	35	18	1	164	193	36	70	0.31	23.1
SA20153983_GBAKOBEN_03061	SA20153983_GBAKOBEN_03067	45.455	22	12	0	136	157	136	157	0.63	21.9
SA20153983_GBAKOBEN_03061	SA20153983_GBAKOBEN_03073	29.032	62	43	1	147	208	246	306	2.4	20.0
SA20153983_GBAKOBEN_03061	SA20153983_GBAKOBEN_03080	52.381	21	6	1	157	173	323	343	5.7	18.9
SA20153983_GBAKOBEN_03061	SA20153983_GBAKOBEN_03076	38.889	18	11	0	175	192	159	176	5.9	18.9
SA20153983_GBAKOBEN_03062	SA20153983_GBAKOBEN_03062	100.000	294	0	0	1	294	1	294	0.0	600
SA20153983_GBAKOBEN_03062	SA20153983_GBAKOBEN_03078	22.727	66	32	3	27	74	337	401	0.74	21.2
SA20153983_GBAKOBEN_03062	SA20153983_GBAKOBEN_03073	63.636	11	4	0	278	288	207	217	1.1	20.4
SA20153983_GBAKOBEN_03062	SA20153983_GBAKOBEN_03072	31.034	29	18	1	44	72	240	266	4.4	18.5
SA20153983_GBAKOBEN_03062	SA20153983_GBAKOBEN_03064	42.105	19	11	0	207	225	140	158	4.9	18.5
SA20153983_GBAKOBEN_03062	SA20153983_GBAKOBEN_03080	37.143	35	16	2	45	73	140	174	9.7	17.3
SA20153983_GBAKOBEN_03063	SA20153983_GBAKOBEN_03063	100.000	242	0	0	1	242	1	242	0.0	503
SA20153983_GBAKOBEN_03063	SA20153983_GBAKOBEN_03072	70.000	10	3	0	64	73	394	403	0.98	20.4
SA20153983_GBAKOBEN_03063	SA20153983_GBAKOBEN_03066	37.143	35	21	1	74	107	1	35	1.3	19.2
SA20153983_GBAKOBEN_03063	SA20153983_GBAKOBEN_03074	26.263	99	55	4	8	103	89	172	1.6	19.6
SA20153983_GBAKOBEN_03063	SA20153983_GBAKOBEN_03077	45.455	11	6	0	162	172	236	246	1.9	19.6
SA20153983_GBAKOBEN_03063	SA20153983_GBAKOBEN_03071	29.091	55	29	2	40	84	133	187	3.7	18.5
SA20153983_GBAKOBEN_03063	SA20153983_GBAKOBEN_03064	29.032	31	18	2	128	157	278	305	9.0	17.3
SA20153983_GBAKOBEN_03064	SA20153983_GBAKOBEN_03064	100.000	761	0	0	1	761	1	761	0.0	1588
SA20153983_GBAKOBEN_03064	SA20153983_GBAKOBEN_03078	47.368	19	10	0	545	563	162	180	1.6	21.6
SA20153983_GBAKOBEN_03064	SA20153983_GBAKOBEN_03080	30.769	52	25	2	230	274	43	90	3.7	20.4
SA20153983_GBAKOBEN_03064	SA20153983_GBAKOBEN_03067	53.333	15	7	0	141	155	228	242	5.5	19.6
SA20153983_GBAKOBEN_03064	SA20153983_GBAKOBEN_03070	20.968	62	34	1	114	175	222	268	6.3	19.6
SA20153983_GBAKOBEN_03064	SA20153983_GBAKOBEN_03069	75.000	8	2	0	701	708	130	137	7.5	19.2
SA20153983_GBAKOBEN_03065	SA20153983_GBAKOBEN_03065	100.000	376	0	0	1	376	1	376	0.0	783
SA20153983_GBAKOBEN_03065	SA20153983_GBAKOBEN_03080	25.581	43	32	0	139	181	75	117	7.5	18.1
SA20153983_GBAKOBEN_03066	SA20153983_GBAKOBEN_03066	100.000	84	0	0	1	84	1	84	5.63e-62	174
SA20153983_GBAKOBEN_03066	SA20153983_GBAKOBEN_03063	37.143	35	21	1	1	35	74	107	0.46	19.2
SA20153983_GBAKOBEN_03066	SA20153983_GBAKOBEN_03071	26.562	64	41	3	6	67	151	210	0.77	18.5
SA20153983_GBAKOBEN_03066	SA20153983_GBAKOBEN_03068	25.000	36	27	0	20	55	108	143	3.9	16.5
SA20153983_GBAKOBEN_03067	SA20153983_GBAKOBEN_03067	100.000	405	0	0	1	405	1	405	0.0	811
SA20153983_GBAKOBEN_03067	SA20153983_GBAKOBEN_03070	28.261	46	33	0	10	55	246	291	0.022	26.6
SA20153983_GBAKOBEN_03067	SA20153983_GBAKOBEN_03061	45.455	22	12	0	136	157	136	157	0.54	21.9
SA20153983_GBAKOBEN_03067	SA20153983_GBAKOBEN_03076	31.169	77	39	4	196	258	71	147	0.76	21.6
SA20153983_GBAKOBEN_03067	SA20153983_GBAKOBEN_03077	23.684	76	53	2	9	83	230	301	1.1	21.2
SA20153983_GBAKOBEN_03067	SA20153983_GBAKOBEN_03064	53.333	15	7	0	228	242	141	155	2.9	19.6
SA20153983_GBAKOBEN_03068	SA20153983_GBAKOBEN_03068	100.000	292	0	0	1	292	1	292	0.0	597
SA20153983_GBAKOBEN_03068	SA20153983_GBAKOBEN_03071	47.826	23	11	1	45	67	288	309	8.4	17.7
SA20153983_GBAKOBEN_03068	SA20153983_GBAKOBEN_03078	34.286	35	15	2	185	219	364	390	8.6	17.7
SA20153983_GBAKOBEN_03069	SA20153983_GBAKOBEN_03069	100.000	356	0	0	1	356	1	356	0.0	740
SA20153983_GBAKOBEN_03069	SA20153983_GBAKOBEN_03074	26.316	38	28	0	169	206	11	48	0.39	22.3
SA20153983_GBAKOBEN_03069	SA20153983_GBAKOBEN_03080	24.510	102	56	4	264	351	54	148	1.4	20.4
SA20153983_GBAKOBEN_03069	SA20153983_GBAKOBEN_03064	75.000	8	2	0	130	137	701	708	3.5	19.2
SA20153983_GBAKOBEN_03069	SA20153983_GBAKOBEN_03078	35.294	34	22	0	47	80	17	50	5.0	18.9
SA20153983_GBAKOBEN_03070	SA20153983_GBAKOBEN_03070	100.000	452	0	0	1	452	1	452	0.0	919
SA20153983_GBAKOBEN_03070	SA20153983_GBAKOBEN_03077	22.951	427	282	17	43	438	9	419	1.80e-07	42.7
SA20153983_GBAKOBEN_03070	SA20153983_GBAKOBEN_03067	28.261	46	33	0	246	291	10	55	0.027	26.2
SA20153983_GBAKOBEN_03070	SA20153983_GBAKOBEN_03061	18.824	170	124	5	120	281	111	274	0.17	23.9
SA20153983_GBAKOBEN_03070	SA20153983_GBAKOBEN_03078	28.333	60	34	3	38	88	48	107	2.7	20.0
SA20153983_GBAKOBEN_03070	SA20153983_GBAKOBEN_03064	20.968	62	34	1	222	268	114	175	3.7	19.6
SA20153983_GBAKOBEN_03071	SA20153983_GBAKOBEN_03071	100.000	542	0	0	1	542	1	542	0.0	1107
SA20153983_GBAKOBEN_03071	SA20153983_GBAKOBEN_03077	37.500	24	14	1	401	423	153	176	1.6	21.2
SA20153983_GBAKOBEN_03071	SA20153983_GBAKOBEN_03080	58.333	12	5	0	6	17	58	69	2.8	20.0
SA20153983_GBAKOBEN_03071	SA20153983_GBAKOBEN_03060	44.444	27	9	2	511	537	269	289	3.0	20.0
SA20153983_GBAKOBEN_03071	SA20153983_GBAKOBEN_03063	63.636	11	4	0	177	187	74	84	9.0	18.5
SA20153983_GBAKOBEN_03072	SA20153983_GBAKOBEN_03072	100.000	419	0	0	1	419	1	419	0.0	853
SA20153983_GBAKOBEN_03072	SA20153983_GBAKOBEN_03073	35.714	28	18	0	364	391	84	111	1.4	20.8
SA20153983_GBAKOBEN_03072	SA20153983_GBAKOBEN_03063	70.000	10	3	0	394	403	64	73	2.0	20.0
SA20153983_GBAKOBEN_03072	SA20153983_GBAKOBEN_03080	27.586	29	21	0	278	306	99	127	8.7	18.1
SA20153983_GBAKOBEN_03073	SA20153983_GBAKOBEN_03073	100.000	396	0	0	1	396	1	396	0.0	825
SA20153983_GBAKOBEN_03073	SA20153983_GBAKOBEN_03079	37.037	27	17	0	341	367	194	220	0.47	21.9
SA20153983_GBAKOBEN_03073	SA20153983_GBAKOBEN_03078	35.000	40	21	1	333	372	268	302	0.49	21.9
SA20153983_GBAKOBEN_03073	SA20153983_GBAKOBEN_03072	35.714	28	18	0	84	111	364	391	1.5	20.4
SA20153983_GBAKOBEN_03073	SA20153983_GBAKOBEN_03062	63.636	11	4	0	207	217	278	288	1.5	20.4
SA20153983_GBAKOBEN_03073	SA20153983_GBAKOBEN_03061	29.032	62	43	1	246	306	147	208	2.1	20.0
SA20153983_GBAKOBEN_03073	SA20153983_GBAKOBEN_03076	23.881	67	42	2	217	283	155	212	5.4	18.9
SA20153983_GBAKOBEN_03073	SA20153983_GBAKOBEN_03071	33.333	33	17	1	360	387	56	88	8.7	18.1
SA20153983_GBAKOBEN_03073	SA20153983_GBAKOBEN_03064	42.857	21	6	1	103	123	421	435	9.3	18.1
SA20153983_GBAKOBEN_03074	SA20153983_GBAKOBEN_03074	100.000	296	0	0	1	296	1	296	0.0	607
SA20153983_GBAKOBEN_03074	SA20153983_GBAKOBEN_03069	26.316	38	28	0	11	48	169	206	0.32	22.3
SA20153983_GBAKOBEN_03074	SA20153983_GBAKOBEN_03077	29.730	37	25	1	1	36	333	369	1.7	20.0
SA20153983_GBAKOBEN_03074	SA20153983_GBAKOBEN_03063	26.263	99	55	4	89	172	8	103	2.0	19.6
SA20153983_GBAKOBEN_03074	SA20153983_GBAKOBEN_03076	27.500	40	23	2	55	88	188	227	2.1	19.6
SA20153983_GBAKOBEN_03074	SA20153983_GBAKOBEN_03078	38.462	13	8	0	281	293	323	335	3.6	18.9
SA20153983_GBAKOBEN_03074	SA20153983_GBAKOBEN_03080	32.000	25	17	0	88	112	90	114	8.0	17.7
SA20153983_GBAKOBEN_03075	SA20153983_GBAKOBEN_03075	100.000	58	0	0	1	58	1	58	2.26e-42	122
SA20153983_GBAKOBEN_03075	SA20153983_GBAKOBEN_03080	92.982	57	4	0	2	58	342	398	2.25e-36	115
SA20153983_GBAKOBEN_03075	SA20153983_GBAKOBEN_03079	31.579	19	13	0	40	58	242	260	6.0	15.4
SA20153983_GBAKOBEN_03076	SA20153983_GBAKOBEN_03076	100.000	267	0	0	1	267	1	267	0.0	547
SA20153983_GBAKOBEN_03076	SA20153983_GBAKOBEN_03067	31.169	77	39	4	71	147	196	258	0.46	21.6
SA20153983_GBAKOBEN_03076	SA20153983_GBAKOBEN_03074	27.500	40	23	2	188	227	55	88	1.9	19.6
SA20153983_GBAKOBEN_03076	SA20153983_GBAKOBEN_03061	38.889	18	11	0	159	176	175	192	3.5	18.9
SA20153983_GBAKOBEN_03076	SA20153983_GBAKOBEN_03073	23.881	67	42	2	155	212	217	283	3.7	18.9
SA20153983_GBAKOBEN_03076	SA20153983_GBAKOBEN_03070	77.778	9	2	0	207	215	379	387	6.7	17.7
SA20153983_GBAKOBEN_03076	SA20153983_GBAKOBEN_03064	29.167	24	17	0	109	132	500	523	7.0	17.7
SA20153983_GBAKOBEN_03076	SA20153983_GBAKOBEN_03077	27.907	43	24	1	180	222	314	349	9.7	17.3
SA20153983_GBAKOBEN_03077	SA20153983_GBAKOBEN_03077	100.000	429	0	0	1	429	1	429	0.0	845
SA20153983_GBAKOBEN_03077	SA20153983_GBAKOBEN_03061	30.831	373	251	2	14	379	16	388	5.28e-66	209
SA20153983_GBAKOBEN_03077	SA20153983_GBAKOBEN_03070	22.951	427	282	17	9	419	43	438	1.71e-07	42.7
SA20153983_GBAKOBEN_03077	SA20153983_GBAKOBEN_03071	37.500	24	14	1	153	176	401	423	1.2	21.2
SA20153983_GBAKOBEN_03077	SA20153983_GBAKOBEN_03067	23.684	76	53	2	230	301	9	83	1.2	20.8
SA20153983_GBAKOBEN_03077	SA20153983_GBAKOBEN_03074	29.730	37	25	1	333	369	1	36	2.4	20.0
SA20153983_GBAKOBEN_03077	SA20153983_GBAKOBEN_03063	45.455	11	6	0	236	246	162	172	3.3	19.6
SA20153983_GBAKOBEN_03078	SA20153983_GBAKOBEN_03078	100.000	401	0	0	1	401	1	401	0.0	838
SA20153983_GBAKOBEN_03078	SA20153983_GBAKOBEN_03060	23.662	355	225	9	75	390	40	387	2.15e-19	79.3
SA20153983_GBAKOBEN_03078	SA20153983_GBAKOBEN_03061	34.286	35	18	1	36	70	164	193	0.28	23.1
SA20153983_GBAKOBEN_03078	SA20153983_GBAKOBEN_03073	35.000	40	21	1	268	302	333	372	0.50	21.9
SA20153983_GBAKOBEN_03078	SA20153983_GBAKOBEN_03064	47.368	19	10	0	162	180	545	563	0.86	21.6
SA20153983_GBAKOBEN_03078	SA20153983_GBAKOBEN_03062	22.727	66	32	3	337	401	27	74	1.0	21.2
SA20153983_GBAKOBEN_03078	SA20153983_GBAKOBEN_03070	28.333	60	34	3	48	107	38	88	2.4	20.0
SA20153983_GBAKOBEN_03078	SA20153983_GBAKOBEN_03074	38.462	13	8	0	323	335	281	293	4.9	18.9
SA20153983_GBAKOBEN_03078	SA20153983_GBAKOBEN_03080	25.714	35	26	0	308	342	97	131	5.4	18.9
SA20153983_GBAKOBEN_03078	SA20153983_GBAKOBEN_03069	35.294	34	22	0	17	50	47	80	5.6	18.9
SA20153983_GBAKOBEN_03079	SA20153983_GBAKOBEN_03079	100.000	260	0	0	1	260	1	260	0.0	532
SA20153983_GBAKOBEN_03079	SA20153983_GBAKOBEN_03073	37.037	27	17	0	194	220	341	367	0.31	21.9
SA20153983_GBAKOBEN_03079	SA20153983_GBAKOBEN_03070	28.571	42	27	1	102	140	31	72	7.1	17.7
SA20153983_GBAKOBEN_03079	SA20153983_GBAKOBEN_03061	27.273	22	16	0	102	123	168	189	8.2	17.7
SA20153983_GBAKOBEN_03080	SA20153983_GBAKOBEN_03080	100.000	398	0	0	1	398	1	398	0.0	813
SA20153983_GBAKOBEN_03080	SA20153983_GBAKOBEN_03075	92.982	57	4	0	342	398	2	58	1.55e-35	115
SA20153983_GBAKOBEN_03080	SA20153983_GBAKOBEN_03069	24.510	102	56	4	54	148	264	351	1.6	20.4
SA20153983_GBAKOBEN_03080	SA20153983_GBAKOBEN_03064	30.769	52	25	2	43	90	230	274	1.9	20.4
SA20153983_GBAKOBEN_03080	SA20153983_GBAKOBEN_03061	52.381	21	6	1	323	343	157	173	5.1	18.9
SA20153983_GBAKOBEN_03080	SA20153983_GBAKOBEN_03078	25.714	35	26	0	97	131	308	342	5.4	18.9
SA20153983_GBAKOBEN_03080	SA20153983_GBAKOBEN_03065	25.581	43	32	0	75	117	139	181	7.9	18.1
SA20153983_GBAKOBEN_03080	SA20153983_GBAKOBEN_03072	27.586	29	21	0	99	127	278	306	9.0	18.1
