SA20160200_AKBDPEOC_03718	SA20153983_GBAKOBEN_03080	99.749	398	1	0	1	398	1	398	0.0	811
SA20160200_AKBDPEOC_03718	SA20153983_GBAKOBEN_03075	91.228	57	5	0	342	398	2	58	1.13e-34	113
SA20160200_AKBDPEOC_03718	SA20153983_GBAKOBEN_03069	24.510	102	56	4	54	148	264	351	1.7	20.4
SA20160200_AKBDPEOC_03718	SA20153983_GBAKOBEN_03064	30.769	52	25	2	43	90	230	274	2.1	20.0
SA20160200_AKBDPEOC_03718	SA20153983_GBAKOBEN_03061	52.381	21	6	1	323	343	157	173	5.2	18.9
SA20160200_AKBDPEOC_03718	SA20153983_GBAKOBEN_03078	25.714	35	26	0	97	131	308	342	5.2	18.9
SA20160200_AKBDPEOC_03718	SA20153983_GBAKOBEN_03065	25.581	43	32	0	75	117	139	181	7.9	18.1
SA20160200_AKBDPEOC_03718	SA20153983_GBAKOBEN_03072	27.586	29	21	0	99	127	278	306	8.9	18.1
SA20160200_AKBDPEOC_03719	SA20153983_GBAKOBEN_03079	100.000	260	0	0	1	260	1	260	0.0	532
SA20160200_AKBDPEOC_03719	SA20153983_GBAKOBEN_03073	37.037	27	17	0	194	220	341	367	0.31	21.9
SA20160200_AKBDPEOC_03719	SA20153983_GBAKOBEN_03070	28.571	42	27	1	102	140	31	72	7.1	17.7
SA20160200_AKBDPEOC_03719	SA20153983_GBAKOBEN_03061	27.273	22	16	0	102	123	168	189	8.2	17.7
SA20160200_AKBDPEOC_03720	SA20153983_GBAKOBEN_03078	99.751	401	1	0	1	401	1	401	0.0	837
SA20160200_AKBDPEOC_03720	SA20153983_GBAKOBEN_03060	23.662	355	225	9	75	390	40	387	3.10e-19	79.0
SA20160200_AKBDPEOC_03720	SA20153983_GBAKOBEN_03061	34.286	35	18	1	36	70	164	193	0.29	22.7
SA20160200_AKBDPEOC_03720	SA20153983_GBAKOBEN_03073	35.000	40	21	1	268	302	333	372	0.41	22.3
SA20160200_AKBDPEOC_03720	SA20153983_GBAKOBEN_03064	47.368	19	10	0	162	180	545	563	0.87	21.6
SA20160200_AKBDPEOC_03720	SA20153983_GBAKOBEN_03062	22.727	66	32	3	337	401	27	74	1.0	21.2
SA20160200_AKBDPEOC_03720	SA20153983_GBAKOBEN_03070	28.333	60	34	3	48	107	38	88	2.4	20.0
SA20160200_AKBDPEOC_03720	SA20153983_GBAKOBEN_03074	38.462	13	8	0	323	335	281	293	4.8	18.9
SA20160200_AKBDPEOC_03720	SA20153983_GBAKOBEN_03080	25.714	35	26	0	308	342	97	131	5.3	18.9
SA20160200_AKBDPEOC_03720	SA20153983_GBAKOBEN_03069	35.294	34	22	0	17	50	47	80	5.4	18.9
SA20160200_AKBDPEOC_03721	SA20153983_GBAKOBEN_03077	99.767	429	1	0	1	429	1	429	0.0	844
SA20160200_AKBDPEOC_03721	SA20153983_GBAKOBEN_03061	30.831	373	251	2	14	379	16	388	6.12e-66	208
SA20160200_AKBDPEOC_03721	SA20153983_GBAKOBEN_03070	22.951	427	282	17	9	419	43	438	2.01e-07	42.7
SA20160200_AKBDPEOC_03721	SA20153983_GBAKOBEN_03071	37.500	24	14	1	153	176	401	423	1.2	21.2
SA20160200_AKBDPEOC_03721	SA20153983_GBAKOBEN_03067	23.684	76	53	2	230	301	9	83	1.2	21.2
SA20160200_AKBDPEOC_03721	SA20153983_GBAKOBEN_03074	29.730	37	25	1	333	369	1	36	2.5	20.0
SA20160200_AKBDPEOC_03721	SA20153983_GBAKOBEN_03063	45.455	11	6	0	236	246	162	172	3.3	19.6
SA20160200_AKBDPEOC_03722	SA20153983_GBAKOBEN_03076	100.000	267	0	0	1	267	1	267	0.0	547
SA20160200_AKBDPEOC_03722	SA20153983_GBAKOBEN_03067	31.169	77	39	4	71	147	196	258	0.46	21.6
SA20160200_AKBDPEOC_03722	SA20153983_GBAKOBEN_03074	27.500	40	23	2	188	227	55	88	1.9	19.6
SA20160200_AKBDPEOC_03722	SA20153983_GBAKOBEN_03061	38.889	18	11	0	159	176	175	192	3.5	18.9
SA20160200_AKBDPEOC_03722	SA20153983_GBAKOBEN_03073	23.881	67	42	2	155	212	217	283	3.7	18.9
SA20160200_AKBDPEOC_03722	SA20153983_GBAKOBEN_03070	77.778	9	2	0	207	215	379	387	6.7	17.7
SA20160200_AKBDPEOC_03722	SA20153983_GBAKOBEN_03064	29.167	24	17	0	109	132	500	523	7.0	17.7
SA20160200_AKBDPEOC_03722	SA20153983_GBAKOBEN_03077	27.907	43	24	1	180	222	314	349	9.7	17.3
SA20160200_AKBDPEOC_03723	SA20153983_GBAKOBEN_03075	100.000	58	0	0	1	58	1	58	2.26e-42	122
SA20160200_AKBDPEOC_03723	SA20153983_GBAKOBEN_03080	92.982	57	4	0	2	58	342	398	2.25e-36	115
SA20160200_AKBDPEOC_03723	SA20153983_GBAKOBEN_03079	31.579	19	13	0	40	58	242	260	6.0	15.4
SA20160200_AKBDPEOC_03724	SA20153983_GBAKOBEN_03074	98.649	296	4	0	1	296	1	296	0.0	603
SA20160200_AKBDPEOC_03724	SA20153983_GBAKOBEN_03069	26.316	38	28	0	11	48	169	206	0.33	22.3
SA20160200_AKBDPEOC_03724	SA20153983_GBAKOBEN_03077	29.730	37	25	1	1	36	333	369	1.6	20.0
SA20160200_AKBDPEOC_03724	SA20153983_GBAKOBEN_03076	27.500	40	23	2	55	88	188	227	1.8	20.0
SA20160200_AKBDPEOC_03724	SA20153983_GBAKOBEN_03072	45.000	20	11	0	309	328	78	97	3.3	19.2
SA20160200_AKBDPEOC_03724	SA20153983_GBAKOBEN_03063	25.253	99	56	4	89	172	8	103	4.3	18.9
SA20160200_AKBDPEOC_03724	SA20153983_GBAKOBEN_03078	27.778	18	13	0	281	298	323	340	4.4	18.9
SA20160200_AKBDPEOC_03724	SA20153983_GBAKOBEN_03080	36.000	25	16	0	88	112	90	114	4.8	18.9
SA20160200_AKBDPEOC_03725	SA20153983_GBAKOBEN_03073	100.000	396	0	0	1	396	1	396	0.0	825
SA20160200_AKBDPEOC_03725	SA20153983_GBAKOBEN_03079	37.037	27	17	0	341	367	194	220	0.47	21.9
SA20160200_AKBDPEOC_03725	SA20153983_GBAKOBEN_03078	35.000	40	21	1	333	372	268	302	0.49	21.9
SA20160200_AKBDPEOC_03725	SA20153983_GBAKOBEN_03072	35.714	28	18	0	84	111	364	391	1.5	20.4
SA20160200_AKBDPEOC_03725	SA20153983_GBAKOBEN_03062	63.636	11	4	0	207	217	278	288	1.5	20.4
SA20160200_AKBDPEOC_03725	SA20153983_GBAKOBEN_03061	29.032	62	43	1	246	306	147	208	2.1	20.0
SA20160200_AKBDPEOC_03725	SA20153983_GBAKOBEN_03076	23.881	67	42	2	217	283	155	212	5.4	18.9
SA20160200_AKBDPEOC_03725	SA20153983_GBAKOBEN_03071	33.333	33	17	1	360	387	56	88	8.7	18.1
SA20160200_AKBDPEOC_03725	SA20153983_GBAKOBEN_03064	42.857	21	6	1	103	123	421	435	9.3	18.1
SA20160200_AKBDPEOC_03726	SA20153983_GBAKOBEN_03072	100.000	419	0	0	1	419	1	419	0.0	853
SA20160200_AKBDPEOC_03726	SA20153983_GBAKOBEN_03073	35.714	28	18	0	364	391	84	111	1.4	20.8
SA20160200_AKBDPEOC_03726	SA20153983_GBAKOBEN_03063	70.000	10	3	0	394	403	64	73	2.0	20.0
SA20160200_AKBDPEOC_03726	SA20153983_GBAKOBEN_03062	31.034	29	18	1	240	266	44	72	5.7	18.9
SA20160200_AKBDPEOC_03726	SA20153983_GBAKOBEN_03080	27.586	29	21	0	278	306	99	127	8.7	18.1
SA20160200_AKBDPEOC_03727	SA20153983_GBAKOBEN_03071	99.631	542	2	0	1	542	1	542	0.0	1103
SA20160200_AKBDPEOC_03727	SA20153983_GBAKOBEN_03077	37.500	24	14	1	401	423	153	176	1.6	20.8
SA20160200_AKBDPEOC_03727	SA20153983_GBAKOBEN_03080	58.333	12	5	0	6	17	58	69	2.8	20.0
SA20160200_AKBDPEOC_03727	SA20153983_GBAKOBEN_03060	44.444	27	9	2	511	537	269	289	3.0	20.0
SA20160200_AKBDPEOC_03727	SA20153983_GBAKOBEN_03066	26.562	64	41	3	151	210	6	67	4.6	18.9
SA20160200_AKBDPEOC_03727	SA20153983_GBAKOBEN_03063	63.636	11	4	0	177	187	74	84	9.2	18.5
SA20160200_AKBDPEOC_03728	SA20153983_GBAKOBEN_03070	100.000	452	0	0	1	452	1	452	0.0	919
SA20160200_AKBDPEOC_03728	SA20153983_GBAKOBEN_03077	22.951	427	282	17	43	438	9	419	1.80e-07	42.7
SA20160200_AKBDPEOC_03728	SA20153983_GBAKOBEN_03067	28.261	46	33	0	246	291	10	55	0.027	26.2
SA20160200_AKBDPEOC_03728	SA20153983_GBAKOBEN_03061	18.824	170	124	5	120	281	111	274	0.17	23.9
SA20160200_AKBDPEOC_03728	SA20153983_GBAKOBEN_03078	28.333	60	34	3	38	88	48	107	2.7	20.0
SA20160200_AKBDPEOC_03728	SA20153983_GBAKOBEN_03064	20.968	62	34	1	222	268	114	175	3.7	19.6
SA20160200_AKBDPEOC_03729	SA20153983_GBAKOBEN_03069	100.000	356	0	0	1	356	1	356	0.0	740
SA20160200_AKBDPEOC_03729	SA20153983_GBAKOBEN_03074	26.316	38	28	0	169	206	11	48	0.39	22.3
SA20160200_AKBDPEOC_03729	SA20153983_GBAKOBEN_03080	24.510	102	56	4	264	351	54	148	1.4	20.4
SA20160200_AKBDPEOC_03729	SA20153983_GBAKOBEN_03068	18.634	161	109	5	187	345	10	150	2.4	19.6
SA20160200_AKBDPEOC_03729	SA20153983_GBAKOBEN_03064	75.000	8	2	0	130	137	701	708	3.5	19.2
SA20160200_AKBDPEOC_03729	SA20153983_GBAKOBEN_03078	35.294	34	22	0	47	80	17	50	5.0	18.9
SA20160200_AKBDPEOC_03730	SA20153983_GBAKOBEN_03068	99.315	292	2	0	1	292	1	292	0.0	590
SA20160200_AKBDPEOC_03730	SA20153983_GBAKOBEN_03069	18.012	161	110	5	10	150	187	345	1.2	20.4
SA20160200_AKBDPEOC_03730	SA20153983_GBAKOBEN_03071	37.931	29	17	1	45	73	288	315	8.3	17.7
SA20160200_AKBDPEOC_03730	SA20153983_GBAKOBEN_03078	34.286	35	15	2	185	219	364	390	8.3	17.7
SA20160200_AKBDPEOC_03731	SA20153983_GBAKOBEN_03067	99.753	405	1	0	1	405	1	405	0.0	810
SA20160200_AKBDPEOC_03731	SA20153983_GBAKOBEN_03070	28.261	46	33	0	10	55	246	291	0.023	26.6
SA20160200_AKBDPEOC_03731	SA20153983_GBAKOBEN_03061	45.455	22	12	0	136	157	136	157	0.54	21.9
SA20160200_AKBDPEOC_03731	SA20153983_GBAKOBEN_03076	31.169	77	39	4	196	258	71	147	0.78	21.6
SA20160200_AKBDPEOC_03731	SA20153983_GBAKOBEN_03077	23.684	76	53	2	9	83	230	301	1.1	21.2
SA20160200_AKBDPEOC_03731	SA20153983_GBAKOBEN_03064	53.333	15	7	0	228	242	141	155	2.9	19.6
SA20160200_AKBDPEOC_03732	SA20153983_GBAKOBEN_03066	100.000	84	0	0	1	84	1	84	5.63e-62	174
SA20160200_AKBDPEOC_03732	SA20153983_GBAKOBEN_03063	37.143	35	21	1	1	35	74	107	0.46	19.2
SA20160200_AKBDPEOC_03732	SA20153983_GBAKOBEN_03071	26.562	64	41	3	6	67	151	210	0.77	18.5
SA20160200_AKBDPEOC_03732	SA20153983_GBAKOBEN_03068	25.000	36	27	0	20	55	108	143	3.9	16.5
SA20160200_AKBDPEOC_03733	SA20153983_GBAKOBEN_03065	100.000	376	0	0	1	376	1	376	0.0	783
SA20160200_AKBDPEOC_03733	SA20153983_GBAKOBEN_03080	25.581	43	32	0	139	181	75	117	7.5	18.1
SA20160200_AKBDPEOC_03734	SA20153983_GBAKOBEN_03064	100.000	761	0	0	1	761	1	761	0.0	1588
SA20160200_AKBDPEOC_03734	SA20153983_GBAKOBEN_03078	47.368	19	10	0	545	563	162	180	1.6	21.6
SA20160200_AKBDPEOC_03734	SA20153983_GBAKOBEN_03080	30.769	52	25	2	230	274	43	90	3.7	20.4
SA20160200_AKBDPEOC_03734	SA20153983_GBAKOBEN_03067	53.333	15	7	0	141	155	228	242	5.5	19.6
SA20160200_AKBDPEOC_03734	SA20153983_GBAKOBEN_03070	20.968	62	34	1	114	175	222	268	6.3	19.6
SA20160200_AKBDPEOC_03734	SA20153983_GBAKOBEN_03069	75.000	8	2	0	701	708	130	137	7.5	19.2
SA20160200_AKBDPEOC_03735	SA20153983_GBAKOBEN_03063	99.587	242	1	0	1	242	1	242	0.0	501
SA20160200_AKBDPEOC_03735	SA20153983_GBAKOBEN_03072	70.000	10	3	0	64	73	394	403	0.99	20.4
SA20160200_AKBDPEOC_03735	SA20153983_GBAKOBEN_03074	27.103	107	56	5	8	111	89	176	1.2	20.0
SA20160200_AKBDPEOC_03735	SA20153983_GBAKOBEN_03066	37.143	35	21	1	74	107	1	35	1.3	19.2
SA20160200_AKBDPEOC_03735	SA20153983_GBAKOBEN_03077	45.455	11	6	0	162	172	236	246	1.9	19.2
SA20160200_AKBDPEOC_03735	SA20153983_GBAKOBEN_03071	29.091	55	29	2	40	84	133	187	3.9	18.5
SA20160200_AKBDPEOC_03735	SA20153983_GBAKOBEN_03064	29.032	31	18	2	128	157	278	305	9.3	17.3
SA20160200_AKBDPEOC_03736	SA20153983_GBAKOBEN_03062	99.660	294	1	0	1	294	1	294	0.0	598
SA20160200_AKBDPEOC_03736	SA20153983_GBAKOBEN_03078	22.727	66	32	3	27	74	337	401	0.70	21.2
SA20160200_AKBDPEOC_03736	SA20153983_GBAKOBEN_03073	63.636	11	4	0	278	288	207	217	1.1	20.4
SA20160200_AKBDPEOC_03736	SA20153983_GBAKOBEN_03072	31.034	29	18	1	44	72	240	266	4.3	18.5
SA20160200_AKBDPEOC_03736	SA20153983_GBAKOBEN_03064	42.105	19	11	0	207	225	140	158	5.0	18.5
SA20160200_AKBDPEOC_03736	SA20153983_GBAKOBEN_03080	37.143	35	16	2	45	73	140	174	9.8	17.3
SA20160200_AKBDPEOC_03737	SA20153983_GBAKOBEN_03061	99.546	441	2	0	1	441	1	441	0.0	890
SA20160200_AKBDPEOC_03737	SA20153983_GBAKOBEN_03077	31.099	373	250	2	16	388	14	379	1.48e-66	210
SA20160200_AKBDPEOC_03737	SA20153983_GBAKOBEN_03070	18.824	170	124	5	111	274	120	281	0.19	23.5
SA20160200_AKBDPEOC_03737	SA20153983_GBAKOBEN_03078	34.286	35	18	1	164	193	36	70	0.33	22.7
SA20160200_AKBDPEOC_03737	SA20153983_GBAKOBEN_03067	45.455	22	12	0	136	157	136	157	0.62	21.9
SA20160200_AKBDPEOC_03737	SA20153983_GBAKOBEN_03073	29.032	62	43	1	147	208	246	306	2.4	20.0
SA20160200_AKBDPEOC_03737	SA20153983_GBAKOBEN_03080	52.381	21	6	1	157	173	323	343	5.9	18.9
SA20160200_AKBDPEOC_03737	SA20153983_GBAKOBEN_03076	38.889	18	11	0	175	192	159	176	6.3	18.5
SA20160200_AKBDPEOC_03738	SA20153983_GBAKOBEN_03060	99.750	400	1	0	1	400	1	400	0.0	831
SA20160200_AKBDPEOC_03738	SA20153983_GBAKOBEN_03078	24.650	357	219	10	40	387	75	390	2.84e-20	82.0
SA20160200_AKBDPEOC_03738	SA20153983_GBAKOBEN_03071	44.444	27	9	2	269	289	511	537	2.3	20.0
SA20153983_GBAKOBEN_03060	SA20153983_GBAKOBEN_03060	100.000	400	0	0	1	400	1	400	0.0	831
SA20153983_GBAKOBEN_03060	SA20153983_GBAKOBEN_03078	24.370	357	220	10	40	387	75	390	4.23e-20	81.6
SA20153983_GBAKOBEN_03060	SA20153983_GBAKOBEN_03071	44.444	27	9	2	269	289	511	537	2.3	20.0
SA20153983_GBAKOBEN_03061	SA20153983_GBAKOBEN_03061	100.000	441	0	0	1	441	1	441	0.0	893
SA20153983_GBAKOBEN_03061	SA20153983_GBAKOBEN_03077	30.831	373	251	2	16	388	14	379	5.43e-66	209
SA20153983_GBAKOBEN_03061	SA20153983_GBAKOBEN_03070	18.824	170	124	5	111	274	120	281	0.17	23.9
SA20153983_GBAKOBEN_03061	SA20153983_GBAKOBEN_03078	34.286	35	18	1	164	193	36	70	0.31	23.1
SA20153983_GBAKOBEN_03061	SA20153983_GBAKOBEN_03067	45.455	22	12	0	136	157	136	157	0.63	21.9
SA20153983_GBAKOBEN_03061	SA20153983_GBAKOBEN_03073	29.032	62	43	1	147	208	246	306	2.4	20.0
SA20153983_GBAKOBEN_03061	SA20153983_GBAKOBEN_03080	52.381	21	6	1	157	173	323	343	5.7	18.9
SA20153983_GBAKOBEN_03061	SA20153983_GBAKOBEN_03076	38.889	18	11	0	175	192	159	176	5.9	18.9
SA20153983_GBAKOBEN_03062	SA20153983_GBAKOBEN_03062	100.000	294	0	0	1	294	1	294	0.0	600
SA20153983_GBAKOBEN_03062	SA20153983_GBAKOBEN_03078	22.727	66	32	3	27	74	337	401	0.74	21.2
SA20153983_GBAKOBEN_03062	SA20153983_GBAKOBEN_03073	63.636	11	4	0	278	288	207	217	1.1	20.4
SA20153983_GBAKOBEN_03062	SA20153983_GBAKOBEN_03072	31.034	29	18	1	44	72	240	266	4.4	18.5
SA20153983_GBAKOBEN_03062	SA20153983_GBAKOBEN_03064	42.105	19	11	0	207	225	140	158	4.9	18.5
SA20153983_GBAKOBEN_03062	SA20153983_GBAKOBEN_03080	37.143	35	16	2	45	73	140	174	9.7	17.3
SA20153983_GBAKOBEN_03063	SA20153983_GBAKOBEN_03063	100.000	242	0	0	1	242	1	242	0.0	503
SA20153983_GBAKOBEN_03063	SA20153983_GBAKOBEN_03072	70.000	10	3	0	64	73	394	403	0.98	20.4
SA20153983_GBAKOBEN_03063	SA20153983_GBAKOBEN_03066	37.143	35	21	1	74	107	1	35	1.3	19.2
SA20153983_GBAKOBEN_03063	SA20153983_GBAKOBEN_03074	26.263	99	55	4	8	103	89	172	1.6	19.6
SA20153983_GBAKOBEN_03063	SA20153983_GBAKOBEN_03077	45.455	11	6	0	162	172	236	246	1.9	19.6
SA20153983_GBAKOBEN_03063	SA20153983_GBAKOBEN_03071	29.091	55	29	2	40	84	133	187	3.7	18.5
SA20153983_GBAKOBEN_03063	SA20153983_GBAKOBEN_03064	29.032	31	18	2	128	157	278	305	9.0	17.3
SA20153983_GBAKOBEN_03064	SA20153983_GBAKOBEN_03064	100.000	761	0	0	1	761	1	761	0.0	1588
SA20153983_GBAKOBEN_03064	SA20153983_GBAKOBEN_03078	47.368	19	10	0	545	563	162	180	1.6	21.6
SA20153983_GBAKOBEN_03064	SA20153983_GBAKOBEN_03080	30.769	52	25	2	230	274	43	90	3.7	20.4
SA20153983_GBAKOBEN_03064	SA20153983_GBAKOBEN_03067	53.333	15	7	0	141	155	228	242	5.5	19.6
SA20153983_GBAKOBEN_03064	SA20153983_GBAKOBEN_03070	20.968	62	34	1	114	175	222	268	6.3	19.6
SA20153983_GBAKOBEN_03064	SA20153983_GBAKOBEN_03069	75.000	8	2	0	701	708	130	137	7.5	19.2
SA20153983_GBAKOBEN_03065	SA20153983_GBAKOBEN_03065	100.000	376	0	0	1	376	1	376	0.0	783
SA20153983_GBAKOBEN_03065	SA20153983_GBAKOBEN_03080	25.581	43	32	0	139	181	75	117	7.5	18.1
SA20153983_GBAKOBEN_03066	SA20153983_GBAKOBEN_03066	100.000	84	0	0	1	84	1	84	5.63e-62	174
SA20153983_GBAKOBEN_03066	SA20153983_GBAKOBEN_03063	37.143	35	21	1	1	35	74	107	0.46	19.2
SA20153983_GBAKOBEN_03066	SA20153983_GBAKOBEN_03071	26.562	64	41	3	6	67	151	210	0.77	18.5
SA20153983_GBAKOBEN_03066	SA20153983_GBAKOBEN_03068	25.000	36	27	0	20	55	108	143	3.9	16.5
SA20153983_GBAKOBEN_03067	SA20153983_GBAKOBEN_03067	100.000	405	0	0	1	405	1	405	0.0	811
SA20153983_GBAKOBEN_03067	SA20153983_GBAKOBEN_03070	28.261	46	33	0	10	55	246	291	0.022	26.6
SA20153983_GBAKOBEN_03067	SA20153983_GBAKOBEN_03061	45.455	22	12	0	136	157	136	157	0.54	21.9
SA20153983_GBAKOBEN_03067	SA20153983_GBAKOBEN_03076	31.169	77	39	4	196	258	71	147	0.76	21.6
SA20153983_GBAKOBEN_03067	SA20153983_GBAKOBEN_03077	23.684	76	53	2	9	83	230	301	1.1	21.2
SA20153983_GBAKOBEN_03067	SA20153983_GBAKOBEN_03064	53.333	15	7	0	228	242	141	155	2.9	19.6
SA20153983_GBAKOBEN_03068	SA20153983_GBAKOBEN_03068	100.000	292	0	0	1	292	1	292	0.0	597
SA20153983_GBAKOBEN_03068	SA20153983_GBAKOBEN_03071	47.826	23	11	1	45	67	288	309	8.4	17.7
SA20153983_GBAKOBEN_03068	SA20153983_GBAKOBEN_03078	34.286	35	15	2	185	219	364	390	8.6	17.7
SA20153983_GBAKOBEN_03069	SA20153983_GBAKOBEN_03069	100.000	356	0	0	1	356	1	356	0.0	740
SA20153983_GBAKOBEN_03069	SA20153983_GBAKOBEN_03074	26.316	38	28	0	169	206	11	48	0.39	22.3
SA20153983_GBAKOBEN_03069	SA20153983_GBAKOBEN_03080	24.510	102	56	4	264	351	54	148	1.4	20.4
SA20153983_GBAKOBEN_03069	SA20153983_GBAKOBEN_03064	75.000	8	2	0	130	137	701	708	3.5	19.2
SA20153983_GBAKOBEN_03069	SA20153983_GBAKOBEN_03078	35.294	34	22	0	47	80	17	50	5.0	18.9
SA20153983_GBAKOBEN_03070	SA20153983_GBAKOBEN_03070	100.000	452	0	0	1	452	1	452	0.0	919
SA20153983_GBAKOBEN_03070	SA20153983_GBAKOBEN_03077	22.951	427	282	17	43	438	9	419	1.80e-07	42.7
SA20153983_GBAKOBEN_03070	SA20153983_GBAKOBEN_03067	28.261	46	33	0	246	291	10	55	0.027	26.2
SA20153983_GBAKOBEN_03070	SA20153983_GBAKOBEN_03061	18.824	170	124	5	120	281	111	274	0.17	23.9
SA20153983_GBAKOBEN_03070	SA20153983_GBAKOBEN_03078	28.333	60	34	3	38	88	48	107	2.7	20.0
SA20153983_GBAKOBEN_03070	SA20153983_GBAKOBEN_03064	20.968	62	34	1	222	268	114	175	3.7	19.6
SA20153983_GBAKOBEN_03071	SA20153983_GBAKOBEN_03071	100.000	542	0	0	1	542	1	542	0.0	1107
SA20153983_GBAKOBEN_03071	SA20153983_GBAKOBEN_03077	37.500	24	14	1	401	423	153	176	1.6	21.2
SA20153983_GBAKOBEN_03071	SA20153983_GBAKOBEN_03080	58.333	12	5	0	6	17	58	69	2.8	20.0
SA20153983_GBAKOBEN_03071	SA20153983_GBAKOBEN_03060	44.444	27	9	2	511	537	269	289	3.0	20.0
SA20153983_GBAKOBEN_03071	SA20153983_GBAKOBEN_03063	63.636	11	4	0	177	187	74	84	9.0	18.5
SA20153983_GBAKOBEN_03072	SA20153983_GBAKOBEN_03072	100.000	419	0	0	1	419	1	419	0.0	853
SA20153983_GBAKOBEN_03072	SA20153983_GBAKOBEN_03073	35.714	28	18	0	364	391	84	111	1.4	20.8
SA20153983_GBAKOBEN_03072	SA20153983_GBAKOBEN_03063	70.000	10	3	0	394	403	64	73	2.0	20.0
SA20153983_GBAKOBEN_03072	SA20153983_GBAKOBEN_03080	27.586	29	21	0	278	306	99	127	8.7	18.1
SA20153983_GBAKOBEN_03073	SA20153983_GBAKOBEN_03073	100.000	396	0	0	1	396	1	396	0.0	825
SA20153983_GBAKOBEN_03073	SA20153983_GBAKOBEN_03079	37.037	27	17	0	341	367	194	220	0.47	21.9
SA20153983_GBAKOBEN_03073	SA20153983_GBAKOBEN_03078	35.000	40	21	1	333	372	268	302	0.49	21.9
SA20153983_GBAKOBEN_03073	SA20153983_GBAKOBEN_03072	35.714	28	18	0	84	111	364	391	1.5	20.4
SA20153983_GBAKOBEN_03073	SA20153983_GBAKOBEN_03062	63.636	11	4	0	207	217	278	288	1.5	20.4
SA20153983_GBAKOBEN_03073	SA20153983_GBAKOBEN_03061	29.032	62	43	1	246	306	147	208	2.1	20.0
SA20153983_GBAKOBEN_03073	SA20153983_GBAKOBEN_03076	23.881	67	42	2	217	283	155	212	5.4	18.9
SA20153983_GBAKOBEN_03073	SA20153983_GBAKOBEN_03071	33.333	33	17	1	360	387	56	88	8.7	18.1
SA20153983_GBAKOBEN_03073	SA20153983_GBAKOBEN_03064	42.857	21	6	1	103	123	421	435	9.3	18.1
SA20153983_GBAKOBEN_03074	SA20153983_GBAKOBEN_03074	100.000	296	0	0	1	296	1	296	0.0	607
SA20153983_GBAKOBEN_03074	SA20153983_GBAKOBEN_03069	26.316	38	28	0	11	48	169	206	0.32	22.3
SA20153983_GBAKOBEN_03074	SA20153983_GBAKOBEN_03077	29.730	37	25	1	1	36	333	369	1.7	20.0
SA20153983_GBAKOBEN_03074	SA20153983_GBAKOBEN_03063	26.263	99	55	4	89	172	8	103	2.0	19.6
SA20153983_GBAKOBEN_03074	SA20153983_GBAKOBEN_03076	27.500	40	23	2	55	88	188	227	2.1	19.6
SA20153983_GBAKOBEN_03074	SA20153983_GBAKOBEN_03078	38.462	13	8	0	281	293	323	335	3.6	18.9
SA20153983_GBAKOBEN_03074	SA20153983_GBAKOBEN_03080	32.000	25	17	0	88	112	90	114	8.0	17.7
SA20153983_GBAKOBEN_03075	SA20153983_GBAKOBEN_03075	100.000	58	0	0	1	58	1	58	2.26e-42	122
SA20153983_GBAKOBEN_03075	SA20153983_GBAKOBEN_03080	92.982	57	4	0	2	58	342	398	2.25e-36	115
SA20153983_GBAKOBEN_03075	SA20153983_GBAKOBEN_03079	31.579	19	13	0	40	58	242	260	6.0	15.4
SA20153983_GBAKOBEN_03076	SA20153983_GBAKOBEN_03076	100.000	267	0	0	1	267	1	267	0.0	547
SA20153983_GBAKOBEN_03076	SA20153983_GBAKOBEN_03067	31.169	77	39	4	71	147	196	258	0.46	21.6
SA20153983_GBAKOBEN_03076	SA20153983_GBAKOBEN_03074	27.500	40	23	2	188	227	55	88	1.9	19.6
SA20153983_GBAKOBEN_03076	SA20153983_GBAKOBEN_03061	38.889	18	11	0	159	176	175	192	3.5	18.9
SA20153983_GBAKOBEN_03076	SA20153983_GBAKOBEN_03073	23.881	67	42	2	155	212	217	283	3.7	18.9
SA20153983_GBAKOBEN_03076	SA20153983_GBAKOBEN_03070	77.778	9	2	0	207	215	379	387	6.7	17.7
SA20153983_GBAKOBEN_03076	SA20153983_GBAKOBEN_03064	29.167	24	17	0	109	132	500	523	7.0	17.7
SA20153983_GBAKOBEN_03076	SA20153983_GBAKOBEN_03077	27.907	43	24	1	180	222	314	349	9.7	17.3
SA20153983_GBAKOBEN_03077	SA20153983_GBAKOBEN_03077	100.000	429	0	0	1	429	1	429	0.0	845
SA20153983_GBAKOBEN_03077	SA20153983_GBAKOBEN_03061	30.831	373	251	2	14	379	16	388	5.28e-66	209
SA20153983_GBAKOBEN_03077	SA20153983_GBAKOBEN_03070	22.951	427	282	17	9	419	43	438	1.71e-07	42.7
SA20153983_GBAKOBEN_03077	SA20153983_GBAKOBEN_03071	37.500	24	14	1	153	176	401	423	1.2	21.2
SA20153983_GBAKOBEN_03077	SA20153983_GBAKOBEN_03067	23.684	76	53	2	230	301	9	83	1.2	20.8
SA20153983_GBAKOBEN_03077	SA20153983_GBAKOBEN_03074	29.730	37	25	1	333	369	1	36	2.4	20.0
SA20153983_GBAKOBEN_03077	SA20153983_GBAKOBEN_03063	45.455	11	6	0	236	246	162	172	3.3	19.6
SA20153983_GBAKOBEN_03078	SA20153983_GBAKOBEN_03078	100.000	401	0	0	1	401	1	401	0.0	838
SA20153983_GBAKOBEN_03078	SA20153983_GBAKOBEN_03060	23.662	355	225	9	75	390	40	387	2.15e-19	79.3
SA20153983_GBAKOBEN_03078	SA20153983_GBAKOBEN_03061	34.286	35	18	1	36	70	164	193	0.28	23.1
SA20153983_GBAKOBEN_03078	SA20153983_GBAKOBEN_03073	35.000	40	21	1	268	302	333	372	0.50	21.9
SA20153983_GBAKOBEN_03078	SA20153983_GBAKOBEN_03064	47.368	19	10	0	162	180	545	563	0.86	21.6
SA20153983_GBAKOBEN_03078	SA20153983_GBAKOBEN_03062	22.727	66	32	3	337	401	27	74	1.0	21.2
SA20153983_GBAKOBEN_03078	SA20153983_GBAKOBEN_03070	28.333	60	34	3	48	107	38	88	2.4	20.0
SA20153983_GBAKOBEN_03078	SA20153983_GBAKOBEN_03074	38.462	13	8	0	323	335	281	293	4.9	18.9
SA20153983_GBAKOBEN_03078	SA20153983_GBAKOBEN_03080	25.714	35	26	0	308	342	97	131	5.4	18.9
SA20153983_GBAKOBEN_03078	SA20153983_GBAKOBEN_03069	35.294	34	22	0	17	50	47	80	5.6	18.9
SA20153983_GBAKOBEN_03079	SA20153983_GBAKOBEN_03079	100.000	260	0	0	1	260	1	260	0.0	532
SA20153983_GBAKOBEN_03079	SA20153983_GBAKOBEN_03073	37.037	27	17	0	194	220	341	367	0.31	21.9
SA20153983_GBAKOBEN_03079	SA20153983_GBAKOBEN_03070	28.571	42	27	1	102	140	31	72	7.1	17.7
SA20153983_GBAKOBEN_03079	SA20153983_GBAKOBEN_03061	27.273	22	16	0	102	123	168	189	8.2	17.7
SA20153983_GBAKOBEN_03080	SA20153983_GBAKOBEN_03080	100.000	398	0	0	1	398	1	398	0.0	813
SA20153983_GBAKOBEN_03080	SA20153983_GBAKOBEN_03075	92.982	57	4	0	342	398	2	58	1.55e-35	115
SA20153983_GBAKOBEN_03080	SA20153983_GBAKOBEN_03069	24.510	102	56	4	54	148	264	351	1.6	20.4
SA20153983_GBAKOBEN_03080	SA20153983_GBAKOBEN_03064	30.769	52	25	2	43	90	230	274	1.9	20.4
SA20153983_GBAKOBEN_03080	SA20153983_GBAKOBEN_03061	52.381	21	6	1	323	343	157	173	5.1	18.9
SA20153983_GBAKOBEN_03080	SA20153983_GBAKOBEN_03078	25.714	35	26	0	97	131	308	342	5.4	18.9
SA20153983_GBAKOBEN_03080	SA20153983_GBAKOBEN_03065	25.581	43	32	0	75	117	139	181	7.9	18.1
SA20153983_GBAKOBEN_03080	SA20153983_GBAKOBEN_03072	27.586	29	21	0	99	127	278	306	9.0	18.1
SA20160200_AKBDPEOC_03718	SA20160200_AKBDPEOC_03718	100.000	398	0	0	1	398	1	398	0.0	814
SA20160200_AKBDPEOC_03718	SA20160200_AKBDPEOC_03723	91.228	57	5	0	342	398	2	58	1.14e-34	113
SA20160200_AKBDPEOC_03718	SA20160200_AKBDPEOC_03729	24.510	102	56	4	54	148	264	351	1.7	20.4
SA20160200_AKBDPEOC_03718	SA20160200_AKBDPEOC_03734	30.769	52	25	2	43	90	230	274	2.1	20.0
SA20160200_AKBDPEOC_03718	SA20160200_AKBDPEOC_03720	25.714	35	26	0	97	131	308	342	5.3	18.9
SA20160200_AKBDPEOC_03718	SA20160200_AKBDPEOC_03737	52.381	21	6	1	323	343	157	173	5.3	18.9
SA20160200_AKBDPEOC_03718	SA20160200_AKBDPEOC_03724	36.000	25	16	0	90	114	88	112	5.4	18.9
SA20160200_AKBDPEOC_03718	SA20160200_AKBDPEOC_03733	25.581	43	32	0	75	117	139	181	7.9	18.1
SA20160200_AKBDPEOC_03718	SA20160200_AKBDPEOC_03726	27.586	29	21	0	99	127	278	306	9.0	18.1
SA20160200_AKBDPEOC_03719	SA20160200_AKBDPEOC_03719	100.000	260	0	0	1	260	1	260	0.0	532
SA20160200_AKBDPEOC_03719	SA20160200_AKBDPEOC_03725	37.037	27	17	0	194	220	341	367	0.31	21.9
SA20160200_AKBDPEOC_03719	SA20160200_AKBDPEOC_03728	28.571	42	27	1	102	140	31	72	7.1	17.7
SA20160200_AKBDPEOC_03719	SA20160200_AKBDPEOC_03737	27.273	22	16	0	102	123	168	189	8.1	17.7
SA20160200_AKBDPEOC_03720	SA20160200_AKBDPEOC_03720	100.000	401	0	0	1	401	1	401	0.0	838
SA20160200_AKBDPEOC_03720	SA20160200_AKBDPEOC_03738	23.944	355	224	9	75	390	40	387	1.85e-19	79.7
SA20160200_AKBDPEOC_03720	SA20160200_AKBDPEOC_03737	34.286	35	18	1	36	70	164	193	0.30	22.7
SA20160200_AKBDPEOC_03720	SA20160200_AKBDPEOC_03725	35.000	40	21	1	268	302	333	372	0.41	22.3
SA20160200_AKBDPEOC_03720	SA20160200_AKBDPEOC_03734	47.368	19	10	0	162	180	545	563	0.87	21.6
SA20160200_AKBDPEOC_03720	SA20160200_AKBDPEOC_03736	22.727	66	32	3	337	401	27	74	0.97	21.2
SA20160200_AKBDPEOC_03720	SA20160200_AKBDPEOC_03728	28.333	60	34	3	48	107	38	88	2.4	20.0
SA20160200_AKBDPEOC_03720	SA20160200_AKBDPEOC_03724	27.778	18	13	0	323	340	281	298	5.2	18.9
SA20160200_AKBDPEOC_03720	SA20160200_AKBDPEOC_03718	25.714	35	26	0	308	342	97	131	5.3	18.9
SA20160200_AKBDPEOC_03720	SA20160200_AKBDPEOC_03729	35.294	34	22	0	17	50	47	80	5.5	18.9
SA20160200_AKBDPEOC_03721	SA20160200_AKBDPEOC_03721	100.000	429	0	0	1	429	1	429	0.0	845
SA20160200_AKBDPEOC_03721	SA20160200_AKBDPEOC_03737	31.099	373	250	2	14	379	16	388	1.61e-66	210
SA20160200_AKBDPEOC_03721	SA20160200_AKBDPEOC_03728	22.951	427	282	17	9	419	43	438	2.03e-07	42.7
SA20160200_AKBDPEOC_03721	SA20160200_AKBDPEOC_03731	23.684	76	53	2	230	301	9	83	1.2	21.2
SA20160200_AKBDPEOC_03721	SA20160200_AKBDPEOC_03727	37.500	24	14	1	153	176	401	423	1.2	21.2
SA20160200_AKBDPEOC_03721	SA20160200_AKBDPEOC_03724	29.730	37	25	1	333	369	1	36	2.1	20.0
SA20160200_AKBDPEOC_03721	SA20160200_AKBDPEOC_03735	45.455	11	6	0	236	246	162	172	3.4	19.2
SA20160200_AKBDPEOC_03722	SA20160200_AKBDPEOC_03722	100.000	267	0	0	1	267	1	267	0.0	547
SA20160200_AKBDPEOC_03722	SA20160200_AKBDPEOC_03731	31.169	77	39	4	71	147	196	258	0.48	21.6
SA20160200_AKBDPEOC_03722	SA20160200_AKBDPEOC_03724	27.500	40	23	2	188	227	55	88	1.4	20.0
SA20160200_AKBDPEOC_03722	SA20160200_AKBDPEOC_03725	23.881	67	42	2	155	212	217	283	3.7	18.9
SA20160200_AKBDPEOC_03722	SA20160200_AKBDPEOC_03737	38.889	18	11	0	159	176	175	192	3.8	18.5
SA20160200_AKBDPEOC_03722	SA20160200_AKBDPEOC_03728	77.778	9	2	0	207	215	379	387	6.8	17.7
SA20160200_AKBDPEOC_03722	SA20160200_AKBDPEOC_03734	29.167	24	17	0	109	132	500	523	7.1	17.7
SA20160200_AKBDPEOC_03722	SA20160200_AKBDPEOC_03721	27.907	43	24	1	180	222	314	349	10.0	17.3
SA20160200_AKBDPEOC_03723	SA20160200_AKBDPEOC_03723	100.000	58	0	0	1	58	1	58	2.27e-42	122
SA20160200_AKBDPEOC_03723	SA20160200_AKBDPEOC_03718	91.228	57	5	0	2	58	342	398	1.66e-35	113
SA20160200_AKBDPEOC_03723	SA20160200_AKBDPEOC_03719	31.579	19	13	0	40	58	242	260	6.1	15.4
SA20160200_AKBDPEOC_03724	SA20160200_AKBDPEOC_03724	100.000	340	0	0	1	340	1	340	0.0	700
SA20160200_AKBDPEOC_03724	SA20160200_AKBDPEOC_03729	26.316	38	28	0	11	48	169	206	0.33	22.3
SA20160200_AKBDPEOC_03724	SA20160200_AKBDPEOC_03721	29.730	37	25	1	1	36	333	369	1.6	20.0
SA20160200_AKBDPEOC_03724	SA20160200_AKBDPEOC_03722	27.500	40	23	2	55	88	188	227	1.8	20.0
SA20160200_AKBDPEOC_03724	SA20160200_AKBDPEOC_03726	45.000	20	11	0	309	328	78	97	3.3	19.2
SA20160200_AKBDPEOC_03724	SA20160200_AKBDPEOC_03735	26.168	107	57	5	89	176	8	111	3.5	18.9
SA20160200_AKBDPEOC_03724	SA20160200_AKBDPEOC_03720	27.778	18	13	0	281	298	323	340	4.4	18.9
SA20160200_AKBDPEOC_03724	SA20160200_AKBDPEOC_03718	36.000	25	16	0	88	112	90	114	4.6	18.9
SA20160200_AKBDPEOC_03725	SA20160200_AKBDPEOC_03725	100.000	396	0	0	1	396	1	396	0.0	825
SA20160200_AKBDPEOC_03725	SA20160200_AKBDPEOC_03720	35.000	40	21	1	333	372	268	302	0.40	22.3
SA20160200_AKBDPEOC_03725	SA20160200_AKBDPEOC_03719	37.037	27	17	0	341	367	194	220	0.47	21.9
SA20160200_AKBDPEOC_03725	SA20160200_AKBDPEOC_03726	35.714	28	18	0	84	111	364	391	1.5	20.4
SA20160200_AKBDPEOC_03725	SA20160200_AKBDPEOC_03736	63.636	11	4	0	207	217	278	288	1.5	20.4
SA20160200_AKBDPEOC_03725	SA20160200_AKBDPEOC_03737	29.032	62	43	1	246	306	147	208	2.1	20.0
SA20160200_AKBDPEOC_03725	SA20160200_AKBDPEOC_03722	23.881	67	42	2	217	283	155	212	5.5	18.9
SA20160200_AKBDPEOC_03725	SA20160200_AKBDPEOC_03727	33.333	33	17	1	360	387	56	88	9.0	18.1
SA20160200_AKBDPEOC_03725	SA20160200_AKBDPEOC_03734	42.857	21	6	1	103	123	421	435	9.3	18.1
SA20160200_AKBDPEOC_03726	SA20160200_AKBDPEOC_03726	100.000	419	0	0	1	419	1	419	0.0	853
SA20160200_AKBDPEOC_03726	SA20160200_AKBDPEOC_03725	35.714	28	18	0	364	391	84	111	1.4	20.8
SA20160200_AKBDPEOC_03726	SA20160200_AKBDPEOC_03735	70.000	10	3	0	394	403	64	73	2.0	20.0
SA20160200_AKBDPEOC_03726	SA20160200_AKBDPEOC_03724	45.000	20	11	0	78	97	309	328	3.6	19.2
SA20160200_AKBDPEOC_03726	SA20160200_AKBDPEOC_03718	27.586	29	21	0	278	306	99	127	8.8	18.1
SA20160200_AKBDPEOC_03727	SA20160200_AKBDPEOC_03727	100.000	542	0	0	1	542	1	542	0.0	1108
SA20160200_AKBDPEOC_03727	SA20160200_AKBDPEOC_03721	37.500	24	14	1	401	423	153	176	1.6	20.8
SA20160200_AKBDPEOC_03727	SA20160200_AKBDPEOC_03718	58.333	12	5	0	6	17	58	69	2.8	20.0
SA20160200_AKBDPEOC_03727	SA20160200_AKBDPEOC_03738	44.444	27	9	2	511	537	269	289	3.1	20.0
SA20160200_AKBDPEOC_03727	SA20160200_AKBDPEOC_03735	63.636	11	4	0	177	187	74	84	9.5	18.5
SA20160200_AKBDPEOC_03728	SA20160200_AKBDPEOC_03728	100.000	452	0	0	1	452	1	452	0.0	919
SA20160200_AKBDPEOC_03728	SA20160200_AKBDPEOC_03721	22.951	427	282	17	43	438	9	419	2.13e-07	42.7
SA20160200_AKBDPEOC_03728	SA20160200_AKBDPEOC_03731	28.261	46	33	0	246	291	10	55	0.027	26.2
SA20160200_AKBDPEOC_03728	SA20160200_AKBDPEOC_03737	18.824	170	124	5	120	281	111	274	0.20	23.5
SA20160200_AKBDPEOC_03728	SA20160200_AKBDPEOC_03720	28.333	60	34	3	38	88	48	107	2.8	20.0
SA20160200_AKBDPEOC_03728	SA20160200_AKBDPEOC_03734	20.968	62	34	1	222	268	114	175	3.8	19.6
SA20160200_AKBDPEOC_03729	SA20160200_AKBDPEOC_03729	100.000	356	0	0	1	356	1	356	0.0	740
SA20160200_AKBDPEOC_03729	SA20160200_AKBDPEOC_03724	26.316	38	28	0	169	206	11	48	0.35	22.3
SA20160200_AKBDPEOC_03729	SA20160200_AKBDPEOC_03718	24.510	102	56	4	264	351	54	148	1.5	20.4
SA20160200_AKBDPEOC_03729	SA20160200_AKBDPEOC_03734	75.000	8	2	0	130	137	701	708	3.5	19.2
SA20160200_AKBDPEOC_03729	SA20160200_AKBDPEOC_03720	35.294	34	22	0	47	80	17	50	4.8	18.9
SA20160200_AKBDPEOC_03730	SA20160200_AKBDPEOC_03730	100.000	292	0	0	1	292	1	292	0.0	597
SA20160200_AKBDPEOC_03730	SA20160200_AKBDPEOC_03737	20.721	111	66	4	26	119	31	136	4.3	18.5
SA20160200_AKBDPEOC_03730	SA20160200_AKBDPEOC_03727	37.931	29	17	1	45	73	288	315	8.3	17.7
SA20160200_AKBDPEOC_03730	SA20160200_AKBDPEOC_03720	34.286	35	15	2	185	219	364	390	8.4	17.7
SA20160200_AKBDPEOC_03731	SA20160200_AKBDPEOC_03731	100.000	405	0	0	1	405	1	405	0.0	812
SA20160200_AKBDPEOC_03731	SA20160200_AKBDPEOC_03728	28.261	46	33	0	10	55	246	291	0.023	26.6
SA20160200_AKBDPEOC_03731	SA20160200_AKBDPEOC_03737	45.455	22	12	0	136	157	136	157	0.52	21.9
SA20160200_AKBDPEOC_03731	SA20160200_AKBDPEOC_03722	31.169	77	39	4	196	258	71	147	0.79	21.6
SA20160200_AKBDPEOC_03731	SA20160200_AKBDPEOC_03721	23.684	76	53	2	9	83	230	301	1.1	21.2
SA20160200_AKBDPEOC_03731	SA20160200_AKBDPEOC_03734	53.333	15	7	0	228	242	141	155	2.9	19.6
SA20160200_AKBDPEOC_03732	SA20160200_AKBDPEOC_03732	100.000	84	0	0	1	84	1	84	5.67e-62	174
SA20160200_AKBDPEOC_03732	SA20160200_AKBDPEOC_03735	37.143	35	21	1	1	35	74	107	0.47	19.2
SA20160200_AKBDPEOC_03732	SA20160200_AKBDPEOC_03727	26.562	64	41	3	6	67	151	210	0.83	18.5
SA20160200_AKBDPEOC_03732	SA20160200_AKBDPEOC_03730	25.000	36	27	0	20	55	108	143	3.7	16.5
SA20160200_AKBDPEOC_03733	SA20160200_AKBDPEOC_03733	100.000	376	0	0	1	376	1	376	0.0	783
SA20160200_AKBDPEOC_03733	SA20160200_AKBDPEOC_03718	25.581	43	32	0	139	181	75	117	7.5	18.1
SA20160200_AKBDPEOC_03734	SA20160200_AKBDPEOC_03734	100.000	761	0	0	1	761	1	761	0.0	1588
SA20160200_AKBDPEOC_03734	SA20160200_AKBDPEOC_03720	47.368	19	10	0	545	563	162	180	1.7	21.6
SA20160200_AKBDPEOC_03734	SA20160200_AKBDPEOC_03718	30.769	52	25	2	230	274	43	90	4.0	20.0
SA20160200_AKBDPEOC_03734	SA20160200_AKBDPEOC_03731	53.333	15	7	0	141	155	228	242	5.6	19.6
SA20160200_AKBDPEOC_03734	SA20160200_AKBDPEOC_03728	20.968	62	34	1	114	175	222	268	6.3	19.6
SA20160200_AKBDPEOC_03734	SA20160200_AKBDPEOC_03729	75.000	8	2	0	701	708	130	137	7.5	19.2
SA20160200_AKBDPEOC_03735	SA20160200_AKBDPEOC_03735	100.000	242	0	0	1	242	1	242	0.0	502
SA20160200_AKBDPEOC_03735	SA20160200_AKBDPEOC_03726	70.000	10	3	0	64	73	394	403	1.00	20.4
SA20160200_AKBDPEOC_03735	SA20160200_AKBDPEOC_03732	37.143	35	21	1	74	107	1	35	1.3	19.2
SA20160200_AKBDPEOC_03735	SA20160200_AKBDPEOC_03721	45.455	11	6	0	162	172	236	246	1.9	19.2
SA20160200_AKBDPEOC_03735	SA20160200_AKBDPEOC_03724	26.168	107	57	5	8	111	89	176	2.5	18.9
SA20160200_AKBDPEOC_03735	SA20160200_AKBDPEOC_03727	29.091	55	29	2	40	84	133	187	3.9	18.5
SA20160200_AKBDPEOC_03735	SA20160200_AKBDPEOC_03734	29.032	31	18	2	128	157	278	305	9.3	17.3
SA20160200_AKBDPEOC_03736	SA20160200_AKBDPEOC_03736	100.000	294	0	0	1	294	1	294	0.0	600
SA20160200_AKBDPEOC_03736	SA20160200_AKBDPEOC_03720	22.727	66	32	3	27	74	337	401	0.71	21.2
SA20160200_AKBDPEOC_03736	SA20160200_AKBDPEOC_03725	63.636	11	4	0	278	288	207	217	1.1	20.4
SA20160200_AKBDPEOC_03736	SA20160200_AKBDPEOC_03726	31.034	29	18	1	44	72	240	266	4.3	18.5
SA20160200_AKBDPEOC_03736	SA20160200_AKBDPEOC_03734	42.105	19	11	0	207	225	140	158	5.0	18.5
SA20160200_AKBDPEOC_03736	SA20160200_AKBDPEOC_03718	37.143	35	16	2	45	73	140	174	9.6	17.3
SA20160200_AKBDPEOC_03737	SA20160200_AKBDPEOC_03737	100.000	441	0	0	1	441	1	441	0.0	893
SA20160200_AKBDPEOC_03737	SA20160200_AKBDPEOC_03721	31.099	373	250	2	16	388	14	379	1.65e-66	210
SA20160200_AKBDPEOC_03737	SA20160200_AKBDPEOC_03728	18.824	170	124	5	111	274	120	281	0.19	23.5
SA20160200_AKBDPEOC_03737	SA20160200_AKBDPEOC_03720	34.286	35	18	1	164	193	36	70	0.33	22.7
SA20160200_AKBDPEOC_03737	SA20160200_AKBDPEOC_03731	45.455	22	12	0	136	157	136	157	0.62	21.9
SA20160200_AKBDPEOC_03737	SA20160200_AKBDPEOC_03725	29.032	62	43	1	147	208	246	306	2.4	20.0
SA20160200_AKBDPEOC_03737	SA20160200_AKBDPEOC_03718	52.381	21	6	1	157	173	323	343	5.9	18.9
SA20160200_AKBDPEOC_03737	SA20160200_AKBDPEOC_03722	38.889	18	11	0	175	192	159	176	6.3	18.5
SA20160200_AKBDPEOC_03738	SA20160200_AKBDPEOC_03738	100.000	400	0	0	1	400	1	400	0.0	831
SA20160200_AKBDPEOC_03738	SA20160200_AKBDPEOC_03720	24.650	357	219	10	40	387	75	390	3.74e-20	81.6
SA20160200_AKBDPEOC_03738	SA20160200_AKBDPEOC_03727	44.444	27	9	2	269	289	511	537	2.4	20.0
