SA20160209_CPEIOPNK_03966	SA20160172_GPHLOGML_03466	100.000	398	0	0	1	398	1	398	0.0	814
SA20160209_CPEIOPNK_03966	SA20160172_GPHLOGML_03461	91.228	57	5	0	342	398	2	58	1.14e-34	113
SA20160209_CPEIOPNK_03966	SA20160172_GPHLOGML_03455	24.510	102	56	4	54	148	264	351	1.7	20.4
SA20160209_CPEIOPNK_03966	SA20160172_GPHLOGML_03450	30.769	52	25	2	43	90	230	274	2.1	20.0
SA20160209_CPEIOPNK_03966	SA20160172_GPHLOGML_03464	25.714	35	26	0	97	131	308	342	5.3	18.9
SA20160209_CPEIOPNK_03966	SA20160172_GPHLOGML_03447	52.381	21	6	1	323	343	157	173	5.3	18.9
SA20160209_CPEIOPNK_03966	SA20160172_GPHLOGML_03460	36.000	25	16	0	90	114	88	112	5.4	18.9
SA20160209_CPEIOPNK_03966	SA20160172_GPHLOGML_03451	25.581	43	32	0	75	117	139	181	7.9	18.1
SA20160209_CPEIOPNK_03966	SA20160172_GPHLOGML_03458	27.586	29	21	0	99	127	278	306	9.0	18.1
SA20160209_CPEIOPNK_03967	SA20160172_GPHLOGML_03465	100.000	260	0	0	1	260	1	260	0.0	532
SA20160209_CPEIOPNK_03967	SA20160172_GPHLOGML_03459	37.037	27	17	0	194	220	341	367	0.31	21.9
SA20160209_CPEIOPNK_03967	SA20160172_GPHLOGML_03456	28.571	42	27	1	102	140	31	72	7.1	17.7
SA20160209_CPEIOPNK_03967	SA20160172_GPHLOGML_03447	27.273	22	16	0	102	123	168	189	8.1	17.7
SA20160209_CPEIOPNK_03968	SA20160172_GPHLOGML_03464	100.000	401	0	0	1	401	1	401	0.0	838
SA20160209_CPEIOPNK_03968	SA20160172_GPHLOGML_03446	23.944	355	224	9	75	390	40	387	1.85e-19	79.7
SA20160209_CPEIOPNK_03968	SA20160172_GPHLOGML_03447	34.286	35	18	1	36	70	164	193	0.30	22.7
SA20160209_CPEIOPNK_03968	SA20160172_GPHLOGML_03459	35.000	40	21	1	268	302	333	372	0.41	22.3
SA20160209_CPEIOPNK_03968	SA20160172_GPHLOGML_03450	47.368	19	10	0	162	180	545	563	0.87	21.6
SA20160209_CPEIOPNK_03968	SA20160172_GPHLOGML_03448	22.727	66	32	3	337	401	27	74	0.97	21.2
SA20160209_CPEIOPNK_03968	SA20160172_GPHLOGML_03456	28.333	60	34	3	48	107	38	88	2.4	20.0
SA20160209_CPEIOPNK_03968	SA20160172_GPHLOGML_03460	27.778	18	13	0	323	340	281	298	5.2	18.9
SA20160209_CPEIOPNK_03968	SA20160172_GPHLOGML_03466	25.714	35	26	0	308	342	97	131	5.3	18.9
SA20160209_CPEIOPNK_03968	SA20160172_GPHLOGML_03455	35.294	34	22	0	17	50	47	80	5.5	18.9
SA20160209_CPEIOPNK_03969	SA20160172_GPHLOGML_03463	100.000	429	0	0	1	429	1	429	0.0	845
SA20160209_CPEIOPNK_03969	SA20160172_GPHLOGML_03447	31.099	373	250	2	14	379	16	388	1.61e-66	210
SA20160209_CPEIOPNK_03969	SA20160172_GPHLOGML_03456	22.951	427	282	17	9	419	43	438	2.03e-07	42.7
SA20160209_CPEIOPNK_03969	SA20160172_GPHLOGML_03453	23.684	76	53	2	230	301	9	83	1.2	21.2
SA20160209_CPEIOPNK_03969	SA20160172_GPHLOGML_03457	37.500	24	14	1	153	176	401	423	1.2	21.2
SA20160209_CPEIOPNK_03969	SA20160172_GPHLOGML_03460	29.730	37	25	1	333	369	1	36	2.1	20.0
SA20160209_CPEIOPNK_03969	SA20160172_GPHLOGML_03449	45.455	11	6	0	236	246	162	172	3.4	19.2
SA20160209_CPEIOPNK_03970	SA20160172_GPHLOGML_03462	100.000	267	0	0	1	267	1	267	0.0	547
SA20160209_CPEIOPNK_03970	SA20160172_GPHLOGML_03453	31.169	77	39	4	71	147	196	258	0.48	21.6
SA20160209_CPEIOPNK_03970	SA20160172_GPHLOGML_03460	27.500	40	23	2	188	227	55	88	1.4	20.0
SA20160209_CPEIOPNK_03970	SA20160172_GPHLOGML_03459	23.881	67	42	2	155	212	217	283	3.7	18.9
SA20160209_CPEIOPNK_03970	SA20160172_GPHLOGML_03447	38.889	18	11	0	159	176	175	192	3.8	18.5
SA20160209_CPEIOPNK_03970	SA20160172_GPHLOGML_03456	77.778	9	2	0	207	215	379	387	6.8	17.7
SA20160209_CPEIOPNK_03970	SA20160172_GPHLOGML_03450	29.167	24	17	0	109	132	500	523	7.1	17.7
SA20160209_CPEIOPNK_03970	SA20160172_GPHLOGML_03463	27.907	43	24	1	180	222	314	349	10.0	17.3
SA20160209_CPEIOPNK_03971	SA20160172_GPHLOGML_03461	100.000	58	0	0	1	58	1	58	2.27e-42	122
SA20160209_CPEIOPNK_03971	SA20160172_GPHLOGML_03466	91.228	57	5	0	2	58	342	398	1.66e-35	113
SA20160209_CPEIOPNK_03971	SA20160172_GPHLOGML_03465	31.579	19	13	0	40	58	242	260	6.1	15.4
SA20160209_CPEIOPNK_03972	SA20160172_GPHLOGML_03460	100.000	340	0	0	1	340	1	340	0.0	700
SA20160209_CPEIOPNK_03972	SA20160172_GPHLOGML_03455	26.316	38	28	0	11	48	169	206	0.33	22.3
SA20160209_CPEIOPNK_03972	SA20160172_GPHLOGML_03463	29.730	37	25	1	1	36	333	369	1.6	20.0
SA20160209_CPEIOPNK_03972	SA20160172_GPHLOGML_03462	27.500	40	23	2	55	88	188	227	1.8	20.0
SA20160209_CPEIOPNK_03972	SA20160172_GPHLOGML_03458	45.000	20	11	0	309	328	78	97	3.3	19.2
SA20160209_CPEIOPNK_03972	SA20160172_GPHLOGML_03449	26.168	107	57	5	89	176	8	111	3.5	18.9
SA20160209_CPEIOPNK_03972	SA20160172_GPHLOGML_03464	27.778	18	13	0	281	298	323	340	4.4	18.9
SA20160209_CPEIOPNK_03972	SA20160172_GPHLOGML_03466	36.000	25	16	0	88	112	90	114	4.6	18.9
SA20160209_CPEIOPNK_03973	SA20160172_GPHLOGML_03459	100.000	396	0	0	1	396	1	396	0.0	825
SA20160209_CPEIOPNK_03973	SA20160172_GPHLOGML_03464	35.000	40	21	1	333	372	268	302	0.40	22.3
SA20160209_CPEIOPNK_03973	SA20160172_GPHLOGML_03465	37.037	27	17	0	341	367	194	220	0.47	21.9
SA20160209_CPEIOPNK_03973	SA20160172_GPHLOGML_03458	35.714	28	18	0	84	111	364	391	1.5	20.4
SA20160209_CPEIOPNK_03973	SA20160172_GPHLOGML_03448	63.636	11	4	0	207	217	278	288	1.5	20.4
SA20160209_CPEIOPNK_03973	SA20160172_GPHLOGML_03447	29.032	62	43	1	246	306	147	208	2.1	20.0
SA20160209_CPEIOPNK_03973	SA20160172_GPHLOGML_03462	23.881	67	42	2	217	283	155	212	5.5	18.9
SA20160209_CPEIOPNK_03973	SA20160172_GPHLOGML_03457	33.333	33	17	1	360	387	56	88	9.0	18.1
SA20160209_CPEIOPNK_03973	SA20160172_GPHLOGML_03450	42.857	21	6	1	103	123	421	435	9.3	18.1
SA20160209_CPEIOPNK_03974	SA20160172_GPHLOGML_03458	100.000	419	0	0	1	419	1	419	0.0	853
SA20160209_CPEIOPNK_03974	SA20160172_GPHLOGML_03459	35.714	28	18	0	364	391	84	111	1.4	20.8
SA20160209_CPEIOPNK_03974	SA20160172_GPHLOGML_03449	70.000	10	3	0	394	403	64	73	2.0	20.0
SA20160209_CPEIOPNK_03974	SA20160172_GPHLOGML_03460	45.000	20	11	0	78	97	309	328	3.6	19.2
SA20160209_CPEIOPNK_03974	SA20160172_GPHLOGML_03448	31.034	29	18	1	240	266	44	72	5.8	18.9
SA20160209_CPEIOPNK_03974	SA20160172_GPHLOGML_03466	27.586	29	21	0	278	306	99	127	8.8	18.1
SA20160209_CPEIOPNK_03975	SA20160172_GPHLOGML_03457	100.000	542	0	0	1	542	1	542	0.0	1108
SA20160209_CPEIOPNK_03975	SA20160172_GPHLOGML_03463	37.500	24	14	1	401	423	153	176	1.6	20.8
SA20160209_CPEIOPNK_03975	SA20160172_GPHLOGML_03466	58.333	12	5	0	6	17	58	69	2.8	20.0
SA20160209_CPEIOPNK_03975	SA20160172_GPHLOGML_03446	44.444	27	9	2	511	537	269	289	3.1	20.0
SA20160209_CPEIOPNK_03975	SA20160172_GPHLOGML_03452	26.562	64	41	3	151	210	6	67	4.6	18.9
SA20160209_CPEIOPNK_03975	SA20160172_GPHLOGML_03449	63.636	11	4	0	177	187	74	84	9.5	18.5
SA20160209_CPEIOPNK_03976	SA20160172_GPHLOGML_03456	100.000	452	0	0	1	452	1	452	0.0	919
SA20160209_CPEIOPNK_03976	SA20160172_GPHLOGML_03463	22.951	427	282	17	43	438	9	419	2.13e-07	42.7
SA20160209_CPEIOPNK_03976	SA20160172_GPHLOGML_03453	28.261	46	33	0	246	291	10	55	0.027	26.2
SA20160209_CPEIOPNK_03976	SA20160172_GPHLOGML_03447	18.824	170	124	5	120	281	111	274	0.20	23.5
SA20160209_CPEIOPNK_03976	SA20160172_GPHLOGML_03464	28.333	60	34	3	38	88	48	107	2.8	20.0
SA20160209_CPEIOPNK_03976	SA20160172_GPHLOGML_03450	20.968	62	34	1	222	268	114	175	3.8	19.6
SA20160209_CPEIOPNK_03977	SA20160172_GPHLOGML_03455	100.000	356	0	0	1	356	1	356	0.0	740
SA20160209_CPEIOPNK_03977	SA20160172_GPHLOGML_03460	26.316	38	28	0	169	206	11	48	0.35	22.3
SA20160209_CPEIOPNK_03977	SA20160172_GPHLOGML_03454	18.012	161	110	5	187	345	10	150	1.5	20.4
SA20160209_CPEIOPNK_03977	SA20160172_GPHLOGML_03466	24.510	102	56	4	264	351	54	148	1.5	20.4
SA20160209_CPEIOPNK_03977	SA20160172_GPHLOGML_03450	75.000	8	2	0	130	137	701	708	3.5	19.2
SA20160209_CPEIOPNK_03977	SA20160172_GPHLOGML_03464	35.294	34	22	0	47	80	17	50	4.8	18.9
SA20160209_CPEIOPNK_03978	SA20160172_GPHLOGML_03454	100.000	292	0	0	1	292	1	292	0.0	597
SA20160209_CPEIOPNK_03978	SA20160172_GPHLOGML_03455	18.012	161	110	5	10	150	187	345	1.2	20.4
SA20160209_CPEIOPNK_03978	SA20160172_GPHLOGML_03447	20.721	111	66	4	26	119	31	136	4.3	18.5
SA20160209_CPEIOPNK_03978	SA20160172_GPHLOGML_03457	37.931	29	17	1	45	73	288	315	8.3	17.7
SA20160209_CPEIOPNK_03978	SA20160172_GPHLOGML_03464	34.286	35	15	2	185	219	364	390	8.4	17.7
SA20160209_CPEIOPNK_03979	SA20160172_GPHLOGML_03453	100.000	405	0	0	1	405	1	405	0.0	812
SA20160209_CPEIOPNK_03979	SA20160172_GPHLOGML_03456	28.261	46	33	0	10	55	246	291	0.023	26.6
SA20160209_CPEIOPNK_03979	SA20160172_GPHLOGML_03447	45.455	22	12	0	136	157	136	157	0.52	21.9
SA20160209_CPEIOPNK_03979	SA20160172_GPHLOGML_03462	31.169	77	39	4	196	258	71	147	0.79	21.6
SA20160209_CPEIOPNK_03979	SA20160172_GPHLOGML_03463	23.684	76	53	2	9	83	230	301	1.1	21.2
SA20160209_CPEIOPNK_03979	SA20160172_GPHLOGML_03450	53.333	15	7	0	228	242	141	155	2.9	19.6
SA20160209_CPEIOPNK_03980	SA20160172_GPHLOGML_03452	100.000	84	0	0	1	84	1	84	5.67e-62	174
SA20160209_CPEIOPNK_03980	SA20160172_GPHLOGML_03449	37.143	35	21	1	1	35	74	107	0.47	19.2
SA20160209_CPEIOPNK_03980	SA20160172_GPHLOGML_03457	26.562	64	41	3	6	67	151	210	0.83	18.5
SA20160209_CPEIOPNK_03980	SA20160172_GPHLOGML_03454	25.000	36	27	0	20	55	108	143	3.7	16.5
SA20160209_CPEIOPNK_03981	SA20160172_GPHLOGML_03451	100.000	376	0	0	1	376	1	376	0.0	783
SA20160209_CPEIOPNK_03981	SA20160172_GPHLOGML_03466	25.581	43	32	0	139	181	75	117	7.5	18.1
SA20160209_CPEIOPNK_03982	SA20160172_GPHLOGML_03450	100.000	761	0	0	1	761	1	761	0.0	1588
SA20160209_CPEIOPNK_03982	SA20160172_GPHLOGML_03464	47.368	19	10	0	545	563	162	180	1.7	21.6
SA20160209_CPEIOPNK_03982	SA20160172_GPHLOGML_03466	30.769	52	25	2	230	274	43	90	4.0	20.0
SA20160209_CPEIOPNK_03982	SA20160172_GPHLOGML_03453	53.333	15	7	0	141	155	228	242	5.6	19.6
SA20160209_CPEIOPNK_03982	SA20160172_GPHLOGML_03456	20.968	62	34	1	114	175	222	268	6.3	19.6
SA20160209_CPEIOPNK_03982	SA20160172_GPHLOGML_03455	75.000	8	2	0	701	708	130	137	7.5	19.2
SA20160209_CPEIOPNK_03983	SA20160172_GPHLOGML_03449	100.000	242	0	0	1	242	1	242	0.0	502
SA20160209_CPEIOPNK_03983	SA20160172_GPHLOGML_03458	70.000	10	3	0	64	73	394	403	1.00	20.4
SA20160209_CPEIOPNK_03983	SA20160172_GPHLOGML_03452	37.143	35	21	1	74	107	1	35	1.3	19.2
SA20160209_CPEIOPNK_03983	SA20160172_GPHLOGML_03463	45.455	11	6	0	162	172	236	246	1.9	19.2
SA20160209_CPEIOPNK_03983	SA20160172_GPHLOGML_03460	26.168	107	57	5	8	111	89	176	2.5	18.9
SA20160209_CPEIOPNK_03983	SA20160172_GPHLOGML_03457	29.091	55	29	2	40	84	133	187	3.9	18.5
SA20160209_CPEIOPNK_03983	SA20160172_GPHLOGML_03450	29.032	31	18	2	128	157	278	305	9.3	17.3
SA20160209_CPEIOPNK_03984	SA20160172_GPHLOGML_03448	100.000	294	0	0	1	294	1	294	0.0	600
SA20160209_CPEIOPNK_03984	SA20160172_GPHLOGML_03464	22.727	66	32	3	27	74	337	401	0.71	21.2
SA20160209_CPEIOPNK_03984	SA20160172_GPHLOGML_03459	63.636	11	4	0	278	288	207	217	1.1	20.4
SA20160209_CPEIOPNK_03984	SA20160172_GPHLOGML_03458	31.034	29	18	1	44	72	240	266	4.3	18.5
SA20160209_CPEIOPNK_03984	SA20160172_GPHLOGML_03450	42.105	19	11	0	207	225	140	158	5.0	18.5
SA20160209_CPEIOPNK_03984	SA20160172_GPHLOGML_03466	37.143	35	16	2	45	73	140	174	9.6	17.3
SA20160209_CPEIOPNK_03985	SA20160172_GPHLOGML_03447	100.000	441	0	0	1	441	1	441	0.0	893
SA20160209_CPEIOPNK_03985	SA20160172_GPHLOGML_03463	31.099	373	250	2	16	388	14	379	1.65e-66	210
SA20160209_CPEIOPNK_03985	SA20160172_GPHLOGML_03456	18.824	170	124	5	111	274	120	281	0.19	23.5
SA20160209_CPEIOPNK_03985	SA20160172_GPHLOGML_03464	34.286	35	18	1	164	193	36	70	0.33	22.7
SA20160209_CPEIOPNK_03985	SA20160172_GPHLOGML_03453	45.455	22	12	0	136	157	136	157	0.62	21.9
SA20160209_CPEIOPNK_03985	SA20160172_GPHLOGML_03459	29.032	62	43	1	147	208	246	306	2.4	20.0
SA20160209_CPEIOPNK_03985	SA20160172_GPHLOGML_03466	52.381	21	6	1	157	173	323	343	5.9	18.9
SA20160209_CPEIOPNK_03985	SA20160172_GPHLOGML_03462	38.889	18	11	0	175	192	159	176	6.3	18.5
SA20160209_CPEIOPNK_03986	SA20160172_GPHLOGML_03446	100.000	400	0	0	1	400	1	400	0.0	831
SA20160209_CPEIOPNK_03986	SA20160172_GPHLOGML_03464	24.650	357	219	10	40	387	75	390	3.74e-20	81.6
SA20160209_CPEIOPNK_03986	SA20160172_GPHLOGML_03457	44.444	27	9	2	269	289	511	537	2.4	20.0
SA20160172_GPHLOGML_03446	SA20160172_GPHLOGML_03446	100.000	400	0	0	1	400	1	400	0.0	831
SA20160172_GPHLOGML_03446	SA20160172_GPHLOGML_03464	24.650	357	219	10	40	387	75	390	3.74e-20	81.6
SA20160172_GPHLOGML_03446	SA20160172_GPHLOGML_03457	44.444	27	9	2	269	289	511	537	2.4	20.0
SA20160172_GPHLOGML_03447	SA20160172_GPHLOGML_03447	100.000	441	0	0	1	441	1	441	0.0	893
SA20160172_GPHLOGML_03447	SA20160172_GPHLOGML_03463	31.099	373	250	2	16	388	14	379	1.65e-66	210
SA20160172_GPHLOGML_03447	SA20160172_GPHLOGML_03456	18.824	170	124	5	111	274	120	281	0.19	23.5
SA20160172_GPHLOGML_03447	SA20160172_GPHLOGML_03464	34.286	35	18	1	164	193	36	70	0.33	22.7
SA20160172_GPHLOGML_03447	SA20160172_GPHLOGML_03453	45.455	22	12	0	136	157	136	157	0.62	21.9
SA20160172_GPHLOGML_03447	SA20160172_GPHLOGML_03459	29.032	62	43	1	147	208	246	306	2.4	20.0
SA20160172_GPHLOGML_03447	SA20160172_GPHLOGML_03466	52.381	21	6	1	157	173	323	343	5.9	18.9
SA20160172_GPHLOGML_03447	SA20160172_GPHLOGML_03462	38.889	18	11	0	175	192	159	176	6.3	18.5
SA20160172_GPHLOGML_03448	SA20160172_GPHLOGML_03448	100.000	294	0	0	1	294	1	294	0.0	600
SA20160172_GPHLOGML_03448	SA20160172_GPHLOGML_03464	22.727	66	32	3	27	74	337	401	0.71	21.2
SA20160172_GPHLOGML_03448	SA20160172_GPHLOGML_03459	63.636	11	4	0	278	288	207	217	1.1	20.4
SA20160172_GPHLOGML_03448	SA20160172_GPHLOGML_03458	31.034	29	18	1	44	72	240	266	4.3	18.5
SA20160172_GPHLOGML_03448	SA20160172_GPHLOGML_03450	42.105	19	11	0	207	225	140	158	5.0	18.5
SA20160172_GPHLOGML_03448	SA20160172_GPHLOGML_03466	37.143	35	16	2	45	73	140	174	9.6	17.3
SA20160172_GPHLOGML_03449	SA20160172_GPHLOGML_03449	100.000	242	0	0	1	242	1	242	0.0	502
SA20160172_GPHLOGML_03449	SA20160172_GPHLOGML_03458	70.000	10	3	0	64	73	394	403	1.00	20.4
SA20160172_GPHLOGML_03449	SA20160172_GPHLOGML_03452	37.143	35	21	1	74	107	1	35	1.3	19.2
SA20160172_GPHLOGML_03449	SA20160172_GPHLOGML_03463	45.455	11	6	0	162	172	236	246	1.9	19.2
SA20160172_GPHLOGML_03449	SA20160172_GPHLOGML_03460	26.168	107	57	5	8	111	89	176	2.5	18.9
SA20160172_GPHLOGML_03449	SA20160172_GPHLOGML_03457	29.091	55	29	2	40	84	133	187	3.9	18.5
SA20160172_GPHLOGML_03449	SA20160172_GPHLOGML_03450	29.032	31	18	2	128	157	278	305	9.3	17.3
SA20160172_GPHLOGML_03450	SA20160172_GPHLOGML_03450	100.000	761	0	0	1	761	1	761	0.0	1588
SA20160172_GPHLOGML_03450	SA20160172_GPHLOGML_03464	47.368	19	10	0	545	563	162	180	1.7	21.6
SA20160172_GPHLOGML_03450	SA20160172_GPHLOGML_03466	30.769	52	25	2	230	274	43	90	4.0	20.0
SA20160172_GPHLOGML_03450	SA20160172_GPHLOGML_03453	53.333	15	7	0	141	155	228	242	5.6	19.6
SA20160172_GPHLOGML_03450	SA20160172_GPHLOGML_03456	20.968	62	34	1	114	175	222	268	6.3	19.6
SA20160172_GPHLOGML_03450	SA20160172_GPHLOGML_03455	75.000	8	2	0	701	708	130	137	7.5	19.2
SA20160172_GPHLOGML_03451	SA20160172_GPHLOGML_03451	100.000	376	0	0	1	376	1	376	0.0	783
SA20160172_GPHLOGML_03451	SA20160172_GPHLOGML_03466	25.581	43	32	0	139	181	75	117	7.5	18.1
SA20160172_GPHLOGML_03452	SA20160172_GPHLOGML_03452	100.000	84	0	0	1	84	1	84	5.67e-62	174
SA20160172_GPHLOGML_03452	SA20160172_GPHLOGML_03449	37.143	35	21	1	1	35	74	107	0.47	19.2
SA20160172_GPHLOGML_03452	SA20160172_GPHLOGML_03457	26.562	64	41	3	6	67	151	210	0.83	18.5
SA20160172_GPHLOGML_03452	SA20160172_GPHLOGML_03454	25.000	36	27	0	20	55	108	143	3.7	16.5
SA20160172_GPHLOGML_03453	SA20160172_GPHLOGML_03453	100.000	405	0	0	1	405	1	405	0.0	812
SA20160172_GPHLOGML_03453	SA20160172_GPHLOGML_03456	28.261	46	33	0	10	55	246	291	0.023	26.6
SA20160172_GPHLOGML_03453	SA20160172_GPHLOGML_03447	45.455	22	12	0	136	157	136	157	0.52	21.9
SA20160172_GPHLOGML_03453	SA20160172_GPHLOGML_03462	31.169	77	39	4	196	258	71	147	0.79	21.6
SA20160172_GPHLOGML_03453	SA20160172_GPHLOGML_03463	23.684	76	53	2	9	83	230	301	1.1	21.2
SA20160172_GPHLOGML_03453	SA20160172_GPHLOGML_03450	53.333	15	7	0	228	242	141	155	2.9	19.6
SA20160172_GPHLOGML_03454	SA20160172_GPHLOGML_03454	100.000	292	0	0	1	292	1	292	0.0	597
SA20160172_GPHLOGML_03454	SA20160172_GPHLOGML_03447	20.721	111	66	4	26	119	31	136	4.3	18.5
SA20160172_GPHLOGML_03454	SA20160172_GPHLOGML_03457	37.931	29	17	1	45	73	288	315	8.3	17.7
SA20160172_GPHLOGML_03454	SA20160172_GPHLOGML_03464	34.286	35	15	2	185	219	364	390	8.4	17.7
SA20160172_GPHLOGML_03455	SA20160172_GPHLOGML_03455	100.000	356	0	0	1	356	1	356	0.0	740
SA20160172_GPHLOGML_03455	SA20160172_GPHLOGML_03460	26.316	38	28	0	169	206	11	48	0.35	22.3
SA20160172_GPHLOGML_03455	SA20160172_GPHLOGML_03466	24.510	102	56	4	264	351	54	148	1.5	20.4
SA20160172_GPHLOGML_03455	SA20160172_GPHLOGML_03450	75.000	8	2	0	130	137	701	708	3.5	19.2
SA20160172_GPHLOGML_03455	SA20160172_GPHLOGML_03464	35.294	34	22	0	47	80	17	50	4.8	18.9
SA20160172_GPHLOGML_03456	SA20160172_GPHLOGML_03456	100.000	452	0	0	1	452	1	452	0.0	919
SA20160172_GPHLOGML_03456	SA20160172_GPHLOGML_03463	22.951	427	282	17	43	438	9	419	2.13e-07	42.7
SA20160172_GPHLOGML_03456	SA20160172_GPHLOGML_03453	28.261	46	33	0	246	291	10	55	0.027	26.2
SA20160172_GPHLOGML_03456	SA20160172_GPHLOGML_03447	18.824	170	124	5	120	281	111	274	0.20	23.5
SA20160172_GPHLOGML_03456	SA20160172_GPHLOGML_03464	28.333	60	34	3	38	88	48	107	2.8	20.0
SA20160172_GPHLOGML_03456	SA20160172_GPHLOGML_03450	20.968	62	34	1	222	268	114	175	3.8	19.6
SA20160172_GPHLOGML_03457	SA20160172_GPHLOGML_03457	100.000	542	0	0	1	542	1	542	0.0	1108
SA20160172_GPHLOGML_03457	SA20160172_GPHLOGML_03463	37.500	24	14	1	401	423	153	176	1.6	20.8
SA20160172_GPHLOGML_03457	SA20160172_GPHLOGML_03466	58.333	12	5	0	6	17	58	69	2.8	20.0
SA20160172_GPHLOGML_03457	SA20160172_GPHLOGML_03446	44.444	27	9	2	511	537	269	289	3.1	20.0
SA20160172_GPHLOGML_03457	SA20160172_GPHLOGML_03449	63.636	11	4	0	177	187	74	84	9.5	18.5
SA20160172_GPHLOGML_03458	SA20160172_GPHLOGML_03458	100.000	419	0	0	1	419	1	419	0.0	853
SA20160172_GPHLOGML_03458	SA20160172_GPHLOGML_03459	35.714	28	18	0	364	391	84	111	1.4	20.8
SA20160172_GPHLOGML_03458	SA20160172_GPHLOGML_03449	70.000	10	3	0	394	403	64	73	2.0	20.0
SA20160172_GPHLOGML_03458	SA20160172_GPHLOGML_03460	45.000	20	11	0	78	97	309	328	3.6	19.2
SA20160172_GPHLOGML_03458	SA20160172_GPHLOGML_03466	27.586	29	21	0	278	306	99	127	8.8	18.1
SA20160172_GPHLOGML_03459	SA20160172_GPHLOGML_03459	100.000	396	0	0	1	396	1	396	0.0	825
SA20160172_GPHLOGML_03459	SA20160172_GPHLOGML_03464	35.000	40	21	1	333	372	268	302	0.40	22.3
SA20160172_GPHLOGML_03459	SA20160172_GPHLOGML_03465	37.037	27	17	0	341	367	194	220	0.47	21.9
SA20160172_GPHLOGML_03459	SA20160172_GPHLOGML_03458	35.714	28	18	0	84	111	364	391	1.5	20.4
SA20160172_GPHLOGML_03459	SA20160172_GPHLOGML_03448	63.636	11	4	0	207	217	278	288	1.5	20.4
SA20160172_GPHLOGML_03459	SA20160172_GPHLOGML_03447	29.032	62	43	1	246	306	147	208	2.1	20.0
SA20160172_GPHLOGML_03459	SA20160172_GPHLOGML_03462	23.881	67	42	2	217	283	155	212	5.5	18.9
SA20160172_GPHLOGML_03459	SA20160172_GPHLOGML_03457	33.333	33	17	1	360	387	56	88	9.0	18.1
SA20160172_GPHLOGML_03459	SA20160172_GPHLOGML_03450	42.857	21	6	1	103	123	421	435	9.3	18.1
SA20160172_GPHLOGML_03460	SA20160172_GPHLOGML_03460	100.000	340	0	0	1	340	1	340	0.0	700
SA20160172_GPHLOGML_03460	SA20160172_GPHLOGML_03455	26.316	38	28	0	11	48	169	206	0.33	22.3
SA20160172_GPHLOGML_03460	SA20160172_GPHLOGML_03463	29.730	37	25	1	1	36	333	369	1.6	20.0
SA20160172_GPHLOGML_03460	SA20160172_GPHLOGML_03462	27.500	40	23	2	55	88	188	227	1.8	20.0
SA20160172_GPHLOGML_03460	SA20160172_GPHLOGML_03458	45.000	20	11	0	309	328	78	97	3.3	19.2
SA20160172_GPHLOGML_03460	SA20160172_GPHLOGML_03449	26.168	107	57	5	89	176	8	111	3.5	18.9
SA20160172_GPHLOGML_03460	SA20160172_GPHLOGML_03464	27.778	18	13	0	281	298	323	340	4.4	18.9
SA20160172_GPHLOGML_03460	SA20160172_GPHLOGML_03466	36.000	25	16	0	88	112	90	114	4.6	18.9
SA20160172_GPHLOGML_03461	SA20160172_GPHLOGML_03461	100.000	58	0	0	1	58	1	58	2.27e-42	122
SA20160172_GPHLOGML_03461	SA20160172_GPHLOGML_03466	91.228	57	5	0	2	58	342	398	1.66e-35	113
SA20160172_GPHLOGML_03461	SA20160172_GPHLOGML_03465	31.579	19	13	0	40	58	242	260	6.1	15.4
SA20160172_GPHLOGML_03462	SA20160172_GPHLOGML_03462	100.000	267	0	0	1	267	1	267	0.0	547
SA20160172_GPHLOGML_03462	SA20160172_GPHLOGML_03453	31.169	77	39	4	71	147	196	258	0.48	21.6
SA20160172_GPHLOGML_03462	SA20160172_GPHLOGML_03460	27.500	40	23	2	188	227	55	88	1.4	20.0
SA20160172_GPHLOGML_03462	SA20160172_GPHLOGML_03459	23.881	67	42	2	155	212	217	283	3.7	18.9
SA20160172_GPHLOGML_03462	SA20160172_GPHLOGML_03447	38.889	18	11	0	159	176	175	192	3.8	18.5
SA20160172_GPHLOGML_03462	SA20160172_GPHLOGML_03456	77.778	9	2	0	207	215	379	387	6.8	17.7
SA20160172_GPHLOGML_03462	SA20160172_GPHLOGML_03450	29.167	24	17	0	109	132	500	523	7.1	17.7
SA20160172_GPHLOGML_03462	SA20160172_GPHLOGML_03463	27.907	43	24	1	180	222	314	349	10.0	17.3
SA20160172_GPHLOGML_03463	SA20160172_GPHLOGML_03463	100.000	429	0	0	1	429	1	429	0.0	845
SA20160172_GPHLOGML_03463	SA20160172_GPHLOGML_03447	31.099	373	250	2	14	379	16	388	1.61e-66	210
SA20160172_GPHLOGML_03463	SA20160172_GPHLOGML_03456	22.951	427	282	17	9	419	43	438	2.03e-07	42.7
SA20160172_GPHLOGML_03463	SA20160172_GPHLOGML_03453	23.684	76	53	2	230	301	9	83	1.2	21.2
SA20160172_GPHLOGML_03463	SA20160172_GPHLOGML_03457	37.500	24	14	1	153	176	401	423	1.2	21.2
SA20160172_GPHLOGML_03463	SA20160172_GPHLOGML_03460	29.730	37	25	1	333	369	1	36	2.1	20.0
SA20160172_GPHLOGML_03463	SA20160172_GPHLOGML_03449	45.455	11	6	0	236	246	162	172	3.4	19.2
SA20160172_GPHLOGML_03464	SA20160172_GPHLOGML_03464	100.000	401	0	0	1	401	1	401	0.0	838
SA20160172_GPHLOGML_03464	SA20160172_GPHLOGML_03446	23.944	355	224	9	75	390	40	387	1.85e-19	79.7
SA20160172_GPHLOGML_03464	SA20160172_GPHLOGML_03447	34.286	35	18	1	36	70	164	193	0.30	22.7
SA20160172_GPHLOGML_03464	SA20160172_GPHLOGML_03459	35.000	40	21	1	268	302	333	372	0.41	22.3
SA20160172_GPHLOGML_03464	SA20160172_GPHLOGML_03450	47.368	19	10	0	162	180	545	563	0.87	21.6
SA20160172_GPHLOGML_03464	SA20160172_GPHLOGML_03448	22.727	66	32	3	337	401	27	74	0.97	21.2
SA20160172_GPHLOGML_03464	SA20160172_GPHLOGML_03456	28.333	60	34	3	48	107	38	88	2.4	20.0
SA20160172_GPHLOGML_03464	SA20160172_GPHLOGML_03460	27.778	18	13	0	323	340	281	298	5.2	18.9
SA20160172_GPHLOGML_03464	SA20160172_GPHLOGML_03466	25.714	35	26	0	308	342	97	131	5.3	18.9
SA20160172_GPHLOGML_03464	SA20160172_GPHLOGML_03455	35.294	34	22	0	17	50	47	80	5.5	18.9
SA20160172_GPHLOGML_03465	SA20160172_GPHLOGML_03465	100.000	260	0	0	1	260	1	260	0.0	532
SA20160172_GPHLOGML_03465	SA20160172_GPHLOGML_03459	37.037	27	17	0	194	220	341	367	0.31	21.9
SA20160172_GPHLOGML_03465	SA20160172_GPHLOGML_03456	28.571	42	27	1	102	140	31	72	7.1	17.7
SA20160172_GPHLOGML_03465	SA20160172_GPHLOGML_03447	27.273	22	16	0	102	123	168	189	8.1	17.7
SA20160172_GPHLOGML_03466	SA20160172_GPHLOGML_03466	100.000	398	0	0	1	398	1	398	0.0	814
SA20160172_GPHLOGML_03466	SA20160172_GPHLOGML_03461	91.228	57	5	0	342	398	2	58	1.14e-34	113
SA20160172_GPHLOGML_03466	SA20160172_GPHLOGML_03455	24.510	102	56	4	54	148	264	351	1.7	20.4
SA20160172_GPHLOGML_03466	SA20160172_GPHLOGML_03450	30.769	52	25	2	43	90	230	274	2.1	20.0
SA20160172_GPHLOGML_03466	SA20160172_GPHLOGML_03464	25.714	35	26	0	97	131	308	342	5.3	18.9
SA20160172_GPHLOGML_03466	SA20160172_GPHLOGML_03447	52.381	21	6	1	323	343	157	173	5.3	18.9
SA20160172_GPHLOGML_03466	SA20160172_GPHLOGML_03460	36.000	25	16	0	90	114	88	112	5.4	18.9
SA20160172_GPHLOGML_03466	SA20160172_GPHLOGML_03451	25.581	43	32	0	75	117	139	181	7.9	18.1
SA20160172_GPHLOGML_03466	SA20160172_GPHLOGML_03458	27.586	29	21	0	99	127	278	306	9.0	18.1
SA20160209_CPEIOPNK_03966	SA20160209_CPEIOPNK_03966	100.000	398	0	0	1	398	1	398	0.0	814
SA20160209_CPEIOPNK_03966	SA20160209_CPEIOPNK_03971	91.228	57	5	0	342	398	2	58	1.14e-34	113
SA20160209_CPEIOPNK_03966	SA20160209_CPEIOPNK_03977	24.510	102	56	4	54	148	264	351	1.7	20.4
SA20160209_CPEIOPNK_03966	SA20160209_CPEIOPNK_03982	30.769	52	25	2	43	90	230	274	2.1	20.0
SA20160209_CPEIOPNK_03966	SA20160209_CPEIOPNK_03968	25.714	35	26	0	97	131	308	342	5.3	18.9
SA20160209_CPEIOPNK_03966	SA20160209_CPEIOPNK_03985	52.381	21	6	1	323	343	157	173	5.3	18.9
SA20160209_CPEIOPNK_03966	SA20160209_CPEIOPNK_03972	36.000	25	16	0	90	114	88	112	5.4	18.9
SA20160209_CPEIOPNK_03966	SA20160209_CPEIOPNK_03981	25.581	43	32	0	75	117	139	181	7.9	18.1
SA20160209_CPEIOPNK_03966	SA20160209_CPEIOPNK_03974	27.586	29	21	0	99	127	278	306	9.0	18.1
SA20160209_CPEIOPNK_03967	SA20160209_CPEIOPNK_03967	100.000	260	0	0	1	260	1	260	0.0	532
SA20160209_CPEIOPNK_03967	SA20160209_CPEIOPNK_03973	37.037	27	17	0	194	220	341	367	0.31	21.9
SA20160209_CPEIOPNK_03967	SA20160209_CPEIOPNK_03976	28.571	42	27	1	102	140	31	72	7.1	17.7
SA20160209_CPEIOPNK_03967	SA20160209_CPEIOPNK_03985	27.273	22	16	0	102	123	168	189	8.1	17.7
SA20160209_CPEIOPNK_03968	SA20160209_CPEIOPNK_03968	100.000	401	0	0	1	401	1	401	0.0	838
SA20160209_CPEIOPNK_03968	SA20160209_CPEIOPNK_03986	23.944	355	224	9	75	390	40	387	1.85e-19	79.7
SA20160209_CPEIOPNK_03968	SA20160209_CPEIOPNK_03985	34.286	35	18	1	36	70	164	193	0.30	22.7
SA20160209_CPEIOPNK_03968	SA20160209_CPEIOPNK_03973	35.000	40	21	1	268	302	333	372	0.41	22.3
SA20160209_CPEIOPNK_03968	SA20160209_CPEIOPNK_03982	47.368	19	10	0	162	180	545	563	0.87	21.6
SA20160209_CPEIOPNK_03968	SA20160209_CPEIOPNK_03984	22.727	66	32	3	337	401	27	74	0.97	21.2
SA20160209_CPEIOPNK_03968	SA20160209_CPEIOPNK_03976	28.333	60	34	3	48	107	38	88	2.4	20.0
SA20160209_CPEIOPNK_03968	SA20160209_CPEIOPNK_03972	27.778	18	13	0	323	340	281	298	5.2	18.9
SA20160209_CPEIOPNK_03968	SA20160209_CPEIOPNK_03966	25.714	35	26	0	308	342	97	131	5.3	18.9
SA20160209_CPEIOPNK_03968	SA20160209_CPEIOPNK_03977	35.294	34	22	0	17	50	47	80	5.5	18.9
SA20160209_CPEIOPNK_03969	SA20160209_CPEIOPNK_03969	100.000	429	0	0	1	429	1	429	0.0	845
SA20160209_CPEIOPNK_03969	SA20160209_CPEIOPNK_03985	31.099	373	250	2	14	379	16	388	1.61e-66	210
SA20160209_CPEIOPNK_03969	SA20160209_CPEIOPNK_03976	22.951	427	282	17	9	419	43	438	2.03e-07	42.7
SA20160209_CPEIOPNK_03969	SA20160209_CPEIOPNK_03979	23.684	76	53	2	230	301	9	83	1.2	21.2
SA20160209_CPEIOPNK_03969	SA20160209_CPEIOPNK_03975	37.500	24	14	1	153	176	401	423	1.2	21.2
SA20160209_CPEIOPNK_03969	SA20160209_CPEIOPNK_03972	29.730	37	25	1	333	369	1	36	2.1	20.0
SA20160209_CPEIOPNK_03969	SA20160209_CPEIOPNK_03983	45.455	11	6	0	236	246	162	172	3.4	19.2
SA20160209_CPEIOPNK_03970	SA20160209_CPEIOPNK_03970	100.000	267	0	0	1	267	1	267	0.0	547
SA20160209_CPEIOPNK_03970	SA20160209_CPEIOPNK_03979	31.169	77	39	4	71	147	196	258	0.48	21.6
SA20160209_CPEIOPNK_03970	SA20160209_CPEIOPNK_03972	27.500	40	23	2	188	227	55	88	1.4	20.0
SA20160209_CPEIOPNK_03970	SA20160209_CPEIOPNK_03973	23.881	67	42	2	155	212	217	283	3.7	18.9
SA20160209_CPEIOPNK_03970	SA20160209_CPEIOPNK_03985	38.889	18	11	0	159	176	175	192	3.8	18.5
SA20160209_CPEIOPNK_03970	SA20160209_CPEIOPNK_03976	77.778	9	2	0	207	215	379	387	6.8	17.7
SA20160209_CPEIOPNK_03970	SA20160209_CPEIOPNK_03982	29.167	24	17	0	109	132	500	523	7.1	17.7
SA20160209_CPEIOPNK_03970	SA20160209_CPEIOPNK_03969	27.907	43	24	1	180	222	314	349	10.0	17.3
SA20160209_CPEIOPNK_03971	SA20160209_CPEIOPNK_03971	100.000	58	0	0	1	58	1	58	2.27e-42	122
SA20160209_CPEIOPNK_03971	SA20160209_CPEIOPNK_03966	91.228	57	5	0	2	58	342	398	1.66e-35	113
SA20160209_CPEIOPNK_03971	SA20160209_CPEIOPNK_03967	31.579	19	13	0	40	58	242	260	6.1	15.4
SA20160209_CPEIOPNK_03972	SA20160209_CPEIOPNK_03972	100.000	340	0	0	1	340	1	340	0.0	700
SA20160209_CPEIOPNK_03972	SA20160209_CPEIOPNK_03977	26.316	38	28	0	11	48	169	206	0.33	22.3
SA20160209_CPEIOPNK_03972	SA20160209_CPEIOPNK_03969	29.730	37	25	1	1	36	333	369	1.6	20.0
SA20160209_CPEIOPNK_03972	SA20160209_CPEIOPNK_03970	27.500	40	23	2	55	88	188	227	1.8	20.0
SA20160209_CPEIOPNK_03972	SA20160209_CPEIOPNK_03974	45.000	20	11	0	309	328	78	97	3.3	19.2
SA20160209_CPEIOPNK_03972	SA20160209_CPEIOPNK_03983	26.168	107	57	5	89	176	8	111	3.5	18.9
SA20160209_CPEIOPNK_03972	SA20160209_CPEIOPNK_03968	27.778	18	13	0	281	298	323	340	4.4	18.9
SA20160209_CPEIOPNK_03972	SA20160209_CPEIOPNK_03966	36.000	25	16	0	88	112	90	114	4.6	18.9
SA20160209_CPEIOPNK_03973	SA20160209_CPEIOPNK_03973	100.000	396	0	0	1	396	1	396	0.0	825
SA20160209_CPEIOPNK_03973	SA20160209_CPEIOPNK_03968	35.000	40	21	1	333	372	268	302	0.40	22.3
SA20160209_CPEIOPNK_03973	SA20160209_CPEIOPNK_03967	37.037	27	17	0	341	367	194	220	0.47	21.9
SA20160209_CPEIOPNK_03973	SA20160209_CPEIOPNK_03974	35.714	28	18	0	84	111	364	391	1.5	20.4
SA20160209_CPEIOPNK_03973	SA20160209_CPEIOPNK_03984	63.636	11	4	0	207	217	278	288	1.5	20.4
SA20160209_CPEIOPNK_03973	SA20160209_CPEIOPNK_03985	29.032	62	43	1	246	306	147	208	2.1	20.0
SA20160209_CPEIOPNK_03973	SA20160209_CPEIOPNK_03970	23.881	67	42	2	217	283	155	212	5.5	18.9
SA20160209_CPEIOPNK_03973	SA20160209_CPEIOPNK_03975	33.333	33	17	1	360	387	56	88	9.0	18.1
SA20160209_CPEIOPNK_03973	SA20160209_CPEIOPNK_03982	42.857	21	6	1	103	123	421	435	9.3	18.1
SA20160209_CPEIOPNK_03974	SA20160209_CPEIOPNK_03974	100.000	419	0	0	1	419	1	419	0.0	853
SA20160209_CPEIOPNK_03974	SA20160209_CPEIOPNK_03973	35.714	28	18	0	364	391	84	111	1.4	20.8
SA20160209_CPEIOPNK_03974	SA20160209_CPEIOPNK_03983	70.000	10	3	0	394	403	64	73	2.0	20.0
SA20160209_CPEIOPNK_03974	SA20160209_CPEIOPNK_03972	45.000	20	11	0	78	97	309	328	3.6	19.2
SA20160209_CPEIOPNK_03974	SA20160209_CPEIOPNK_03966	27.586	29	21	0	278	306	99	127	8.8	18.1
SA20160209_CPEIOPNK_03975	SA20160209_CPEIOPNK_03975	100.000	542	0	0	1	542	1	542	0.0	1108
SA20160209_CPEIOPNK_03975	SA20160209_CPEIOPNK_03969	37.500	24	14	1	401	423	153	176	1.6	20.8
SA20160209_CPEIOPNK_03975	SA20160209_CPEIOPNK_03966	58.333	12	5	0	6	17	58	69	2.8	20.0
SA20160209_CPEIOPNK_03975	SA20160209_CPEIOPNK_03986	44.444	27	9	2	511	537	269	289	3.1	20.0
SA20160209_CPEIOPNK_03975	SA20160209_CPEIOPNK_03983	63.636	11	4	0	177	187	74	84	9.5	18.5
SA20160209_CPEIOPNK_03976	SA20160209_CPEIOPNK_03976	100.000	452	0	0	1	452	1	452	0.0	919
SA20160209_CPEIOPNK_03976	SA20160209_CPEIOPNK_03969	22.951	427	282	17	43	438	9	419	2.13e-07	42.7
SA20160209_CPEIOPNK_03976	SA20160209_CPEIOPNK_03979	28.261	46	33	0	246	291	10	55	0.027	26.2
SA20160209_CPEIOPNK_03976	SA20160209_CPEIOPNK_03985	18.824	170	124	5	120	281	111	274	0.20	23.5
SA20160209_CPEIOPNK_03976	SA20160209_CPEIOPNK_03968	28.333	60	34	3	38	88	48	107	2.8	20.0
SA20160209_CPEIOPNK_03976	SA20160209_CPEIOPNK_03982	20.968	62	34	1	222	268	114	175	3.8	19.6
SA20160209_CPEIOPNK_03977	SA20160209_CPEIOPNK_03977	100.000	356	0	0	1	356	1	356	0.0	740
SA20160209_CPEIOPNK_03977	SA20160209_CPEIOPNK_03972	26.316	38	28	0	169	206	11	48	0.35	22.3
SA20160209_CPEIOPNK_03977	SA20160209_CPEIOPNK_03966	24.510	102	56	4	264	351	54	148	1.5	20.4
SA20160209_CPEIOPNK_03977	SA20160209_CPEIOPNK_03982	75.000	8	2	0	130	137	701	708	3.5	19.2
SA20160209_CPEIOPNK_03977	SA20160209_CPEIOPNK_03968	35.294	34	22	0	47	80	17	50	4.8	18.9
SA20160209_CPEIOPNK_03978	SA20160209_CPEIOPNK_03978	100.000	292	0	0	1	292	1	292	0.0	597
SA20160209_CPEIOPNK_03978	SA20160209_CPEIOPNK_03985	20.721	111	66	4	26	119	31	136	4.3	18.5
SA20160209_CPEIOPNK_03978	SA20160209_CPEIOPNK_03975	37.931	29	17	1	45	73	288	315	8.3	17.7
SA20160209_CPEIOPNK_03978	SA20160209_CPEIOPNK_03968	34.286	35	15	2	185	219	364	390	8.4	17.7
SA20160209_CPEIOPNK_03979	SA20160209_CPEIOPNK_03979	100.000	405	0	0	1	405	1	405	0.0	812
SA20160209_CPEIOPNK_03979	SA20160209_CPEIOPNK_03976	28.261	46	33	0	10	55	246	291	0.023	26.6
SA20160209_CPEIOPNK_03979	SA20160209_CPEIOPNK_03985	45.455	22	12	0	136	157	136	157	0.52	21.9
SA20160209_CPEIOPNK_03979	SA20160209_CPEIOPNK_03970	31.169	77	39	4	196	258	71	147	0.79	21.6
SA20160209_CPEIOPNK_03979	SA20160209_CPEIOPNK_03969	23.684	76	53	2	9	83	230	301	1.1	21.2
SA20160209_CPEIOPNK_03979	SA20160209_CPEIOPNK_03982	53.333	15	7	0	228	242	141	155	2.9	19.6
SA20160209_CPEIOPNK_03980	SA20160209_CPEIOPNK_03980	100.000	84	0	0	1	84	1	84	5.67e-62	174
SA20160209_CPEIOPNK_03980	SA20160209_CPEIOPNK_03983	37.143	35	21	1	1	35	74	107	0.47	19.2
SA20160209_CPEIOPNK_03980	SA20160209_CPEIOPNK_03975	26.562	64	41	3	6	67	151	210	0.83	18.5
SA20160209_CPEIOPNK_03980	SA20160209_CPEIOPNK_03978	25.000	36	27	0	20	55	108	143	3.7	16.5
SA20160209_CPEIOPNK_03981	SA20160209_CPEIOPNK_03981	100.000	376	0	0	1	376	1	376	0.0	783
SA20160209_CPEIOPNK_03981	SA20160209_CPEIOPNK_03966	25.581	43	32	0	139	181	75	117	7.5	18.1
SA20160209_CPEIOPNK_03982	SA20160209_CPEIOPNK_03982	100.000	761	0	0	1	761	1	761	0.0	1588
SA20160209_CPEIOPNK_03982	SA20160209_CPEIOPNK_03968	47.368	19	10	0	545	563	162	180	1.7	21.6
SA20160209_CPEIOPNK_03982	SA20160209_CPEIOPNK_03966	30.769	52	25	2	230	274	43	90	4.0	20.0
SA20160209_CPEIOPNK_03982	SA20160209_CPEIOPNK_03979	53.333	15	7	0	141	155	228	242	5.6	19.6
SA20160209_CPEIOPNK_03982	SA20160209_CPEIOPNK_03976	20.968	62	34	1	114	175	222	268	6.3	19.6
SA20160209_CPEIOPNK_03982	SA20160209_CPEIOPNK_03977	75.000	8	2	0	701	708	130	137	7.5	19.2
SA20160209_CPEIOPNK_03983	SA20160209_CPEIOPNK_03983	100.000	242	0	0	1	242	1	242	0.0	502
SA20160209_CPEIOPNK_03983	SA20160209_CPEIOPNK_03974	70.000	10	3	0	64	73	394	403	1.00	20.4
SA20160209_CPEIOPNK_03983	SA20160209_CPEIOPNK_03980	37.143	35	21	1	74	107	1	35	1.3	19.2
SA20160209_CPEIOPNK_03983	SA20160209_CPEIOPNK_03969	45.455	11	6	0	162	172	236	246	1.9	19.2
SA20160209_CPEIOPNK_03983	SA20160209_CPEIOPNK_03972	26.168	107	57	5	8	111	89	176	2.5	18.9
SA20160209_CPEIOPNK_03983	SA20160209_CPEIOPNK_03975	29.091	55	29	2	40	84	133	187	3.9	18.5
SA20160209_CPEIOPNK_03983	SA20160209_CPEIOPNK_03982	29.032	31	18	2	128	157	278	305	9.3	17.3
SA20160209_CPEIOPNK_03984	SA20160209_CPEIOPNK_03984	100.000	294	0	0	1	294	1	294	0.0	600
SA20160209_CPEIOPNK_03984	SA20160209_CPEIOPNK_03968	22.727	66	32	3	27	74	337	401	0.71	21.2
SA20160209_CPEIOPNK_03984	SA20160209_CPEIOPNK_03973	63.636	11	4	0	278	288	207	217	1.1	20.4
SA20160209_CPEIOPNK_03984	SA20160209_CPEIOPNK_03974	31.034	29	18	1	44	72	240	266	4.3	18.5
SA20160209_CPEIOPNK_03984	SA20160209_CPEIOPNK_03982	42.105	19	11	0	207	225	140	158	5.0	18.5
SA20160209_CPEIOPNK_03984	SA20160209_CPEIOPNK_03966	37.143	35	16	2	45	73	140	174	9.6	17.3
SA20160209_CPEIOPNK_03985	SA20160209_CPEIOPNK_03985	100.000	441	0	0	1	441	1	441	0.0	893
SA20160209_CPEIOPNK_03985	SA20160209_CPEIOPNK_03969	31.099	373	250	2	16	388	14	379	1.65e-66	210
SA20160209_CPEIOPNK_03985	SA20160209_CPEIOPNK_03976	18.824	170	124	5	111	274	120	281	0.19	23.5
SA20160209_CPEIOPNK_03985	SA20160209_CPEIOPNK_03968	34.286	35	18	1	164	193	36	70	0.33	22.7
SA20160209_CPEIOPNK_03985	SA20160209_CPEIOPNK_03979	45.455	22	12	0	136	157	136	157	0.62	21.9
SA20160209_CPEIOPNK_03985	SA20160209_CPEIOPNK_03973	29.032	62	43	1	147	208	246	306	2.4	20.0
SA20160209_CPEIOPNK_03985	SA20160209_CPEIOPNK_03966	52.381	21	6	1	157	173	323	343	5.9	18.9
SA20160209_CPEIOPNK_03985	SA20160209_CPEIOPNK_03970	38.889	18	11	0	175	192	159	176	6.3	18.5
SA20160209_CPEIOPNK_03986	SA20160209_CPEIOPNK_03986	100.000	400	0	0	1	400	1	400	0.0	831
SA20160209_CPEIOPNK_03986	SA20160209_CPEIOPNK_03968	24.650	357	219	10	40	387	75	390	3.74e-20	81.6
SA20160209_CPEIOPNK_03986	SA20160209_CPEIOPNK_03975	44.444	27	9	2	269	289	511	537	2.4	20.0
