SA20160190_KJBEGOPM_03404	SA20160323_HIEPLBCK_02977	100.000	466	0	0	1	466	1	466	0.0	964
SA20160190_KJBEGOPM_03404	SA20160323_HIEPLBCK_02962	34.615	26	17	0	240	265	23	48	2.7	20.0
SA20160190_KJBEGOPM_03404	SA20160323_HIEPLBCK_02976	35.000	20	13	0	25	44	224	243	4.0	19.6
SA20160190_KJBEGOPM_03404	SA20160323_HIEPLBCK_02967	25.000	104	59	5	292	384	389	484	5.3	19.2
SA20160190_KJBEGOPM_03404	SA20160323_HIEPLBCK_02965	24.490	49	34	1	340	388	325	370	6.1	18.9
SA20160190_KJBEGOPM_03404	SA20160323_HIEPLBCK_02975	35.897	39	20	1	304	342	168	201	6.8	18.9
SA20160190_KJBEGOPM_03404	SA20160323_HIEPLBCK_02960	41.176	17	10	0	293	309	41	57	7.9	18.5
SA20160190_KJBEGOPM_03404	SA20160323_HIEPLBCK_02973	41.176	17	10	0	95	111	31	47	8.6	18.5
SA20160190_KJBEGOPM_03405	SA20160323_HIEPLBCK_02976	99.725	363	1	0	1	363	1	363	0.0	746
SA20160190_KJBEGOPM_03405	SA20160323_HIEPLBCK_02975	71.429	14	4	0	18	31	82	95	0.72	21.6
SA20160190_KJBEGOPM_03405	SA20160323_HIEPLBCK_02977	35.000	20	13	0	224	243	25	44	3.2	19.2
SA20160190_KJBEGOPM_03405	SA20160323_HIEPLBCK_02960	24.706	85	51	2	13	92	307	383	4.6	18.9
SA20160190_KJBEGOPM_03405	SA20160323_HIEPLBCK_02961	38.889	18	11	0	9	26	19	36	9.1	18.1
SA20160190_KJBEGOPM_03406	SA20160323_HIEPLBCK_02975	100.000	523	0	0	1	523	1	523	0.0	1082
SA20160190_KJBEGOPM_03406	SA20160323_HIEPLBCK_02973	24.348	115	83	3	406	520	429	539	0.11	24.6
SA20160190_KJBEGOPM_03406	SA20160323_HIEPLBCK_02957	30.769	39	24	1	72	110	56	91	0.89	21.9
SA20160190_KJBEGOPM_03406	SA20160323_HIEPLBCK_02976	71.429	14	4	0	82	95	18	31	1.0	21.6
SA20160190_KJBEGOPM_03406	SA20160323_HIEPLBCK_02958	37.037	27	17	0	183	209	95	121	1.7	20.8
SA20160190_KJBEGOPM_03406	SA20160323_HIEPLBCK_02969	47.368	19	10	0	6	24	210	228	5.5	19.2
SA20160190_KJBEGOPM_03406	SA20160323_HIEPLBCK_02977	35.897	39	20	1	168	201	304	342	8.1	18.9
SA20160190_KJBEGOPM_03406	SA20160323_HIEPLBCK_02966	29.545	44	31	0	456	499	129	172	8.7	18.5
SA20160190_KJBEGOPM_03407	SA20160323_HIEPLBCK_02974	100.000	314	0	0	1	314	1	314	0.0	654
SA20160190_KJBEGOPM_03407	SA20160323_HIEPLBCK_02963	30.189	53	28	2	173	224	381	425	0.87	21.2
SA20160190_KJBEGOPM_03407	SA20160323_HIEPLBCK_02964	42.105	19	11	0	154	172	7	25	1.8	20.0
SA20160190_KJBEGOPM_03407	SA20160323_HIEPLBCK_02966	27.907	43	20	2	5	38	417	457	6.1	18.5
SA20160190_KJBEGOPM_03407	SA20160323_HIEPLBCK_02967	41.667	12	7	0	292	303	99	110	9.9	17.7
SA20160190_KJBEGOPM_03408	SA20160323_HIEPLBCK_02973	100.000	574	0	0	1	574	1	574	0.0	1188
SA20160190_KJBEGOPM_03408	SA20160323_HIEPLBCK_02975	24.348	115	83	3	429	539	406	520	0.13	24.6
SA20160190_KJBEGOPM_03408	SA20160323_HIEPLBCK_02966	28.571	49	32	1	473	518	425	473	6.8	19.2
SA20160190_KJBEGOPM_03408	SA20160323_HIEPLBCK_02965	34.783	23	15	0	503	525	52	74	7.2	18.9
SA20160190_KJBEGOPM_03408	SA20160323_HIEPLBCK_02957	34.783	46	25	2	67	110	203	245	8.1	18.9
SA20160190_KJBEGOPM_03409	SA20160323_HIEPLBCK_02972	100.000	164	0	0	1	164	1	164	8.52e-120	326
SA20160190_KJBEGOPM_03409	SA20160323_HIEPLBCK_02967	25.000	92	45	5	7	77	262	350	0.27	21.6
SA20160190_KJBEGOPM_03409	SA20160323_HIEPLBCK_02960	29.630	27	19	0	126	152	343	369	7.9	16.9
SA20160190_KJBEGOPM_03409	SA20160323_HIEPLBCK_02974	28.571	35	25	0	94	128	54	88	8.3	16.9
SA20160190_KJBEGOPM_03410	SA20160323_HIEPLBCK_02971	100.000	334	0	0	1	334	1	334	0.0	687
SA20160190_KJBEGOPM_03410	SA20160323_HIEPLBCK_02967	30.769	26	18	0	212	237	179	204	0.39	22.3
SA20160190_KJBEGOPM_03410	SA20160323_HIEPLBCK_02966	38.095	21	13	0	296	316	401	421	0.79	21.2
SA20160190_KJBEGOPM_03410	SA20160323_HIEPLBCK_02968	45.833	24	13	0	250	273	24	47	4.6	18.5
SA20160190_KJBEGOPM_03410	SA20160323_HIEPLBCK_02964	30.769	26	18	0	74	99	219	244	5.1	18.5
SA20160190_KJBEGOPM_03410	SA20160323_HIEPLBCK_02962	41.667	12	7	0	275	286	337	348	8.1	18.1
SA20160190_KJBEGOPM_03410	SA20160323_HIEPLBCK_02963	36.842	19	12	0	143	161	106	124	8.8	17.7
SA20160190_KJBEGOPM_03411	SA20160323_HIEPLBCK_02970	100.000	152	0	0	1	152	1	152	2.66e-115	314
SA20160190_KJBEGOPM_03411	SA20160323_HIEPLBCK_02965	40.000	15	9	0	81	95	54	68	3.5	17.7
SA20160190_KJBEGOPM_03411	SA20160323_HIEPLBCK_02964	32.558	43	24	2	8	45	191	233	4.6	17.3
SA20160190_KJBEGOPM_03412	SA20160323_HIEPLBCK_02969	100.000	313	0	0	1	313	1	313	0.0	632
SA20160190_KJBEGOPM_03412	SA20160323_HIEPLBCK_02975	47.368	19	10	0	210	228	6	24	3.3	19.2
SA20160190_KJBEGOPM_03412	SA20160323_HIEPLBCK_02959	50.000	18	9	0	48	65	32	49	9.7	17.7
SA20160190_KJBEGOPM_03413	SA20160323_HIEPLBCK_02968	100.000	121	0	0	1	121	1	121	3.86e-89	245
SA20160190_KJBEGOPM_03413	SA20160323_HIEPLBCK_02971	45.833	24	13	0	24	47	250	273	1.7	18.5
SA20160190_KJBEGOPM_03413	SA20160323_HIEPLBCK_02965	50.000	8	4	0	39	46	36	43	4.4	17.3
SA20160190_KJBEGOPM_03413	SA20160323_HIEPLBCK_02976	36.364	22	14	0	4	25	37	58	6.5	16.5
SA20160190_KJBEGOPM_03414	SA20160323_HIEPLBCK_02967	100.000	588	0	0	1	588	1	588	0.0	1202
SA20160190_KJBEGOPM_03414	SA20160323_HIEPLBCK_02966	27.711	83	38	4	106	184	245	309	0.65	22.3
SA20160190_KJBEGOPM_03414	SA20160323_HIEPLBCK_02971	30.769	26	18	0	179	204	212	237	0.69	22.3
SA20160190_KJBEGOPM_03414	SA20160323_HIEPLBCK_02972	25.000	92	45	5	262	350	7	77	0.97	21.6
SA20160190_KJBEGOPM_03414	SA20160323_HIEPLBCK_02957	28.571	21	15	0	285	305	279	299	3.3	20.0
SA20160190_KJBEGOPM_03414	SA20160323_HIEPLBCK_02977	25.000	104	59	5	389	484	292	384	7.9	18.9
SA20160190_KJBEGOPM_03415	SA20160323_HIEPLBCK_02966	100.000	495	0	0	1	495	1	495	0.0	1013
SA20160190_KJBEGOPM_03415	SA20160323_HIEPLBCK_02963	25.714	245	127	11	111	345	107	306	1.28e-07	43.5
SA20160190_KJBEGOPM_03415	SA20160323_HIEPLBCK_02965	23.620	326	213	9	22	343	24	317	2.47e-07	42.7
SA20160190_KJBEGOPM_03415	SA20160323_HIEPLBCK_02960	28.000	150	81	7	106	250	113	240	1.07e-05	37.4
SA20160190_KJBEGOPM_03415	SA20160323_HIEPLBCK_02967	27.711	83	38	4	245	309	106	184	0.54	22.3
SA20160190_KJBEGOPM_03415	SA20160323_HIEPLBCK_02961	28.205	39	28	0	109	147	183	221	0.67	21.9
SA20160190_KJBEGOPM_03415	SA20160323_HIEPLBCK_02971	38.095	21	13	0	401	421	296	316	1.1	21.2
SA20160190_KJBEGOPM_03415	SA20160323_HIEPLBCK_02959	22.105	95	71	2	152	244	141	234	3.8	19.6
SA20160190_KJBEGOPM_03415	SA20160323_HIEPLBCK_02962	32.000	25	17	0	42	66	281	305	4.7	19.2
SA20160190_KJBEGOPM_03415	SA20160323_HIEPLBCK_02973	28.571	49	32	1	425	473	473	518	5.3	19.2
SA20160190_KJBEGOPM_03415	SA20160323_HIEPLBCK_02975	29.545	44	31	0	129	172	456	499	7.1	18.9
SA20160190_KJBEGOPM_03416	SA20160323_HIEPLBCK_02965	100.000	452	0	0	1	452	1	452	0.0	920
SA20160190_KJBEGOPM_03416	SA20160323_HIEPLBCK_02963	27.798	277	173	12	88	360	94	347	1.54e-07	43.1
SA20160190_KJBEGOPM_03416	SA20160323_HIEPLBCK_02966	23.620	326	213	9	24	317	22	343	6.98e-06	38.1
SA20160190_KJBEGOPM_03416	SA20160323_HIEPLBCK_02960	27.149	221	142	10	103	318	122	328	3.44e-05	35.8
SA20160190_KJBEGOPM_03416	SA20160323_HIEPLBCK_02961	25.806	31	23	0	99	129	182	212	1.7	20.8
SA20160190_KJBEGOPM_03416	SA20160323_HIEPLBCK_02975	29.231	65	39	3	179	240	210	270	2.2	20.4
SA20160190_KJBEGOPM_03416	SA20160323_HIEPLBCK_02973	34.783	23	15	0	52	74	503	525	5.3	19.2
SA20160190_KJBEGOPM_03416	SA20160323_HIEPLBCK_02977	24.490	49	34	1	325	370	340	388	6.6	18.9
SA20160190_KJBEGOPM_03417	SA20160323_HIEPLBCK_02964	100.000	360	0	0	1	360	1	360	0.0	718
SA20160190_KJBEGOPM_03417	SA20160323_HIEPLBCK_02974	42.105	19	11	0	7	25	154	172	2.0	20.0
SA20160190_KJBEGOPM_03417	SA20160323_HIEPLBCK_02958	31.250	32	21	1	57	87	8	39	2.1	20.0
SA20160190_KJBEGOPM_03417	SA20160323_HIEPLBCK_02971	30.769	26	18	0	219	244	74	99	5.5	18.5
SA20160190_KJBEGOPM_03418	SA20160323_HIEPLBCK_02963	100.000	438	0	0	1	438	1	438	0.0	897
SA20160190_KJBEGOPM_03418	SA20160323_HIEPLBCK_02960	26.506	249	150	7	80	306	93	330	1.39e-09	49.7
SA20160190_KJBEGOPM_03418	SA20160323_HIEPLBCK_02965	27.798	277	173	12	94	347	88	360	9.16e-05	34.3
SA20160190_KJBEGOPM_03418	SA20160323_HIEPLBCK_02966	25.862	174	95	8	157	306	182	345	2.58e-04	32.7
SA20160190_KJBEGOPM_03418	SA20160323_HIEPLBCK_02959	36.667	30	19	0	146	175	258	287	1.1	21.2
SA20160190_KJBEGOPM_03418	SA20160323_HIEPLBCK_02974	30.189	53	28	2	381	425	173	224	1.2	20.8
SA20160190_KJBEGOPM_03419	SA20160323_HIEPLBCK_02962	100.000	414	0	0	1	414	1	414	0.0	825
SA20160190_KJBEGOPM_03419	SA20160323_HIEPLBCK_02977	34.615	26	17	0	23	48	240	265	2.2	20.0
SA20160190_KJBEGOPM_03419	SA20160323_HIEPLBCK_02966	32.000	25	17	0	281	305	42	66	4.1	19.2
SA20160190_KJBEGOPM_03419	SA20160323_HIEPLBCK_02959	54.545	11	5	0	297	307	187	197	5.8	18.9
SA20160190_KJBEGOPM_03420	SA20160323_HIEPLBCK_02961	100.000	355	0	0	1	355	1	355	0.0	712
SA20160190_KJBEGOPM_03420	SA20160323_HIEPLBCK_02965	25.806	31	23	0	182	212	99	129	1.4	20.4
SA20160190_KJBEGOPM_03420	SA20160323_HIEPLBCK_02976	38.889	18	11	0	19	36	9	26	9.0	18.1
SA20160190_KJBEGOPM_03420	SA20160323_HIEPLBCK_02957	31.034	29	20	0	176	204	268	296	9.2	18.1
SA20160190_KJBEGOPM_03421	SA20160323_HIEPLBCK_02960	100.000	491	0	0	1	491	1	491	0.0	1006
SA20160190_KJBEGOPM_03421	SA20160323_HIEPLBCK_02963	26.616	263	160	7	79	330	66	306	7.01e-13	60.1
SA20160190_KJBEGOPM_03421	SA20160323_HIEPLBCK_02965	26.119	268	169	13	79	328	62	318	0.017	27.3
SA20160190_KJBEGOPM_03421	SA20160323_HIEPLBCK_02966	21.277	188	132	6	185	367	197	373	0.032	26.6
SA20160190_KJBEGOPM_03421	SA20160323_HIEPLBCK_02976	25.275	91	55	2	301	383	7	92	1.7	20.8
SA20160190_KJBEGOPM_03421	SA20160323_HIEPLBCK_02962	25.000	52	29	1	23	64	221	272	3.5	19.6
SA20160190_KJBEGOPM_03421	SA20160323_HIEPLBCK_02972	25.000	48	33	2	16	61	2	48	5.8	18.9
SA20160190_KJBEGOPM_03421	SA20160323_HIEPLBCK_02977	23.140	121	74	4	41	155	293	400	7.8	18.9
SA20160190_KJBEGOPM_03422	SA20160323_HIEPLBCK_02959	100.000	306	0	0	1	306	1	306	0.0	617
SA20160190_KJBEGOPM_03422	SA20160323_HIEPLBCK_02963	36.667	30	19	0	258	287	146	175	0.84	21.2
SA20160190_KJBEGOPM_03422	SA20160323_HIEPLBCK_02966	31.034	29	20	0	224	252	360	388	2.3	19.6
SA20160190_KJBEGOPM_03422	SA20160323_HIEPLBCK_02962	54.545	11	5	0	187	197	297	307	4.3	18.9
SA20160190_KJBEGOPM_03422	SA20160323_HIEPLBCK_02958	25.000	44	33	0	109	152	127	170	7.1	18.1
SA20160190_KJBEGOPM_03422	SA20160323_HIEPLBCK_02969	50.000	18	9	0	32	49	48	65	9.5	17.7
SA20160190_KJBEGOPM_03423	SA20160323_HIEPLBCK_02958	100.000	276	0	0	1	276	1	276	0.0	568
SA20160190_KJBEGOPM_03423	SA20160323_HIEPLBCK_02975	37.037	27	17	0	95	121	183	209	0.72	21.2
SA20160190_KJBEGOPM_03423	SA20160323_HIEPLBCK_02964	31.250	32	21	1	8	39	57	87	1.7	20.0
SA20160190_KJBEGOPM_03423	SA20160323_HIEPLBCK_02959	25.000	44	33	0	127	170	109	152	6.4	18.1
SA20160190_KJBEGOPM_03423	SA20160323_HIEPLBCK_02963	60.000	10	4	0	213	222	426	435	8.8	17.7
SA20160190_KJBEGOPM_03424	SA20160323_HIEPLBCK_02957	100.000	420	0	0	1	420	1	420	0.0	855
SA20160190_KJBEGOPM_03424	SA20160323_HIEPLBCK_02975	30.769	39	24	1	56	91	72	110	0.65	21.9
SA20160190_KJBEGOPM_03424	SA20160323_HIEPLBCK_02967	28.571	21	15	0	279	299	285	305	2.3	20.0
SA20160190_KJBEGOPM_03424	SA20160323_HIEPLBCK_02973	34.783	46	25	2	203	245	67	110	5.4	18.9
SA20160190_KJBEGOPM_03424	SA20160323_HIEPLBCK_02963	45.833	24	12	1	16	39	115	137	9.8	18.1
SA20160323_HIEPLBCK_02957	SA20160323_HIEPLBCK_02957	100.000	420	0	0	1	420	1	420	0.0	855
SA20160323_HIEPLBCK_02957	SA20160323_HIEPLBCK_02975	30.769	39	24	1	56	91	72	110	0.65	21.9
SA20160323_HIEPLBCK_02957	SA20160323_HIEPLBCK_02967	28.571	21	15	0	279	299	285	305	2.3	20.0
SA20160323_HIEPLBCK_02957	SA20160323_HIEPLBCK_02973	34.783	46	25	2	203	245	67	110	5.4	18.9
SA20160323_HIEPLBCK_02957	SA20160323_HIEPLBCK_02963	45.833	24	12	1	16	39	115	137	9.8	18.1
SA20160323_HIEPLBCK_02958	SA20160323_HIEPLBCK_02958	100.000	276	0	0	1	276	1	276	0.0	568
SA20160323_HIEPLBCK_02958	SA20160323_HIEPLBCK_02975	37.037	27	17	0	95	121	183	209	0.72	21.2
SA20160323_HIEPLBCK_02958	SA20160323_HIEPLBCK_02959	25.000	44	33	0	127	170	109	152	6.4	18.1
SA20160323_HIEPLBCK_02958	SA20160323_HIEPLBCK_02964	23.077	52	31	1	75	117	284	335	8.2	17.7
SA20160323_HIEPLBCK_02958	SA20160323_HIEPLBCK_02963	60.000	10	4	0	213	222	426	435	8.8	17.7
SA20160323_HIEPLBCK_02959	SA20160323_HIEPLBCK_02959	100.000	306	0	0	1	306	1	306	0.0	617
SA20160323_HIEPLBCK_02959	SA20160323_HIEPLBCK_02963	36.667	30	19	0	258	287	146	175	0.84	21.2
SA20160323_HIEPLBCK_02959	SA20160323_HIEPLBCK_02966	31.034	29	20	0	224	252	360	388	2.3	19.6
SA20160323_HIEPLBCK_02959	SA20160323_HIEPLBCK_02962	54.545	11	5	0	187	197	297	307	4.3	18.9
SA20160323_HIEPLBCK_02959	SA20160323_HIEPLBCK_02958	25.000	44	33	0	109	152	127	170	7.1	18.1
SA20160323_HIEPLBCK_02959	SA20160323_HIEPLBCK_02969	50.000	18	9	0	32	49	48	65	9.5	17.7
SA20160323_HIEPLBCK_02960	SA20160323_HIEPLBCK_02960	100.000	491	0	0	1	491	1	491	0.0	1006
SA20160323_HIEPLBCK_02960	SA20160323_HIEPLBCK_02963	26.616	263	160	7	79	330	66	306	7.01e-13	60.1
SA20160323_HIEPLBCK_02960	SA20160323_HIEPLBCK_02965	26.119	268	169	13	79	328	62	318	0.017	27.3
SA20160323_HIEPLBCK_02960	SA20160323_HIEPLBCK_02966	21.277	188	132	6	185	367	197	373	0.032	26.6
SA20160323_HIEPLBCK_02960	SA20160323_HIEPLBCK_02976	25.275	91	55	2	301	383	7	92	1.7	20.8
SA20160323_HIEPLBCK_02960	SA20160323_HIEPLBCK_02962	25.000	52	29	1	23	64	221	272	3.5	19.6
SA20160323_HIEPLBCK_02960	SA20160323_HIEPLBCK_02977	23.140	121	74	4	41	155	293	400	7.8	18.9
SA20160323_HIEPLBCK_02961	SA20160323_HIEPLBCK_02961	100.000	355	0	0	1	355	1	355	0.0	712
SA20160323_HIEPLBCK_02961	SA20160323_HIEPLBCK_02965	25.806	31	23	0	182	212	99	129	1.4	20.4
SA20160323_HIEPLBCK_02961	SA20160323_HIEPLBCK_02976	38.889	18	11	0	19	36	9	26	9.0	18.1
SA20160323_HIEPLBCK_02961	SA20160323_HIEPLBCK_02957	31.034	29	20	0	176	204	268	296	9.2	18.1
SA20160323_HIEPLBCK_02962	SA20160323_HIEPLBCK_02962	100.000	414	0	0	1	414	1	414	0.0	825
SA20160323_HIEPLBCK_02962	SA20160323_HIEPLBCK_02977	34.615	26	17	0	23	48	240	265	2.2	20.0
SA20160323_HIEPLBCK_02962	SA20160323_HIEPLBCK_02966	32.000	25	17	0	281	305	42	66	4.1	19.2
SA20160323_HIEPLBCK_02962	SA20160323_HIEPLBCK_02959	54.545	11	5	0	297	307	187	197	5.8	18.9
SA20160323_HIEPLBCK_02963	SA20160323_HIEPLBCK_02963	100.000	438	0	0	1	438	1	438	0.0	897
SA20160323_HIEPLBCK_02963	SA20160323_HIEPLBCK_02960	26.506	249	150	7	80	306	93	330	1.39e-09	49.7
SA20160323_HIEPLBCK_02963	SA20160323_HIEPLBCK_02965	27.798	277	173	12	94	347	88	360	9.16e-05	34.3
SA20160323_HIEPLBCK_02963	SA20160323_HIEPLBCK_02966	25.862	174	95	8	157	306	182	345	2.58e-04	32.7
SA20160323_HIEPLBCK_02963	SA20160323_HIEPLBCK_02959	36.667	30	19	0	146	175	258	287	1.1	21.2
SA20160323_HIEPLBCK_02963	SA20160323_HIEPLBCK_02974	30.189	53	28	2	381	425	173	224	1.2	20.8
SA20160323_HIEPLBCK_02964	SA20160323_HIEPLBCK_02964	100.000	360	0	0	1	360	1	360	0.0	718
SA20160323_HIEPLBCK_02964	SA20160323_HIEPLBCK_02974	42.105	19	11	0	7	25	154	172	2.0	20.0
SA20160323_HIEPLBCK_02964	SA20160323_HIEPLBCK_02971	30.769	26	18	0	219	244	74	99	5.5	18.5
SA20160323_HIEPLBCK_02964	SA20160323_HIEPLBCK_02958	23.077	52	31	1	284	335	75	117	8.7	18.1
SA20160323_HIEPLBCK_02965	SA20160323_HIEPLBCK_02965	100.000	452	0	0	1	452	1	452	0.0	920
SA20160323_HIEPLBCK_02965	SA20160323_HIEPLBCK_02963	27.798	277	173	12	88	360	94	347	1.54e-07	43.1
SA20160323_HIEPLBCK_02965	SA20160323_HIEPLBCK_02966	23.620	326	213	9	24	317	22	343	6.98e-06	38.1
SA20160323_HIEPLBCK_02965	SA20160323_HIEPLBCK_02960	27.149	221	142	10	103	318	122	328	3.44e-05	35.8
SA20160323_HIEPLBCK_02965	SA20160323_HIEPLBCK_02961	25.806	31	23	0	99	129	182	212	1.7	20.8
SA20160323_HIEPLBCK_02965	SA20160323_HIEPLBCK_02975	29.231	65	39	3	179	240	210	270	2.2	20.4
SA20160323_HIEPLBCK_02965	SA20160323_HIEPLBCK_02973	34.783	23	15	0	52	74	503	525	5.3	19.2
SA20160323_HIEPLBCK_02965	SA20160323_HIEPLBCK_02977	24.490	49	34	1	325	370	340	388	6.6	18.9
SA20160323_HIEPLBCK_02966	SA20160323_HIEPLBCK_02966	100.000	495	0	0	1	495	1	495	0.0	1013
SA20160323_HIEPLBCK_02966	SA20160323_HIEPLBCK_02963	25.714	245	127	11	111	345	107	306	1.28e-07	43.5
SA20160323_HIEPLBCK_02966	SA20160323_HIEPLBCK_02965	23.620	326	213	9	22	343	24	317	2.47e-07	42.7
SA20160323_HIEPLBCK_02966	SA20160323_HIEPLBCK_02960	28.000	150	81	7	106	250	113	240	1.07e-05	37.4
SA20160323_HIEPLBCK_02966	SA20160323_HIEPLBCK_02967	27.711	83	38	4	245	309	106	184	0.54	22.3
SA20160323_HIEPLBCK_02966	SA20160323_HIEPLBCK_02961	28.205	39	28	0	109	147	183	221	0.67	21.9
SA20160323_HIEPLBCK_02966	SA20160323_HIEPLBCK_02971	38.095	21	13	0	401	421	296	316	1.1	21.2
SA20160323_HIEPLBCK_02966	SA20160323_HIEPLBCK_02959	22.105	95	71	2	152	244	141	234	3.8	19.6
SA20160323_HIEPLBCK_02966	SA20160323_HIEPLBCK_02962	32.000	25	17	0	42	66	281	305	4.7	19.2
SA20160323_HIEPLBCK_02966	SA20160323_HIEPLBCK_02975	29.545	44	31	0	129	172	456	499	7.1	18.9
SA20160323_HIEPLBCK_02967	SA20160323_HIEPLBCK_02967	100.000	588	0	0	1	588	1	588	0.0	1202
SA20160323_HIEPLBCK_02967	SA20160323_HIEPLBCK_02966	27.711	83	38	4	106	184	245	309	0.65	22.3
SA20160323_HIEPLBCK_02967	SA20160323_HIEPLBCK_02971	30.769	26	18	0	179	204	212	237	0.69	22.3
SA20160323_HIEPLBCK_02967	SA20160323_HIEPLBCK_02972	25.000	92	45	5	262	350	7	77	0.97	21.6
SA20160323_HIEPLBCK_02967	SA20160323_HIEPLBCK_02957	28.571	21	15	0	285	305	279	299	3.3	20.0
SA20160323_HIEPLBCK_02967	SA20160323_HIEPLBCK_02977	25.000	104	59	5	389	484	292	384	7.9	18.9
SA20160323_HIEPLBCK_02968	SA20160323_HIEPLBCK_02968	100.000	121	0	0	1	121	1	121	3.86e-89	245
SA20160323_HIEPLBCK_02968	SA20160323_HIEPLBCK_02971	45.833	24	13	0	24	47	250	273	1.7	18.5
SA20160323_HIEPLBCK_02968	SA20160323_HIEPLBCK_02965	50.000	8	4	0	39	46	36	43	4.4	17.3
SA20160323_HIEPLBCK_02968	SA20160323_HIEPLBCK_02976	36.364	22	14	0	4	25	37	58	6.5	16.5
SA20160323_HIEPLBCK_02969	SA20160323_HIEPLBCK_02969	100.000	313	0	0	1	313	1	313	0.0	632
SA20160323_HIEPLBCK_02969	SA20160323_HIEPLBCK_02975	47.368	19	10	0	210	228	6	24	3.3	19.2
SA20160323_HIEPLBCK_02969	SA20160323_HIEPLBCK_02959	50.000	18	9	0	48	65	32	49	9.7	17.7
SA20160323_HIEPLBCK_02970	SA20160323_HIEPLBCK_02970	100.000	152	0	0	1	152	1	152	2.66e-115	314
SA20160323_HIEPLBCK_02970	SA20160323_HIEPLBCK_02965	40.000	15	9	0	81	95	54	68	3.5	17.7
SA20160323_HIEPLBCK_02970	SA20160323_HIEPLBCK_02964	32.558	43	24	2	8	45	191	233	4.6	17.3
SA20160323_HIEPLBCK_02971	SA20160323_HIEPLBCK_02971	100.000	334	0	0	1	334	1	334	0.0	687
SA20160323_HIEPLBCK_02971	SA20160323_HIEPLBCK_02967	30.769	26	18	0	212	237	179	204	0.39	22.3
SA20160323_HIEPLBCK_02971	SA20160323_HIEPLBCK_02966	38.095	21	13	0	296	316	401	421	0.79	21.2
SA20160323_HIEPLBCK_02971	SA20160323_HIEPLBCK_02968	45.833	24	13	0	250	273	24	47	4.6	18.5
SA20160323_HIEPLBCK_02971	SA20160323_HIEPLBCK_02964	30.769	26	18	0	74	99	219	244	5.1	18.5
SA20160323_HIEPLBCK_02971	SA20160323_HIEPLBCK_02962	41.667	12	7	0	275	286	337	348	8.1	18.1
SA20160323_HIEPLBCK_02971	SA20160323_HIEPLBCK_02963	36.842	19	12	0	143	161	106	124	8.8	17.7
SA20160323_HIEPLBCK_02972	SA20160323_HIEPLBCK_02972	100.000	164	0	0	1	164	1	164	8.52e-120	326
SA20160323_HIEPLBCK_02972	SA20160323_HIEPLBCK_02967	25.000	92	45	5	7	77	262	350	0.27	21.6
SA20160323_HIEPLBCK_02972	SA20160323_HIEPLBCK_02960	29.630	27	19	0	126	152	343	369	7.9	16.9
SA20160323_HIEPLBCK_02972	SA20160323_HIEPLBCK_02974	28.571	35	25	0	94	128	54	88	8.3	16.9
SA20160323_HIEPLBCK_02973	SA20160323_HIEPLBCK_02973	100.000	574	0	0	1	574	1	574	0.0	1188
SA20160323_HIEPLBCK_02973	SA20160323_HIEPLBCK_02975	24.348	115	83	3	429	539	406	520	0.13	24.6
SA20160323_HIEPLBCK_02973	SA20160323_HIEPLBCK_02965	34.783	23	15	0	503	525	52	74	7.2	18.9
SA20160323_HIEPLBCK_02974	SA20160323_HIEPLBCK_02974	100.000	314	0	0	1	314	1	314	0.0	654
SA20160323_HIEPLBCK_02974	SA20160323_HIEPLBCK_02963	30.189	53	28	2	173	224	381	425	0.87	21.2
SA20160323_HIEPLBCK_02974	SA20160323_HIEPLBCK_02964	42.105	19	11	0	154	172	7	25	1.8	20.0
SA20160323_HIEPLBCK_02974	SA20160323_HIEPLBCK_02966	27.907	43	20	2	5	38	417	457	6.1	18.5
SA20160323_HIEPLBCK_02974	SA20160323_HIEPLBCK_02967	41.667	12	7	0	292	303	99	110	9.9	17.7
SA20160323_HIEPLBCK_02975	SA20160323_HIEPLBCK_02975	100.000	523	0	0	1	523	1	523	0.0	1082
SA20160323_HIEPLBCK_02975	SA20160323_HIEPLBCK_02973	24.348	115	83	3	406	520	429	539	0.11	24.6
SA20160323_HIEPLBCK_02975	SA20160323_HIEPLBCK_02976	71.429	14	4	0	82	95	18	31	1.0	21.6
SA20160323_HIEPLBCK_02975	SA20160323_HIEPLBCK_02958	37.037	27	17	0	183	209	95	121	1.7	20.8
SA20160323_HIEPLBCK_02975	SA20160323_HIEPLBCK_02969	47.368	19	10	0	6	24	210	228	5.5	19.2
SA20160323_HIEPLBCK_02975	SA20160323_HIEPLBCK_02977	35.897	39	20	1	168	201	304	342	8.1	18.9
SA20160323_HIEPLBCK_02975	SA20160323_HIEPLBCK_02966	29.545	44	31	0	456	499	129	172	8.7	18.5
SA20160323_HIEPLBCK_02976	SA20160323_HIEPLBCK_02976	100.000	363	0	0	1	363	1	363	0.0	746
SA20160323_HIEPLBCK_02976	SA20160323_HIEPLBCK_02975	71.429	14	4	0	18	31	82	95	0.71	21.6
SA20160323_HIEPLBCK_02976	SA20160323_HIEPLBCK_02977	35.000	20	13	0	224	243	25	44	3.3	19.2
SA20160323_HIEPLBCK_02976	SA20160323_HIEPLBCK_02960	24.706	85	51	2	13	92	307	383	4.6	18.9
SA20160323_HIEPLBCK_02976	SA20160323_HIEPLBCK_02961	38.889	18	11	0	9	26	19	36	9.2	18.1
SA20160323_HIEPLBCK_02977	SA20160323_HIEPLBCK_02977	100.000	466	0	0	1	466	1	466	0.0	964
SA20160323_HIEPLBCK_02977	SA20160323_HIEPLBCK_02962	34.615	26	17	0	240	265	23	48	2.7	20.0
SA20160323_HIEPLBCK_02977	SA20160323_HIEPLBCK_02976	35.000	20	13	0	25	44	224	243	4.0	19.6
SA20160323_HIEPLBCK_02977	SA20160323_HIEPLBCK_02967	25.000	104	59	5	292	384	389	484	5.3	19.2
SA20160323_HIEPLBCK_02977	SA20160323_HIEPLBCK_02965	24.490	49	34	1	340	388	325	370	6.1	18.9
SA20160323_HIEPLBCK_02977	SA20160323_HIEPLBCK_02975	35.897	39	20	1	304	342	168	201	6.8	18.9
SA20160323_HIEPLBCK_02977	SA20160323_HIEPLBCK_02960	41.176	17	10	0	293	309	41	57	7.9	18.5
SA20160323_HIEPLBCK_02977	SA20160323_HIEPLBCK_02973	41.176	17	10	0	95	111	31	47	8.6	18.5
SA20160190_KJBEGOPM_03404	SA20160190_KJBEGOPM_03404	100.000	466	0	0	1	466	1	466	0.0	964
SA20160190_KJBEGOPM_03404	SA20160190_KJBEGOPM_03419	34.615	26	17	0	240	265	23	48	2.7	20.0
SA20160190_KJBEGOPM_03404	SA20160190_KJBEGOPM_03405	35.000	20	13	0	25	44	224	243	3.9	19.6
SA20160190_KJBEGOPM_03404	SA20160190_KJBEGOPM_03414	25.000	104	59	5	292	384	389	484	5.3	19.2
SA20160190_KJBEGOPM_03404	SA20160190_KJBEGOPM_03416	24.490	49	34	1	340	388	325	370	6.1	18.9
SA20160190_KJBEGOPM_03404	SA20160190_KJBEGOPM_03406	35.897	39	20	1	304	342	168	201	6.8	18.9
SA20160190_KJBEGOPM_03404	SA20160190_KJBEGOPM_03421	41.176	17	10	0	293	309	41	57	7.9	18.5
SA20160190_KJBEGOPM_03404	SA20160190_KJBEGOPM_03408	41.176	17	10	0	95	111	31	47	8.6	18.5
SA20160190_KJBEGOPM_03405	SA20160190_KJBEGOPM_03405	100.000	363	0	0	1	363	1	363	0.0	746
SA20160190_KJBEGOPM_03405	SA20160190_KJBEGOPM_03406	71.429	14	4	0	18	31	82	95	0.72	21.6
SA20160190_KJBEGOPM_03405	SA20160190_KJBEGOPM_03404	35.000	20	13	0	224	243	25	44	3.2	19.2
SA20160190_KJBEGOPM_03405	SA20160190_KJBEGOPM_03421	24.706	85	51	2	13	92	307	383	4.6	18.9
SA20160190_KJBEGOPM_03405	SA20160190_KJBEGOPM_03420	38.889	18	11	0	9	26	19	36	9.1	18.1
SA20160190_KJBEGOPM_03406	SA20160190_KJBEGOPM_03406	100.000	523	0	0	1	523	1	523	0.0	1082
SA20160190_KJBEGOPM_03406	SA20160190_KJBEGOPM_03408	24.348	115	83	3	406	520	429	539	0.11	24.6
SA20160190_KJBEGOPM_03406	SA20160190_KJBEGOPM_03405	71.429	14	4	0	82	95	18	31	1.1	21.6
SA20160190_KJBEGOPM_03406	SA20160190_KJBEGOPM_03423	37.037	27	17	0	183	209	95	121	1.7	20.8
SA20160190_KJBEGOPM_03406	SA20160190_KJBEGOPM_03412	47.368	19	10	0	6	24	210	228	5.5	19.2
SA20160190_KJBEGOPM_03406	SA20160190_KJBEGOPM_03404	35.897	39	20	1	168	201	304	342	8.1	18.9
SA20160190_KJBEGOPM_03406	SA20160190_KJBEGOPM_03415	29.545	44	31	0	456	499	129	172	8.7	18.5
SA20160190_KJBEGOPM_03407	SA20160190_KJBEGOPM_03407	100.000	314	0	0	1	314	1	314	0.0	654
SA20160190_KJBEGOPM_03407	SA20160190_KJBEGOPM_03418	30.189	53	28	2	173	224	381	425	0.87	21.2
SA20160190_KJBEGOPM_03407	SA20160190_KJBEGOPM_03417	42.105	19	11	0	154	172	7	25	1.8	20.0
SA20160190_KJBEGOPM_03407	SA20160190_KJBEGOPM_03415	27.907	43	20	2	5	38	417	457	6.1	18.5
SA20160190_KJBEGOPM_03407	SA20160190_KJBEGOPM_03414	41.667	12	7	0	292	303	99	110	9.9	17.7
SA20160190_KJBEGOPM_03408	SA20160190_KJBEGOPM_03408	100.000	574	0	0	1	574	1	574	0.0	1188
SA20160190_KJBEGOPM_03408	SA20160190_KJBEGOPM_03406	24.348	115	83	3	429	539	406	520	0.13	24.6
SA20160190_KJBEGOPM_03408	SA20160190_KJBEGOPM_03416	34.783	23	15	0	503	525	52	74	7.2	18.9
SA20160190_KJBEGOPM_03409	SA20160190_KJBEGOPM_03409	100.000	164	0	0	1	164	1	164	8.52e-120	326
SA20160190_KJBEGOPM_03409	SA20160190_KJBEGOPM_03414	25.000	92	45	5	7	77	262	350	0.27	21.6
SA20160190_KJBEGOPM_03409	SA20160190_KJBEGOPM_03421	29.630	27	19	0	126	152	343	369	7.9	16.9
SA20160190_KJBEGOPM_03409	SA20160190_KJBEGOPM_03407	28.571	35	25	0	94	128	54	88	8.3	16.9
SA20160190_KJBEGOPM_03410	SA20160190_KJBEGOPM_03410	100.000	334	0	0	1	334	1	334	0.0	687
SA20160190_KJBEGOPM_03410	SA20160190_KJBEGOPM_03414	30.769	26	18	0	212	237	179	204	0.39	22.3
SA20160190_KJBEGOPM_03410	SA20160190_KJBEGOPM_03415	38.095	21	13	0	296	316	401	421	0.79	21.2
SA20160190_KJBEGOPM_03410	SA20160190_KJBEGOPM_03413	45.833	24	13	0	250	273	24	47	4.6	18.5
SA20160190_KJBEGOPM_03410	SA20160190_KJBEGOPM_03417	30.769	26	18	0	74	99	219	244	5.1	18.5
SA20160190_KJBEGOPM_03410	SA20160190_KJBEGOPM_03419	41.667	12	7	0	275	286	337	348	8.1	18.1
SA20160190_KJBEGOPM_03410	SA20160190_KJBEGOPM_03418	36.842	19	12	0	143	161	106	124	8.8	17.7
SA20160190_KJBEGOPM_03411	SA20160190_KJBEGOPM_03411	100.000	152	0	0	1	152	1	152	2.66e-115	314
SA20160190_KJBEGOPM_03411	SA20160190_KJBEGOPM_03416	40.000	15	9	0	81	95	54	68	3.5	17.7
SA20160190_KJBEGOPM_03411	SA20160190_KJBEGOPM_03417	32.558	43	24	2	8	45	191	233	4.6	17.3
SA20160190_KJBEGOPM_03412	SA20160190_KJBEGOPM_03412	100.000	313	0	0	1	313	1	313	0.0	632
SA20160190_KJBEGOPM_03412	SA20160190_KJBEGOPM_03406	47.368	19	10	0	210	228	6	24	3.3	19.2
SA20160190_KJBEGOPM_03412	SA20160190_KJBEGOPM_03422	50.000	18	9	0	48	65	32	49	9.7	17.7
SA20160190_KJBEGOPM_03413	SA20160190_KJBEGOPM_03413	100.000	121	0	0	1	121	1	121	3.86e-89	245
SA20160190_KJBEGOPM_03413	SA20160190_KJBEGOPM_03410	45.833	24	13	0	24	47	250	273	1.7	18.5
SA20160190_KJBEGOPM_03413	SA20160190_KJBEGOPM_03416	50.000	8	4	0	39	46	36	43	4.4	17.3
SA20160190_KJBEGOPM_03413	SA20160190_KJBEGOPM_03405	36.364	22	14	0	4	25	37	58	6.6	16.5
SA20160190_KJBEGOPM_03414	SA20160190_KJBEGOPM_03414	100.000	588	0	0	1	588	1	588	0.0	1202
SA20160190_KJBEGOPM_03414	SA20160190_KJBEGOPM_03415	27.711	83	38	4	106	184	245	309	0.65	22.3
SA20160190_KJBEGOPM_03414	SA20160190_KJBEGOPM_03410	30.769	26	18	0	179	204	212	237	0.69	22.3
SA20160190_KJBEGOPM_03414	SA20160190_KJBEGOPM_03409	25.000	92	45	5	262	350	7	77	0.97	21.6
SA20160190_KJBEGOPM_03414	SA20160190_KJBEGOPM_03424	28.571	21	15	0	285	305	279	299	3.3	20.0
SA20160190_KJBEGOPM_03414	SA20160190_KJBEGOPM_03404	25.000	104	59	5	389	484	292	384	7.9	18.9
SA20160190_KJBEGOPM_03415	SA20160190_KJBEGOPM_03415	100.000	495	0	0	1	495	1	495	0.0	1013
SA20160190_KJBEGOPM_03415	SA20160190_KJBEGOPM_03418	25.714	245	127	11	111	345	107	306	1.28e-07	43.5
SA20160190_KJBEGOPM_03415	SA20160190_KJBEGOPM_03416	23.620	326	213	9	22	343	24	317	2.47e-07	42.7
SA20160190_KJBEGOPM_03415	SA20160190_KJBEGOPM_03421	28.000	150	81	7	106	250	113	240	1.07e-05	37.4
SA20160190_KJBEGOPM_03415	SA20160190_KJBEGOPM_03414	27.711	83	38	4	245	309	106	184	0.54	22.3
SA20160190_KJBEGOPM_03415	SA20160190_KJBEGOPM_03420	28.205	39	28	0	109	147	183	221	0.67	21.9
SA20160190_KJBEGOPM_03415	SA20160190_KJBEGOPM_03410	38.095	21	13	0	401	421	296	316	1.1	21.2
SA20160190_KJBEGOPM_03415	SA20160190_KJBEGOPM_03422	22.105	95	71	2	152	244	141	234	3.8	19.6
SA20160190_KJBEGOPM_03415	SA20160190_KJBEGOPM_03419	32.000	25	17	0	42	66	281	305	4.7	19.2
SA20160190_KJBEGOPM_03415	SA20160190_KJBEGOPM_03406	29.545	44	31	0	129	172	456	499	7.1	18.9
SA20160190_KJBEGOPM_03416	SA20160190_KJBEGOPM_03416	100.000	452	0	0	1	452	1	452	0.0	920
SA20160190_KJBEGOPM_03416	SA20160190_KJBEGOPM_03418	27.798	277	173	12	88	360	94	347	1.54e-07	43.1
SA20160190_KJBEGOPM_03416	SA20160190_KJBEGOPM_03415	23.620	326	213	9	24	317	22	343	6.98e-06	38.1
SA20160190_KJBEGOPM_03416	SA20160190_KJBEGOPM_03421	27.149	221	142	10	103	318	122	328	3.44e-05	35.8
SA20160190_KJBEGOPM_03416	SA20160190_KJBEGOPM_03420	25.806	31	23	0	99	129	182	212	1.7	20.8
SA20160190_KJBEGOPM_03416	SA20160190_KJBEGOPM_03406	29.231	65	39	3	179	240	210	270	2.2	20.4
SA20160190_KJBEGOPM_03416	SA20160190_KJBEGOPM_03408	34.783	23	15	0	52	74	503	525	5.3	19.2
SA20160190_KJBEGOPM_03416	SA20160190_KJBEGOPM_03404	24.490	49	34	1	325	370	340	388	6.6	18.9
SA20160190_KJBEGOPM_03417	SA20160190_KJBEGOPM_03417	100.000	360	0	0	1	360	1	360	0.0	718
SA20160190_KJBEGOPM_03417	SA20160190_KJBEGOPM_03407	42.105	19	11	0	7	25	154	172	2.0	20.0
SA20160190_KJBEGOPM_03417	SA20160190_KJBEGOPM_03410	30.769	26	18	0	219	244	74	99	5.5	18.5
SA20160190_KJBEGOPM_03417	SA20160190_KJBEGOPM_03423	23.077	52	31	1	284	335	75	117	8.7	18.1
SA20160190_KJBEGOPM_03418	SA20160190_KJBEGOPM_03418	100.000	438	0	0	1	438	1	438	0.0	897
SA20160190_KJBEGOPM_03418	SA20160190_KJBEGOPM_03421	26.506	249	150	7	80	306	93	330	1.39e-09	49.7
SA20160190_KJBEGOPM_03418	SA20160190_KJBEGOPM_03416	27.798	277	173	12	94	347	88	360	9.16e-05	34.3
SA20160190_KJBEGOPM_03418	SA20160190_KJBEGOPM_03415	25.862	174	95	8	157	306	182	345	2.58e-04	32.7
SA20160190_KJBEGOPM_03418	SA20160190_KJBEGOPM_03422	36.667	30	19	0	146	175	258	287	1.1	21.2
SA20160190_KJBEGOPM_03418	SA20160190_KJBEGOPM_03407	30.189	53	28	2	381	425	173	224	1.2	20.8
SA20160190_KJBEGOPM_03419	SA20160190_KJBEGOPM_03419	100.000	414	0	0	1	414	1	414	0.0	825
SA20160190_KJBEGOPM_03419	SA20160190_KJBEGOPM_03404	34.615	26	17	0	23	48	240	265	2.2	20.0
SA20160190_KJBEGOPM_03419	SA20160190_KJBEGOPM_03415	32.000	25	17	0	281	305	42	66	4.1	19.2
SA20160190_KJBEGOPM_03419	SA20160190_KJBEGOPM_03422	54.545	11	5	0	297	307	187	197	5.8	18.9
SA20160190_KJBEGOPM_03420	SA20160190_KJBEGOPM_03420	100.000	355	0	0	1	355	1	355	0.0	712
SA20160190_KJBEGOPM_03420	SA20160190_KJBEGOPM_03416	25.806	31	23	0	182	212	99	129	1.4	20.4
SA20160190_KJBEGOPM_03420	SA20160190_KJBEGOPM_03405	38.889	18	11	0	19	36	9	26	8.5	18.1
SA20160190_KJBEGOPM_03420	SA20160190_KJBEGOPM_03424	31.034	29	20	0	176	204	268	296	9.2	18.1
SA20160190_KJBEGOPM_03421	SA20160190_KJBEGOPM_03421	100.000	491	0	0	1	491	1	491	0.0	1006
SA20160190_KJBEGOPM_03421	SA20160190_KJBEGOPM_03418	26.616	263	160	7	79	330	66	306	7.01e-13	60.1
SA20160190_KJBEGOPM_03421	SA20160190_KJBEGOPM_03416	26.119	268	169	13	79	328	62	318	0.017	27.3
SA20160190_KJBEGOPM_03421	SA20160190_KJBEGOPM_03415	21.277	188	132	6	185	367	197	373	0.032	26.6
SA20160190_KJBEGOPM_03421	SA20160190_KJBEGOPM_03405	25.275	91	55	2	301	383	7	92	1.7	20.8
SA20160190_KJBEGOPM_03421	SA20160190_KJBEGOPM_03419	25.000	52	29	1	23	64	221	272	3.5	19.6
SA20160190_KJBEGOPM_03421	SA20160190_KJBEGOPM_03404	23.140	121	74	4	41	155	293	400	7.8	18.9
SA20160190_KJBEGOPM_03422	SA20160190_KJBEGOPM_03422	100.000	306	0	0	1	306	1	306	0.0	617
SA20160190_KJBEGOPM_03422	SA20160190_KJBEGOPM_03418	36.667	30	19	0	258	287	146	175	0.84	21.2
SA20160190_KJBEGOPM_03422	SA20160190_KJBEGOPM_03415	31.034	29	20	0	224	252	360	388	2.3	19.6
SA20160190_KJBEGOPM_03422	SA20160190_KJBEGOPM_03419	54.545	11	5	0	187	197	297	307	4.3	18.9
SA20160190_KJBEGOPM_03422	SA20160190_KJBEGOPM_03423	25.000	44	33	0	109	152	127	170	7.1	18.1
SA20160190_KJBEGOPM_03422	SA20160190_KJBEGOPM_03412	50.000	18	9	0	32	49	48	65	9.5	17.7
SA20160190_KJBEGOPM_03423	SA20160190_KJBEGOPM_03423	100.000	276	0	0	1	276	1	276	0.0	568
SA20160190_KJBEGOPM_03423	SA20160190_KJBEGOPM_03406	37.037	27	17	0	95	121	183	209	0.72	21.2
SA20160190_KJBEGOPM_03423	SA20160190_KJBEGOPM_03422	25.000	44	33	0	127	170	109	152	6.4	18.1
SA20160190_KJBEGOPM_03423	SA20160190_KJBEGOPM_03417	23.077	52	31	1	75	117	284	335	8.2	17.7
SA20160190_KJBEGOPM_03423	SA20160190_KJBEGOPM_03418	60.000	10	4	0	213	222	426	435	8.8	17.7
SA20160190_KJBEGOPM_03424	SA20160190_KJBEGOPM_03424	100.000	420	0	0	1	420	1	420	0.0	855
SA20160190_KJBEGOPM_03424	SA20160190_KJBEGOPM_03406	30.769	39	24	1	56	91	72	110	0.65	21.9
SA20160190_KJBEGOPM_03424	SA20160190_KJBEGOPM_03414	28.571	21	15	0	279	299	285	305	2.3	20.0
SA20160190_KJBEGOPM_03424	SA20160190_KJBEGOPM_03408	34.783	46	25	2	203	245	67	110	5.4	18.9
SA20160190_KJBEGOPM_03424	SA20160190_KJBEGOPM_03418	45.833	24	12	1	16	39	115	137	9.8	18.1
