SA20160228_MPFEEIDI_03104	SA20160197_BPNLNKPL_03167	100.000	466	0	0	1	466	1	466	0.0	963
SA20160228_MPFEEIDI_03104	SA20160197_BPNLNKPL_03182	34.615	26	17	0	240	265	23	48	2.7	20.0
SA20160228_MPFEEIDI_03104	SA20160197_BPNLNKPL_03168	35.000	20	13	0	25	44	224	243	4.3	19.2
SA20160228_MPFEEIDI_03104	SA20160197_BPNLNKPL_03177	25.000	104	59	5	292	384	389	484	5.4	19.2
SA20160228_MPFEEIDI_03104	SA20160197_BPNLNKPL_03179	24.490	49	34	1	340	388	325	370	6.1	18.9
SA20160228_MPFEEIDI_03104	SA20160197_BPNLNKPL_03169	35.897	39	20	1	304	342	168	201	6.6	18.9
SA20160228_MPFEEIDI_03104	SA20160197_BPNLNKPL_03184	41.176	17	10	0	293	309	41	57	7.9	18.5
SA20160228_MPFEEIDI_03104	SA20160197_BPNLNKPL_03171	41.176	17	10	0	95	111	31	47	8.4	18.5
SA20160228_MPFEEIDI_03105	SA20160197_BPNLNKPL_03168	100.000	363	0	0	1	363	1	363	0.0	748
SA20160228_MPFEEIDI_03105	SA20160197_BPNLNKPL_03169	71.429	14	4	0	18	31	82	95	0.71	21.6
SA20160228_MPFEEIDI_03105	SA20160197_BPNLNKPL_03167	35.000	20	13	0	224	243	25	44	3.4	19.2
SA20160228_MPFEEIDI_03105	SA20160197_BPNLNKPL_03184	24.706	85	51	2	13	92	307	383	6.4	18.5
SA20160228_MPFEEIDI_03105	SA20160197_BPNLNKPL_03183	38.889	18	11	0	9	26	19	36	10.0	17.7
SA20160228_MPFEEIDI_03106	SA20160197_BPNLNKPL_03169	100.000	523	0	0	1	523	1	523	0.0	1082
SA20160228_MPFEEIDI_03106	SA20160197_BPNLNKPL_03171	24.348	115	83	3	406	520	429	539	0.12	24.6
SA20160228_MPFEEIDI_03106	SA20160197_BPNLNKPL_03187	30.769	39	24	1	72	110	56	91	0.89	21.9
SA20160228_MPFEEIDI_03106	SA20160197_BPNLNKPL_03168	71.429	14	4	0	82	95	18	31	1.0	21.6
SA20160228_MPFEEIDI_03106	SA20160197_BPNLNKPL_03186	37.037	27	17	0	183	209	95	121	1.7	20.8
SA20160228_MPFEEIDI_03106	SA20160197_BPNLNKPL_03175	47.368	19	10	0	6	24	210	228	5.5	19.2
SA20160228_MPFEEIDI_03106	SA20160197_BPNLNKPL_03179	61.538	13	5	0	209	221	294	306	6.2	19.2
SA20160228_MPFEEIDI_03106	SA20160197_BPNLNKPL_03167	35.897	39	20	1	168	201	304	342	7.9	18.9
SA20160228_MPFEEIDI_03107	SA20160197_BPNLNKPL_03170	100.000	314	0	0	1	314	1	314	0.0	654
SA20160228_MPFEEIDI_03107	SA20160197_BPNLNKPL_03181	30.189	53	28	2	173	224	381	425	0.82	21.2
SA20160228_MPFEEIDI_03107	SA20160197_BPNLNKPL_03180	42.105	19	11	0	154	172	7	25	1.8	20.0
SA20160228_MPFEEIDI_03107	SA20160197_BPNLNKPL_03178	27.907	43	20	2	5	38	417	457	6.1	18.5
SA20160228_MPFEEIDI_03107	SA20160197_BPNLNKPL_03177	41.667	12	7	0	292	303	99	110	9.9	17.7
SA20160228_MPFEEIDI_03108	SA20160197_BPNLNKPL_03171	100.000	574	0	0	1	574	1	574	0.0	1189
SA20160228_MPFEEIDI_03108	SA20160197_BPNLNKPL_03169	24.348	115	83	3	429	539	406	520	0.13	24.6
SA20160228_MPFEEIDI_03108	SA20160197_BPNLNKPL_03178	28.571	49	32	1	473	518	425	473	6.6	19.2
SA20160228_MPFEEIDI_03108	SA20160197_BPNLNKPL_03179	34.783	23	15	0	503	525	52	74	7.3	18.9
SA20160228_MPFEEIDI_03108	SA20160197_BPNLNKPL_03187	34.783	46	25	2	67	110	203	245	8.2	18.9
SA20160228_MPFEEIDI_03109	SA20160197_BPNLNKPL_03172	100.000	164	0	0	1	164	1	164	8.52e-120	326
SA20160228_MPFEEIDI_03109	SA20160197_BPNLNKPL_03177	25.000	92	45	5	7	77	262	350	0.27	21.6
SA20160228_MPFEEIDI_03109	SA20160197_BPNLNKPL_03179	24.419	86	55	2	30	110	336	416	5.5	17.3
SA20160228_MPFEEIDI_03109	SA20160197_BPNLNKPL_03184	29.630	27	19	0	126	152	343	369	7.9	16.9
SA20160228_MPFEEIDI_03109	SA20160197_BPNLNKPL_03170	28.571	35	25	0	94	128	54	88	8.3	16.9
SA20160228_MPFEEIDI_03110	SA20160197_BPNLNKPL_03173	100.000	334	0	0	1	334	1	334	0.0	687
SA20160228_MPFEEIDI_03110	SA20160197_BPNLNKPL_03177	30.769	26	18	0	212	237	179	204	0.38	22.3
SA20160228_MPFEEIDI_03110	SA20160197_BPNLNKPL_03178	38.095	21	13	0	296	316	401	421	0.87	21.2
SA20160228_MPFEEIDI_03110	SA20160197_BPNLNKPL_03176	45.833	24	13	0	250	273	24	47	4.4	18.5
SA20160228_MPFEEIDI_03110	SA20160197_BPNLNKPL_03180	30.769	26	18	0	74	99	219	244	5.2	18.5
SA20160228_MPFEEIDI_03110	SA20160197_BPNLNKPL_03182	41.667	12	7	0	275	286	337	348	8.0	18.1
SA20160228_MPFEEIDI_03110	SA20160197_BPNLNKPL_03181	36.842	19	12	0	143	161	106	124	8.3	18.1
SA20160228_MPFEEIDI_03111	SA20160197_BPNLNKPL_03174	100.000	152	0	0	1	152	1	152	2.66e-115	314
SA20160228_MPFEEIDI_03111	SA20160197_BPNLNKPL_03179	40.000	15	9	0	81	95	54	68	3.5	17.7
SA20160228_MPFEEIDI_03111	SA20160197_BPNLNKPL_03180	32.558	43	24	2	8	45	191	233	4.6	17.3
SA20160228_MPFEEIDI_03112	SA20160197_BPNLNKPL_03175	100.000	313	0	0	1	313	1	313	0.0	632
SA20160228_MPFEEIDI_03112	SA20160197_BPNLNKPL_03169	47.368	19	10	0	210	228	6	24	3.3	19.2
SA20160228_MPFEEIDI_03112	SA20160197_BPNLNKPL_03185	50.000	18	9	0	48	65	32	49	9.7	17.7
SA20160228_MPFEEIDI_03113	SA20160197_BPNLNKPL_03176	100.000	121	0	0	1	121	1	121	3.86e-89	245
SA20160228_MPFEEIDI_03113	SA20160197_BPNLNKPL_03173	45.833	24	13	0	24	47	250	273	1.6	18.5
SA20160228_MPFEEIDI_03113	SA20160197_BPNLNKPL_03179	50.000	8	4	0	39	46	36	43	4.3	17.3
SA20160228_MPFEEIDI_03113	SA20160197_BPNLNKPL_03168	36.364	22	14	0	4	25	37	58	8.0	16.2
SA20160228_MPFEEIDI_03114	SA20160197_BPNLNKPL_03177	100.000	588	0	0	1	588	1	588	0.0	1202
SA20160228_MPFEEIDI_03114	SA20160197_BPNLNKPL_03173	30.769	26	18	0	179	204	212	237	0.68	22.3
SA20160228_MPFEEIDI_03114	SA20160197_BPNLNKPL_03172	25.000	92	45	5	262	350	7	77	0.97	21.6
SA20160228_MPFEEIDI_03114	SA20160197_BPNLNKPL_03178	27.711	83	38	4	106	184	245	309	2.0	20.8
SA20160228_MPFEEIDI_03114	SA20160197_BPNLNKPL_03187	28.571	21	15	0	285	305	279	299	3.3	20.0
SA20160228_MPFEEIDI_03114	SA20160197_BPNLNKPL_03167	25.000	104	59	5	389	484	292	384	7.6	18.9
SA20160228_MPFEEIDI_03115	SA20160197_BPNLNKPL_03178	100.000	495	0	0	1	495	1	495	0.0	1013
SA20160228_MPFEEIDI_03115	SA20160197_BPNLNKPL_03181	29.851	134	68	6	111	243	107	215	7.00e-08	44.3
SA20160228_MPFEEIDI_03115	SA20160197_BPNLNKPL_03179	23.620	326	213	9	22	343	24	317	1.03e-07	43.9
SA20160228_MPFEEIDI_03115	SA20160197_BPNLNKPL_03184	25.263	285	166	13	106	373	113	367	2.96e-06	39.3
SA20160228_MPFEEIDI_03115	SA20160197_BPNLNKPL_03183	28.205	39	28	0	109	147	183	221	0.62	22.3
SA20160228_MPFEEIDI_03115	SA20160197_BPNLNKPL_03173	38.095	21	13	0	401	421	296	316	1.3	21.2
SA20160228_MPFEEIDI_03115	SA20160197_BPNLNKPL_03177	27.711	83	38	4	245	309	106	184	1.5	21.2
SA20160228_MPFEEIDI_03115	SA20160197_BPNLNKPL_03185	33.333	27	18	0	362	388	226	252	4.2	19.6
SA20160228_MPFEEIDI_03115	SA20160197_BPNLNKPL_03182	32.000	25	17	0	42	66	281	305	4.6	19.2
SA20160228_MPFEEIDI_03115	SA20160197_BPNLNKPL_03171	28.571	49	32	1	425	473	473	518	4.9	19.2
SA20160228_MPFEEIDI_03116	SA20160197_BPNLNKPL_03179	100.000	452	0	0	1	452	1	452	0.0	919
SA20160228_MPFEEIDI_03116	SA20160197_BPNLNKPL_03181	28.159	277	172	12	88	360	94	347	5.04e-08	44.7
SA20160228_MPFEEIDI_03116	SA20160197_BPNLNKPL_03178	23.620	326	213	9	24	317	22	343	2.96e-06	39.3
SA20160228_MPFEEIDI_03116	SA20160197_BPNLNKPL_03184	27.149	221	142	10	103	318	122	328	3.85e-05	35.4
SA20160228_MPFEEIDI_03116	SA20160197_BPNLNKPL_03183	25.806	31	23	0	99	129	182	212	1.7	20.8
SA20160228_MPFEEIDI_03116	SA20160197_BPNLNKPL_03169	60.000	15	6	0	292	306	207	221	2.1	20.4
SA20160228_MPFEEIDI_03116	SA20160197_BPNLNKPL_03171	34.783	23	15	0	52	74	503	525	5.4	19.2
SA20160228_MPFEEIDI_03116	SA20160197_BPNLNKPL_03167	24.490	49	34	1	325	370	340	388	6.8	18.9
SA20160228_MPFEEIDI_03116	SA20160197_BPNLNKPL_03185	27.907	43	31	0	266	308	251	293	8.3	18.5
SA20160228_MPFEEIDI_03117	SA20160197_BPNLNKPL_03180	100.000	360	0	0	1	360	1	360	0.0	718
SA20160228_MPFEEIDI_03117	SA20160197_BPNLNKPL_03170	42.105	19	11	0	7	25	154	172	2.0	20.0
SA20160228_MPFEEIDI_03117	SA20160197_BPNLNKPL_03186	31.250	32	21	1	57	87	8	39	2.1	20.0
SA20160228_MPFEEIDI_03117	SA20160197_BPNLNKPL_03173	30.769	26	18	0	219	244	74	99	5.6	18.5
SA20160228_MPFEEIDI_03118	SA20160197_BPNLNKPL_03181	100.000	438	0	0	1	438	1	438	0.0	895
SA20160228_MPFEEIDI_03118	SA20160197_BPNLNKPL_03184	26.506	249	150	7	80	306	93	330	1.24e-09	49.7
SA20160228_MPFEEIDI_03118	SA20160197_BPNLNKPL_03179	28.159	277	172	12	94	347	88	360	3.12e-05	35.8
SA20160228_MPFEEIDI_03118	SA20160197_BPNLNKPL_03178	29.851	134	68	6	107	215	111	243	0.038	25.8
SA20160228_MPFEEIDI_03118	SA20160197_BPNLNKPL_03170	30.189	53	28	2	381	425	173	224	1.2	21.2
SA20160228_MPFEEIDI_03118	SA20160197_BPNLNKPL_03185	36.667	30	19	0	146	175	258	287	1.2	21.2
SA20160228_MPFEEIDI_03119	SA20160197_BPNLNKPL_03182	100.000	414	0	0	1	414	1	414	0.0	825
SA20160228_MPFEEIDI_03119	SA20160197_BPNLNKPL_03167	34.615	26	17	0	23	48	240	265	2.2	20.0
SA20160228_MPFEEIDI_03119	SA20160197_BPNLNKPL_03178	32.000	25	17	0	281	305	42	66	4.0	19.2
SA20160228_MPFEEIDI_03119	SA20160197_BPNLNKPL_03185	54.545	11	5	0	297	307	187	197	5.8	18.9
SA20160228_MPFEEIDI_03120	SA20160197_BPNLNKPL_03183	100.000	355	0	0	1	355	1	355	0.0	712
SA20160228_MPFEEIDI_03120	SA20160197_BPNLNKPL_03179	25.806	31	23	0	182	212	99	129	1.4	20.4
SA20160228_MPFEEIDI_03120	SA20160197_BPNLNKPL_03187	31.034	29	20	0	176	204	268	296	9.2	18.1
SA20160228_MPFEEIDI_03120	SA20160197_BPNLNKPL_03168	38.889	18	11	0	19	36	9	26	9.8	17.7
SA20160228_MPFEEIDI_03121	SA20160197_BPNLNKPL_03184	100.000	491	0	0	1	491	1	491	0.0	1006
SA20160228_MPFEEIDI_03121	SA20160197_BPNLNKPL_03181	26.616	263	160	7	79	330	66	306	7.01e-13	60.1
SA20160228_MPFEEIDI_03121	SA20160197_BPNLNKPL_03178	23.500	200	113	8	185	367	197	373	0.001	30.8
SA20160228_MPFEEIDI_03121	SA20160197_BPNLNKPL_03179	26.119	268	169	13	79	328	62	318	0.023	26.9
SA20160228_MPFEEIDI_03121	SA20160197_BPNLNKPL_03168	25.275	91	55	2	301	383	7	92	2.3	20.4
SA20160228_MPFEEIDI_03121	SA20160197_BPNLNKPL_03182	25.000	52	29	1	23	64	221	272	3.5	19.6
SA20160228_MPFEEIDI_03121	SA20160197_BPNLNKPL_03172	25.000	48	33	2	16	61	2	48	5.8	18.9
SA20160228_MPFEEIDI_03121	SA20160197_BPNLNKPL_03167	23.140	121	74	4	41	155	293	400	7.6	18.9
SA20160228_MPFEEIDI_03122	SA20160197_BPNLNKPL_03185	100.000	306	0	0	1	306	1	306	0.0	617
SA20160228_MPFEEIDI_03122	SA20160197_BPNLNKPL_03181	36.667	30	19	0	258	287	146	175	0.82	21.2
SA20160228_MPFEEIDI_03122	SA20160197_BPNLNKPL_03178	33.333	27	18	0	226	252	362	388	2.5	19.6
SA20160228_MPFEEIDI_03122	SA20160197_BPNLNKPL_03182	54.545	11	5	0	187	197	297	307	4.3	18.9
SA20160228_MPFEEIDI_03122	SA20160197_BPNLNKPL_03175	50.000	18	9	0	32	49	48	65	9.5	17.7
SA20160228_MPFEEIDI_03123	SA20160197_BPNLNKPL_03186	100.000	276	0	0	1	276	1	276	0.0	569
SA20160228_MPFEEIDI_03123	SA20160197_BPNLNKPL_03169	37.037	27	17	0	95	121	183	209	0.68	21.2
SA20160228_MPFEEIDI_03123	SA20160197_BPNLNKPL_03180	31.250	32	21	1	8	39	57	87	1.7	20.0
SA20160228_MPFEEIDI_03123	SA20160197_BPNLNKPL_03181	60.000	10	4	0	213	222	426	435	8.8	17.7
SA20160228_MPFEEIDI_03124	SA20160197_BPNLNKPL_03187	100.000	420	0	0	1	420	1	420	0.0	855
SA20160228_MPFEEIDI_03124	SA20160197_BPNLNKPL_03169	30.769	39	24	1	56	91	72	110	0.65	21.9
SA20160228_MPFEEIDI_03124	SA20160197_BPNLNKPL_03177	28.571	21	15	0	279	299	285	305	2.3	20.0
SA20160228_MPFEEIDI_03124	SA20160197_BPNLNKPL_03171	34.783	46	25	2	203	245	67	110	5.2	18.9
SA20160228_MPFEEIDI_03124	SA20160197_BPNLNKPL_03181	45.833	24	12	1	16	39	115	137	9.9	18.1
SA20160197_BPNLNKPL_03167	SA20160197_BPNLNKPL_03167	100.000	466	0	0	1	466	1	466	0.0	963
SA20160197_BPNLNKPL_03167	SA20160197_BPNLNKPL_03182	34.615	26	17	0	240	265	23	48	2.7	20.0
SA20160197_BPNLNKPL_03167	SA20160197_BPNLNKPL_03168	35.000	20	13	0	25	44	224	243	4.3	19.2
SA20160197_BPNLNKPL_03167	SA20160197_BPNLNKPL_03177	25.000	104	59	5	292	384	389	484	5.4	19.2
SA20160197_BPNLNKPL_03167	SA20160197_BPNLNKPL_03179	24.490	49	34	1	340	388	325	370	6.1	18.9
SA20160197_BPNLNKPL_03167	SA20160197_BPNLNKPL_03169	35.897	39	20	1	304	342	168	201	6.6	18.9
SA20160197_BPNLNKPL_03167	SA20160197_BPNLNKPL_03184	41.176	17	10	0	293	309	41	57	7.9	18.5
SA20160197_BPNLNKPL_03167	SA20160197_BPNLNKPL_03171	41.176	17	10	0	95	111	31	47	8.4	18.5
SA20160197_BPNLNKPL_03168	SA20160197_BPNLNKPL_03168	100.000	363	0	0	1	363	1	363	0.0	748
SA20160197_BPNLNKPL_03168	SA20160197_BPNLNKPL_03169	71.429	14	4	0	18	31	82	95	0.71	21.6
SA20160197_BPNLNKPL_03168	SA20160197_BPNLNKPL_03167	35.000	20	13	0	224	243	25	44	3.4	19.2
SA20160197_BPNLNKPL_03168	SA20160197_BPNLNKPL_03184	24.706	85	51	2	13	92	307	383	6.4	18.5
SA20160197_BPNLNKPL_03168	SA20160197_BPNLNKPL_03183	38.889	18	11	0	9	26	19	36	10.0	17.7
SA20160197_BPNLNKPL_03169	SA20160197_BPNLNKPL_03169	100.000	523	0	0	1	523	1	523	0.0	1082
SA20160197_BPNLNKPL_03169	SA20160197_BPNLNKPL_03171	24.348	115	83	3	406	520	429	539	0.12	24.6
SA20160197_BPNLNKPL_03169	SA20160197_BPNLNKPL_03168	71.429	14	4	0	82	95	18	31	1.0	21.6
SA20160197_BPNLNKPL_03169	SA20160197_BPNLNKPL_03186	37.037	27	17	0	183	209	95	121	1.7	20.8
SA20160197_BPNLNKPL_03169	SA20160197_BPNLNKPL_03175	47.368	19	10	0	6	24	210	228	5.5	19.2
SA20160197_BPNLNKPL_03169	SA20160197_BPNLNKPL_03179	61.538	13	5	0	209	221	294	306	6.2	19.2
SA20160197_BPNLNKPL_03169	SA20160197_BPNLNKPL_03167	35.897	39	20	1	168	201	304	342	7.9	18.9
SA20160197_BPNLNKPL_03170	SA20160197_BPNLNKPL_03170	100.000	314	0	0	1	314	1	314	0.0	654
SA20160197_BPNLNKPL_03170	SA20160197_BPNLNKPL_03181	30.189	53	28	2	173	224	381	425	0.82	21.2
SA20160197_BPNLNKPL_03170	SA20160197_BPNLNKPL_03180	42.105	19	11	0	154	172	7	25	1.8	20.0
SA20160197_BPNLNKPL_03170	SA20160197_BPNLNKPL_03178	27.907	43	20	2	5	38	417	457	6.1	18.5
SA20160197_BPNLNKPL_03170	SA20160197_BPNLNKPL_03177	41.667	12	7	0	292	303	99	110	9.9	17.7
SA20160197_BPNLNKPL_03171	SA20160197_BPNLNKPL_03171	100.000	574	0	0	1	574	1	574	0.0	1189
SA20160197_BPNLNKPL_03171	SA20160197_BPNLNKPL_03169	24.348	115	83	3	429	539	406	520	0.13	24.6
SA20160197_BPNLNKPL_03171	SA20160197_BPNLNKPL_03179	34.783	23	15	0	503	525	52	74	7.3	18.9
SA20160197_BPNLNKPL_03172	SA20160197_BPNLNKPL_03172	100.000	164	0	0	1	164	1	164	8.52e-120	326
SA20160197_BPNLNKPL_03172	SA20160197_BPNLNKPL_03177	25.000	92	45	5	7	77	262	350	0.27	21.6
SA20160197_BPNLNKPL_03172	SA20160197_BPNLNKPL_03179	24.419	86	55	2	30	110	336	416	5.5	17.3
SA20160197_BPNLNKPL_03172	SA20160197_BPNLNKPL_03184	29.630	27	19	0	126	152	343	369	7.9	16.9
SA20160197_BPNLNKPL_03172	SA20160197_BPNLNKPL_03170	28.571	35	25	0	94	128	54	88	8.3	16.9
SA20160197_BPNLNKPL_03173	SA20160197_BPNLNKPL_03173	100.000	334	0	0	1	334	1	334	0.0	687
SA20160197_BPNLNKPL_03173	SA20160197_BPNLNKPL_03177	30.769	26	18	0	212	237	179	204	0.38	22.3
SA20160197_BPNLNKPL_03173	SA20160197_BPNLNKPL_03178	38.095	21	13	0	296	316	401	421	0.87	21.2
SA20160197_BPNLNKPL_03173	SA20160197_BPNLNKPL_03176	45.833	24	13	0	250	273	24	47	4.4	18.5
SA20160197_BPNLNKPL_03173	SA20160197_BPNLNKPL_03180	30.769	26	18	0	74	99	219	244	5.2	18.5
SA20160197_BPNLNKPL_03173	SA20160197_BPNLNKPL_03182	41.667	12	7	0	275	286	337	348	8.0	18.1
SA20160197_BPNLNKPL_03173	SA20160197_BPNLNKPL_03181	36.842	19	12	0	143	161	106	124	8.3	18.1
SA20160197_BPNLNKPL_03174	SA20160197_BPNLNKPL_03174	100.000	152	0	0	1	152	1	152	2.66e-115	314
SA20160197_BPNLNKPL_03174	SA20160197_BPNLNKPL_03179	40.000	15	9	0	81	95	54	68	3.5	17.7
SA20160197_BPNLNKPL_03174	SA20160197_BPNLNKPL_03180	32.558	43	24	2	8	45	191	233	4.6	17.3
SA20160197_BPNLNKPL_03175	SA20160197_BPNLNKPL_03175	100.000	313	0	0	1	313	1	313	0.0	632
SA20160197_BPNLNKPL_03175	SA20160197_BPNLNKPL_03169	47.368	19	10	0	210	228	6	24	3.3	19.2
SA20160197_BPNLNKPL_03175	SA20160197_BPNLNKPL_03185	50.000	18	9	0	48	65	32	49	9.7	17.7
SA20160197_BPNLNKPL_03176	SA20160197_BPNLNKPL_03176	100.000	121	0	0	1	121	1	121	3.86e-89	245
SA20160197_BPNLNKPL_03176	SA20160197_BPNLNKPL_03173	45.833	24	13	0	24	47	250	273	1.6	18.5
SA20160197_BPNLNKPL_03176	SA20160197_BPNLNKPL_03179	50.000	8	4	0	39	46	36	43	4.3	17.3
SA20160197_BPNLNKPL_03176	SA20160197_BPNLNKPL_03168	36.364	22	14	0	4	25	37	58	8.0	16.2
SA20160197_BPNLNKPL_03177	SA20160197_BPNLNKPL_03177	100.000	588	0	0	1	588	1	588	0.0	1202
SA20160197_BPNLNKPL_03177	SA20160197_BPNLNKPL_03173	30.769	26	18	0	179	204	212	237	0.68	22.3
SA20160197_BPNLNKPL_03177	SA20160197_BPNLNKPL_03172	25.000	92	45	5	262	350	7	77	0.97	21.6
SA20160197_BPNLNKPL_03177	SA20160197_BPNLNKPL_03178	27.711	83	38	4	106	184	245	309	2.0	20.8
SA20160197_BPNLNKPL_03177	SA20160197_BPNLNKPL_03187	28.571	21	15	0	285	305	279	299	3.3	20.0
SA20160197_BPNLNKPL_03177	SA20160197_BPNLNKPL_03167	25.000	104	59	5	389	484	292	384	7.6	18.9
SA20160197_BPNLNKPL_03178	SA20160197_BPNLNKPL_03178	100.000	495	0	0	1	495	1	495	0.0	1013
SA20160197_BPNLNKPL_03178	SA20160197_BPNLNKPL_03181	29.851	134	68	6	111	243	107	215	7.00e-08	44.3
SA20160197_BPNLNKPL_03178	SA20160197_BPNLNKPL_03179	23.620	326	213	9	22	343	24	317	1.03e-07	43.9
SA20160197_BPNLNKPL_03178	SA20160197_BPNLNKPL_03184	25.263	285	166	13	106	373	113	367	2.96e-06	39.3
SA20160197_BPNLNKPL_03178	SA20160197_BPNLNKPL_03183	28.205	39	28	0	109	147	183	221	0.62	22.3
SA20160197_BPNLNKPL_03178	SA20160197_BPNLNKPL_03173	38.095	21	13	0	401	421	296	316	1.3	21.2
SA20160197_BPNLNKPL_03178	SA20160197_BPNLNKPL_03177	27.711	83	38	4	245	309	106	184	1.5	21.2
SA20160197_BPNLNKPL_03178	SA20160197_BPNLNKPL_03185	33.333	27	18	0	362	388	226	252	4.2	19.6
SA20160197_BPNLNKPL_03178	SA20160197_BPNLNKPL_03182	32.000	25	17	0	42	66	281	305	4.6	19.2
SA20160197_BPNLNKPL_03179	SA20160197_BPNLNKPL_03179	100.000	452	0	0	1	452	1	452	0.0	919
SA20160197_BPNLNKPL_03179	SA20160197_BPNLNKPL_03181	28.159	277	172	12	88	360	94	347	5.04e-08	44.7
SA20160197_BPNLNKPL_03179	SA20160197_BPNLNKPL_03178	23.620	326	213	9	24	317	22	343	2.96e-06	39.3
SA20160197_BPNLNKPL_03179	SA20160197_BPNLNKPL_03184	27.149	221	142	10	103	318	122	328	3.85e-05	35.4
SA20160197_BPNLNKPL_03179	SA20160197_BPNLNKPL_03183	25.806	31	23	0	99	129	182	212	1.7	20.8
SA20160197_BPNLNKPL_03179	SA20160197_BPNLNKPL_03169	60.000	15	6	0	292	306	207	221	2.1	20.4
SA20160197_BPNLNKPL_03179	SA20160197_BPNLNKPL_03171	34.783	23	15	0	52	74	503	525	5.4	19.2
SA20160197_BPNLNKPL_03179	SA20160197_BPNLNKPL_03167	24.490	49	34	1	325	370	340	388	6.8	18.9
SA20160197_BPNLNKPL_03179	SA20160197_BPNLNKPL_03185	27.907	43	31	0	266	308	251	293	8.3	18.5
SA20160197_BPNLNKPL_03180	SA20160197_BPNLNKPL_03180	100.000	360	0	0	1	360	1	360	0.0	718
SA20160197_BPNLNKPL_03180	SA20160197_BPNLNKPL_03170	42.105	19	11	0	7	25	154	172	2.0	20.0
SA20160197_BPNLNKPL_03180	SA20160197_BPNLNKPL_03173	30.769	26	18	0	219	244	74	99	5.6	18.5
SA20160197_BPNLNKPL_03180	SA20160197_BPNLNKPL_03186	23.077	52	31	1	284	335	75	117	8.8	18.1
SA20160197_BPNLNKPL_03181	SA20160197_BPNLNKPL_03181	100.000	438	0	0	1	438	1	438	0.0	895
SA20160197_BPNLNKPL_03181	SA20160197_BPNLNKPL_03184	26.506	249	150	7	80	306	93	330	1.24e-09	49.7
SA20160197_BPNLNKPL_03181	SA20160197_BPNLNKPL_03179	28.159	277	172	12	94	347	88	360	3.12e-05	35.8
SA20160197_BPNLNKPL_03181	SA20160197_BPNLNKPL_03178	29.851	134	68	6	107	215	111	243	0.038	25.8
SA20160197_BPNLNKPL_03181	SA20160197_BPNLNKPL_03170	30.189	53	28	2	381	425	173	224	1.2	21.2
SA20160197_BPNLNKPL_03181	SA20160197_BPNLNKPL_03185	36.667	30	19	0	146	175	258	287	1.2	21.2
SA20160197_BPNLNKPL_03182	SA20160197_BPNLNKPL_03182	100.000	414	0	0	1	414	1	414	0.0	825
SA20160197_BPNLNKPL_03182	SA20160197_BPNLNKPL_03167	34.615	26	17	0	23	48	240	265	2.2	20.0
SA20160197_BPNLNKPL_03182	SA20160197_BPNLNKPL_03178	32.000	25	17	0	281	305	42	66	4.0	19.2
SA20160197_BPNLNKPL_03182	SA20160197_BPNLNKPL_03185	54.545	11	5	0	297	307	187	197	5.8	18.9
SA20160197_BPNLNKPL_03183	SA20160197_BPNLNKPL_03183	100.000	355	0	0	1	355	1	355	0.0	712
SA20160197_BPNLNKPL_03183	SA20160197_BPNLNKPL_03179	25.806	31	23	0	182	212	99	129	1.4	20.4
SA20160197_BPNLNKPL_03183	SA20160197_BPNLNKPL_03187	31.034	29	20	0	176	204	268	296	9.2	18.1
SA20160197_BPNLNKPL_03183	SA20160197_BPNLNKPL_03168	38.889	18	11	0	19	36	9	26	9.8	17.7
SA20160197_BPNLNKPL_03184	SA20160197_BPNLNKPL_03184	100.000	491	0	0	1	491	1	491	0.0	1006
SA20160197_BPNLNKPL_03184	SA20160197_BPNLNKPL_03181	26.616	263	160	7	79	330	66	306	7.01e-13	60.1
SA20160197_BPNLNKPL_03184	SA20160197_BPNLNKPL_03178	23.500	200	113	8	185	367	197	373	0.001	30.8
SA20160197_BPNLNKPL_03184	SA20160197_BPNLNKPL_03179	26.119	268	169	13	79	328	62	318	0.023	26.9
SA20160197_BPNLNKPL_03184	SA20160197_BPNLNKPL_03168	25.275	91	55	2	301	383	7	92	2.3	20.4
SA20160197_BPNLNKPL_03184	SA20160197_BPNLNKPL_03182	25.000	52	29	1	23	64	221	272	3.5	19.6
SA20160197_BPNLNKPL_03184	SA20160197_BPNLNKPL_03167	23.140	121	74	4	41	155	293	400	7.6	18.9
SA20160197_BPNLNKPL_03185	SA20160197_BPNLNKPL_03185	100.000	306	0	0	1	306	1	306	0.0	617
SA20160197_BPNLNKPL_03185	SA20160197_BPNLNKPL_03181	36.667	30	19	0	258	287	146	175	0.82	21.2
SA20160197_BPNLNKPL_03185	SA20160197_BPNLNKPL_03178	33.333	27	18	0	226	252	362	388	2.5	19.6
SA20160197_BPNLNKPL_03185	SA20160197_BPNLNKPL_03182	54.545	11	5	0	187	197	297	307	4.3	18.9
SA20160197_BPNLNKPL_03185	SA20160197_BPNLNKPL_03175	50.000	18	9	0	32	49	48	65	9.5	17.7
SA20160197_BPNLNKPL_03186	SA20160197_BPNLNKPL_03186	100.000	276	0	0	1	276	1	276	0.0	569
SA20160197_BPNLNKPL_03186	SA20160197_BPNLNKPL_03169	37.037	27	17	0	95	121	183	209	0.68	21.2
SA20160197_BPNLNKPL_03186	SA20160197_BPNLNKPL_03180	23.077	52	31	1	75	117	284	335	8.0	17.7
SA20160197_BPNLNKPL_03186	SA20160197_BPNLNKPL_03181	60.000	10	4	0	213	222	426	435	8.8	17.7
SA20160197_BPNLNKPL_03187	SA20160197_BPNLNKPL_03187	100.000	420	0	0	1	420	1	420	0.0	855
SA20160197_BPNLNKPL_03187	SA20160197_BPNLNKPL_03169	30.769	39	24	1	56	91	72	110	0.65	21.9
SA20160197_BPNLNKPL_03187	SA20160197_BPNLNKPL_03177	28.571	21	15	0	279	299	285	305	2.3	20.0
SA20160197_BPNLNKPL_03187	SA20160197_BPNLNKPL_03171	34.783	46	25	2	203	245	67	110	5.2	18.9
SA20160197_BPNLNKPL_03187	SA20160197_BPNLNKPL_03181	45.833	24	12	1	16	39	115	137	9.9	18.1
SA20160228_MPFEEIDI_03104	SA20160228_MPFEEIDI_03104	100.000	466	0	0	1	466	1	466	0.0	963
SA20160228_MPFEEIDI_03104	SA20160228_MPFEEIDI_03119	34.615	26	17	0	240	265	23	48	2.7	20.0
SA20160228_MPFEEIDI_03104	SA20160228_MPFEEIDI_03105	35.000	20	13	0	25	44	224	243	4.3	19.2
SA20160228_MPFEEIDI_03104	SA20160228_MPFEEIDI_03114	25.000	104	59	5	292	384	389	484	5.4	19.2
SA20160228_MPFEEIDI_03104	SA20160228_MPFEEIDI_03116	24.490	49	34	1	340	388	325	370	6.1	18.9
SA20160228_MPFEEIDI_03104	SA20160228_MPFEEIDI_03106	35.897	39	20	1	304	342	168	201	6.6	18.9
SA20160228_MPFEEIDI_03104	SA20160228_MPFEEIDI_03121	41.176	17	10	0	293	309	41	57	7.9	18.5
SA20160228_MPFEEIDI_03104	SA20160228_MPFEEIDI_03108	41.176	17	10	0	95	111	31	47	8.4	18.5
SA20160228_MPFEEIDI_03105	SA20160228_MPFEEIDI_03105	100.000	363	0	0	1	363	1	363	0.0	748
SA20160228_MPFEEIDI_03105	SA20160228_MPFEEIDI_03106	71.429	14	4	0	18	31	82	95	0.71	21.6
SA20160228_MPFEEIDI_03105	SA20160228_MPFEEIDI_03104	35.000	20	13	0	224	243	25	44	3.4	19.2
SA20160228_MPFEEIDI_03105	SA20160228_MPFEEIDI_03121	24.706	85	51	2	13	92	307	383	6.4	18.5
SA20160228_MPFEEIDI_03105	SA20160228_MPFEEIDI_03120	38.889	18	11	0	9	26	19	36	10.0	17.7
SA20160228_MPFEEIDI_03106	SA20160228_MPFEEIDI_03106	100.000	523	0	0	1	523	1	523	0.0	1082
SA20160228_MPFEEIDI_03106	SA20160228_MPFEEIDI_03108	24.348	115	83	3	406	520	429	539	0.12	24.6
SA20160228_MPFEEIDI_03106	SA20160228_MPFEEIDI_03105	71.429	14	4	0	82	95	18	31	1.0	21.6
SA20160228_MPFEEIDI_03106	SA20160228_MPFEEIDI_03123	37.037	27	17	0	183	209	95	121	1.7	20.8
SA20160228_MPFEEIDI_03106	SA20160228_MPFEEIDI_03112	47.368	19	10	0	6	24	210	228	5.5	19.2
SA20160228_MPFEEIDI_03106	SA20160228_MPFEEIDI_03116	61.538	13	5	0	209	221	294	306	6.2	19.2
SA20160228_MPFEEIDI_03106	SA20160228_MPFEEIDI_03104	35.897	39	20	1	168	201	304	342	7.9	18.9
SA20160228_MPFEEIDI_03107	SA20160228_MPFEEIDI_03107	100.000	314	0	0	1	314	1	314	0.0	654
SA20160228_MPFEEIDI_03107	SA20160228_MPFEEIDI_03118	30.189	53	28	2	173	224	381	425	0.82	21.2
SA20160228_MPFEEIDI_03107	SA20160228_MPFEEIDI_03117	42.105	19	11	0	154	172	7	25	1.8	20.0
SA20160228_MPFEEIDI_03107	SA20160228_MPFEEIDI_03115	27.907	43	20	2	5	38	417	457	6.1	18.5
SA20160228_MPFEEIDI_03107	SA20160228_MPFEEIDI_03114	41.667	12	7	0	292	303	99	110	9.9	17.7
SA20160228_MPFEEIDI_03108	SA20160228_MPFEEIDI_03108	100.000	574	0	0	1	574	1	574	0.0	1189
SA20160228_MPFEEIDI_03108	SA20160228_MPFEEIDI_03106	24.348	115	83	3	429	539	406	520	0.13	24.6
SA20160228_MPFEEIDI_03108	SA20160228_MPFEEIDI_03116	34.783	23	15	0	503	525	52	74	7.3	18.9
SA20160228_MPFEEIDI_03109	SA20160228_MPFEEIDI_03109	100.000	164	0	0	1	164	1	164	8.52e-120	326
SA20160228_MPFEEIDI_03109	SA20160228_MPFEEIDI_03114	25.000	92	45	5	7	77	262	350	0.27	21.6
SA20160228_MPFEEIDI_03109	SA20160228_MPFEEIDI_03116	24.419	86	55	2	30	110	336	416	5.5	17.3
SA20160228_MPFEEIDI_03109	SA20160228_MPFEEIDI_03121	29.630	27	19	0	126	152	343	369	7.9	16.9
SA20160228_MPFEEIDI_03109	SA20160228_MPFEEIDI_03107	28.571	35	25	0	94	128	54	88	8.3	16.9
SA20160228_MPFEEIDI_03110	SA20160228_MPFEEIDI_03110	100.000	334	0	0	1	334	1	334	0.0	687
SA20160228_MPFEEIDI_03110	SA20160228_MPFEEIDI_03114	30.769	26	18	0	212	237	179	204	0.38	22.3
SA20160228_MPFEEIDI_03110	SA20160228_MPFEEIDI_03115	38.095	21	13	0	296	316	401	421	0.87	21.2
SA20160228_MPFEEIDI_03110	SA20160228_MPFEEIDI_03113	45.833	24	13	0	250	273	24	47	4.4	18.5
SA20160228_MPFEEIDI_03110	SA20160228_MPFEEIDI_03117	30.769	26	18	0	74	99	219	244	5.2	18.5
SA20160228_MPFEEIDI_03110	SA20160228_MPFEEIDI_03119	41.667	12	7	0	275	286	337	348	8.0	18.1
SA20160228_MPFEEIDI_03110	SA20160228_MPFEEIDI_03118	36.842	19	12	0	143	161	106	124	8.3	18.1
SA20160228_MPFEEIDI_03111	SA20160228_MPFEEIDI_03111	100.000	152	0	0	1	152	1	152	2.66e-115	314
SA20160228_MPFEEIDI_03111	SA20160228_MPFEEIDI_03116	40.000	15	9	0	81	95	54	68	3.5	17.7
SA20160228_MPFEEIDI_03111	SA20160228_MPFEEIDI_03117	32.558	43	24	2	8	45	191	233	4.6	17.3
SA20160228_MPFEEIDI_03112	SA20160228_MPFEEIDI_03112	100.000	313	0	0	1	313	1	313	0.0	632
SA20160228_MPFEEIDI_03112	SA20160228_MPFEEIDI_03106	47.368	19	10	0	210	228	6	24	3.3	19.2
SA20160228_MPFEEIDI_03112	SA20160228_MPFEEIDI_03122	50.000	18	9	0	48	65	32	49	9.7	17.7
SA20160228_MPFEEIDI_03113	SA20160228_MPFEEIDI_03113	100.000	121	0	0	1	121	1	121	3.86e-89	245
SA20160228_MPFEEIDI_03113	SA20160228_MPFEEIDI_03110	45.833	24	13	0	24	47	250	273	1.6	18.5
SA20160228_MPFEEIDI_03113	SA20160228_MPFEEIDI_03116	50.000	8	4	0	39	46	36	43	4.3	17.3
SA20160228_MPFEEIDI_03113	SA20160228_MPFEEIDI_03105	36.364	22	14	0	4	25	37	58	8.0	16.2
SA20160228_MPFEEIDI_03114	SA20160228_MPFEEIDI_03114	100.000	588	0	0	1	588	1	588	0.0	1202
SA20160228_MPFEEIDI_03114	SA20160228_MPFEEIDI_03110	30.769	26	18	0	179	204	212	237	0.68	22.3
SA20160228_MPFEEIDI_03114	SA20160228_MPFEEIDI_03109	25.000	92	45	5	262	350	7	77	0.97	21.6
SA20160228_MPFEEIDI_03114	SA20160228_MPFEEIDI_03115	27.711	83	38	4	106	184	245	309	2.0	20.8
SA20160228_MPFEEIDI_03114	SA20160228_MPFEEIDI_03124	28.571	21	15	0	285	305	279	299	3.3	20.0
SA20160228_MPFEEIDI_03114	SA20160228_MPFEEIDI_03104	25.000	104	59	5	389	484	292	384	7.6	18.9
SA20160228_MPFEEIDI_03115	SA20160228_MPFEEIDI_03115	100.000	495	0	0	1	495	1	495	0.0	1013
SA20160228_MPFEEIDI_03115	SA20160228_MPFEEIDI_03118	29.851	134	68	6	111	243	107	215	7.00e-08	44.3
SA20160228_MPFEEIDI_03115	SA20160228_MPFEEIDI_03116	23.620	326	213	9	22	343	24	317	1.03e-07	43.9
SA20160228_MPFEEIDI_03115	SA20160228_MPFEEIDI_03121	25.263	285	166	13	106	373	113	367	2.96e-06	39.3
SA20160228_MPFEEIDI_03115	SA20160228_MPFEEIDI_03120	28.205	39	28	0	109	147	183	221	0.62	22.3
SA20160228_MPFEEIDI_03115	SA20160228_MPFEEIDI_03110	38.095	21	13	0	401	421	296	316	1.3	21.2
SA20160228_MPFEEIDI_03115	SA20160228_MPFEEIDI_03114	27.711	83	38	4	245	309	106	184	1.5	21.2
SA20160228_MPFEEIDI_03115	SA20160228_MPFEEIDI_03122	33.333	27	18	0	362	388	226	252	4.2	19.6
SA20160228_MPFEEIDI_03115	SA20160228_MPFEEIDI_03119	32.000	25	17	0	42	66	281	305	4.6	19.2
SA20160228_MPFEEIDI_03116	SA20160228_MPFEEIDI_03116	100.000	452	0	0	1	452	1	452	0.0	919
SA20160228_MPFEEIDI_03116	SA20160228_MPFEEIDI_03118	28.159	277	172	12	88	360	94	347	5.04e-08	44.7
SA20160228_MPFEEIDI_03116	SA20160228_MPFEEIDI_03115	23.620	326	213	9	24	317	22	343	2.96e-06	39.3
SA20160228_MPFEEIDI_03116	SA20160228_MPFEEIDI_03121	27.149	221	142	10	103	318	122	328	3.85e-05	35.4
SA20160228_MPFEEIDI_03116	SA20160228_MPFEEIDI_03120	25.806	31	23	0	99	129	182	212	1.7	20.8
SA20160228_MPFEEIDI_03116	SA20160228_MPFEEIDI_03106	60.000	15	6	0	292	306	207	221	2.1	20.4
SA20160228_MPFEEIDI_03116	SA20160228_MPFEEIDI_03108	34.783	23	15	0	52	74	503	525	5.4	19.2
SA20160228_MPFEEIDI_03116	SA20160228_MPFEEIDI_03104	24.490	49	34	1	325	370	340	388	6.8	18.9
SA20160228_MPFEEIDI_03116	SA20160228_MPFEEIDI_03122	27.907	43	31	0	266	308	251	293	8.3	18.5
SA20160228_MPFEEIDI_03117	SA20160228_MPFEEIDI_03117	100.000	360	0	0	1	360	1	360	0.0	718
SA20160228_MPFEEIDI_03117	SA20160228_MPFEEIDI_03107	42.105	19	11	0	7	25	154	172	2.0	20.0
SA20160228_MPFEEIDI_03117	SA20160228_MPFEEIDI_03110	30.769	26	18	0	219	244	74	99	5.6	18.5
SA20160228_MPFEEIDI_03117	SA20160228_MPFEEIDI_03123	23.077	52	31	1	284	335	75	117	8.8	18.1
SA20160228_MPFEEIDI_03118	SA20160228_MPFEEIDI_03118	100.000	438	0	0	1	438	1	438	0.0	895
SA20160228_MPFEEIDI_03118	SA20160228_MPFEEIDI_03121	26.506	249	150	7	80	306	93	330	1.24e-09	49.7
SA20160228_MPFEEIDI_03118	SA20160228_MPFEEIDI_03116	28.159	277	172	12	94	347	88	360	3.12e-05	35.8
SA20160228_MPFEEIDI_03118	SA20160228_MPFEEIDI_03115	29.851	134	68	6	107	215	111	243	0.038	25.8
SA20160228_MPFEEIDI_03118	SA20160228_MPFEEIDI_03107	30.189	53	28	2	381	425	173	224	1.2	21.2
SA20160228_MPFEEIDI_03118	SA20160228_MPFEEIDI_03122	36.667	30	19	0	146	175	258	287	1.2	21.2
SA20160228_MPFEEIDI_03119	SA20160228_MPFEEIDI_03119	100.000	414	0	0	1	414	1	414	0.0	825
SA20160228_MPFEEIDI_03119	SA20160228_MPFEEIDI_03104	34.615	26	17	0	23	48	240	265	2.2	20.0
SA20160228_MPFEEIDI_03119	SA20160228_MPFEEIDI_03115	32.000	25	17	0	281	305	42	66	4.0	19.2
SA20160228_MPFEEIDI_03119	SA20160228_MPFEEIDI_03122	54.545	11	5	0	297	307	187	197	5.8	18.9
SA20160228_MPFEEIDI_03120	SA20160228_MPFEEIDI_03120	100.000	355	0	0	1	355	1	355	0.0	712
SA20160228_MPFEEIDI_03120	SA20160228_MPFEEIDI_03116	25.806	31	23	0	182	212	99	129	1.4	20.4
SA20160228_MPFEEIDI_03120	SA20160228_MPFEEIDI_03124	31.034	29	20	0	176	204	268	296	9.2	18.1
SA20160228_MPFEEIDI_03120	SA20160228_MPFEEIDI_03105	38.889	18	11	0	19	36	9	26	9.8	17.7
SA20160228_MPFEEIDI_03121	SA20160228_MPFEEIDI_03121	100.000	491	0	0	1	491	1	491	0.0	1006
SA20160228_MPFEEIDI_03121	SA20160228_MPFEEIDI_03118	26.616	263	160	7	79	330	66	306	7.01e-13	60.1
SA20160228_MPFEEIDI_03121	SA20160228_MPFEEIDI_03115	23.500	200	113	8	185	367	197	373	0.001	30.8
SA20160228_MPFEEIDI_03121	SA20160228_MPFEEIDI_03116	26.119	268	169	13	79	328	62	318	0.023	26.9
SA20160228_MPFEEIDI_03121	SA20160228_MPFEEIDI_03105	25.275	91	55	2	301	383	7	92	2.3	20.4
SA20160228_MPFEEIDI_03121	SA20160228_MPFEEIDI_03119	25.000	52	29	1	23	64	221	272	3.5	19.6
SA20160228_MPFEEIDI_03121	SA20160228_MPFEEIDI_03104	23.140	121	74	4	41	155	293	400	7.6	18.9
SA20160228_MPFEEIDI_03122	SA20160228_MPFEEIDI_03122	100.000	306	0	0	1	306	1	306	0.0	617
SA20160228_MPFEEIDI_03122	SA20160228_MPFEEIDI_03118	36.667	30	19	0	258	287	146	175	0.82	21.2
SA20160228_MPFEEIDI_03122	SA20160228_MPFEEIDI_03115	33.333	27	18	0	226	252	362	388	2.5	19.6
SA20160228_MPFEEIDI_03122	SA20160228_MPFEEIDI_03119	54.545	11	5	0	187	197	297	307	4.3	18.9
SA20160228_MPFEEIDI_03122	SA20160228_MPFEEIDI_03112	50.000	18	9	0	32	49	48	65	9.5	17.7
SA20160228_MPFEEIDI_03123	SA20160228_MPFEEIDI_03123	100.000	276	0	0	1	276	1	276	0.0	569
SA20160228_MPFEEIDI_03123	SA20160228_MPFEEIDI_03106	37.037	27	17	0	95	121	183	209	0.68	21.2
SA20160228_MPFEEIDI_03123	SA20160228_MPFEEIDI_03117	23.077	52	31	1	75	117	284	335	8.0	17.7
SA20160228_MPFEEIDI_03123	SA20160228_MPFEEIDI_03118	60.000	10	4	0	213	222	426	435	8.8	17.7
SA20160228_MPFEEIDI_03124	SA20160228_MPFEEIDI_03124	100.000	420	0	0	1	420	1	420	0.0	855
SA20160228_MPFEEIDI_03124	SA20160228_MPFEEIDI_03106	30.769	39	24	1	56	91	72	110	0.65	21.9
SA20160228_MPFEEIDI_03124	SA20160228_MPFEEIDI_03114	28.571	21	15	0	279	299	285	305	2.3	20.0
SA20160228_MPFEEIDI_03124	SA20160228_MPFEEIDI_03108	34.783	46	25	2	203	245	67	110	5.2	18.9
SA20160228_MPFEEIDI_03124	SA20160228_MPFEEIDI_03118	45.833	24	12	1	16	39	115	137	9.9	18.1
