SA20160203_GIPDFLML_03240	SA20160172_GPHLOGML_03638	100.000	420	0	0	1	420	1	420	0.0	855
SA20160203_GIPDFLML_03240	SA20160172_GPHLOGML_03656	30.769	39	24	1	56	91	72	110	0.65	21.9
SA20160203_GIPDFLML_03240	SA20160172_GPHLOGML_03648	28.571	21	15	0	279	299	285	305	2.3	20.0
SA20160203_GIPDFLML_03240	SA20160172_GPHLOGML_03654	34.783	46	25	2	203	245	67	110	5.2	18.9
SA20160203_GIPDFLML_03240	SA20160172_GPHLOGML_03644	45.833	24	12	1	16	39	115	137	9.9	18.1
SA20160203_GIPDFLML_03241	SA20160172_GPHLOGML_03639	100.000	276	0	0	1	276	1	276	0.0	569
SA20160203_GIPDFLML_03241	SA20160172_GPHLOGML_03656	37.037	27	17	0	95	121	183	209	0.68	21.2
SA20160203_GIPDFLML_03241	SA20160172_GPHLOGML_03645	31.250	32	21	1	8	39	57	87	1.7	20.0
SA20160203_GIPDFLML_03241	SA20160172_GPHLOGML_03644	60.000	10	4	0	213	222	426	435	8.8	17.7
SA20160203_GIPDFLML_03242	SA20160172_GPHLOGML_03640	100.000	306	0	0	1	306	1	306	0.0	617
SA20160203_GIPDFLML_03242	SA20160172_GPHLOGML_03644	36.667	30	19	0	258	287	146	175	0.82	21.2
SA20160203_GIPDFLML_03242	SA20160172_GPHLOGML_03647	33.333	27	18	0	226	252	362	388	2.5	19.6
SA20160203_GIPDFLML_03242	SA20160172_GPHLOGML_03643	54.545	11	5	0	187	197	297	307	4.3	18.9
SA20160203_GIPDFLML_03242	SA20160172_GPHLOGML_03650	50.000	18	9	0	32	49	48	65	9.5	17.7
SA20160203_GIPDFLML_03243	SA20160172_GPHLOGML_03641	100.000	491	0	0	1	491	1	491	0.0	1006
SA20160203_GIPDFLML_03243	SA20160172_GPHLOGML_03644	26.616	263	160	7	79	330	66	306	7.01e-13	60.1
SA20160203_GIPDFLML_03243	SA20160172_GPHLOGML_03647	23.500	200	113	8	185	367	197	373	0.001	30.8
SA20160203_GIPDFLML_03243	SA20160172_GPHLOGML_03646	26.119	268	169	13	79	328	62	318	0.023	26.9
SA20160203_GIPDFLML_03243	SA20160172_GPHLOGML_03657	25.275	91	55	2	301	383	7	92	2.3	20.4
SA20160203_GIPDFLML_03243	SA20160172_GPHLOGML_03643	25.000	52	29	1	23	64	221	272	3.5	19.6
SA20160203_GIPDFLML_03243	SA20160172_GPHLOGML_03653	25.000	48	33	2	16	61	2	48	5.8	18.9
SA20160203_GIPDFLML_03243	SA20160172_GPHLOGML_03658	23.140	121	74	4	41	155	293	400	7.6	18.9
SA20160203_GIPDFLML_03244	SA20160172_GPHLOGML_03642	100.000	355	0	0	1	355	1	355	0.0	712
SA20160203_GIPDFLML_03244	SA20160172_GPHLOGML_03646	25.806	31	23	0	182	212	99	129	1.4	20.4
SA20160203_GIPDFLML_03244	SA20160172_GPHLOGML_03638	31.034	29	20	0	176	204	268	296	9.2	18.1
SA20160203_GIPDFLML_03244	SA20160172_GPHLOGML_03657	38.889	18	11	0	19	36	9	26	9.8	17.7
SA20160203_GIPDFLML_03245	SA20160172_GPHLOGML_03643	100.000	414	0	0	1	414	1	414	0.0	825
SA20160203_GIPDFLML_03245	SA20160172_GPHLOGML_03658	34.615	26	17	0	23	48	240	265	2.2	20.0
SA20160203_GIPDFLML_03245	SA20160172_GPHLOGML_03647	32.000	25	17	0	281	305	42	66	4.0	19.2
SA20160203_GIPDFLML_03245	SA20160172_GPHLOGML_03640	54.545	11	5	0	297	307	187	197	5.8	18.9
SA20160203_GIPDFLML_03246	SA20160172_GPHLOGML_03644	100.000	438	0	0	1	438	1	438	0.0	895
SA20160203_GIPDFLML_03246	SA20160172_GPHLOGML_03641	26.506	249	150	7	80	306	93	330	1.24e-09	49.7
SA20160203_GIPDFLML_03246	SA20160172_GPHLOGML_03646	28.159	277	172	12	94	347	88	360	3.12e-05	35.8
SA20160203_GIPDFLML_03246	SA20160172_GPHLOGML_03647	29.851	134	68	6	107	215	111	243	0.038	25.8
SA20160203_GIPDFLML_03246	SA20160172_GPHLOGML_03655	30.189	53	28	2	381	425	173	224	1.2	21.2
SA20160203_GIPDFLML_03246	SA20160172_GPHLOGML_03640	36.667	30	19	0	146	175	258	287	1.2	21.2
SA20160203_GIPDFLML_03247	SA20160172_GPHLOGML_03645	100.000	360	0	0	1	360	1	360	0.0	718
SA20160203_GIPDFLML_03247	SA20160172_GPHLOGML_03655	42.105	19	11	0	7	25	154	172	2.0	20.0
SA20160203_GIPDFLML_03247	SA20160172_GPHLOGML_03639	31.250	32	21	1	57	87	8	39	2.1	20.0
SA20160203_GIPDFLML_03247	SA20160172_GPHLOGML_03652	30.769	26	18	0	219	244	74	99	5.6	18.5
SA20160203_GIPDFLML_03248	SA20160172_GPHLOGML_03646	100.000	452	0	0	1	452	1	452	0.0	919
SA20160203_GIPDFLML_03248	SA20160172_GPHLOGML_03644	28.159	277	172	12	88	360	94	347	5.04e-08	44.7
SA20160203_GIPDFLML_03248	SA20160172_GPHLOGML_03647	23.620	326	213	9	24	317	22	343	2.96e-06	39.3
SA20160203_GIPDFLML_03248	SA20160172_GPHLOGML_03641	27.149	221	142	10	103	318	122	328	3.85e-05	35.4
SA20160203_GIPDFLML_03248	SA20160172_GPHLOGML_03642	25.806	31	23	0	99	129	182	212	1.7	20.8
SA20160203_GIPDFLML_03248	SA20160172_GPHLOGML_03656	60.000	15	6	0	292	306	207	221	2.1	20.4
SA20160203_GIPDFLML_03248	SA20160172_GPHLOGML_03654	34.783	23	15	0	52	74	503	525	5.4	19.2
SA20160203_GIPDFLML_03248	SA20160172_GPHLOGML_03658	24.490	49	34	1	325	370	340	388	6.8	18.9
SA20160203_GIPDFLML_03248	SA20160172_GPHLOGML_03640	27.907	43	31	0	266	308	251	293	8.3	18.5
SA20160203_GIPDFLML_03249	SA20160172_GPHLOGML_03647	100.000	495	0	0	1	495	1	495	0.0	1013
SA20160203_GIPDFLML_03249	SA20160172_GPHLOGML_03644	29.851	134	68	6	111	243	107	215	7.00e-08	44.3
SA20160203_GIPDFLML_03249	SA20160172_GPHLOGML_03646	23.620	326	213	9	22	343	24	317	1.03e-07	43.9
SA20160203_GIPDFLML_03249	SA20160172_GPHLOGML_03641	25.263	285	166	13	106	373	113	367	2.96e-06	39.3
SA20160203_GIPDFLML_03249	SA20160172_GPHLOGML_03642	28.205	39	28	0	109	147	183	221	0.62	22.3
SA20160203_GIPDFLML_03249	SA20160172_GPHLOGML_03652	38.095	21	13	0	401	421	296	316	1.3	21.2
SA20160203_GIPDFLML_03249	SA20160172_GPHLOGML_03648	27.711	83	38	4	245	309	106	184	1.5	21.2
SA20160203_GIPDFLML_03249	SA20160172_GPHLOGML_03640	33.333	27	18	0	362	388	226	252	4.2	19.6
SA20160203_GIPDFLML_03249	SA20160172_GPHLOGML_03643	32.000	25	17	0	42	66	281	305	4.6	19.2
SA20160203_GIPDFLML_03249	SA20160172_GPHLOGML_03654	28.571	49	32	1	425	473	473	518	4.9	19.2
SA20160203_GIPDFLML_03250	SA20160172_GPHLOGML_03648	100.000	588	0	0	1	588	1	588	0.0	1202
SA20160203_GIPDFLML_03250	SA20160172_GPHLOGML_03652	30.769	26	18	0	179	204	212	237	0.68	22.3
SA20160203_GIPDFLML_03250	SA20160172_GPHLOGML_03653	25.000	92	45	5	262	350	7	77	0.97	21.6
SA20160203_GIPDFLML_03250	SA20160172_GPHLOGML_03647	27.711	83	38	4	106	184	245	309	2.0	20.8
SA20160203_GIPDFLML_03250	SA20160172_GPHLOGML_03638	28.571	21	15	0	285	305	279	299	3.3	20.0
SA20160203_GIPDFLML_03250	SA20160172_GPHLOGML_03658	25.000	104	59	5	389	484	292	384	7.6	18.9
SA20160203_GIPDFLML_03251	SA20160172_GPHLOGML_03649	100.000	121	0	0	1	121	1	121	3.86e-89	245
SA20160203_GIPDFLML_03251	SA20160172_GPHLOGML_03652	45.833	24	13	0	24	47	250	273	1.6	18.5
SA20160203_GIPDFLML_03251	SA20160172_GPHLOGML_03646	50.000	8	4	0	39	46	36	43	4.3	17.3
SA20160203_GIPDFLML_03251	SA20160172_GPHLOGML_03657	36.364	22	14	0	4	25	37	58	8.0	16.2
SA20160203_GIPDFLML_03252	SA20160172_GPHLOGML_03650	100.000	313	0	0	1	313	1	313	0.0	632
SA20160203_GIPDFLML_03252	SA20160172_GPHLOGML_03656	47.368	19	10	0	210	228	6	24	3.3	19.2
SA20160203_GIPDFLML_03252	SA20160172_GPHLOGML_03640	50.000	18	9	0	48	65	32	49	9.7	17.7
SA20160203_GIPDFLML_03253	SA20160172_GPHLOGML_03651	100.000	152	0	0	1	152	1	152	2.66e-115	314
SA20160203_GIPDFLML_03253	SA20160172_GPHLOGML_03646	40.000	15	9	0	81	95	54	68	3.5	17.7
SA20160203_GIPDFLML_03253	SA20160172_GPHLOGML_03645	32.558	43	24	2	8	45	191	233	4.6	17.3
SA20160203_GIPDFLML_03254	SA20160172_GPHLOGML_03652	100.000	334	0	0	1	334	1	334	0.0	687
SA20160203_GIPDFLML_03254	SA20160172_GPHLOGML_03648	30.769	26	18	0	212	237	179	204	0.38	22.3
SA20160203_GIPDFLML_03254	SA20160172_GPHLOGML_03647	38.095	21	13	0	296	316	401	421	0.87	21.2
SA20160203_GIPDFLML_03254	SA20160172_GPHLOGML_03649	45.833	24	13	0	250	273	24	47	4.4	18.5
SA20160203_GIPDFLML_03254	SA20160172_GPHLOGML_03645	30.769	26	18	0	74	99	219	244	5.2	18.5
SA20160203_GIPDFLML_03254	SA20160172_GPHLOGML_03643	41.667	12	7	0	275	286	337	348	8.0	18.1
SA20160203_GIPDFLML_03254	SA20160172_GPHLOGML_03644	36.842	19	12	0	143	161	106	124	8.3	18.1
SA20160203_GIPDFLML_03255	SA20160172_GPHLOGML_03653	100.000	164	0	0	1	164	1	164	8.52e-120	326
SA20160203_GIPDFLML_03255	SA20160172_GPHLOGML_03648	25.000	92	45	5	7	77	262	350	0.27	21.6
SA20160203_GIPDFLML_03255	SA20160172_GPHLOGML_03646	24.419	86	55	2	30	110	336	416	5.5	17.3
SA20160203_GIPDFLML_03255	SA20160172_GPHLOGML_03641	29.630	27	19	0	126	152	343	369	7.9	16.9
SA20160203_GIPDFLML_03255	SA20160172_GPHLOGML_03655	28.571	35	25	0	94	128	54	88	8.3	16.9
SA20160203_GIPDFLML_03256	SA20160172_GPHLOGML_03654	100.000	574	0	0	1	574	1	574	0.0	1189
SA20160203_GIPDFLML_03256	SA20160172_GPHLOGML_03656	24.348	115	83	3	429	539	406	520	0.13	24.6
SA20160203_GIPDFLML_03256	SA20160172_GPHLOGML_03647	28.571	49	32	1	473	518	425	473	6.6	19.2
SA20160203_GIPDFLML_03256	SA20160172_GPHLOGML_03646	34.783	23	15	0	503	525	52	74	7.3	18.9
SA20160203_GIPDFLML_03256	SA20160172_GPHLOGML_03638	34.783	46	25	2	67	110	203	245	8.2	18.9
SA20160203_GIPDFLML_03257	SA20160172_GPHLOGML_03655	100.000	314	0	0	1	314	1	314	0.0	654
SA20160203_GIPDFLML_03257	SA20160172_GPHLOGML_03644	30.189	53	28	2	173	224	381	425	0.82	21.2
SA20160203_GIPDFLML_03257	SA20160172_GPHLOGML_03645	42.105	19	11	0	154	172	7	25	1.8	20.0
SA20160203_GIPDFLML_03257	SA20160172_GPHLOGML_03647	27.907	43	20	2	5	38	417	457	6.1	18.5
SA20160203_GIPDFLML_03257	SA20160172_GPHLOGML_03648	41.667	12	7	0	292	303	99	110	9.9	17.7
SA20160203_GIPDFLML_03258	SA20160172_GPHLOGML_03656	100.000	523	0	0	1	523	1	523	0.0	1082
SA20160203_GIPDFLML_03258	SA20160172_GPHLOGML_03654	24.348	115	83	3	406	520	429	539	0.12	24.6
SA20160203_GIPDFLML_03258	SA20160172_GPHLOGML_03638	30.769	39	24	1	72	110	56	91	0.89	21.9
SA20160203_GIPDFLML_03258	SA20160172_GPHLOGML_03657	71.429	14	4	0	82	95	18	31	1.0	21.6
SA20160203_GIPDFLML_03258	SA20160172_GPHLOGML_03639	37.037	27	17	0	183	209	95	121	1.7	20.8
SA20160203_GIPDFLML_03258	SA20160172_GPHLOGML_03650	47.368	19	10	0	6	24	210	228	5.5	19.2
SA20160203_GIPDFLML_03258	SA20160172_GPHLOGML_03646	61.538	13	5	0	209	221	294	306	6.2	19.2
SA20160203_GIPDFLML_03258	SA20160172_GPHLOGML_03658	35.897	39	20	1	168	201	304	342	7.9	18.9
SA20160203_GIPDFLML_03259	SA20160172_GPHLOGML_03657	100.000	363	0	0	1	363	1	363	0.0	748
SA20160203_GIPDFLML_03259	SA20160172_GPHLOGML_03656	71.429	14	4	0	18	31	82	95	0.71	21.6
SA20160203_GIPDFLML_03259	SA20160172_GPHLOGML_03658	35.000	20	13	0	224	243	25	44	3.4	19.2
SA20160203_GIPDFLML_03259	SA20160172_GPHLOGML_03641	24.706	85	51	2	13	92	307	383	6.4	18.5
SA20160203_GIPDFLML_03259	SA20160172_GPHLOGML_03642	38.889	18	11	0	9	26	19	36	10.0	17.7
SA20160203_GIPDFLML_03260	SA20160172_GPHLOGML_03658	100.000	466	0	0	1	466	1	466	0.0	963
SA20160203_GIPDFLML_03260	SA20160172_GPHLOGML_03643	34.615	26	17	0	240	265	23	48	2.7	20.0
SA20160203_GIPDFLML_03260	SA20160172_GPHLOGML_03657	35.000	20	13	0	25	44	224	243	4.3	19.2
SA20160203_GIPDFLML_03260	SA20160172_GPHLOGML_03648	25.000	104	59	5	292	384	389	484	5.4	19.2
SA20160203_GIPDFLML_03260	SA20160172_GPHLOGML_03646	24.490	49	34	1	340	388	325	370	6.1	18.9
SA20160203_GIPDFLML_03260	SA20160172_GPHLOGML_03656	35.897	39	20	1	304	342	168	201	6.6	18.9
SA20160203_GIPDFLML_03260	SA20160172_GPHLOGML_03641	41.176	17	10	0	293	309	41	57	7.9	18.5
SA20160203_GIPDFLML_03260	SA20160172_GPHLOGML_03654	41.176	17	10	0	95	111	31	47	8.4	18.5
SA20160172_GPHLOGML_03638	SA20160172_GPHLOGML_03638	100.000	420	0	0	1	420	1	420	0.0	855
SA20160172_GPHLOGML_03638	SA20160172_GPHLOGML_03656	30.769	39	24	1	56	91	72	110	0.65	21.9
SA20160172_GPHLOGML_03638	SA20160172_GPHLOGML_03648	28.571	21	15	0	279	299	285	305	2.3	20.0
SA20160172_GPHLOGML_03638	SA20160172_GPHLOGML_03654	34.783	46	25	2	203	245	67	110	5.2	18.9
SA20160172_GPHLOGML_03638	SA20160172_GPHLOGML_03644	45.833	24	12	1	16	39	115	137	9.9	18.1
SA20160172_GPHLOGML_03639	SA20160172_GPHLOGML_03639	100.000	276	0	0	1	276	1	276	0.0	569
SA20160172_GPHLOGML_03639	SA20160172_GPHLOGML_03656	37.037	27	17	0	95	121	183	209	0.68	21.2
SA20160172_GPHLOGML_03639	SA20160172_GPHLOGML_03645	23.077	52	31	1	75	117	284	335	8.0	17.7
SA20160172_GPHLOGML_03639	SA20160172_GPHLOGML_03644	60.000	10	4	0	213	222	426	435	8.8	17.7
SA20160172_GPHLOGML_03640	SA20160172_GPHLOGML_03640	100.000	306	0	0	1	306	1	306	0.0	617
SA20160172_GPHLOGML_03640	SA20160172_GPHLOGML_03644	36.667	30	19	0	258	287	146	175	0.82	21.2
SA20160172_GPHLOGML_03640	SA20160172_GPHLOGML_03647	33.333	27	18	0	226	252	362	388	2.5	19.6
SA20160172_GPHLOGML_03640	SA20160172_GPHLOGML_03643	54.545	11	5	0	187	197	297	307	4.3	18.9
SA20160172_GPHLOGML_03640	SA20160172_GPHLOGML_03650	50.000	18	9	0	32	49	48	65	9.5	17.7
SA20160172_GPHLOGML_03641	SA20160172_GPHLOGML_03641	100.000	491	0	0	1	491	1	491	0.0	1006
SA20160172_GPHLOGML_03641	SA20160172_GPHLOGML_03644	26.616	263	160	7	79	330	66	306	7.01e-13	60.1
SA20160172_GPHLOGML_03641	SA20160172_GPHLOGML_03647	23.500	200	113	8	185	367	197	373	0.001	30.8
SA20160172_GPHLOGML_03641	SA20160172_GPHLOGML_03646	26.119	268	169	13	79	328	62	318	0.023	26.9
SA20160172_GPHLOGML_03641	SA20160172_GPHLOGML_03657	25.275	91	55	2	301	383	7	92	2.3	20.4
SA20160172_GPHLOGML_03641	SA20160172_GPHLOGML_03643	25.000	52	29	1	23	64	221	272	3.5	19.6
SA20160172_GPHLOGML_03641	SA20160172_GPHLOGML_03658	23.140	121	74	4	41	155	293	400	7.6	18.9
SA20160172_GPHLOGML_03642	SA20160172_GPHLOGML_03642	100.000	355	0	0	1	355	1	355	0.0	712
SA20160172_GPHLOGML_03642	SA20160172_GPHLOGML_03646	25.806	31	23	0	182	212	99	129	1.4	20.4
SA20160172_GPHLOGML_03642	SA20160172_GPHLOGML_03638	31.034	29	20	0	176	204	268	296	9.2	18.1
SA20160172_GPHLOGML_03642	SA20160172_GPHLOGML_03657	38.889	18	11	0	19	36	9	26	9.8	17.7
SA20160172_GPHLOGML_03643	SA20160172_GPHLOGML_03643	100.000	414	0	0	1	414	1	414	0.0	825
SA20160172_GPHLOGML_03643	SA20160172_GPHLOGML_03658	34.615	26	17	0	23	48	240	265	2.2	20.0
SA20160172_GPHLOGML_03643	SA20160172_GPHLOGML_03647	32.000	25	17	0	281	305	42	66	4.0	19.2
SA20160172_GPHLOGML_03643	SA20160172_GPHLOGML_03640	54.545	11	5	0	297	307	187	197	5.8	18.9
SA20160172_GPHLOGML_03644	SA20160172_GPHLOGML_03644	100.000	438	0	0	1	438	1	438	0.0	895
SA20160172_GPHLOGML_03644	SA20160172_GPHLOGML_03641	26.506	249	150	7	80	306	93	330	1.24e-09	49.7
SA20160172_GPHLOGML_03644	SA20160172_GPHLOGML_03646	28.159	277	172	12	94	347	88	360	3.12e-05	35.8
SA20160172_GPHLOGML_03644	SA20160172_GPHLOGML_03647	29.851	134	68	6	107	215	111	243	0.038	25.8
SA20160172_GPHLOGML_03644	SA20160172_GPHLOGML_03655	30.189	53	28	2	381	425	173	224	1.2	21.2
SA20160172_GPHLOGML_03644	SA20160172_GPHLOGML_03640	36.667	30	19	0	146	175	258	287	1.2	21.2
SA20160172_GPHLOGML_03645	SA20160172_GPHLOGML_03645	100.000	360	0	0	1	360	1	360	0.0	718
SA20160172_GPHLOGML_03645	SA20160172_GPHLOGML_03655	42.105	19	11	0	7	25	154	172	2.0	20.0
SA20160172_GPHLOGML_03645	SA20160172_GPHLOGML_03652	30.769	26	18	0	219	244	74	99	5.6	18.5
SA20160172_GPHLOGML_03645	SA20160172_GPHLOGML_03639	23.077	52	31	1	284	335	75	117	8.8	18.1
SA20160172_GPHLOGML_03646	SA20160172_GPHLOGML_03646	100.000	452	0	0	1	452	1	452	0.0	919
SA20160172_GPHLOGML_03646	SA20160172_GPHLOGML_03644	28.159	277	172	12	88	360	94	347	5.04e-08	44.7
SA20160172_GPHLOGML_03646	SA20160172_GPHLOGML_03647	23.620	326	213	9	24	317	22	343	2.96e-06	39.3
SA20160172_GPHLOGML_03646	SA20160172_GPHLOGML_03641	27.149	221	142	10	103	318	122	328	3.85e-05	35.4
SA20160172_GPHLOGML_03646	SA20160172_GPHLOGML_03642	25.806	31	23	0	99	129	182	212	1.7	20.8
SA20160172_GPHLOGML_03646	SA20160172_GPHLOGML_03656	60.000	15	6	0	292	306	207	221	2.1	20.4
SA20160172_GPHLOGML_03646	SA20160172_GPHLOGML_03654	34.783	23	15	0	52	74	503	525	5.4	19.2
SA20160172_GPHLOGML_03646	SA20160172_GPHLOGML_03658	24.490	49	34	1	325	370	340	388	6.8	18.9
SA20160172_GPHLOGML_03646	SA20160172_GPHLOGML_03640	27.907	43	31	0	266	308	251	293	8.3	18.5
SA20160172_GPHLOGML_03647	SA20160172_GPHLOGML_03647	100.000	495	0	0	1	495	1	495	0.0	1013
SA20160172_GPHLOGML_03647	SA20160172_GPHLOGML_03644	29.851	134	68	6	111	243	107	215	7.00e-08	44.3
SA20160172_GPHLOGML_03647	SA20160172_GPHLOGML_03646	23.620	326	213	9	22	343	24	317	1.03e-07	43.9
SA20160172_GPHLOGML_03647	SA20160172_GPHLOGML_03641	25.263	285	166	13	106	373	113	367	2.96e-06	39.3
SA20160172_GPHLOGML_03647	SA20160172_GPHLOGML_03642	28.205	39	28	0	109	147	183	221	0.62	22.3
SA20160172_GPHLOGML_03647	SA20160172_GPHLOGML_03652	38.095	21	13	0	401	421	296	316	1.3	21.2
SA20160172_GPHLOGML_03647	SA20160172_GPHLOGML_03648	27.711	83	38	4	245	309	106	184	1.5	21.2
SA20160172_GPHLOGML_03647	SA20160172_GPHLOGML_03640	33.333	27	18	0	362	388	226	252	4.2	19.6
SA20160172_GPHLOGML_03647	SA20160172_GPHLOGML_03643	32.000	25	17	0	42	66	281	305	4.6	19.2
SA20160172_GPHLOGML_03648	SA20160172_GPHLOGML_03648	100.000	588	0	0	1	588	1	588	0.0	1202
SA20160172_GPHLOGML_03648	SA20160172_GPHLOGML_03652	30.769	26	18	0	179	204	212	237	0.68	22.3
SA20160172_GPHLOGML_03648	SA20160172_GPHLOGML_03653	25.000	92	45	5	262	350	7	77	0.97	21.6
SA20160172_GPHLOGML_03648	SA20160172_GPHLOGML_03647	27.711	83	38	4	106	184	245	309	2.0	20.8
SA20160172_GPHLOGML_03648	SA20160172_GPHLOGML_03638	28.571	21	15	0	285	305	279	299	3.3	20.0
SA20160172_GPHLOGML_03648	SA20160172_GPHLOGML_03658	25.000	104	59	5	389	484	292	384	7.6	18.9
SA20160172_GPHLOGML_03649	SA20160172_GPHLOGML_03649	100.000	121	0	0	1	121	1	121	3.86e-89	245
SA20160172_GPHLOGML_03649	SA20160172_GPHLOGML_03652	45.833	24	13	0	24	47	250	273	1.6	18.5
SA20160172_GPHLOGML_03649	SA20160172_GPHLOGML_03646	50.000	8	4	0	39	46	36	43	4.3	17.3
SA20160172_GPHLOGML_03649	SA20160172_GPHLOGML_03657	36.364	22	14	0	4	25	37	58	8.0	16.2
SA20160172_GPHLOGML_03650	SA20160172_GPHLOGML_03650	100.000	313	0	0	1	313	1	313	0.0	632
SA20160172_GPHLOGML_03650	SA20160172_GPHLOGML_03656	47.368	19	10	0	210	228	6	24	3.3	19.2
SA20160172_GPHLOGML_03650	SA20160172_GPHLOGML_03640	50.000	18	9	0	48	65	32	49	9.7	17.7
SA20160172_GPHLOGML_03651	SA20160172_GPHLOGML_03651	100.000	152	0	0	1	152	1	152	2.66e-115	314
SA20160172_GPHLOGML_03651	SA20160172_GPHLOGML_03646	40.000	15	9	0	81	95	54	68	3.5	17.7
SA20160172_GPHLOGML_03651	SA20160172_GPHLOGML_03645	32.558	43	24	2	8	45	191	233	4.6	17.3
SA20160172_GPHLOGML_03652	SA20160172_GPHLOGML_03652	100.000	334	0	0	1	334	1	334	0.0	687
SA20160172_GPHLOGML_03652	SA20160172_GPHLOGML_03648	30.769	26	18	0	212	237	179	204	0.38	22.3
SA20160172_GPHLOGML_03652	SA20160172_GPHLOGML_03647	38.095	21	13	0	296	316	401	421	0.87	21.2
SA20160172_GPHLOGML_03652	SA20160172_GPHLOGML_03649	45.833	24	13	0	250	273	24	47	4.4	18.5
SA20160172_GPHLOGML_03652	SA20160172_GPHLOGML_03645	30.769	26	18	0	74	99	219	244	5.2	18.5
SA20160172_GPHLOGML_03652	SA20160172_GPHLOGML_03643	41.667	12	7	0	275	286	337	348	8.0	18.1
SA20160172_GPHLOGML_03652	SA20160172_GPHLOGML_03644	36.842	19	12	0	143	161	106	124	8.3	18.1
SA20160172_GPHLOGML_03653	SA20160172_GPHLOGML_03653	100.000	164	0	0	1	164	1	164	8.52e-120	326
SA20160172_GPHLOGML_03653	SA20160172_GPHLOGML_03648	25.000	92	45	5	7	77	262	350	0.27	21.6
SA20160172_GPHLOGML_03653	SA20160172_GPHLOGML_03646	24.419	86	55	2	30	110	336	416	5.5	17.3
SA20160172_GPHLOGML_03653	SA20160172_GPHLOGML_03641	29.630	27	19	0	126	152	343	369	7.9	16.9
SA20160172_GPHLOGML_03653	SA20160172_GPHLOGML_03655	28.571	35	25	0	94	128	54	88	8.3	16.9
SA20160172_GPHLOGML_03654	SA20160172_GPHLOGML_03654	100.000	574	0	0	1	574	1	574	0.0	1189
SA20160172_GPHLOGML_03654	SA20160172_GPHLOGML_03656	24.348	115	83	3	429	539	406	520	0.13	24.6
SA20160172_GPHLOGML_03654	SA20160172_GPHLOGML_03646	34.783	23	15	0	503	525	52	74	7.3	18.9
SA20160172_GPHLOGML_03655	SA20160172_GPHLOGML_03655	100.000	314	0	0	1	314	1	314	0.0	654
SA20160172_GPHLOGML_03655	SA20160172_GPHLOGML_03644	30.189	53	28	2	173	224	381	425	0.82	21.2
SA20160172_GPHLOGML_03655	SA20160172_GPHLOGML_03645	42.105	19	11	0	154	172	7	25	1.8	20.0
SA20160172_GPHLOGML_03655	SA20160172_GPHLOGML_03647	27.907	43	20	2	5	38	417	457	6.1	18.5
SA20160172_GPHLOGML_03655	SA20160172_GPHLOGML_03648	41.667	12	7	0	292	303	99	110	9.9	17.7
SA20160172_GPHLOGML_03656	SA20160172_GPHLOGML_03656	100.000	523	0	0	1	523	1	523	0.0	1082
SA20160172_GPHLOGML_03656	SA20160172_GPHLOGML_03654	24.348	115	83	3	406	520	429	539	0.12	24.6
SA20160172_GPHLOGML_03656	SA20160172_GPHLOGML_03657	71.429	14	4	0	82	95	18	31	1.0	21.6
SA20160172_GPHLOGML_03656	SA20160172_GPHLOGML_03639	37.037	27	17	0	183	209	95	121	1.7	20.8
SA20160172_GPHLOGML_03656	SA20160172_GPHLOGML_03650	47.368	19	10	0	6	24	210	228	5.5	19.2
SA20160172_GPHLOGML_03656	SA20160172_GPHLOGML_03646	61.538	13	5	0	209	221	294	306	6.2	19.2
SA20160172_GPHLOGML_03656	SA20160172_GPHLOGML_03658	35.897	39	20	1	168	201	304	342	7.9	18.9
SA20160172_GPHLOGML_03657	SA20160172_GPHLOGML_03657	100.000	363	0	0	1	363	1	363	0.0	748
SA20160172_GPHLOGML_03657	SA20160172_GPHLOGML_03656	71.429	14	4	0	18	31	82	95	0.71	21.6
SA20160172_GPHLOGML_03657	SA20160172_GPHLOGML_03658	35.000	20	13	0	224	243	25	44	3.4	19.2
SA20160172_GPHLOGML_03657	SA20160172_GPHLOGML_03641	24.706	85	51	2	13	92	307	383	6.4	18.5
SA20160172_GPHLOGML_03657	SA20160172_GPHLOGML_03642	38.889	18	11	0	9	26	19	36	10.0	17.7
SA20160172_GPHLOGML_03658	SA20160172_GPHLOGML_03658	100.000	466	0	0	1	466	1	466	0.0	963
SA20160172_GPHLOGML_03658	SA20160172_GPHLOGML_03643	34.615	26	17	0	240	265	23	48	2.7	20.0
SA20160172_GPHLOGML_03658	SA20160172_GPHLOGML_03657	35.000	20	13	0	25	44	224	243	4.3	19.2
SA20160172_GPHLOGML_03658	SA20160172_GPHLOGML_03648	25.000	104	59	5	292	384	389	484	5.4	19.2
SA20160172_GPHLOGML_03658	SA20160172_GPHLOGML_03646	24.490	49	34	1	340	388	325	370	6.1	18.9
SA20160172_GPHLOGML_03658	SA20160172_GPHLOGML_03656	35.897	39	20	1	304	342	168	201	6.6	18.9
SA20160172_GPHLOGML_03658	SA20160172_GPHLOGML_03641	41.176	17	10	0	293	309	41	57	7.9	18.5
SA20160172_GPHLOGML_03658	SA20160172_GPHLOGML_03654	41.176	17	10	0	95	111	31	47	8.4	18.5
SA20160203_GIPDFLML_03240	SA20160203_GIPDFLML_03240	100.000	420	0	0	1	420	1	420	0.0	855
SA20160203_GIPDFLML_03240	SA20160203_GIPDFLML_03258	30.769	39	24	1	56	91	72	110	0.65	21.9
SA20160203_GIPDFLML_03240	SA20160203_GIPDFLML_03250	28.571	21	15	0	279	299	285	305	2.3	20.0
SA20160203_GIPDFLML_03240	SA20160203_GIPDFLML_03256	34.783	46	25	2	203	245	67	110	5.2	18.9
SA20160203_GIPDFLML_03240	SA20160203_GIPDFLML_03246	45.833	24	12	1	16	39	115	137	9.9	18.1
SA20160203_GIPDFLML_03241	SA20160203_GIPDFLML_03241	100.000	276	0	0	1	276	1	276	0.0	569
SA20160203_GIPDFLML_03241	SA20160203_GIPDFLML_03258	37.037	27	17	0	95	121	183	209	0.68	21.2
SA20160203_GIPDFLML_03241	SA20160203_GIPDFLML_03247	23.077	52	31	1	75	117	284	335	8.0	17.7
SA20160203_GIPDFLML_03241	SA20160203_GIPDFLML_03246	60.000	10	4	0	213	222	426	435	8.8	17.7
SA20160203_GIPDFLML_03242	SA20160203_GIPDFLML_03242	100.000	306	0	0	1	306	1	306	0.0	617
SA20160203_GIPDFLML_03242	SA20160203_GIPDFLML_03246	36.667	30	19	0	258	287	146	175	0.82	21.2
SA20160203_GIPDFLML_03242	SA20160203_GIPDFLML_03249	33.333	27	18	0	226	252	362	388	2.5	19.6
SA20160203_GIPDFLML_03242	SA20160203_GIPDFLML_03245	54.545	11	5	0	187	197	297	307	4.3	18.9
SA20160203_GIPDFLML_03242	SA20160203_GIPDFLML_03252	50.000	18	9	0	32	49	48	65	9.5	17.7
SA20160203_GIPDFLML_03243	SA20160203_GIPDFLML_03243	100.000	491	0	0	1	491	1	491	0.0	1006
SA20160203_GIPDFLML_03243	SA20160203_GIPDFLML_03246	26.616	263	160	7	79	330	66	306	7.01e-13	60.1
SA20160203_GIPDFLML_03243	SA20160203_GIPDFLML_03249	23.500	200	113	8	185	367	197	373	0.001	30.8
SA20160203_GIPDFLML_03243	SA20160203_GIPDFLML_03248	26.119	268	169	13	79	328	62	318	0.023	26.9
SA20160203_GIPDFLML_03243	SA20160203_GIPDFLML_03259	25.275	91	55	2	301	383	7	92	2.3	20.4
SA20160203_GIPDFLML_03243	SA20160203_GIPDFLML_03245	25.000	52	29	1	23	64	221	272	3.5	19.6
SA20160203_GIPDFLML_03243	SA20160203_GIPDFLML_03260	23.140	121	74	4	41	155	293	400	7.6	18.9
SA20160203_GIPDFLML_03244	SA20160203_GIPDFLML_03244	100.000	355	0	0	1	355	1	355	0.0	712
SA20160203_GIPDFLML_03244	SA20160203_GIPDFLML_03248	25.806	31	23	0	182	212	99	129	1.4	20.4
SA20160203_GIPDFLML_03244	SA20160203_GIPDFLML_03240	31.034	29	20	0	176	204	268	296	9.2	18.1
SA20160203_GIPDFLML_03244	SA20160203_GIPDFLML_03259	38.889	18	11	0	19	36	9	26	9.8	17.7
SA20160203_GIPDFLML_03245	SA20160203_GIPDFLML_03245	100.000	414	0	0	1	414	1	414	0.0	825
SA20160203_GIPDFLML_03245	SA20160203_GIPDFLML_03260	34.615	26	17	0	23	48	240	265	2.2	20.0
SA20160203_GIPDFLML_03245	SA20160203_GIPDFLML_03249	32.000	25	17	0	281	305	42	66	4.0	19.2
SA20160203_GIPDFLML_03245	SA20160203_GIPDFLML_03242	54.545	11	5	0	297	307	187	197	5.8	18.9
SA20160203_GIPDFLML_03246	SA20160203_GIPDFLML_03246	100.000	438	0	0	1	438	1	438	0.0	895
SA20160203_GIPDFLML_03246	SA20160203_GIPDFLML_03243	26.506	249	150	7	80	306	93	330	1.24e-09	49.7
SA20160203_GIPDFLML_03246	SA20160203_GIPDFLML_03248	28.159	277	172	12	94	347	88	360	3.12e-05	35.8
SA20160203_GIPDFLML_03246	SA20160203_GIPDFLML_03249	29.851	134	68	6	107	215	111	243	0.038	25.8
SA20160203_GIPDFLML_03246	SA20160203_GIPDFLML_03257	30.189	53	28	2	381	425	173	224	1.2	21.2
SA20160203_GIPDFLML_03246	SA20160203_GIPDFLML_03242	36.667	30	19	0	146	175	258	287	1.2	21.2
SA20160203_GIPDFLML_03247	SA20160203_GIPDFLML_03247	100.000	360	0	0	1	360	1	360	0.0	718
SA20160203_GIPDFLML_03247	SA20160203_GIPDFLML_03257	42.105	19	11	0	7	25	154	172	2.0	20.0
SA20160203_GIPDFLML_03247	SA20160203_GIPDFLML_03254	30.769	26	18	0	219	244	74	99	5.6	18.5
SA20160203_GIPDFLML_03247	SA20160203_GIPDFLML_03241	23.077	52	31	1	284	335	75	117	8.8	18.1
SA20160203_GIPDFLML_03248	SA20160203_GIPDFLML_03248	100.000	452	0	0	1	452	1	452	0.0	919
SA20160203_GIPDFLML_03248	SA20160203_GIPDFLML_03246	28.159	277	172	12	88	360	94	347	5.04e-08	44.7
SA20160203_GIPDFLML_03248	SA20160203_GIPDFLML_03249	23.620	326	213	9	24	317	22	343	2.96e-06	39.3
SA20160203_GIPDFLML_03248	SA20160203_GIPDFLML_03243	27.149	221	142	10	103	318	122	328	3.85e-05	35.4
SA20160203_GIPDFLML_03248	SA20160203_GIPDFLML_03244	25.806	31	23	0	99	129	182	212	1.7	20.8
SA20160203_GIPDFLML_03248	SA20160203_GIPDFLML_03258	60.000	15	6	0	292	306	207	221	2.1	20.4
SA20160203_GIPDFLML_03248	SA20160203_GIPDFLML_03256	34.783	23	15	0	52	74	503	525	5.4	19.2
SA20160203_GIPDFLML_03248	SA20160203_GIPDFLML_03260	24.490	49	34	1	325	370	340	388	6.8	18.9
SA20160203_GIPDFLML_03248	SA20160203_GIPDFLML_03242	27.907	43	31	0	266	308	251	293	8.3	18.5
SA20160203_GIPDFLML_03249	SA20160203_GIPDFLML_03249	100.000	495	0	0	1	495	1	495	0.0	1013
SA20160203_GIPDFLML_03249	SA20160203_GIPDFLML_03246	29.851	134	68	6	111	243	107	215	7.00e-08	44.3
SA20160203_GIPDFLML_03249	SA20160203_GIPDFLML_03248	23.620	326	213	9	22	343	24	317	1.03e-07	43.9
SA20160203_GIPDFLML_03249	SA20160203_GIPDFLML_03243	25.263	285	166	13	106	373	113	367	2.96e-06	39.3
SA20160203_GIPDFLML_03249	SA20160203_GIPDFLML_03244	28.205	39	28	0	109	147	183	221	0.62	22.3
SA20160203_GIPDFLML_03249	SA20160203_GIPDFLML_03254	38.095	21	13	0	401	421	296	316	1.3	21.2
SA20160203_GIPDFLML_03249	SA20160203_GIPDFLML_03250	27.711	83	38	4	245	309	106	184	1.5	21.2
SA20160203_GIPDFLML_03249	SA20160203_GIPDFLML_03242	33.333	27	18	0	362	388	226	252	4.2	19.6
SA20160203_GIPDFLML_03249	SA20160203_GIPDFLML_03245	32.000	25	17	0	42	66	281	305	4.6	19.2
SA20160203_GIPDFLML_03250	SA20160203_GIPDFLML_03250	100.000	588	0	0	1	588	1	588	0.0	1202
SA20160203_GIPDFLML_03250	SA20160203_GIPDFLML_03254	30.769	26	18	0	179	204	212	237	0.68	22.3
SA20160203_GIPDFLML_03250	SA20160203_GIPDFLML_03255	25.000	92	45	5	262	350	7	77	0.97	21.6
SA20160203_GIPDFLML_03250	SA20160203_GIPDFLML_03249	27.711	83	38	4	106	184	245	309	2.0	20.8
SA20160203_GIPDFLML_03250	SA20160203_GIPDFLML_03240	28.571	21	15	0	285	305	279	299	3.3	20.0
SA20160203_GIPDFLML_03250	SA20160203_GIPDFLML_03260	25.000	104	59	5	389	484	292	384	7.6	18.9
SA20160203_GIPDFLML_03251	SA20160203_GIPDFLML_03251	100.000	121	0	0	1	121	1	121	3.86e-89	245
SA20160203_GIPDFLML_03251	SA20160203_GIPDFLML_03254	45.833	24	13	0	24	47	250	273	1.6	18.5
SA20160203_GIPDFLML_03251	SA20160203_GIPDFLML_03248	50.000	8	4	0	39	46	36	43	4.3	17.3
SA20160203_GIPDFLML_03251	SA20160203_GIPDFLML_03259	36.364	22	14	0	4	25	37	58	8.0	16.2
SA20160203_GIPDFLML_03252	SA20160203_GIPDFLML_03252	100.000	313	0	0	1	313	1	313	0.0	632
SA20160203_GIPDFLML_03252	SA20160203_GIPDFLML_03258	47.368	19	10	0	210	228	6	24	3.3	19.2
SA20160203_GIPDFLML_03252	SA20160203_GIPDFLML_03242	50.000	18	9	0	48	65	32	49	9.7	17.7
SA20160203_GIPDFLML_03253	SA20160203_GIPDFLML_03253	100.000	152	0	0	1	152	1	152	2.66e-115	314
SA20160203_GIPDFLML_03253	SA20160203_GIPDFLML_03248	40.000	15	9	0	81	95	54	68	3.5	17.7
SA20160203_GIPDFLML_03253	SA20160203_GIPDFLML_03247	32.558	43	24	2	8	45	191	233	4.6	17.3
SA20160203_GIPDFLML_03254	SA20160203_GIPDFLML_03254	100.000	334	0	0	1	334	1	334	0.0	687
SA20160203_GIPDFLML_03254	SA20160203_GIPDFLML_03250	30.769	26	18	0	212	237	179	204	0.38	22.3
SA20160203_GIPDFLML_03254	SA20160203_GIPDFLML_03249	38.095	21	13	0	296	316	401	421	0.87	21.2
SA20160203_GIPDFLML_03254	SA20160203_GIPDFLML_03251	45.833	24	13	0	250	273	24	47	4.4	18.5
SA20160203_GIPDFLML_03254	SA20160203_GIPDFLML_03247	30.769	26	18	0	74	99	219	244	5.2	18.5
SA20160203_GIPDFLML_03254	SA20160203_GIPDFLML_03245	41.667	12	7	0	275	286	337	348	8.0	18.1
SA20160203_GIPDFLML_03254	SA20160203_GIPDFLML_03246	36.842	19	12	0	143	161	106	124	8.3	18.1
SA20160203_GIPDFLML_03255	SA20160203_GIPDFLML_03255	100.000	164	0	0	1	164	1	164	8.52e-120	326
SA20160203_GIPDFLML_03255	SA20160203_GIPDFLML_03250	25.000	92	45	5	7	77	262	350	0.27	21.6
SA20160203_GIPDFLML_03255	SA20160203_GIPDFLML_03248	24.419	86	55	2	30	110	336	416	5.5	17.3
SA20160203_GIPDFLML_03255	SA20160203_GIPDFLML_03243	29.630	27	19	0	126	152	343	369	7.9	16.9
SA20160203_GIPDFLML_03255	SA20160203_GIPDFLML_03257	28.571	35	25	0	94	128	54	88	8.3	16.9
SA20160203_GIPDFLML_03256	SA20160203_GIPDFLML_03256	100.000	574	0	0	1	574	1	574	0.0	1189
SA20160203_GIPDFLML_03256	SA20160203_GIPDFLML_03258	24.348	115	83	3	429	539	406	520	0.13	24.6
SA20160203_GIPDFLML_03256	SA20160203_GIPDFLML_03248	34.783	23	15	0	503	525	52	74	7.3	18.9
SA20160203_GIPDFLML_03257	SA20160203_GIPDFLML_03257	100.000	314	0	0	1	314	1	314	0.0	654
SA20160203_GIPDFLML_03257	SA20160203_GIPDFLML_03246	30.189	53	28	2	173	224	381	425	0.82	21.2
SA20160203_GIPDFLML_03257	SA20160203_GIPDFLML_03247	42.105	19	11	0	154	172	7	25	1.8	20.0
SA20160203_GIPDFLML_03257	SA20160203_GIPDFLML_03249	27.907	43	20	2	5	38	417	457	6.1	18.5
SA20160203_GIPDFLML_03257	SA20160203_GIPDFLML_03250	41.667	12	7	0	292	303	99	110	9.9	17.7
SA20160203_GIPDFLML_03258	SA20160203_GIPDFLML_03258	100.000	523	0	0	1	523	1	523	0.0	1082
SA20160203_GIPDFLML_03258	SA20160203_GIPDFLML_03256	24.348	115	83	3	406	520	429	539	0.12	24.6
SA20160203_GIPDFLML_03258	SA20160203_GIPDFLML_03259	71.429	14	4	0	82	95	18	31	1.0	21.6
SA20160203_GIPDFLML_03258	SA20160203_GIPDFLML_03241	37.037	27	17	0	183	209	95	121	1.7	20.8
SA20160203_GIPDFLML_03258	SA20160203_GIPDFLML_03252	47.368	19	10	0	6	24	210	228	5.5	19.2
SA20160203_GIPDFLML_03258	SA20160203_GIPDFLML_03248	61.538	13	5	0	209	221	294	306	6.2	19.2
SA20160203_GIPDFLML_03258	SA20160203_GIPDFLML_03260	35.897	39	20	1	168	201	304	342	7.9	18.9
SA20160203_GIPDFLML_03259	SA20160203_GIPDFLML_03259	100.000	363	0	0	1	363	1	363	0.0	748
SA20160203_GIPDFLML_03259	SA20160203_GIPDFLML_03258	71.429	14	4	0	18	31	82	95	0.71	21.6
SA20160203_GIPDFLML_03259	SA20160203_GIPDFLML_03260	35.000	20	13	0	224	243	25	44	3.4	19.2
SA20160203_GIPDFLML_03259	SA20160203_GIPDFLML_03243	24.706	85	51	2	13	92	307	383	6.4	18.5
SA20160203_GIPDFLML_03259	SA20160203_GIPDFLML_03244	38.889	18	11	0	9	26	19	36	10.0	17.7
SA20160203_GIPDFLML_03260	SA20160203_GIPDFLML_03260	100.000	466	0	0	1	466	1	466	0.0	963
SA20160203_GIPDFLML_03260	SA20160203_GIPDFLML_03245	34.615	26	17	0	240	265	23	48	2.7	20.0
SA20160203_GIPDFLML_03260	SA20160203_GIPDFLML_03259	35.000	20	13	0	25	44	224	243	4.3	19.2
SA20160203_GIPDFLML_03260	SA20160203_GIPDFLML_03250	25.000	104	59	5	292	384	389	484	5.4	19.2
SA20160203_GIPDFLML_03260	SA20160203_GIPDFLML_03248	24.490	49	34	1	340	388	325	370	6.1	18.9
SA20160203_GIPDFLML_03260	SA20160203_GIPDFLML_03258	35.897	39	20	1	304	342	168	201	6.6	18.9
SA20160203_GIPDFLML_03260	SA20160203_GIPDFLML_03243	41.176	17	10	0	293	309	41	57	7.9	18.5
SA20160203_GIPDFLML_03260	SA20160203_GIPDFLML_03256	41.176	17	10	0	95	111	31	47	8.4	18.5
