SA20153983_GBAKOBEN_00094	SA20160172_GPHLOGML_03372	53.846	13	6	0	26	38	127	139	1.3	20.8
SA20153983_GBAKOBEN_00094	SA20160172_GPHLOGML_03373	32.500	40	25	1	254	291	268	307	2.0	20.0
SA20153983_GBAKOBEN_00094	SA20160172_GPHLOGML_03389	37.500	24	14	1	107	129	9	32	2.5	20.0
SA20153983_GBAKOBEN_00094	SA20160172_GPHLOGML_03379	33.333	18	12	0	114	131	523	540	3.8	19.2
SA20153983_GBAKOBEN_00095	SA20160172_GPHLOGML_03372	100.000	423	0	0	1	423	1	423	0.0	852
SA20153983_GBAKOBEN_00095	SA20160172_GPHLOGML_03384	24.460	139	82	3	224	362	44	159	0.008	28.1
SA20153983_GBAKOBEN_00095	SA20160172_GPHLOGML_03390	29.167	48	33	1	95	141	174	221	0.021	26.6
SA20153983_GBAKOBEN_00095	SA20160172_GPHLOGML_03383	30.189	53	37	0	199	251	374	426	0.22	23.5
SA20153983_GBAKOBEN_00095	SA20160172_GPHLOGML_03376	30.435	23	14	1	164	186	39	59	3.5	19.2
SA20153983_GBAKOBEN_00095	SA20160172_GPHLOGML_03386	28.125	32	23	0	140	171	124	155	4.4	19.6
SA20153983_GBAKOBEN_00095	SA20160172_GPHLOGML_03379	60.000	10	4	0	284	293	416	425	7.1	18.9
SA20153983_GBAKOBEN_00096	SA20160172_GPHLOGML_03373	100.000	350	0	0	1	350	1	350	0.0	723
SA20153983_GBAKOBEN_00096	SA20160172_GPHLOGML_03391	25.000	84	45	2	269	343	607	681	3.0	19.6
SA20153983_GBAKOBEN_00096	SA20160172_GPHLOGML_03386	50.000	22	10	1	14	34	642	663	5.7	18.9
SA20153983_GBAKOBEN_00096	SA20160172_GPHLOGML_03383	35.294	17	11	0	90	106	271	287	7.3	18.5
SA20153983_GBAKOBEN_00096	SA20160172_GPHLOGML_03380	37.500	16	10	0	301	316	141	156	7.7	18.1
SA20153983_GBAKOBEN_00097	SA20160172_GPHLOGML_03374	99.331	299	2	0	1	299	1	299	0.0	602
SA20153983_GBAKOBEN_00097	SA20160172_GPHLOGML_03378	30.000	40	25	1	190	229	409	445	4.2	18.9
SA20153983_GBAKOBEN_00097	SA20160172_GPHLOGML_03383	38.889	18	11	0	138	155	203	220	4.4	18.9
SA20153983_GBAKOBEN_00097	SA20160172_GPHLOGML_03386	44.444	18	10	0	39	56	236	253	4.7	18.9
SA20153983_GBAKOBEN_00098	SA20160172_GPHLOGML_03375	93.694	111	7	0	1	111	1	111	7.00e-68	191
SA20153983_GBAKOBEN_00098	SA20160172_GPHLOGML_03378	28.000	25	18	0	51	75	362	386	2.4	18.1
SA20153983_GBAKOBEN_00098	SA20160172_GPHLOGML_03386	50.000	14	7	0	2	15	116	129	3.7	17.3
SA20153983_GBAKOBEN_00098	SA20160172_GPHLOGML_03385	42.857	14	8	0	2	15	107	120	5.6	16.9
SA20153983_GBAKOBEN_00099	SA20160172_GPHLOGML_03376	97.826	138	3	0	1	138	1	138	2.71e-101	277
SA20153983_GBAKOBEN_00099	SA20160172_GPHLOGML_03372	30.435	23	14	1	39	59	164	186	1.3	19.2
SA20153983_GBAKOBEN_00100	SA20160172_GPHLOGML_03378	100.000	453	0	0	1	453	1	453	0.0	952
SA20153983_GBAKOBEN_00100	SA20160172_GPHLOGML_03389	38.889	18	11	0	221	238	259	276	3.8	19.6
SA20153983_GBAKOBEN_00100	SA20160172_GPHLOGML_03382	30.303	33	21	1	58	88	102	134	4.4	19.2
SA20153983_GBAKOBEN_00100	SA20160172_GPHLOGML_03380	50.000	20	10	0	322	341	93	112	4.6	19.2
SA20153983_GBAKOBEN_00100	SA20160172_GPHLOGML_03386	46.667	15	8	0	220	234	891	905	5.0	19.2
SA20153983_GBAKOBEN_00100	SA20160172_GPHLOGML_03391	42.857	21	12	0	146	166	503	523	7.0	18.9
SA20153983_GBAKOBEN_00100	SA20160172_GPHLOGML_03374	30.000	40	25	1	409	445	190	229	7.1	18.9
SA20153983_GBAKOBEN_00101	SA20160172_GPHLOGML_03379	98.009	703	14	0	1	703	1	703	0.0	1436
SA20153983_GBAKOBEN_00101	SA20160172_GPHLOGML_03385	36.000	25	16	0	215	239	795	819	1.7	21.6
SA20153983_GBAKOBEN_00101	SA20160172_GPHLOGML_03391	45.455	11	6	0	233	243	656	666	8.0	19.6
SA20153983_GBAKOBEN_00101	SA20160172_GPHLOGML_03390	36.364	33	18	2	138	170	70	99	9.9	18.9
SA20153983_GBAKOBEN_00102	SA20160172_GPHLOGML_03380	100.000	238	0	0	1	238	1	238	7.66e-180	484
SA20153983_GBAKOBEN_00102	SA20160172_GPHLOGML_03385	34.146	41	20	3	199	234	710	748	2.0	19.6
SA20153983_GBAKOBEN_00102	SA20160172_GPHLOGML_03378	50.000	20	10	0	93	112	322	341	2.2	19.6
SA20153983_GBAKOBEN_00102	SA20160172_GPHLOGML_03389	40.000	15	9	0	210	224	90	104	4.6	18.5
SA20153983_GBAKOBEN_00102	SA20160172_GPHLOGML_03373	37.500	16	10	0	141	156	301	316	5.3	18.1
SA20153983_GBAKOBEN_00103	SA20160172_GPHLOGML_03381	98.750	400	5	0	1	400	1	400	0.0	829
SA20153983_GBAKOBEN_00103	SA20160172_GPHLOGML_03384	33.333	36	20	1	55	90	48	79	3.5	19.6
SA20153983_GBAKOBEN_00103	SA20160172_GPHLOGML_03391	43.478	23	13	0	300	322	407	429	6.6	18.9
SA20153983_GBAKOBEN_00103	SA20160172_GPHLOGML_03390	45.000	20	11	0	364	383	184	203	8.4	18.5
SA20153983_GBAKOBEN_00103	SA20160172_GPHLOGML_03378	42.105	19	11	0	278	296	17	35	9.9	18.1
SA20153983_GBAKOBEN_00104	SA20160172_GPHLOGML_03382	100.000	240	0	0	1	240	1	240	1.20e-180	486
SA20153983_GBAKOBEN_00104	SA20160172_GPHLOGML_03378	30.303	33	21	1	102	134	58	88	2.5	19.2
SA20153983_GBAKOBEN_00104	SA20160172_GPHLOGML_03385	45.455	11	6	0	81	91	41	51	4.6	18.5
SA20153983_GBAKOBEN_00104	SA20160172_GPHLOGML_03390	62.500	8	3	0	104	111	149	156	9.7	17.3
SA20153983_GBAKOBEN_00105	SA20160172_GPHLOGML_03383	99.572	467	2	0	1	467	1	467	0.0	951
SA20153983_GBAKOBEN_00105	SA20160172_GPHLOGML_03372	30.189	53	37	0	374	426	199	251	0.28	23.5
SA20153983_GBAKOBEN_00105	SA20160172_GPHLOGML_03377	24.490	49	37	0	150	198	118	166	0.67	21.9
SA20153983_GBAKOBEN_00105	SA20160172_GPHLOGML_03384	26.923	52	29	3	53	95	148	199	2.9	20.0
SA20153983_GBAKOBEN_00105	SA20160172_GPHLOGML_03374	38.889	18	11	0	203	220	138	155	6.7	18.9
SA20153983_GBAKOBEN_00105	SA20160172_GPHLOGML_03387	32.836	67	41	3	201	267	106	168	7.8	18.9
SA20153983_GBAKOBEN_00105	SA20160172_GPHLOGML_03391	25.000	36	27	0	396	431	799	834	8.6	18.9
SA20153983_GBAKOBEN_00105	SA20160172_GPHLOGML_03373	35.294	17	11	0	271	287	90	106	9.7	18.5
SA20153983_GBAKOBEN_00106	SA20160172_GPHLOGML_03384	99.362	470	3	0	1	470	1	470	0.0	922
SA20153983_GBAKOBEN_00106	SA20160172_GPHLOGML_03372	24.460	139	82	3	44	159	224	362	0.007	28.5
SA20153983_GBAKOBEN_00106	SA20160172_GPHLOGML_03383	26.923	52	29	3	148	199	53	95	2.2	20.4
SA20153983_GBAKOBEN_00106	SA20160172_GPHLOGML_03391	35.714	42	24	1	169	210	96	134	3.7	20.0
SA20153983_GBAKOBEN_00106	SA20160172_GPHLOGML_03381	33.333	36	20	1	48	79	55	90	4.7	19.6
SA20153983_GBAKOBEN_00106	SA20160172_GPHLOGML_03385	45.000	20	11	0	250	269	890	909	4.8	19.6
SA20153983_GBAKOBEN_00106	SA20160172_GPHLOGML_03386	43.750	16	9	0	165	180	359	374	8.2	18.9
SA20153983_GBAKOBEN_00106	SA20160172_GPHLOGML_03380	30.645	62	29	2	340	387	145	206	8.8	18.5
SA20153983_GBAKOBEN_00107	SA20160172_GPHLOGML_03385	99.318	1026	7	0	1	1026	1	1026	0.0	2050
SA20153983_GBAKOBEN_00107	SA20160172_GPHLOGML_03386	49.659	1025	507	3	6	1021	15	1039	0.0	918
SA20153983_GBAKOBEN_00107	SA20160172_GPHLOGML_03387	24.074	54	32	1	868	912	223	276	1.4	22.3
SA20153983_GBAKOBEN_00107	SA20160172_GPHLOGML_03381	24.000	50	31	2	156	205	208	250	1.6	22.3
SA20153983_GBAKOBEN_00107	SA20160172_GPHLOGML_03377	34.615	26	16	1	999	1024	44	68	2.7	21.6
SA20153983_GBAKOBEN_00107	SA20160172_GPHLOGML_03379	36.000	25	16	0	795	819	215	239	2.7	21.6
SA20153983_GBAKOBEN_00107	SA20160172_GPHLOGML_03389	22.034	118	71	4	222	318	44	161	2.8	21.6
SA20153983_GBAKOBEN_00107	SA20160172_GPHLOGML_03391	60.000	10	4	0	711	720	963	972	6.2	20.4
SA20153983_GBAKOBEN_00107	SA20160172_GPHLOGML_03384	45.000	20	11	0	890	909	250	269	8.7	19.6
SA20153983_GBAKOBEN_00108	SA20160172_GPHLOGML_03386	99.808	1040	2	0	1	1040	1	1040	0.0	2078
SA20153983_GBAKOBEN_00108	SA20160172_GPHLOGML_03385	49.756	1025	506	3	15	1039	6	1021	0.0	929
SA20153983_GBAKOBEN_00108	SA20160172_GPHLOGML_03387	28.571	35	25	0	882	916	223	257	1.0	22.7
SA20153983_GBAKOBEN_00108	SA20160172_GPHLOGML_03377	56.250	16	7	0	745	760	60	75	4.7	20.8
SA20153983_GBAKOBEN_00109	SA20160172_GPHLOGML_03387	99.031	413	4	0	1	413	1	413	0.0	824
SA20153983_GBAKOBEN_00109	SA20160172_GPHLOGML_03386	28.571	35	25	0	223	257	882	916	0.42	22.7
SA20153983_GBAKOBEN_00109	SA20160172_GPHLOGML_03385	24.074	54	32	1	223	276	868	912	0.74	21.9
SA20153983_GBAKOBEN_00109	SA20160172_GPHLOGML_03383	31.944	72	35	4	106	168	201	267	1.9	20.4
SA20153983_GBAKOBEN_00109	SA20160172_GPHLOGML_03373	47.059	17	9	0	343	359	242	258	4.1	19.2
SA20153983_GBAKOBEN_00109	SA20160172_GPHLOGML_03391	31.579	38	25	1	107	143	638	675	6.4	18.9
SA20153983_GBAKOBEN_00109	SA20160172_GPHLOGML_03381	40.000	20	12	0	387	406	346	365	9.8	18.1
SA20153983_GBAKOBEN_00110	SA20160172_GPHLOGML_03388	98.462	65	1	0	1	65	1	65	7.35e-46	132
SA20153983_GBAKOBEN_00110	SA20160172_GPHLOGML_03391	28.125	32	23	0	29	60	711	742	1.7	17.3
SA20153983_GBAKOBEN_00110	SA20160172_GPHLOGML_03384	53.333	15	7	0	19	33	336	350	5.1	15.8
SA20153983_GBAKOBEN_00111	SA20160172_GPHLOGML_03389	99.778	450	1	0	1	450	1	450	0.0	919
SA20153983_GBAKOBEN_00111	SA20160172_GPHLOGML_03385	22.034	118	71	4	44	161	222	318	1.4	21.2
SA20153983_GBAKOBEN_00111	SA20160172_GPHLOGML_03378	38.889	18	11	0	259	276	221	238	3.6	19.6
SA20153983_GBAKOBEN_00111	SA20160172_GPHLOGML_03391	42.308	26	13	1	27	50	753	778	5.4	19.2
SA20153983_GBAKOBEN_00111	SA20160172_GPHLOGML_03376	27.273	22	16	0	118	139	16	37	8.1	18.5
SA20153983_GBAKOBEN_00111	SA20160172_GPHLOGML_03390	40.000	25	15	0	256	280	201	225	8.6	18.5
SA20153983_GBAKOBEN_00111	SA20160172_GPHLOGML_03377	25.490	51	34	1	376	426	33	79	8.7	18.5
SA20153983_GBAKOBEN_00111	SA20160172_GPHLOGML_03380	40.000	15	9	0	90	104	210	224	8.8	18.5
SA20153983_GBAKOBEN_00112	SA20160172_GPHLOGML_03390	98.616	289	4	0	1	289	1	289	0.0	578
SA20153983_GBAKOBEN_00112	SA20160172_GPHLOGML_03372	29.167	48	33	1	174	221	95	141	0.016	26.6
SA20153983_GBAKOBEN_00112	SA20160172_GPHLOGML_03381	34.884	43	23	1	161	203	346	383	3.2	19.2
SA20153983_GBAKOBEN_00112	SA20160172_GPHLOGML_03385	45.000	20	11	0	233	252	922	941	3.4	19.2
SA20153983_GBAKOBEN_00112	SA20160172_GPHLOGML_03389	40.000	25	15	0	201	225	256	280	5.8	18.5
SA20153983_GBAKOBEN_00112	SA20160172_GPHLOGML_03379	37.931	29	15	2	70	95	138	166	8.9	18.1
SA20153983_GBAKOBEN_00113	SA20160172_GPHLOGML_03391	99.799	996	2	0	1	996	1	996	0.0	2036
SA20153983_GBAKOBEN_00113	SA20160172_GPHLOGML_03392	33.333	39	24	1	484	520	24	62	2.5	21.2
SA20153983_GBAKOBEN_00113	SA20160172_GPHLOGML_03384	35.714	42	24	1	96	134	169	210	4.0	20.8
SA20153983_GBAKOBEN_00113	SA20160172_GPHLOGML_03385	60.000	10	4	0	963	972	711	720	5.8	20.4
SA20153983_GBAKOBEN_00113	SA20160172_GPHLOGML_03389	42.308	26	13	1	753	778	27	50	6.4	20.0
SA20153983_GBAKOBEN_00113	SA20160172_GPHLOGML_03373	25.000	84	45	2	607	681	269	343	8.5	19.6
SA20153983_GBAKOBEN_00113	SA20160172_GPHLOGML_03377	41.379	29	16	1	481	508	166	194	9.6	19.6
SA20153983_GBAKOBEN_00114	SA20160172_GPHLOGML_03392	100.000	213	0	0	1	213	1	213	1.68e-163	441
SA20153983_GBAKOBEN_00114	SA20160172_GPHLOGML_03391	33.333	39	24	1	24	62	484	520	0.57	21.2
SA20153983_GBAKOBEN_00114	SA20160172_GPHLOGML_03381	46.154	13	7	0	195	207	240	252	6.8	17.7
SA20160172_GPHLOGML_03372	SA20160172_GPHLOGML_03372	100.000	423	0	0	1	423	1	423	0.0	852
SA20160172_GPHLOGML_03372	SA20160172_GPHLOGML_03384	24.460	139	82	3	224	362	44	159	0.008	28.1
SA20160172_GPHLOGML_03372	SA20160172_GPHLOGML_03390	29.167	48	33	1	95	141	174	221	0.021	26.6
SA20160172_GPHLOGML_03372	SA20160172_GPHLOGML_03383	30.189	53	37	0	199	251	374	426	0.22	23.5
SA20160172_GPHLOGML_03372	SA20160172_GPHLOGML_03376	30.435	23	14	1	164	186	39	59	3.5	19.2
SA20160172_GPHLOGML_03372	SA20160172_GPHLOGML_03386	28.125	32	23	0	140	171	124	155	4.4	19.6
SA20160172_GPHLOGML_03372	SA20160172_GPHLOGML_03379	60.000	10	4	0	284	293	416	425	7.1	18.9
SA20160172_GPHLOGML_03373	SA20160172_GPHLOGML_03373	100.000	350	0	0	1	350	1	350	0.0	723
SA20160172_GPHLOGML_03373	SA20160172_GPHLOGML_03391	25.000	84	45	2	269	343	607	681	3.0	19.6
SA20160172_GPHLOGML_03373	SA20160172_GPHLOGML_03386	50.000	22	10	1	14	34	642	663	5.7	18.9
SA20160172_GPHLOGML_03373	SA20160172_GPHLOGML_03383	35.294	17	11	0	90	106	271	287	7.3	18.5
SA20160172_GPHLOGML_03373	SA20160172_GPHLOGML_03380	37.500	16	10	0	301	316	141	156	7.7	18.1
SA20160172_GPHLOGML_03374	SA20160172_GPHLOGML_03374	100.000	299	0	0	1	299	1	299	0.0	606
SA20160172_GPHLOGML_03374	SA20160172_GPHLOGML_03383	38.889	18	11	0	138	155	203	220	4.5	18.9
SA20160172_GPHLOGML_03374	SA20160172_GPHLOGML_03386	44.444	18	10	0	39	56	236	253	4.6	18.9
SA20160172_GPHLOGML_03374	SA20160172_GPHLOGML_03378	30.000	40	25	1	190	229	409	445	4.7	18.9
SA20160172_GPHLOGML_03375	SA20160172_GPHLOGML_03375	100.000	111	0	0	1	111	1	111	1.51e-80	223
SA20160172_GPHLOGML_03375	SA20160172_GPHLOGML_03386	50.000	14	7	0	2	15	116	129	4.0	17.3
SA20160172_GPHLOGML_03375	SA20160172_GPHLOGML_03385	42.857	14	8	0	2	15	107	120	5.5	16.9
SA20160172_GPHLOGML_03376	SA20160172_GPHLOGML_03376	100.000	138	0	0	1	138	1	138	3.29e-103	282
SA20160172_GPHLOGML_03376	SA20160172_GPHLOGML_03372	30.435	23	14	1	39	59	164	186	1.1	19.2
SA20160172_GPHLOGML_03376	SA20160172_GPHLOGML_03389	27.273	22	16	0	16	37	118	139	2.5	18.5
SA20160172_GPHLOGML_03377	SA20160172_GPHLOGML_03377	100.000	335	0	0	1	335	1	335	0.0	694
SA20160172_GPHLOGML_03377	SA20160172_GPHLOGML_03385	34.615	26	16	1	44	68	999	1024	0.88	21.6
SA20160172_GPHLOGML_03377	SA20160172_GPHLOGML_03386	56.250	16	7	0	60	75	745	760	1.5	20.8
SA20160172_GPHLOGML_03377	SA20160172_GPHLOGML_03391	41.379	29	16	1	166	194	481	508	3.3	19.6
SA20160172_GPHLOGML_03377	SA20160172_GPHLOGML_03389	25.490	51	34	1	33	79	376	426	6.3	18.5
SA20160172_GPHLOGML_03378	SA20160172_GPHLOGML_03378	100.000	453	0	0	1	453	1	453	0.0	952
SA20160172_GPHLOGML_03378	SA20160172_GPHLOGML_03389	38.889	18	11	0	221	238	259	276	3.8	19.6
SA20160172_GPHLOGML_03378	SA20160172_GPHLOGML_03382	30.303	33	21	1	58	88	102	134	4.4	19.2
SA20160172_GPHLOGML_03378	SA20160172_GPHLOGML_03380	50.000	20	10	0	322	341	93	112	4.6	19.2
SA20160172_GPHLOGML_03378	SA20160172_GPHLOGML_03386	46.667	15	8	0	220	234	891	905	5.0	19.2
SA20160172_GPHLOGML_03378	SA20160172_GPHLOGML_03391	42.857	21	12	0	146	166	503	523	7.0	18.9
SA20160172_GPHLOGML_03378	SA20160172_GPHLOGML_03374	30.000	40	25	1	409	445	190	229	7.1	18.9
SA20160172_GPHLOGML_03379	SA20160172_GPHLOGML_03379	100.000	703	0	0	1	703	1	703	0.0	1462
SA20160172_GPHLOGML_03379	SA20160172_GPHLOGML_03385	36.000	25	16	0	215	239	795	819	1.8	21.6
SA20160172_GPHLOGML_03379	SA20160172_GPHLOGML_03391	45.455	11	6	0	233	243	656	666	8.2	19.2
SA20160172_GPHLOGML_03379	SA20160172_GPHLOGML_03390	36.364	33	18	2	138	170	70	99	8.3	19.2
SA20160172_GPHLOGML_03380	SA20160172_GPHLOGML_03380	100.000	238	0	0	1	238	1	238	7.66e-180	484
SA20160172_GPHLOGML_03380	SA20160172_GPHLOGML_03378	50.000	20	10	0	93	112	322	341	2.2	19.6
SA20160172_GPHLOGML_03380	SA20160172_GPHLOGML_03389	40.000	15	9	0	210	224	90	104	4.6	18.5
SA20160172_GPHLOGML_03380	SA20160172_GPHLOGML_03373	37.500	16	10	0	141	156	301	316	5.3	18.1
SA20160172_GPHLOGML_03380	SA20160172_GPHLOGML_03385	33.333	24	13	1	93	113	204	227	5.3	18.5
SA20160172_GPHLOGML_03381	SA20160172_GPHLOGML_03381	100.000	400	0	0	1	400	1	400	0.0	838
SA20160172_GPHLOGML_03381	SA20160172_GPHLOGML_03384	33.333	36	20	1	55	90	48	79	3.8	19.6
SA20160172_GPHLOGML_03381	SA20160172_GPHLOGML_03390	34.884	43	23	1	346	383	161	203	4.4	19.2
SA20160172_GPHLOGML_03381	SA20160172_GPHLOGML_03391	43.478	23	13	0	300	322	407	429	6.1	18.9
SA20160172_GPHLOGML_03381	SA20160172_GPHLOGML_03378	42.105	19	11	0	278	296	17	35	9.5	18.1
SA20160172_GPHLOGML_03382	SA20160172_GPHLOGML_03382	100.000	240	0	0	1	240	1	240	1.20e-180	486
SA20160172_GPHLOGML_03382	SA20160172_GPHLOGML_03378	30.303	33	21	1	102	134	58	88	2.5	19.2
SA20160172_GPHLOGML_03382	SA20160172_GPHLOGML_03385	45.455	11	6	0	81	91	41	51	4.6	18.5
SA20160172_GPHLOGML_03382	SA20160172_GPHLOGML_03390	62.500	8	3	0	104	111	149	156	9.7	17.3
SA20160172_GPHLOGML_03383	SA20160172_GPHLOGML_03383	100.000	467	0	0	1	467	1	467	0.0	954
SA20160172_GPHLOGML_03383	SA20160172_GPHLOGML_03372	30.189	53	37	0	374	426	199	251	0.27	23.5
SA20160172_GPHLOGML_03383	SA20160172_GPHLOGML_03384	26.923	52	29	3	53	95	148	199	2.9	20.0
SA20160172_GPHLOGML_03383	SA20160172_GPHLOGML_03377	22.449	49	38	0	150	198	118	166	5.7	19.2
SA20160172_GPHLOGML_03383	SA20160172_GPHLOGML_03374	38.889	18	11	0	203	220	138	155	6.8	18.9
SA20160172_GPHLOGML_03383	SA20160172_GPHLOGML_03391	25.000	36	27	0	396	431	799	834	8.8	18.9
SA20160172_GPHLOGML_03383	SA20160172_GPHLOGML_03373	35.294	17	11	0	271	287	90	106	9.4	18.5
SA20160172_GPHLOGML_03384	SA20160172_GPHLOGML_03384	100.000	470	0	0	1	470	1	470	0.0	929
SA20160172_GPHLOGML_03384	SA20160172_GPHLOGML_03372	24.460	139	82	3	44	159	224	362	0.008	28.5
SA20160172_GPHLOGML_03384	SA20160172_GPHLOGML_03391	35.714	42	24	1	169	210	96	134	1.8	20.8
SA20160172_GPHLOGML_03384	SA20160172_GPHLOGML_03383	26.923	52	29	3	148	199	53	95	2.1	20.8
SA20160172_GPHLOGML_03384	SA20160172_GPHLOGML_03381	33.333	36	20	1	48	79	55	90	4.4	19.6
SA20160172_GPHLOGML_03384	SA20160172_GPHLOGML_03385	45.000	20	11	0	250	269	890	909	4.9	19.6
SA20160172_GPHLOGML_03384	SA20160172_GPHLOGML_03379	36.364	22	14	0	236	257	626	647	5.4	19.2
SA20160172_GPHLOGML_03384	SA20160172_GPHLOGML_03380	30.645	62	29	2	340	387	145	206	9.7	18.5
SA20160172_GPHLOGML_03385	SA20160172_GPHLOGML_03385	100.000	1026	0	0	1	1026	1	1026	0.0	2064
SA20160172_GPHLOGML_03385	SA20160172_GPHLOGML_03386	49.756	1025	506	3	6	1021	15	1039	0.0	918
SA20160172_GPHLOGML_03385	SA20160172_GPHLOGML_03387	24.074	54	32	1	868	912	223	276	1.5	22.3
SA20160172_GPHLOGML_03385	SA20160172_GPHLOGML_03381	24.000	50	31	2	156	205	208	250	1.7	21.9
SA20160172_GPHLOGML_03385	SA20160172_GPHLOGML_03377	34.615	26	16	1	999	1024	44	68	2.7	21.6
SA20160172_GPHLOGML_03385	SA20160172_GPHLOGML_03379	36.000	25	16	0	795	819	215	239	2.8	21.6
SA20160172_GPHLOGML_03385	SA20160172_GPHLOGML_03391	60.000	10	4	0	711	720	963	972	6.4	20.4
SA20160172_GPHLOGML_03385	SA20160172_GPHLOGML_03384	45.000	20	11	0	890	909	250	269	8.7	19.6
SA20160172_GPHLOGML_03386	SA20160172_GPHLOGML_03386	100.000	1040	0	0	1	1040	1	1040	0.0	2079
SA20160172_GPHLOGML_03386	SA20160172_GPHLOGML_03385	49.756	1025	506	3	15	1039	6	1021	0.0	929
SA20160172_GPHLOGML_03386	SA20160172_GPHLOGML_03387	28.571	35	25	0	882	916	223	257	1.0	22.7
SA20160172_GPHLOGML_03386	SA20160172_GPHLOGML_03377	56.250	16	7	0	745	760	60	75	4.7	20.8
SA20160172_GPHLOGML_03387	SA20160172_GPHLOGML_03387	100.000	413	0	0	1	413	1	413	0.0	832
SA20160172_GPHLOGML_03387	SA20160172_GPHLOGML_03386	28.571	35	25	0	223	257	882	916	0.45	22.7
SA20160172_GPHLOGML_03387	SA20160172_GPHLOGML_03385	26.923	26	19	0	223	248	868	893	0.74	21.9
SA20160172_GPHLOGML_03387	SA20160172_GPHLOGML_03391	31.579	38	25	1	107	143	638	675	6.3	18.9
SA20160172_GPHLOGML_03388	SA20160172_GPHLOGML_03388	100.000	65	0	0	1	65	1	65	9.84e-47	134
SA20160172_GPHLOGML_03388	SA20160172_GPHLOGML_03391	28.125	32	23	0	29	60	711	742	1.8	17.3
SA20160172_GPHLOGML_03388	SA20160172_GPHLOGML_03384	53.333	15	7	0	19	33	336	350	4.8	16.2
SA20160172_GPHLOGML_03388	SA20160172_GPHLOGML_03379	55.556	9	4	0	57	65	270	278	8.3	15.4
SA20160172_GPHLOGML_03389	SA20160172_GPHLOGML_03389	100.000	450	0	0	1	450	1	450	0.0	920
SA20160172_GPHLOGML_03389	SA20160172_GPHLOGML_03385	22.034	118	71	4	44	161	222	318	1.4	21.2
SA20160172_GPHLOGML_03389	SA20160172_GPHLOGML_03391	42.308	26	13	1	27	50	753	778	2.8	20.4
SA20160172_GPHLOGML_03389	SA20160172_GPHLOGML_03378	38.889	18	11	0	259	276	221	238	3.6	19.6
SA20160172_GPHLOGML_03389	SA20160172_GPHLOGML_03376	27.273	22	16	0	118	139	16	37	8.1	18.5
SA20160172_GPHLOGML_03389	SA20160172_GPHLOGML_03377	25.490	51	34	1	376	426	33	79	8.5	18.5
SA20160172_GPHLOGML_03389	SA20160172_GPHLOGML_03390	40.000	25	15	0	256	280	201	225	8.6	18.5
SA20160172_GPHLOGML_03389	SA20160172_GPHLOGML_03380	40.000	15	9	0	90	104	210	224	8.8	18.5
SA20160172_GPHLOGML_03390	SA20160172_GPHLOGML_03390	100.000	289	0	0	1	289	1	289	0.0	585
SA20160172_GPHLOGML_03390	SA20160172_GPHLOGML_03372	29.167	48	33	1	174	221	95	141	0.015	26.6
SA20160172_GPHLOGML_03390	SA20160172_GPHLOGML_03381	34.884	43	23	1	161	203	346	383	3.2	19.2
SA20160172_GPHLOGML_03390	SA20160172_GPHLOGML_03391	33.333	27	16	1	233	259	866	890	3.2	19.2
SA20160172_GPHLOGML_03390	SA20160172_GPHLOGML_03379	36.364	33	18	2	70	99	138	170	3.4	19.2
SA20160172_GPHLOGML_03390	SA20160172_GPHLOGML_03389	40.000	25	15	0	201	225	256	280	5.5	18.5
SA20160172_GPHLOGML_03390	SA20160172_GPHLOGML_03384	24.390	41	30	1	63	102	275	315	6.8	18.1
SA20160172_GPHLOGML_03391	SA20160172_GPHLOGML_03391	100.000	996	0	0	1	996	1	996	0.0	2039
SA20160172_GPHLOGML_03391	SA20160172_GPHLOGML_03392	33.333	39	24	1	484	520	24	62	2.5	21.2
SA20160172_GPHLOGML_03391	SA20160172_GPHLOGML_03384	35.714	42	24	1	96	134	169	210	3.9	20.8
SA20160172_GPHLOGML_03391	SA20160172_GPHLOGML_03385	60.000	10	4	0	963	972	711	720	5.8	20.4
SA20160172_GPHLOGML_03391	SA20160172_GPHLOGML_03377	41.379	29	16	1	481	508	166	194	9.6	19.6
SA20160172_GPHLOGML_03392	SA20160172_GPHLOGML_03392	100.000	213	0	0	1	213	1	213	1.68e-163	441
SA20160172_GPHLOGML_03392	SA20160172_GPHLOGML_03391	33.333	39	24	1	24	62	484	520	0.57	21.2
SA20160172_GPHLOGML_03392	SA20160172_GPHLOGML_03381	46.154	13	7	0	195	207	240	252	6.8	17.7
SA20153983_GBAKOBEN_00094	SA20153983_GBAKOBEN_00094	100.000	334	0	0	1	334	1	334	0.0	681
SA20153983_GBAKOBEN_00094	SA20153983_GBAKOBEN_00095	53.846	13	6	0	26	38	127	139	1.3	20.8
SA20153983_GBAKOBEN_00094	SA20153983_GBAKOBEN_00096	32.500	40	25	1	254	291	268	307	2.0	20.0
SA20153983_GBAKOBEN_00094	SA20153983_GBAKOBEN_00101	33.333	18	12	0	114	131	523	540	4.2	19.2
SA20153983_GBAKOBEN_00094	SA20153983_GBAKOBEN_00111	36.364	22	13	1	107	127	9	30	6.8	18.5
SA20153983_GBAKOBEN_00095	SA20153983_GBAKOBEN_00095	100.000	423	0	0	1	423	1	423	0.0	852
SA20153983_GBAKOBEN_00095	SA20153983_GBAKOBEN_00106	24.460	139	82	3	224	362	44	159	0.006	28.5
SA20153983_GBAKOBEN_00095	SA20153983_GBAKOBEN_00112	29.167	48	33	1	95	141	174	221	0.024	26.6
SA20153983_GBAKOBEN_00095	SA20153983_GBAKOBEN_00105	30.189	53	37	0	199	251	374	426	0.22	23.5
SA20153983_GBAKOBEN_00095	SA20153983_GBAKOBEN_00094	58.333	12	5	0	128	139	27	38	1.6	20.8
SA20153983_GBAKOBEN_00095	SA20153983_GBAKOBEN_00099	30.435	23	14	1	164	186	39	59	4.1	19.2
SA20153983_GBAKOBEN_00095	SA20153983_GBAKOBEN_00108	28.125	32	23	0	140	171	124	155	4.4	19.6
SA20153983_GBAKOBEN_00095	SA20153983_GBAKOBEN_00101	60.000	10	4	0	284	293	416	425	7.4	18.9
SA20153983_GBAKOBEN_00096	SA20153983_GBAKOBEN_00096	100.000	350	0	0	1	350	1	350	0.0	723
SA20153983_GBAKOBEN_00096	SA20153983_GBAKOBEN_00094	32.500	40	25	1	268	307	254	291	2.2	20.0
SA20153983_GBAKOBEN_00096	SA20153983_GBAKOBEN_00113	25.000	84	45	2	269	343	607	681	2.9	19.6
SA20153983_GBAKOBEN_00096	SA20153983_GBAKOBEN_00109	47.059	17	9	0	242	258	343	359	4.1	19.2
SA20153983_GBAKOBEN_00096	SA20153983_GBAKOBEN_00108	50.000	22	10	1	14	34	642	663	5.6	18.9
SA20153983_GBAKOBEN_00096	SA20153983_GBAKOBEN_00105	35.294	17	11	0	90	106	271	287	7.4	18.5
SA20153983_GBAKOBEN_00096	SA20153983_GBAKOBEN_00102	37.500	16	10	0	301	316	141	156	7.7	18.1
SA20153983_GBAKOBEN_00097	SA20153983_GBAKOBEN_00097	100.000	299	0	0	1	299	1	299	0.0	606
SA20153983_GBAKOBEN_00097	SA20153983_GBAKOBEN_00100	30.000	40	25	1	190	229	409	445	4.2	18.9
SA20153983_GBAKOBEN_00097	SA20153983_GBAKOBEN_00105	38.889	18	11	0	138	155	203	220	4.5	18.9
SA20153983_GBAKOBEN_00098	SA20153983_GBAKOBEN_00098	100.000	111	0	0	1	111	1	111	7.17e-81	224
SA20153983_GBAKOBEN_00098	SA20153983_GBAKOBEN_00100	28.000	25	18	0	51	75	362	386	2.3	18.1
SA20153983_GBAKOBEN_00098	SA20153983_GBAKOBEN_00108	50.000	14	7	0	2	15	116	129	3.7	17.3
SA20153983_GBAKOBEN_00098	SA20153983_GBAKOBEN_00107	42.857	14	8	0	2	15	107	120	5.5	16.9
SA20153983_GBAKOBEN_00099	SA20153983_GBAKOBEN_00099	100.000	138	0	0	1	138	1	138	8.37e-103	281
SA20153983_GBAKOBEN_00099	SA20153983_GBAKOBEN_00095	30.435	23	14	1	39	59	164	186	1.3	19.2
SA20153983_GBAKOBEN_00100	SA20153983_GBAKOBEN_00100	100.000	453	0	0	1	453	1	453	0.0	952
SA20153983_GBAKOBEN_00100	SA20153983_GBAKOBEN_00111	38.889	18	11	0	221	238	259	276	3.8	19.6
SA20153983_GBAKOBEN_00100	SA20153983_GBAKOBEN_00104	30.303	33	21	1	58	88	102	134	4.4	19.2
SA20153983_GBAKOBEN_00100	SA20153983_GBAKOBEN_00102	50.000	20	10	0	322	341	93	112	4.6	19.2
SA20153983_GBAKOBEN_00100	SA20153983_GBAKOBEN_00108	46.667	15	8	0	220	234	891	905	5.0	19.2
SA20153983_GBAKOBEN_00100	SA20153983_GBAKOBEN_00097	30.000	40	25	1	409	445	190	229	6.2	18.9
SA20153983_GBAKOBEN_00100	SA20153983_GBAKOBEN_00113	42.857	21	12	0	146	166	503	523	7.1	18.9
SA20153983_GBAKOBEN_00100	SA20153983_GBAKOBEN_00098	28.000	25	18	0	362	386	51	75	9.3	18.1
SA20153983_GBAKOBEN_00101	SA20153983_GBAKOBEN_00101	100.000	703	0	0	1	703	1	703	0.0	1464
SA20153983_GBAKOBEN_00101	SA20153983_GBAKOBEN_00107	36.000	25	16	0	215	239	795	819	1.7	21.6
SA20153983_GBAKOBEN_00101	SA20153983_GBAKOBEN_00113	45.455	11	6	0	233	243	656	666	8.0	19.6
SA20153983_GBAKOBEN_00101	SA20153983_GBAKOBEN_00094	33.333	18	12	0	523	540	114	131	9.6	19.2
SA20153983_GBAKOBEN_00102	SA20153983_GBAKOBEN_00102	100.000	238	0	0	1	238	1	238	7.66e-180	484
SA20153983_GBAKOBEN_00102	SA20153983_GBAKOBEN_00100	50.000	20	10	0	93	112	322	341	2.2	19.6
SA20153983_GBAKOBEN_00102	SA20153983_GBAKOBEN_00111	40.000	15	9	0	210	224	90	104	4.6	18.5
SA20153983_GBAKOBEN_00102	SA20153983_GBAKOBEN_00107	33.333	24	13	1	93	113	204	227	5.2	18.5
SA20153983_GBAKOBEN_00102	SA20153983_GBAKOBEN_00096	37.500	16	10	0	141	156	301	316	5.3	18.1
SA20153983_GBAKOBEN_00103	SA20153983_GBAKOBEN_00103	100.000	400	0	0	1	400	1	400	0.0	839
SA20153983_GBAKOBEN_00103	SA20153983_GBAKOBEN_00106	33.333	36	20	1	55	90	48	79	3.7	19.6
SA20153983_GBAKOBEN_00103	SA20153983_GBAKOBEN_00113	43.478	23	13	0	300	322	407	429	6.6	18.9
SA20153983_GBAKOBEN_00103	SA20153983_GBAKOBEN_00112	45.000	20	11	0	364	383	184	203	8.6	18.5
SA20153983_GBAKOBEN_00103	SA20153983_GBAKOBEN_00100	42.105	19	11	0	278	296	17	35	9.9	18.1
SA20153983_GBAKOBEN_00104	SA20153983_GBAKOBEN_00104	100.000	240	0	0	1	240	1	240	1.20e-180	486
SA20153983_GBAKOBEN_00104	SA20153983_GBAKOBEN_00100	30.303	33	21	1	102	134	58	88	2.5	19.2
SA20153983_GBAKOBEN_00104	SA20153983_GBAKOBEN_00107	45.455	11	6	0	81	91	41	51	4.6	18.5
SA20153983_GBAKOBEN_00104	SA20153983_GBAKOBEN_00112	62.500	8	3	0	104	111	149	156	9.8	17.3
SA20153983_GBAKOBEN_00105	SA20153983_GBAKOBEN_00105	100.000	467	0	0	1	467	1	467	0.0	954
SA20153983_GBAKOBEN_00105	SA20153983_GBAKOBEN_00095	30.189	53	37	0	374	426	199	251	0.28	23.5
SA20153983_GBAKOBEN_00105	SA20153983_GBAKOBEN_00106	26.923	52	29	3	53	95	148	199	3.1	20.0
SA20153983_GBAKOBEN_00105	SA20153983_GBAKOBEN_00097	38.889	18	11	0	203	220	138	155	6.8	18.9
SA20153983_GBAKOBEN_00105	SA20153983_GBAKOBEN_00113	25.000	36	27	0	396	431	799	834	8.8	18.9
SA20153983_GBAKOBEN_00105	SA20153983_GBAKOBEN_00096	35.294	17	11	0	271	287	90	106	9.7	18.5
SA20153983_GBAKOBEN_00106	SA20153983_GBAKOBEN_00106	100.000	470	0	0	1	470	1	470	0.0	928
SA20153983_GBAKOBEN_00106	SA20153983_GBAKOBEN_00095	24.460	139	82	3	44	159	224	362	0.007	28.5
SA20153983_GBAKOBEN_00106	SA20153983_GBAKOBEN_00105	26.923	52	29	3	148	199	53	95	2.3	20.4
SA20153983_GBAKOBEN_00106	SA20153983_GBAKOBEN_00113	35.714	42	24	1	169	210	96	134	3.8	20.0
SA20153983_GBAKOBEN_00106	SA20153983_GBAKOBEN_00103	33.333	36	20	1	48	79	55	90	4.6	19.6
SA20153983_GBAKOBEN_00106	SA20153983_GBAKOBEN_00107	45.000	20	11	0	250	269	890	909	4.8	19.6
SA20153983_GBAKOBEN_00106	SA20153983_GBAKOBEN_00108	43.750	16	9	0	165	180	359	374	8.2	18.9
SA20153983_GBAKOBEN_00106	SA20153983_GBAKOBEN_00102	30.645	62	29	2	340	387	145	206	8.8	18.5
SA20153983_GBAKOBEN_00106	SA20153983_GBAKOBEN_00101	36.842	19	12	0	367	385	377	395	8.9	18.5
SA20153983_GBAKOBEN_00107	SA20153983_GBAKOBEN_00107	100.000	1026	0	0	1	1026	1	1026	0.0	2065
SA20153983_GBAKOBEN_00107	SA20153983_GBAKOBEN_00108	49.659	1025	507	3	6	1021	15	1039	0.0	919
SA20153983_GBAKOBEN_00107	SA20153983_GBAKOBEN_00109	24.074	54	32	1	868	912	223	276	1.3	22.3
SA20153983_GBAKOBEN_00107	SA20153983_GBAKOBEN_00103	24.000	50	31	2	156	205	208	250	1.6	22.3
SA20153983_GBAKOBEN_00107	SA20153983_GBAKOBEN_00101	36.000	25	16	0	795	819	215	239	2.6	21.6
SA20153983_GBAKOBEN_00107	SA20153983_GBAKOBEN_00112	50.000	20	10	0	922	941	233	252	3.2	21.2
SA20153983_GBAKOBEN_00107	SA20153983_GBAKOBEN_00113	60.000	10	4	0	711	720	963	972	6.2	20.4
SA20153983_GBAKOBEN_00107	SA20153983_GBAKOBEN_00106	45.000	20	11	0	890	909	250	269	9.1	19.6
SA20153983_GBAKOBEN_00108	SA20153983_GBAKOBEN_00108	100.000	1040	0	0	1	1040	1	1040	0.0	2080
SA20153983_GBAKOBEN_00108	SA20153983_GBAKOBEN_00107	49.659	1025	507	3	15	1039	6	1021	0.0	929
SA20153983_GBAKOBEN_00108	SA20153983_GBAKOBEN_00109	28.571	35	25	0	882	916	223	257	1.00	22.7
SA20153983_GBAKOBEN_00109	SA20153983_GBAKOBEN_00109	100.000	413	0	0	1	413	1	413	0.0	830
SA20153983_GBAKOBEN_00109	SA20153983_GBAKOBEN_00108	28.571	35	25	0	223	257	882	916	0.43	22.7
SA20153983_GBAKOBEN_00109	SA20153983_GBAKOBEN_00107	24.074	54	32	1	223	276	868	912	0.71	21.9
SA20153983_GBAKOBEN_00109	SA20153983_GBAKOBEN_00096	47.059	17	9	0	343	359	242	258	4.1	19.2
SA20153983_GBAKOBEN_00109	SA20153983_GBAKOBEN_00113	31.579	38	25	1	107	143	638	675	6.2	18.9
SA20153983_GBAKOBEN_00110	SA20153983_GBAKOBEN_00110	100.000	65	0	0	1	65	1	65	1.82e-46	133
SA20153983_GBAKOBEN_00110	SA20153983_GBAKOBEN_00113	28.125	32	23	0	29	60	711	742	1.7	17.3
SA20153983_GBAKOBEN_00110	SA20153983_GBAKOBEN_00106	53.333	15	7	0	19	33	336	350	5.0	15.8
SA20153983_GBAKOBEN_00111	SA20153983_GBAKOBEN_00111	100.000	450	0	0	1	450	1	450	0.0	920
SA20153983_GBAKOBEN_00111	SA20153983_GBAKOBEN_00107	22.034	118	71	4	44	161	222	318	1.4	21.2
SA20153983_GBAKOBEN_00111	SA20153983_GBAKOBEN_00100	38.889	18	11	0	259	276	221	238	3.6	19.6
SA20153983_GBAKOBEN_00111	SA20153983_GBAKOBEN_00102	40.000	15	9	0	90	104	210	224	8.8	18.5
SA20153983_GBAKOBEN_00111	SA20153983_GBAKOBEN_00112	40.000	25	15	0	256	280	201	225	9.2	18.5
SA20153983_GBAKOBEN_00111	SA20153983_GBAKOBEN_00094	36.364	22	13	1	9	30	107	127	9.9	18.5
SA20153983_GBAKOBEN_00112	SA20153983_GBAKOBEN_00112	100.000	289	0	0	1	289	1	289	0.0	584
SA20153983_GBAKOBEN_00112	SA20153983_GBAKOBEN_00095	29.167	48	33	1	174	221	95	141	0.016	26.6
SA20153983_GBAKOBEN_00112	SA20153983_GBAKOBEN_00107	50.000	20	10	0	233	252	922	941	0.91	21.2
SA20153983_GBAKOBEN_00112	SA20153983_GBAKOBEN_00111	40.000	25	15	0	201	225	256	280	5.9	18.5
SA20153983_GBAKOBEN_00112	SA20153983_GBAKOBEN_00103	45.000	20	11	0	184	203	364	383	6.2	18.5
SA20153983_GBAKOBEN_00113	SA20153983_GBAKOBEN_00113	100.000	996	0	0	1	996	1	996	0.0	2038
SA20153983_GBAKOBEN_00113	SA20153983_GBAKOBEN_00114	33.333	39	24	1	484	520	24	62	2.5	21.2
SA20153983_GBAKOBEN_00113	SA20153983_GBAKOBEN_00107	60.000	10	4	0	963	972	711	720	5.7	20.4
SA20153983_GBAKOBEN_00113	SA20153983_GBAKOBEN_00106	31.081	74	44	2	134	204	145	214	7.4	20.0
SA20153983_GBAKOBEN_00114	SA20153983_GBAKOBEN_00114	100.000	213	0	0	1	213	1	213	1.68e-163	441
SA20153983_GBAKOBEN_00114	SA20153983_GBAKOBEN_00113	33.333	39	24	1	24	62	484	520	0.56	21.2
SA20153983_GBAKOBEN_00114	SA20153983_GBAKOBEN_00103	46.154	13	7	0	195	207	240	252	6.5	17.7
