SA20160326_NMHJDFNH_00881	SA20160172_GPHLOGML_03392	100.000	213	0	0	1	213	1	213	1.68e-163	441
SA20160326_NMHJDFNH_00881	SA20160172_GPHLOGML_03391	33.333	39	24	1	24	62	484	520	0.57	21.2
SA20160326_NMHJDFNH_00881	SA20160172_GPHLOGML_03381	46.154	13	7	0	195	207	240	252	6.8	17.7
SA20160326_NMHJDFNH_00882	SA20160172_GPHLOGML_03391	100.000	996	0	0	1	996	1	996	0.0	2039
SA20160326_NMHJDFNH_00882	SA20160172_GPHLOGML_03392	33.333	39	24	1	484	520	24	62	2.5	21.2
SA20160326_NMHJDFNH_00882	SA20160172_GPHLOGML_03384	35.714	42	24	1	96	134	169	210	3.9	20.8
SA20160326_NMHJDFNH_00882	SA20160172_GPHLOGML_03385	60.000	10	4	0	963	972	711	720	5.8	20.4
SA20160326_NMHJDFNH_00882	SA20160172_GPHLOGML_03389	42.308	26	13	1	753	778	27	50	6.4	20.0
SA20160326_NMHJDFNH_00882	SA20160172_GPHLOGML_03373	25.000	84	45	2	607	681	269	343	8.7	19.6
SA20160326_NMHJDFNH_00882	SA20160172_GPHLOGML_03377	41.379	29	16	1	481	508	166	194	9.6	19.6
SA20160326_NMHJDFNH_00883	SA20160172_GPHLOGML_03390	100.000	289	0	0	1	289	1	289	0.0	585
SA20160326_NMHJDFNH_00883	SA20160172_GPHLOGML_03372	29.167	48	33	1	174	221	95	141	0.015	26.6
SA20160326_NMHJDFNH_00883	SA20160172_GPHLOGML_03381	34.884	43	23	1	161	203	346	383	3.2	19.2
SA20160326_NMHJDFNH_00883	SA20160172_GPHLOGML_03391	33.333	27	16	1	233	259	866	890	3.2	19.2
SA20160326_NMHJDFNH_00883	SA20160172_GPHLOGML_03379	36.364	33	18	2	70	99	138	170	3.4	19.2
SA20160326_NMHJDFNH_00883	SA20160172_GPHLOGML_03389	40.000	25	15	0	201	225	256	280	5.5	18.5
SA20160326_NMHJDFNH_00883	SA20160172_GPHLOGML_03384	24.390	41	30	1	63	102	275	315	6.8	18.1
SA20160326_NMHJDFNH_00884	SA20160172_GPHLOGML_03389	100.000	450	0	0	1	450	1	450	0.0	920
SA20160326_NMHJDFNH_00884	SA20160172_GPHLOGML_03385	22.034	118	71	4	44	161	222	318	1.4	21.2
SA20160326_NMHJDFNH_00884	SA20160172_GPHLOGML_03391	42.308	26	13	1	27	50	753	778	2.8	20.4
SA20160326_NMHJDFNH_00884	SA20160172_GPHLOGML_03378	38.889	18	11	0	259	276	221	238	3.6	19.6
SA20160326_NMHJDFNH_00884	SA20160172_GPHLOGML_03376	27.273	22	16	0	118	139	16	37	8.1	18.5
SA20160326_NMHJDFNH_00884	SA20160172_GPHLOGML_03377	25.490	51	34	1	376	426	33	79	8.5	18.5
SA20160326_NMHJDFNH_00884	SA20160172_GPHLOGML_03390	40.000	25	15	0	256	280	201	225	8.6	18.5
SA20160326_NMHJDFNH_00884	SA20160172_GPHLOGML_03380	40.000	15	9	0	90	104	210	224	8.8	18.5
SA20160326_NMHJDFNH_00885	SA20160172_GPHLOGML_03388	100.000	65	0	0	1	65	1	65	9.84e-47	134
SA20160326_NMHJDFNH_00885	SA20160172_GPHLOGML_03391	28.125	32	23	0	29	60	711	742	1.8	17.3
SA20160326_NMHJDFNH_00885	SA20160172_GPHLOGML_03384	53.333	15	7	0	19	33	336	350	4.8	16.2
SA20160326_NMHJDFNH_00885	SA20160172_GPHLOGML_03379	55.556	9	4	0	57	65	270	278	8.3	15.4
SA20160326_NMHJDFNH_00886	SA20160172_GPHLOGML_03387	100.000	413	0	0	1	413	1	413	0.0	832
SA20160326_NMHJDFNH_00886	SA20160172_GPHLOGML_03386	28.571	35	25	0	223	257	882	916	0.45	22.7
SA20160326_NMHJDFNH_00886	SA20160172_GPHLOGML_03385	26.923	26	19	0	223	248	868	893	0.74	21.9
SA20160326_NMHJDFNH_00886	SA20160172_GPHLOGML_03383	31.944	72	35	4	106	168	201	267	2.0	20.4
SA20160326_NMHJDFNH_00886	SA20160172_GPHLOGML_03391	31.579	38	25	1	107	143	638	675	6.3	18.9
SA20160326_NMHJDFNH_00887	SA20160172_GPHLOGML_03386	100.000	1040	0	0	1	1040	1	1040	0.0	2079
SA20160326_NMHJDFNH_00887	SA20160172_GPHLOGML_03385	49.756	1025	506	3	15	1039	6	1021	0.0	929
SA20160326_NMHJDFNH_00887	SA20160172_GPHLOGML_03387	28.571	35	25	0	882	916	223	257	1.0	22.7
SA20160326_NMHJDFNH_00887	SA20160172_GPHLOGML_03377	56.250	16	7	0	745	760	60	75	4.7	20.8
SA20160326_NMHJDFNH_00888	SA20160172_GPHLOGML_03385	100.000	1026	0	0	1	1026	1	1026	0.0	2064
SA20160326_NMHJDFNH_00888	SA20160172_GPHLOGML_03386	49.756	1025	506	3	6	1021	15	1039	0.0	918
SA20160326_NMHJDFNH_00888	SA20160172_GPHLOGML_03387	24.074	54	32	1	868	912	223	276	1.5	22.3
SA20160326_NMHJDFNH_00888	SA20160172_GPHLOGML_03381	24.000	50	31	2	156	205	208	250	1.7	21.9
SA20160326_NMHJDFNH_00888	SA20160172_GPHLOGML_03377	34.615	26	16	1	999	1024	44	68	2.7	21.6
SA20160326_NMHJDFNH_00888	SA20160172_GPHLOGML_03379	36.000	25	16	0	795	819	215	239	2.8	21.6
SA20160326_NMHJDFNH_00888	SA20160172_GPHLOGML_03389	22.034	118	71	4	222	318	44	161	2.9	21.6
SA20160326_NMHJDFNH_00888	SA20160172_GPHLOGML_03391	60.000	10	4	0	711	720	963	972	6.4	20.4
SA20160326_NMHJDFNH_00888	SA20160172_GPHLOGML_03384	45.000	20	11	0	890	909	250	269	8.7	19.6
SA20160326_NMHJDFNH_00889	SA20160172_GPHLOGML_03384	100.000	470	0	0	1	470	1	470	0.0	929
SA20160326_NMHJDFNH_00889	SA20160172_GPHLOGML_03372	24.460	139	82	3	44	159	224	362	0.008	28.5
SA20160326_NMHJDFNH_00889	SA20160172_GPHLOGML_03391	35.714	42	24	1	169	210	96	134	1.8	20.8
SA20160326_NMHJDFNH_00889	SA20160172_GPHLOGML_03383	26.923	52	29	3	148	199	53	95	2.1	20.8
SA20160326_NMHJDFNH_00889	SA20160172_GPHLOGML_03381	33.333	36	20	1	48	79	55	90	4.4	19.6
SA20160326_NMHJDFNH_00889	SA20160172_GPHLOGML_03385	45.000	20	11	0	250	269	890	909	4.9	19.6
SA20160326_NMHJDFNH_00889	SA20160172_GPHLOGML_03379	36.364	22	14	0	236	257	626	647	5.4	19.2
SA20160326_NMHJDFNH_00889	SA20160172_GPHLOGML_03380	30.645	62	29	2	340	387	145	206	9.7	18.5
SA20160326_NMHJDFNH_00890	SA20160172_GPHLOGML_03383	100.000	467	0	0	1	467	1	467	0.0	954
SA20160326_NMHJDFNH_00890	SA20160172_GPHLOGML_03372	30.189	53	37	0	374	426	199	251	0.27	23.5
SA20160326_NMHJDFNH_00890	SA20160172_GPHLOGML_03384	26.923	52	29	3	53	95	148	199	2.9	20.0
SA20160326_NMHJDFNH_00890	SA20160172_GPHLOGML_03377	22.449	49	38	0	150	198	118	166	5.7	19.2
SA20160326_NMHJDFNH_00890	SA20160172_GPHLOGML_03374	38.889	18	11	0	203	220	138	155	6.8	18.9
SA20160326_NMHJDFNH_00890	SA20160172_GPHLOGML_03387	32.836	67	41	3	201	267	106	168	8.3	18.9
SA20160326_NMHJDFNH_00890	SA20160172_GPHLOGML_03391	25.000	36	27	0	396	431	799	834	8.8	18.9
SA20160326_NMHJDFNH_00890	SA20160172_GPHLOGML_03373	35.294	17	11	0	271	287	90	106	9.4	18.5
SA20160326_NMHJDFNH_00891	SA20160172_GPHLOGML_03382	100.000	240	0	0	1	240	1	240	1.20e-180	486
SA20160326_NMHJDFNH_00891	SA20160172_GPHLOGML_03378	30.303	33	21	1	102	134	58	88	2.5	19.2
SA20160326_NMHJDFNH_00891	SA20160172_GPHLOGML_03385	45.455	11	6	0	81	91	41	51	4.6	18.5
SA20160326_NMHJDFNH_00891	SA20160172_GPHLOGML_03390	62.500	8	3	0	104	111	149	156	9.7	17.3
SA20160326_NMHJDFNH_00892	SA20160172_GPHLOGML_03381	100.000	400	0	0	1	400	1	400	0.0	838
SA20160326_NMHJDFNH_00892	SA20160172_GPHLOGML_03384	33.333	36	20	1	55	90	48	79	3.8	19.6
SA20160326_NMHJDFNH_00892	SA20160172_GPHLOGML_03390	34.884	43	23	1	346	383	161	203	4.4	19.2
SA20160326_NMHJDFNH_00892	SA20160172_GPHLOGML_03391	43.478	23	13	0	300	322	407	429	6.1	18.9
SA20160326_NMHJDFNH_00892	SA20160172_GPHLOGML_03378	42.105	19	11	0	278	296	17	35	9.5	18.1
SA20160326_NMHJDFNH_00893	SA20160172_GPHLOGML_03380	100.000	238	0	0	1	238	1	238	7.66e-180	484
SA20160326_NMHJDFNH_00893	SA20160172_GPHLOGML_03385	34.146	41	20	3	199	234	710	748	2.0	19.6
SA20160326_NMHJDFNH_00893	SA20160172_GPHLOGML_03378	50.000	20	10	0	93	112	322	341	2.2	19.6
SA20160326_NMHJDFNH_00893	SA20160172_GPHLOGML_03389	40.000	15	9	0	210	224	90	104	4.6	18.5
SA20160326_NMHJDFNH_00893	SA20160172_GPHLOGML_03373	37.500	16	10	0	141	156	301	316	5.3	18.1
SA20160326_NMHJDFNH_00894	SA20160172_GPHLOGML_03379	100.000	703	0	0	1	703	1	703	0.0	1462
SA20160326_NMHJDFNH_00894	SA20160172_GPHLOGML_03385	36.000	25	16	0	215	239	795	819	1.8	21.6
SA20160326_NMHJDFNH_00894	SA20160172_GPHLOGML_03391	45.455	11	6	0	233	243	656	666	8.2	19.2
SA20160326_NMHJDFNH_00894	SA20160172_GPHLOGML_03390	36.364	33	18	2	138	170	70	99	8.3	19.2
SA20160326_NMHJDFNH_00895	SA20160172_GPHLOGML_03378	100.000	453	0	0	1	453	1	453	0.0	952
SA20160326_NMHJDFNH_00895	SA20160172_GPHLOGML_03389	38.889	18	11	0	221	238	259	276	3.8	19.6
SA20160326_NMHJDFNH_00895	SA20160172_GPHLOGML_03382	30.303	33	21	1	58	88	102	134	4.4	19.2
SA20160326_NMHJDFNH_00895	SA20160172_GPHLOGML_03380	50.000	20	10	0	322	341	93	112	4.6	19.2
SA20160326_NMHJDFNH_00895	SA20160172_GPHLOGML_03386	46.667	15	8	0	220	234	891	905	5.0	19.2
SA20160326_NMHJDFNH_00895	SA20160172_GPHLOGML_03391	42.857	21	12	0	146	166	503	523	7.0	18.9
SA20160326_NMHJDFNH_00895	SA20160172_GPHLOGML_03374	30.000	40	25	1	409	445	190	229	7.1	18.9
SA20160326_NMHJDFNH_00896	SA20160172_GPHLOGML_03377	100.000	335	0	0	1	335	1	335	0.0	694
SA20160326_NMHJDFNH_00896	SA20160172_GPHLOGML_03385	34.615	26	16	1	44	68	999	1024	0.88	21.6
SA20160326_NMHJDFNH_00896	SA20160172_GPHLOGML_03386	56.250	16	7	0	60	75	745	760	1.5	20.8
SA20160326_NMHJDFNH_00896	SA20160172_GPHLOGML_03391	41.379	29	16	1	166	194	481	508	3.3	19.6
SA20160326_NMHJDFNH_00896	SA20160172_GPHLOGML_03389	25.490	51	34	1	33	79	376	426	6.3	18.5
SA20160326_NMHJDFNH_00897	SA20160172_GPHLOGML_03376	100.000	138	0	0	1	138	1	138	3.29e-103	282
SA20160326_NMHJDFNH_00897	SA20160172_GPHLOGML_03372	30.435	23	14	1	39	59	164	186	1.1	19.2
SA20160326_NMHJDFNH_00897	SA20160172_GPHLOGML_03389	27.273	22	16	0	16	37	118	139	2.5	18.5
SA20160326_NMHJDFNH_00898	SA20160172_GPHLOGML_03375	100.000	111	0	0	1	111	1	111	1.51e-80	223
SA20160326_NMHJDFNH_00898	SA20160172_GPHLOGML_03386	50.000	14	7	0	2	15	116	129	4.0	17.3
SA20160326_NMHJDFNH_00898	SA20160172_GPHLOGML_03385	42.857	14	8	0	2	15	107	120	5.5	16.9
SA20160326_NMHJDFNH_00899	SA20160172_GPHLOGML_03374	100.000	299	0	0	1	299	1	299	0.0	606
SA20160326_NMHJDFNH_00899	SA20160172_GPHLOGML_03383	38.889	18	11	0	138	155	203	220	4.5	18.9
SA20160326_NMHJDFNH_00899	SA20160172_GPHLOGML_03386	44.444	18	10	0	39	56	236	253	4.6	18.9
SA20160326_NMHJDFNH_00899	SA20160172_GPHLOGML_03378	30.000	40	25	1	190	229	409	445	4.7	18.9
SA20160326_NMHJDFNH_00900	SA20160172_GPHLOGML_03373	100.000	350	0	0	1	350	1	350	0.0	723
SA20160326_NMHJDFNH_00900	SA20160172_GPHLOGML_03391	25.000	84	45	2	269	343	607	681	3.0	19.6
SA20160326_NMHJDFNH_00900	SA20160172_GPHLOGML_03386	50.000	22	10	1	14	34	642	663	5.7	18.9
SA20160326_NMHJDFNH_00900	SA20160172_GPHLOGML_03383	35.294	17	11	0	90	106	271	287	7.3	18.5
SA20160326_NMHJDFNH_00900	SA20160172_GPHLOGML_03380	37.500	16	10	0	301	316	141	156	7.7	18.1
SA20160326_NMHJDFNH_00901	SA20160172_GPHLOGML_03372	100.000	423	0	0	1	423	1	423	0.0	852
SA20160326_NMHJDFNH_00901	SA20160172_GPHLOGML_03384	24.460	139	82	3	224	362	44	159	0.008	28.1
SA20160326_NMHJDFNH_00901	SA20160172_GPHLOGML_03390	29.167	48	33	1	95	141	174	221	0.021	26.6
SA20160326_NMHJDFNH_00901	SA20160172_GPHLOGML_03383	30.189	53	37	0	199	251	374	426	0.22	23.5
SA20160326_NMHJDFNH_00901	SA20160172_GPHLOGML_03376	30.435	23	14	1	164	186	39	59	3.5	19.2
SA20160326_NMHJDFNH_00901	SA20160172_GPHLOGML_03386	28.125	32	23	0	140	171	124	155	4.4	19.6
SA20160326_NMHJDFNH_00901	SA20160172_GPHLOGML_03379	60.000	10	4	0	284	293	416	425	7.1	18.9
SA20160172_GPHLOGML_03372	SA20160172_GPHLOGML_03372	100.000	423	0	0	1	423	1	423	0.0	852
SA20160172_GPHLOGML_03372	SA20160172_GPHLOGML_03384	24.460	139	82	3	224	362	44	159	0.008	28.1
SA20160172_GPHLOGML_03372	SA20160172_GPHLOGML_03390	29.167	48	33	1	95	141	174	221	0.021	26.6
SA20160172_GPHLOGML_03372	SA20160172_GPHLOGML_03383	30.189	53	37	0	199	251	374	426	0.22	23.5
SA20160172_GPHLOGML_03372	SA20160172_GPHLOGML_03376	30.435	23	14	1	164	186	39	59	3.5	19.2
SA20160172_GPHLOGML_03372	SA20160172_GPHLOGML_03386	28.125	32	23	0	140	171	124	155	4.4	19.6
SA20160172_GPHLOGML_03372	SA20160172_GPHLOGML_03379	60.000	10	4	0	284	293	416	425	7.1	18.9
SA20160172_GPHLOGML_03373	SA20160172_GPHLOGML_03373	100.000	350	0	0	1	350	1	350	0.0	723
SA20160172_GPHLOGML_03373	SA20160172_GPHLOGML_03391	25.000	84	45	2	269	343	607	681	3.0	19.6
SA20160172_GPHLOGML_03373	SA20160172_GPHLOGML_03386	50.000	22	10	1	14	34	642	663	5.7	18.9
SA20160172_GPHLOGML_03373	SA20160172_GPHLOGML_03383	35.294	17	11	0	90	106	271	287	7.3	18.5
SA20160172_GPHLOGML_03373	SA20160172_GPHLOGML_03380	37.500	16	10	0	301	316	141	156	7.7	18.1
SA20160172_GPHLOGML_03374	SA20160172_GPHLOGML_03374	100.000	299	0	0	1	299	1	299	0.0	606
SA20160172_GPHLOGML_03374	SA20160172_GPHLOGML_03383	38.889	18	11	0	138	155	203	220	4.5	18.9
SA20160172_GPHLOGML_03374	SA20160172_GPHLOGML_03386	44.444	18	10	0	39	56	236	253	4.6	18.9
SA20160172_GPHLOGML_03374	SA20160172_GPHLOGML_03378	30.000	40	25	1	190	229	409	445	4.7	18.9
SA20160172_GPHLOGML_03375	SA20160172_GPHLOGML_03375	100.000	111	0	0	1	111	1	111	1.51e-80	223
SA20160172_GPHLOGML_03375	SA20160172_GPHLOGML_03386	50.000	14	7	0	2	15	116	129	4.0	17.3
SA20160172_GPHLOGML_03375	SA20160172_GPHLOGML_03385	42.857	14	8	0	2	15	107	120	5.5	16.9
SA20160172_GPHLOGML_03376	SA20160172_GPHLOGML_03376	100.000	138	0	0	1	138	1	138	3.29e-103	282
SA20160172_GPHLOGML_03376	SA20160172_GPHLOGML_03372	30.435	23	14	1	39	59	164	186	1.1	19.2
SA20160172_GPHLOGML_03376	SA20160172_GPHLOGML_03389	27.273	22	16	0	16	37	118	139	2.5	18.5
SA20160172_GPHLOGML_03377	SA20160172_GPHLOGML_03377	100.000	335	0	0	1	335	1	335	0.0	694
SA20160172_GPHLOGML_03377	SA20160172_GPHLOGML_03385	34.615	26	16	1	44	68	999	1024	0.88	21.6
SA20160172_GPHLOGML_03377	SA20160172_GPHLOGML_03386	56.250	16	7	0	60	75	745	760	1.5	20.8
SA20160172_GPHLOGML_03377	SA20160172_GPHLOGML_03391	41.379	29	16	1	166	194	481	508	3.3	19.6
SA20160172_GPHLOGML_03377	SA20160172_GPHLOGML_03389	25.490	51	34	1	33	79	376	426	6.3	18.5
SA20160172_GPHLOGML_03378	SA20160172_GPHLOGML_03378	100.000	453	0	0	1	453	1	453	0.0	952
SA20160172_GPHLOGML_03378	SA20160172_GPHLOGML_03389	38.889	18	11	0	221	238	259	276	3.8	19.6
SA20160172_GPHLOGML_03378	SA20160172_GPHLOGML_03382	30.303	33	21	1	58	88	102	134	4.4	19.2
SA20160172_GPHLOGML_03378	SA20160172_GPHLOGML_03380	50.000	20	10	0	322	341	93	112	4.6	19.2
SA20160172_GPHLOGML_03378	SA20160172_GPHLOGML_03386	46.667	15	8	0	220	234	891	905	5.0	19.2
SA20160172_GPHLOGML_03378	SA20160172_GPHLOGML_03391	42.857	21	12	0	146	166	503	523	7.0	18.9
SA20160172_GPHLOGML_03378	SA20160172_GPHLOGML_03374	30.000	40	25	1	409	445	190	229	7.1	18.9
SA20160172_GPHLOGML_03379	SA20160172_GPHLOGML_03379	100.000	703	0	0	1	703	1	703	0.0	1462
SA20160172_GPHLOGML_03379	SA20160172_GPHLOGML_03385	36.000	25	16	0	215	239	795	819	1.8	21.6
SA20160172_GPHLOGML_03379	SA20160172_GPHLOGML_03391	45.455	11	6	0	233	243	656	666	8.2	19.2
SA20160172_GPHLOGML_03379	SA20160172_GPHLOGML_03390	36.364	33	18	2	138	170	70	99	8.3	19.2
SA20160172_GPHLOGML_03380	SA20160172_GPHLOGML_03380	100.000	238	0	0	1	238	1	238	7.66e-180	484
SA20160172_GPHLOGML_03380	SA20160172_GPHLOGML_03378	50.000	20	10	0	93	112	322	341	2.2	19.6
SA20160172_GPHLOGML_03380	SA20160172_GPHLOGML_03389	40.000	15	9	0	210	224	90	104	4.6	18.5
SA20160172_GPHLOGML_03380	SA20160172_GPHLOGML_03373	37.500	16	10	0	141	156	301	316	5.3	18.1
SA20160172_GPHLOGML_03380	SA20160172_GPHLOGML_03385	33.333	24	13	1	93	113	204	227	5.3	18.5
SA20160172_GPHLOGML_03381	SA20160172_GPHLOGML_03381	100.000	400	0	0	1	400	1	400	0.0	838
SA20160172_GPHLOGML_03381	SA20160172_GPHLOGML_03384	33.333	36	20	1	55	90	48	79	3.8	19.6
SA20160172_GPHLOGML_03381	SA20160172_GPHLOGML_03390	34.884	43	23	1	346	383	161	203	4.4	19.2
SA20160172_GPHLOGML_03381	SA20160172_GPHLOGML_03391	43.478	23	13	0	300	322	407	429	6.1	18.9
SA20160172_GPHLOGML_03381	SA20160172_GPHLOGML_03378	42.105	19	11	0	278	296	17	35	9.5	18.1
SA20160172_GPHLOGML_03382	SA20160172_GPHLOGML_03382	100.000	240	0	0	1	240	1	240	1.20e-180	486
SA20160172_GPHLOGML_03382	SA20160172_GPHLOGML_03378	30.303	33	21	1	102	134	58	88	2.5	19.2
SA20160172_GPHLOGML_03382	SA20160172_GPHLOGML_03385	45.455	11	6	0	81	91	41	51	4.6	18.5
SA20160172_GPHLOGML_03382	SA20160172_GPHLOGML_03390	62.500	8	3	0	104	111	149	156	9.7	17.3
SA20160172_GPHLOGML_03383	SA20160172_GPHLOGML_03383	100.000	467	0	0	1	467	1	467	0.0	954
SA20160172_GPHLOGML_03383	SA20160172_GPHLOGML_03372	30.189	53	37	0	374	426	199	251	0.27	23.5
SA20160172_GPHLOGML_03383	SA20160172_GPHLOGML_03384	26.923	52	29	3	53	95	148	199	2.9	20.0
SA20160172_GPHLOGML_03383	SA20160172_GPHLOGML_03377	22.449	49	38	0	150	198	118	166	5.7	19.2
SA20160172_GPHLOGML_03383	SA20160172_GPHLOGML_03374	38.889	18	11	0	203	220	138	155	6.8	18.9
SA20160172_GPHLOGML_03383	SA20160172_GPHLOGML_03391	25.000	36	27	0	396	431	799	834	8.8	18.9
SA20160172_GPHLOGML_03383	SA20160172_GPHLOGML_03373	35.294	17	11	0	271	287	90	106	9.4	18.5
SA20160172_GPHLOGML_03384	SA20160172_GPHLOGML_03384	100.000	470	0	0	1	470	1	470	0.0	929
SA20160172_GPHLOGML_03384	SA20160172_GPHLOGML_03372	24.460	139	82	3	44	159	224	362	0.008	28.5
SA20160172_GPHLOGML_03384	SA20160172_GPHLOGML_03391	35.714	42	24	1	169	210	96	134	1.8	20.8
SA20160172_GPHLOGML_03384	SA20160172_GPHLOGML_03383	26.923	52	29	3	148	199	53	95	2.1	20.8
SA20160172_GPHLOGML_03384	SA20160172_GPHLOGML_03381	33.333	36	20	1	48	79	55	90	4.4	19.6
SA20160172_GPHLOGML_03384	SA20160172_GPHLOGML_03385	45.000	20	11	0	250	269	890	909	4.9	19.6
SA20160172_GPHLOGML_03384	SA20160172_GPHLOGML_03379	36.364	22	14	0	236	257	626	647	5.4	19.2
SA20160172_GPHLOGML_03384	SA20160172_GPHLOGML_03380	30.645	62	29	2	340	387	145	206	9.7	18.5
SA20160172_GPHLOGML_03385	SA20160172_GPHLOGML_03385	100.000	1026	0	0	1	1026	1	1026	0.0	2064
SA20160172_GPHLOGML_03385	SA20160172_GPHLOGML_03386	49.756	1025	506	3	6	1021	15	1039	0.0	918
SA20160172_GPHLOGML_03385	SA20160172_GPHLOGML_03387	24.074	54	32	1	868	912	223	276	1.5	22.3
SA20160172_GPHLOGML_03385	SA20160172_GPHLOGML_03381	24.000	50	31	2	156	205	208	250	1.7	21.9
SA20160172_GPHLOGML_03385	SA20160172_GPHLOGML_03377	34.615	26	16	1	999	1024	44	68	2.7	21.6
SA20160172_GPHLOGML_03385	SA20160172_GPHLOGML_03379	36.000	25	16	0	795	819	215	239	2.8	21.6
SA20160172_GPHLOGML_03385	SA20160172_GPHLOGML_03391	60.000	10	4	0	711	720	963	972	6.4	20.4
SA20160172_GPHLOGML_03385	SA20160172_GPHLOGML_03384	45.000	20	11	0	890	909	250	269	8.7	19.6
SA20160172_GPHLOGML_03386	SA20160172_GPHLOGML_03386	100.000	1040	0	0	1	1040	1	1040	0.0	2079
SA20160172_GPHLOGML_03386	SA20160172_GPHLOGML_03385	49.756	1025	506	3	15	1039	6	1021	0.0	929
SA20160172_GPHLOGML_03386	SA20160172_GPHLOGML_03387	28.571	35	25	0	882	916	223	257	1.0	22.7
SA20160172_GPHLOGML_03386	SA20160172_GPHLOGML_03377	56.250	16	7	0	745	760	60	75	4.7	20.8
SA20160172_GPHLOGML_03387	SA20160172_GPHLOGML_03387	100.000	413	0	0	1	413	1	413	0.0	832
SA20160172_GPHLOGML_03387	SA20160172_GPHLOGML_03386	28.571	35	25	0	223	257	882	916	0.45	22.7
SA20160172_GPHLOGML_03387	SA20160172_GPHLOGML_03385	26.923	26	19	0	223	248	868	893	0.74	21.9
SA20160172_GPHLOGML_03387	SA20160172_GPHLOGML_03391	31.579	38	25	1	107	143	638	675	6.3	18.9
SA20160172_GPHLOGML_03388	SA20160172_GPHLOGML_03388	100.000	65	0	0	1	65	1	65	9.84e-47	134
SA20160172_GPHLOGML_03388	SA20160172_GPHLOGML_03391	28.125	32	23	0	29	60	711	742	1.8	17.3
SA20160172_GPHLOGML_03388	SA20160172_GPHLOGML_03384	53.333	15	7	0	19	33	336	350	4.8	16.2
SA20160172_GPHLOGML_03388	SA20160172_GPHLOGML_03379	55.556	9	4	0	57	65	270	278	8.3	15.4
SA20160172_GPHLOGML_03389	SA20160172_GPHLOGML_03389	100.000	450	0	0	1	450	1	450	0.0	920
SA20160172_GPHLOGML_03389	SA20160172_GPHLOGML_03385	22.034	118	71	4	44	161	222	318	1.4	21.2
SA20160172_GPHLOGML_03389	SA20160172_GPHLOGML_03391	42.308	26	13	1	27	50	753	778	2.8	20.4
SA20160172_GPHLOGML_03389	SA20160172_GPHLOGML_03378	38.889	18	11	0	259	276	221	238	3.6	19.6
SA20160172_GPHLOGML_03389	SA20160172_GPHLOGML_03376	27.273	22	16	0	118	139	16	37	8.1	18.5
SA20160172_GPHLOGML_03389	SA20160172_GPHLOGML_03377	25.490	51	34	1	376	426	33	79	8.5	18.5
SA20160172_GPHLOGML_03389	SA20160172_GPHLOGML_03390	40.000	25	15	0	256	280	201	225	8.6	18.5
SA20160172_GPHLOGML_03389	SA20160172_GPHLOGML_03380	40.000	15	9	0	90	104	210	224	8.8	18.5
SA20160172_GPHLOGML_03390	SA20160172_GPHLOGML_03390	100.000	289	0	0	1	289	1	289	0.0	585
SA20160172_GPHLOGML_03390	SA20160172_GPHLOGML_03372	29.167	48	33	1	174	221	95	141	0.015	26.6
SA20160172_GPHLOGML_03390	SA20160172_GPHLOGML_03381	34.884	43	23	1	161	203	346	383	3.2	19.2
SA20160172_GPHLOGML_03390	SA20160172_GPHLOGML_03391	33.333	27	16	1	233	259	866	890	3.2	19.2
SA20160172_GPHLOGML_03390	SA20160172_GPHLOGML_03379	36.364	33	18	2	70	99	138	170	3.4	19.2
SA20160172_GPHLOGML_03390	SA20160172_GPHLOGML_03389	40.000	25	15	0	201	225	256	280	5.5	18.5
SA20160172_GPHLOGML_03390	SA20160172_GPHLOGML_03384	24.390	41	30	1	63	102	275	315	6.8	18.1
SA20160172_GPHLOGML_03391	SA20160172_GPHLOGML_03391	100.000	996	0	0	1	996	1	996	0.0	2039
SA20160172_GPHLOGML_03391	SA20160172_GPHLOGML_03392	33.333	39	24	1	484	520	24	62	2.5	21.2
SA20160172_GPHLOGML_03391	SA20160172_GPHLOGML_03384	35.714	42	24	1	96	134	169	210	3.9	20.8
SA20160172_GPHLOGML_03391	SA20160172_GPHLOGML_03385	60.000	10	4	0	963	972	711	720	5.8	20.4
SA20160172_GPHLOGML_03391	SA20160172_GPHLOGML_03377	41.379	29	16	1	481	508	166	194	9.6	19.6
SA20160172_GPHLOGML_03392	SA20160172_GPHLOGML_03392	100.000	213	0	0	1	213	1	213	1.68e-163	441
SA20160172_GPHLOGML_03392	SA20160172_GPHLOGML_03391	33.333	39	24	1	24	62	484	520	0.57	21.2
SA20160172_GPHLOGML_03392	SA20160172_GPHLOGML_03381	46.154	13	7	0	195	207	240	252	6.8	17.7
SA20160326_NMHJDFNH_00881	SA20160326_NMHJDFNH_00881	100.000	213	0	0	1	213	1	213	1.68e-163	441
SA20160326_NMHJDFNH_00881	SA20160326_NMHJDFNH_00882	33.333	39	24	1	24	62	484	520	0.57	21.2
SA20160326_NMHJDFNH_00881	SA20160326_NMHJDFNH_00892	46.154	13	7	0	195	207	240	252	6.8	17.7
SA20160326_NMHJDFNH_00882	SA20160326_NMHJDFNH_00882	100.000	996	0	0	1	996	1	996	0.0	2039
SA20160326_NMHJDFNH_00882	SA20160326_NMHJDFNH_00881	33.333	39	24	1	484	520	24	62	2.5	21.2
SA20160326_NMHJDFNH_00882	SA20160326_NMHJDFNH_00889	35.714	42	24	1	96	134	169	210	3.9	20.8
SA20160326_NMHJDFNH_00882	SA20160326_NMHJDFNH_00888	60.000	10	4	0	963	972	711	720	5.8	20.4
SA20160326_NMHJDFNH_00882	SA20160326_NMHJDFNH_00896	41.379	29	16	1	481	508	166	194	9.6	19.6
SA20160326_NMHJDFNH_00883	SA20160326_NMHJDFNH_00883	100.000	289	0	0	1	289	1	289	0.0	585
SA20160326_NMHJDFNH_00883	SA20160326_NMHJDFNH_00901	29.167	48	33	1	174	221	95	141	0.015	26.6
SA20160326_NMHJDFNH_00883	SA20160326_NMHJDFNH_00892	34.884	43	23	1	161	203	346	383	3.2	19.2
SA20160326_NMHJDFNH_00883	SA20160326_NMHJDFNH_00882	33.333	27	16	1	233	259	866	890	3.2	19.2
SA20160326_NMHJDFNH_00883	SA20160326_NMHJDFNH_00894	36.364	33	18	2	70	99	138	170	3.4	19.2
SA20160326_NMHJDFNH_00883	SA20160326_NMHJDFNH_00884	40.000	25	15	0	201	225	256	280	5.5	18.5
SA20160326_NMHJDFNH_00883	SA20160326_NMHJDFNH_00889	24.390	41	30	1	63	102	275	315	6.8	18.1
SA20160326_NMHJDFNH_00884	SA20160326_NMHJDFNH_00884	100.000	450	0	0	1	450	1	450	0.0	920
SA20160326_NMHJDFNH_00884	SA20160326_NMHJDFNH_00888	22.034	118	71	4	44	161	222	318	1.4	21.2
SA20160326_NMHJDFNH_00884	SA20160326_NMHJDFNH_00882	42.308	26	13	1	27	50	753	778	2.8	20.4
SA20160326_NMHJDFNH_00884	SA20160326_NMHJDFNH_00895	38.889	18	11	0	259	276	221	238	3.6	19.6
SA20160326_NMHJDFNH_00884	SA20160326_NMHJDFNH_00897	27.273	22	16	0	118	139	16	37	8.1	18.5
SA20160326_NMHJDFNH_00884	SA20160326_NMHJDFNH_00896	25.490	51	34	1	376	426	33	79	8.5	18.5
SA20160326_NMHJDFNH_00884	SA20160326_NMHJDFNH_00883	40.000	25	15	0	256	280	201	225	8.6	18.5
SA20160326_NMHJDFNH_00884	SA20160326_NMHJDFNH_00893	40.000	15	9	0	90	104	210	224	8.8	18.5
SA20160326_NMHJDFNH_00885	SA20160326_NMHJDFNH_00885	100.000	65	0	0	1	65	1	65	9.84e-47	134
SA20160326_NMHJDFNH_00885	SA20160326_NMHJDFNH_00882	28.125	32	23	0	29	60	711	742	1.8	17.3
SA20160326_NMHJDFNH_00885	SA20160326_NMHJDFNH_00889	53.333	15	7	0	19	33	336	350	4.8	16.2
SA20160326_NMHJDFNH_00885	SA20160326_NMHJDFNH_00894	55.556	9	4	0	57	65	270	278	8.3	15.4
SA20160326_NMHJDFNH_00886	SA20160326_NMHJDFNH_00886	100.000	413	0	0	1	413	1	413	0.0	832
SA20160326_NMHJDFNH_00886	SA20160326_NMHJDFNH_00887	28.571	35	25	0	223	257	882	916	0.45	22.7
SA20160326_NMHJDFNH_00886	SA20160326_NMHJDFNH_00888	26.923	26	19	0	223	248	868	893	0.74	21.9
SA20160326_NMHJDFNH_00886	SA20160326_NMHJDFNH_00882	31.579	38	25	1	107	143	638	675	6.3	18.9
SA20160326_NMHJDFNH_00887	SA20160326_NMHJDFNH_00887	100.000	1040	0	0	1	1040	1	1040	0.0	2079
SA20160326_NMHJDFNH_00887	SA20160326_NMHJDFNH_00888	49.756	1025	506	3	15	1039	6	1021	0.0	929
SA20160326_NMHJDFNH_00887	SA20160326_NMHJDFNH_00886	28.571	35	25	0	882	916	223	257	1.0	22.7
SA20160326_NMHJDFNH_00887	SA20160326_NMHJDFNH_00896	56.250	16	7	0	745	760	60	75	4.7	20.8
SA20160326_NMHJDFNH_00888	SA20160326_NMHJDFNH_00888	100.000	1026	0	0	1	1026	1	1026	0.0	2064
SA20160326_NMHJDFNH_00888	SA20160326_NMHJDFNH_00887	49.756	1025	506	3	6	1021	15	1039	0.0	918
SA20160326_NMHJDFNH_00888	SA20160326_NMHJDFNH_00886	24.074	54	32	1	868	912	223	276	1.5	22.3
SA20160326_NMHJDFNH_00888	SA20160326_NMHJDFNH_00892	24.000	50	31	2	156	205	208	250	1.7	21.9
SA20160326_NMHJDFNH_00888	SA20160326_NMHJDFNH_00896	34.615	26	16	1	999	1024	44	68	2.7	21.6
SA20160326_NMHJDFNH_00888	SA20160326_NMHJDFNH_00894	36.000	25	16	0	795	819	215	239	2.8	21.6
SA20160326_NMHJDFNH_00888	SA20160326_NMHJDFNH_00882	60.000	10	4	0	711	720	963	972	6.4	20.4
SA20160326_NMHJDFNH_00888	SA20160326_NMHJDFNH_00889	45.000	20	11	0	890	909	250	269	8.7	19.6
SA20160326_NMHJDFNH_00889	SA20160326_NMHJDFNH_00889	100.000	470	0	0	1	470	1	470	0.0	929
SA20160326_NMHJDFNH_00889	SA20160326_NMHJDFNH_00901	24.460	139	82	3	44	159	224	362	0.008	28.5
SA20160326_NMHJDFNH_00889	SA20160326_NMHJDFNH_00882	35.714	42	24	1	169	210	96	134	1.8	20.8
SA20160326_NMHJDFNH_00889	SA20160326_NMHJDFNH_00890	26.923	52	29	3	148	199	53	95	2.1	20.8
SA20160326_NMHJDFNH_00889	SA20160326_NMHJDFNH_00892	33.333	36	20	1	48	79	55	90	4.4	19.6
SA20160326_NMHJDFNH_00889	SA20160326_NMHJDFNH_00888	45.000	20	11	0	250	269	890	909	4.9	19.6
SA20160326_NMHJDFNH_00889	SA20160326_NMHJDFNH_00894	36.364	22	14	0	236	257	626	647	5.4	19.2
SA20160326_NMHJDFNH_00889	SA20160326_NMHJDFNH_00893	30.645	62	29	2	340	387	145	206	9.7	18.5
SA20160326_NMHJDFNH_00890	SA20160326_NMHJDFNH_00890	100.000	467	0	0	1	467	1	467	0.0	954
SA20160326_NMHJDFNH_00890	SA20160326_NMHJDFNH_00901	30.189	53	37	0	374	426	199	251	0.27	23.5
SA20160326_NMHJDFNH_00890	SA20160326_NMHJDFNH_00889	26.923	52	29	3	53	95	148	199	2.9	20.0
SA20160326_NMHJDFNH_00890	SA20160326_NMHJDFNH_00896	22.449	49	38	0	150	198	118	166	5.7	19.2
SA20160326_NMHJDFNH_00890	SA20160326_NMHJDFNH_00899	38.889	18	11	0	203	220	138	155	6.8	18.9
SA20160326_NMHJDFNH_00890	SA20160326_NMHJDFNH_00882	25.000	36	27	0	396	431	799	834	8.8	18.9
SA20160326_NMHJDFNH_00890	SA20160326_NMHJDFNH_00900	35.294	17	11	0	271	287	90	106	9.4	18.5
SA20160326_NMHJDFNH_00891	SA20160326_NMHJDFNH_00891	100.000	240	0	0	1	240	1	240	1.20e-180	486
SA20160326_NMHJDFNH_00891	SA20160326_NMHJDFNH_00895	30.303	33	21	1	102	134	58	88	2.5	19.2
SA20160326_NMHJDFNH_00891	SA20160326_NMHJDFNH_00888	45.455	11	6	0	81	91	41	51	4.6	18.5
SA20160326_NMHJDFNH_00891	SA20160326_NMHJDFNH_00883	62.500	8	3	0	104	111	149	156	9.7	17.3
SA20160326_NMHJDFNH_00892	SA20160326_NMHJDFNH_00892	100.000	400	0	0	1	400	1	400	0.0	838
SA20160326_NMHJDFNH_00892	SA20160326_NMHJDFNH_00889	33.333	36	20	1	55	90	48	79	3.8	19.6
SA20160326_NMHJDFNH_00892	SA20160326_NMHJDFNH_00883	34.884	43	23	1	346	383	161	203	4.4	19.2
SA20160326_NMHJDFNH_00892	SA20160326_NMHJDFNH_00882	43.478	23	13	0	300	322	407	429	6.1	18.9
SA20160326_NMHJDFNH_00892	SA20160326_NMHJDFNH_00895	42.105	19	11	0	278	296	17	35	9.5	18.1
SA20160326_NMHJDFNH_00893	SA20160326_NMHJDFNH_00893	100.000	238	0	0	1	238	1	238	7.66e-180	484
SA20160326_NMHJDFNH_00893	SA20160326_NMHJDFNH_00895	50.000	20	10	0	93	112	322	341	2.2	19.6
SA20160326_NMHJDFNH_00893	SA20160326_NMHJDFNH_00884	40.000	15	9	0	210	224	90	104	4.6	18.5
SA20160326_NMHJDFNH_00893	SA20160326_NMHJDFNH_00900	37.500	16	10	0	141	156	301	316	5.3	18.1
SA20160326_NMHJDFNH_00893	SA20160326_NMHJDFNH_00888	33.333	24	13	1	93	113	204	227	5.3	18.5
SA20160326_NMHJDFNH_00894	SA20160326_NMHJDFNH_00894	100.000	703	0	0	1	703	1	703	0.0	1462
SA20160326_NMHJDFNH_00894	SA20160326_NMHJDFNH_00888	36.000	25	16	0	215	239	795	819	1.8	21.6
SA20160326_NMHJDFNH_00894	SA20160326_NMHJDFNH_00882	45.455	11	6	0	233	243	656	666	8.2	19.2
SA20160326_NMHJDFNH_00894	SA20160326_NMHJDFNH_00883	36.364	33	18	2	138	170	70	99	8.3	19.2
SA20160326_NMHJDFNH_00895	SA20160326_NMHJDFNH_00895	100.000	453	0	0	1	453	1	453	0.0	952
SA20160326_NMHJDFNH_00895	SA20160326_NMHJDFNH_00884	38.889	18	11	0	221	238	259	276	3.8	19.6
SA20160326_NMHJDFNH_00895	SA20160326_NMHJDFNH_00891	30.303	33	21	1	58	88	102	134	4.4	19.2
SA20160326_NMHJDFNH_00895	SA20160326_NMHJDFNH_00893	50.000	20	10	0	322	341	93	112	4.6	19.2
SA20160326_NMHJDFNH_00895	SA20160326_NMHJDFNH_00887	46.667	15	8	0	220	234	891	905	5.0	19.2
SA20160326_NMHJDFNH_00895	SA20160326_NMHJDFNH_00882	42.857	21	12	0	146	166	503	523	7.0	18.9
SA20160326_NMHJDFNH_00895	SA20160326_NMHJDFNH_00899	30.000	40	25	1	409	445	190	229	7.1	18.9
SA20160326_NMHJDFNH_00896	SA20160326_NMHJDFNH_00896	100.000	335	0	0	1	335	1	335	0.0	694
SA20160326_NMHJDFNH_00896	SA20160326_NMHJDFNH_00888	34.615	26	16	1	44	68	999	1024	0.88	21.6
SA20160326_NMHJDFNH_00896	SA20160326_NMHJDFNH_00887	56.250	16	7	0	60	75	745	760	1.5	20.8
SA20160326_NMHJDFNH_00896	SA20160326_NMHJDFNH_00882	41.379	29	16	1	166	194	481	508	3.3	19.6
SA20160326_NMHJDFNH_00896	SA20160326_NMHJDFNH_00884	25.490	51	34	1	33	79	376	426	6.3	18.5
SA20160326_NMHJDFNH_00897	SA20160326_NMHJDFNH_00897	100.000	138	0	0	1	138	1	138	3.29e-103	282
SA20160326_NMHJDFNH_00897	SA20160326_NMHJDFNH_00901	30.435	23	14	1	39	59	164	186	1.1	19.2
SA20160326_NMHJDFNH_00897	SA20160326_NMHJDFNH_00884	27.273	22	16	0	16	37	118	139	2.5	18.5
SA20160326_NMHJDFNH_00898	SA20160326_NMHJDFNH_00898	100.000	111	0	0	1	111	1	111	1.51e-80	223
SA20160326_NMHJDFNH_00898	SA20160326_NMHJDFNH_00887	50.000	14	7	0	2	15	116	129	4.0	17.3
SA20160326_NMHJDFNH_00898	SA20160326_NMHJDFNH_00888	42.857	14	8	0	2	15	107	120	5.5	16.9
SA20160326_NMHJDFNH_00899	SA20160326_NMHJDFNH_00899	100.000	299	0	0	1	299	1	299	0.0	606
SA20160326_NMHJDFNH_00899	SA20160326_NMHJDFNH_00890	38.889	18	11	0	138	155	203	220	4.5	18.9
SA20160326_NMHJDFNH_00899	SA20160326_NMHJDFNH_00887	44.444	18	10	0	39	56	236	253	4.6	18.9
SA20160326_NMHJDFNH_00899	SA20160326_NMHJDFNH_00895	30.000	40	25	1	190	229	409	445	4.7	18.9
SA20160326_NMHJDFNH_00900	SA20160326_NMHJDFNH_00900	100.000	350	0	0	1	350	1	350	0.0	723
SA20160326_NMHJDFNH_00900	SA20160326_NMHJDFNH_00882	25.000	84	45	2	269	343	607	681	3.0	19.6
SA20160326_NMHJDFNH_00900	SA20160326_NMHJDFNH_00887	50.000	22	10	1	14	34	642	663	5.7	18.9
SA20160326_NMHJDFNH_00900	SA20160326_NMHJDFNH_00890	35.294	17	11	0	90	106	271	287	7.3	18.5
SA20160326_NMHJDFNH_00900	SA20160326_NMHJDFNH_00893	37.500	16	10	0	301	316	141	156	7.7	18.1
SA20160326_NMHJDFNH_00901	SA20160326_NMHJDFNH_00901	100.000	423	0	0	1	423	1	423	0.0	852
SA20160326_NMHJDFNH_00901	SA20160326_NMHJDFNH_00889	24.460	139	82	3	224	362	44	159	0.008	28.1
SA20160326_NMHJDFNH_00901	SA20160326_NMHJDFNH_00883	29.167	48	33	1	95	141	174	221	0.021	26.6
SA20160326_NMHJDFNH_00901	SA20160326_NMHJDFNH_00890	30.189	53	37	0	199	251	374	426	0.22	23.5
SA20160326_NMHJDFNH_00901	SA20160326_NMHJDFNH_00897	30.435	23	14	1	164	186	39	59	3.5	19.2
SA20160326_NMHJDFNH_00901	SA20160326_NMHJDFNH_00887	28.125	32	23	0	140	171	124	155	4.4	19.6
SA20160326_NMHJDFNH_00901	SA20160326_NMHJDFNH_00894	60.000	10	4	0	284	293	416	425	7.1	18.9
