SA20160190_KJBEGOPM_00426	SA20160323_HIEPLBCK_00657	100.000	213	0	0	1	213	1	213	1.50e-163	441
SA20160190_KJBEGOPM_00426	SA20160323_HIEPLBCK_00656	33.333	39	24	1	24	62	484	520	0.51	21.2
SA20160190_KJBEGOPM_00426	SA20160323_HIEPLBCK_00640	47.826	23	9	1	187	209	72	91	1.3	19.6
SA20160190_KJBEGOPM_00426	SA20160323_HIEPLBCK_00646	46.154	13	7	0	195	207	240	252	5.7	17.7
SA20160190_KJBEGOPM_00427	SA20160323_HIEPLBCK_00656	100.000	996	0	0	1	996	1	996	0.0	2038
SA20160190_KJBEGOPM_00427	SA20160323_HIEPLBCK_00657	33.333	39	24	1	484	520	24	62	2.2	21.2
SA20160190_KJBEGOPM_00427	SA20160323_HIEPLBCK_00650	60.000	10	4	0	963	972	711	720	5.1	20.4
SA20160190_KJBEGOPM_00427	SA20160323_HIEPLBCK_00649	31.081	74	44	2	134	204	145	214	6.2	20.0
SA20160190_KJBEGOPM_00428	SA20160323_HIEPLBCK_00655	100.000	289	0	0	1	289	1	289	0.0	585
SA20160190_KJBEGOPM_00428	SA20160323_HIEPLBCK_00650	34.483	29	18	1	225	252	913	941	2.8	19.2
SA20160190_KJBEGOPM_00428	SA20160323_HIEPLBCK_00646	34.884	43	23	1	161	203	346	383	3.0	19.2
SA20160190_KJBEGOPM_00428	SA20160323_HIEPLBCK_00654	40.000	25	15	0	201	225	256	280	5.2	18.5
SA20160190_KJBEGOPM_00428	SA20160323_HIEPLBCK_00649	24.390	41	30	1	63	102	275	315	7.1	18.1
SA20160190_KJBEGOPM_00428	SA20160323_HIEPLBCK_00644	34.615	26	15	1	70	93	138	163	7.5	18.1
SA20160190_KJBEGOPM_00428	SA20160323_HIEPLBCK_00656	29.630	27	17	1	233	259	866	890	7.9	18.1
SA20160190_KJBEGOPM_00429	SA20160323_HIEPLBCK_00654	100.000	450	0	0	1	450	1	450	0.0	921
SA20160190_KJBEGOPM_00429	SA20160323_HIEPLBCK_00650	22.034	118	71	4	44	161	222	318	1.2	21.2
SA20160190_KJBEGOPM_00429	SA20160323_HIEPLBCK_00645	46.667	15	8	0	90	104	210	224	3.0	19.6
SA20160190_KJBEGOPM_00429	SA20160323_HIEPLBCK_00656	42.308	26	13	1	27	50	753	778	4.7	19.2
SA20160190_KJBEGOPM_00429	SA20160323_HIEPLBCK_00655	40.000	25	15	0	256	280	201	225	8.0	18.5
SA20160190_KJBEGOPM_00429	SA20160323_HIEPLBCK_00639	25.000	40	30	0	92	131	18	57	8.6	18.1
SA20160190_KJBEGOPM_00430	SA20160323_HIEPLBCK_00653	100.000	65	0	0	1	65	1	65	8.76e-47	134
SA20160190_KJBEGOPM_00430	SA20160323_HIEPLBCK_00656	28.125	32	23	0	29	60	711	742	1.6	17.3
SA20160190_KJBEGOPM_00430	SA20160323_HIEPLBCK_00649	53.333	15	7	0	19	33	336	350	4.4	15.8
SA20160190_KJBEGOPM_00430	SA20160323_HIEPLBCK_00644	55.556	9	4	0	57	65	270	278	7.4	15.4
SA20160190_KJBEGOPM_00431	SA20160323_HIEPLBCK_00652	100.000	413	0	0	1	413	1	413	0.0	830
SA20160190_KJBEGOPM_00431	SA20160323_HIEPLBCK_00651	28.571	35	25	0	223	257	882	916	0.38	22.7
SA20160190_KJBEGOPM_00431	SA20160323_HIEPLBCK_00650	26.923	26	19	0	223	248	868	893	0.67	21.9
SA20160190_KJBEGOPM_00431	SA20160323_HIEPLBCK_00648	31.944	72	35	4	106	168	201	267	1.7	20.4
SA20160190_KJBEGOPM_00431	SA20160323_HIEPLBCK_00656	31.579	38	25	1	107	143	638	675	5.4	18.9
SA20160190_KJBEGOPM_00431	SA20160323_HIEPLBCK_00646	40.000	20	12	0	387	406	346	365	9.5	18.1
SA20160190_KJBEGOPM_00432	SA20160323_HIEPLBCK_00651	100.000	1040	0	0	1	1040	1	1040	0.0	2080
SA20160190_KJBEGOPM_00432	SA20160323_HIEPLBCK_00650	49.659	1025	507	3	15	1039	6	1021	0.0	927
SA20160190_KJBEGOPM_00432	SA20160323_HIEPLBCK_00652	28.571	35	25	0	882	916	223	257	0.92	22.7
SA20160190_KJBEGOPM_00433	SA20160323_HIEPLBCK_00650	100.000	1026	0	0	1	1026	1	1026	0.0	2066
SA20160190_KJBEGOPM_00433	SA20160323_HIEPLBCK_00651	49.659	1025	507	3	6	1021	15	1039	0.0	916
SA20160190_KJBEGOPM_00433	SA20160323_HIEPLBCK_00646	24.000	50	31	2	156	205	208	250	1.4	22.3
SA20160190_KJBEGOPM_00433	SA20160323_HIEPLBCK_00652	24.074	54	32	1	868	912	223	276	1.4	22.3
SA20160190_KJBEGOPM_00433	SA20160323_HIEPLBCK_00654	22.034	118	71	4	222	318	44	161	2.6	21.2
SA20160190_KJBEGOPM_00433	SA20160323_HIEPLBCK_00644	36.000	25	16	0	795	819	215	239	3.2	21.2
SA20160190_KJBEGOPM_00433	SA20160323_HIEPLBCK_00640	31.818	44	29	1	686	728	82	125	5.2	20.0
SA20160190_KJBEGOPM_00433	SA20160323_HIEPLBCK_00656	60.000	10	4	0	711	720	963	972	5.6	20.4
SA20160190_KJBEGOPM_00433	SA20160323_HIEPLBCK_00649	45.000	20	11	0	890	909	250	269	8.1	19.6
SA20160190_KJBEGOPM_00433	SA20160323_HIEPLBCK_00655	34.483	29	18	1	913	941	225	252	9.6	19.2
SA20160190_KJBEGOPM_00434	SA20160323_HIEPLBCK_00649	100.000	470	0	0	1	470	1	470	0.0	928
SA20160190_KJBEGOPM_00434	SA20160323_HIEPLBCK_00643	26.866	67	37	3	248	304	106	170	0.13	24.3
SA20160190_KJBEGOPM_00434	SA20160323_HIEPLBCK_00648	26.923	52	29	3	148	199	53	95	2.0	20.4
SA20160190_KJBEGOPM_00434	SA20160323_HIEPLBCK_00656	35.714	42	24	1	169	210	96	134	3.2	20.0
SA20160190_KJBEGOPM_00434	SA20160323_HIEPLBCK_00646	33.333	36	20	1	48	79	55	90	3.9	19.6
SA20160190_KJBEGOPM_00434	SA20160323_HIEPLBCK_00650	45.000	20	11	0	250	269	890	909	4.3	19.6
SA20160190_KJBEGOPM_00434	SA20160323_HIEPLBCK_00651	43.750	16	9	0	165	180	359	374	7.3	18.9
SA20160190_KJBEGOPM_00435	SA20160323_HIEPLBCK_00648	100.000	467	0	0	1	467	1	467	0.0	954
SA20160190_KJBEGOPM_00435	SA20160323_HIEPLBCK_00649	26.923	52	29	3	53	95	148	199	2.8	20.0
SA20160190_KJBEGOPM_00435	SA20160323_HIEPLBCK_00644	58.333	12	5	0	347	358	173	184	4.1	19.6
SA20160190_KJBEGOPM_00435	SA20160323_HIEPLBCK_00652	32.836	67	41	3	201	267	106	168	6.7	18.9
SA20160190_KJBEGOPM_00435	SA20160323_HIEPLBCK_00656	25.000	36	27	0	396	431	799	834	7.9	18.9
SA20160190_KJBEGOPM_00436	SA20160323_HIEPLBCK_00647	100.000	240	0	0	1	240	1	240	1.07e-180	486
SA20160190_KJBEGOPM_00436	SA20160323_HIEPLBCK_00650	45.455	11	6	0	81	91	41	51	4.1	18.5
SA20160190_KJBEGOPM_00436	SA20160323_HIEPLBCK_00641	33.333	15	10	0	57	71	48	62	7.3	17.3
SA20160190_KJBEGOPM_00436	SA20160323_HIEPLBCK_00655	62.500	8	3	0	104	111	149	156	8.3	17.3
SA20160190_KJBEGOPM_00436	SA20160323_HIEPLBCK_00651	54.545	11	5	0	35	45	802	812	9.6	17.3
SA20160190_KJBEGOPM_00437	SA20160323_HIEPLBCK_00646	100.000	400	0	0	1	400	1	400	0.0	838
SA20160190_KJBEGOPM_00437	SA20160323_HIEPLBCK_00649	33.333	36	20	1	55	90	48	79	3.3	19.6
SA20160190_KJBEGOPM_00437	SA20160323_HIEPLBCK_00643	31.250	32	21	1	207	238	177	207	3.4	19.2
SA20160190_KJBEGOPM_00437	SA20160323_HIEPLBCK_00655	34.884	43	23	1	346	383	161	203	4.1	19.2
SA20160190_KJBEGOPM_00437	SA20160323_HIEPLBCK_00656	43.478	23	13	0	300	322	407	429	5.9	18.9
SA20160190_KJBEGOPM_00437	SA20160323_HIEPLBCK_00652	40.000	20	12	0	346	365	387	406	7.2	18.5
SA20160190_KJBEGOPM_00438	SA20160323_HIEPLBCK_00645	100.000	238	0	0	1	238	1	238	1.45e-179	483
SA20160190_KJBEGOPM_00438	SA20160323_HIEPLBCK_00654	46.667	15	8	0	210	224	90	104	1.6	19.6
SA20160190_KJBEGOPM_00438	SA20160323_HIEPLBCK_00650	34.146	41	20	3	199	234	710	748	2.7	19.2
SA20160190_KJBEGOPM_00438	SA20160323_HIEPLBCK_00644	38.235	34	20	1	44	76	155	188	3.7	18.5
SA20160190_KJBEGOPM_00438	SA20160323_HIEPLBCK_00640	38.462	13	8	0	53	65	37	49	9.6	16.9
SA20160190_KJBEGOPM_00439	SA20160323_HIEPLBCK_00644	100.000	703	0	0	1	703	1	703	0.0	1462
SA20160190_KJBEGOPM_00439	SA20160323_HIEPLBCK_00650	36.000	25	16	0	215	239	795	819	2.0	21.2
SA20160190_KJBEGOPM_00439	SA20160323_HIEPLBCK_00648	58.333	12	5	0	173	184	347	358	6.1	19.6
SA20160190_KJBEGOPM_00440	SA20160323_HIEPLBCK_00643	100.000	239	0	0	1	239	1	239	0.0	496
SA20160190_KJBEGOPM_00440	SA20160323_HIEPLBCK_00649	26.471	68	38	3	105	170	247	304	0.086	23.9
SA20160190_KJBEGOPM_00440	SA20160323_HIEPLBCK_00640	25.424	59	41	2	107	162	2	60	2.0	19.2
SA20160190_KJBEGOPM_00440	SA20160323_HIEPLBCK_00646	31.250	32	21	1	177	207	207	238	2.1	19.2
SA20160190_KJBEGOPM_00440	SA20160323_HIEPLBCK_00641	28.571	21	15	0	67	87	70	90	3.4	18.1
SA20160190_KJBEGOPM_00440	SA20160323_HIEPLBCK_00644	42.857	14	8	0	87	100	108	121	5.6	18.1
SA20160190_KJBEGOPM_00441	SA20160323_HIEPLBCK_00642	100.000	247	0	0	1	247	1	247	0.0	507
SA20160190_KJBEGOPM_00441	SA20160323_HIEPLBCK_00648	38.889	36	19	2	200	233	388	422	1.2	20.0
SA20160190_KJBEGOPM_00441	SA20160323_HIEPLBCK_00651	35.000	20	13	0	124	143	741	760	5.0	18.5
SA20160190_KJBEGOPM_00441	SA20160323_HIEPLBCK_00641	29.032	31	16	1	49	73	27	57	6.5	17.3
SA20160190_KJBEGOPM_00441	SA20160323_HIEPLBCK_00646	40.000	15	9	0	96	110	78	92	9.8	17.3
SA20160190_KJBEGOPM_00442	SA20160323_HIEPLBCK_00641	100.000	103	0	0	1	103	1	103	5.14e-77	213
SA20160190_KJBEGOPM_00442	SA20160323_HIEPLBCK_00643	28.571	21	15	0	70	90	67	87	1.4	18.1
SA20160190_KJBEGOPM_00442	SA20160323_HIEPLBCK_00642	29.032	31	16	1	27	57	49	73	2.7	17.3
SA20160190_KJBEGOPM_00442	SA20160323_HIEPLBCK_00647	33.333	15	10	0	48	62	57	71	3.1	17.3
SA20160190_KJBEGOPM_00442	SA20160323_HIEPLBCK_00639	60.000	10	4	0	62	71	5	14	4.5	16.5
SA20160190_KJBEGOPM_00442	SA20160323_HIEPLBCK_00650	25.000	40	21	2	46	79	1	37	4.8	16.9
SA20160190_KJBEGOPM_00442	SA20160323_HIEPLBCK_00651	36.364	11	7	0	69	79	958	968	5.7	16.5
SA20160190_KJBEGOPM_00442	SA20160323_HIEPLBCK_00656	20.833	24	19	0	21	44	111	134	6.5	16.5
SA20160190_KJBEGOPM_00442	SA20160323_HIEPLBCK_00648	42.105	19	8	1	11	29	395	410	7.5	16.2
SA20160190_KJBEGOPM_00443	SA20160323_HIEPLBCK_00640	100.000	165	0	0	1	165	1	165	1.26e-126	343
SA20160190_KJBEGOPM_00443	SA20160323_HIEPLBCK_00650	31.818	44	29	1	82	125	686	728	0.83	20.0
SA20160190_KJBEGOPM_00443	SA20160323_HIEPLBCK_00657	47.826	23	9	1	72	91	187	209	0.98	19.6
SA20160190_KJBEGOPM_00443	SA20160323_HIEPLBCK_00643	25.424	59	41	2	2	60	107	162	1.3	19.2
SA20160190_KJBEGOPM_00443	SA20160323_HIEPLBCK_00656	61.538	13	5	0	31	43	540	552	4.8	17.7
SA20160190_KJBEGOPM_00443	SA20160323_HIEPLBCK_00638	31.707	41	22	2	90	126	101	139	5.5	17.3
SA20160190_KJBEGOPM_00443	SA20160323_HIEPLBCK_00645	38.462	13	8	0	37	49	53	65	6.7	16.9
SA20160190_KJBEGOPM_00444	SA20160323_HIEPLBCK_00639	100.000	125	0	0	1	125	1	125	4.39e-92	253
SA20160190_KJBEGOPM_00444	SA20160323_HIEPLBCK_00650	44.000	25	12	1	78	100	390	414	0.78	19.6
SA20160190_KJBEGOPM_00444	SA20160323_HIEPLBCK_00654	25.000	40	30	0	18	57	92	131	2.4	18.1
SA20160190_KJBEGOPM_00444	SA20160323_HIEPLBCK_00651	26.316	76	50	3	23	94	416	489	2.8	17.7
SA20160190_KJBEGOPM_00444	SA20160323_HIEPLBCK_00644	41.176	17	10	0	74	90	358	374	5.3	16.9
SA20160190_KJBEGOPM_00444	SA20160323_HIEPLBCK_00641	60.000	10	4	0	5	14	62	71	5.5	16.5
SA20160190_KJBEGOPM_00444	SA20160323_HIEPLBCK_00657	16.667	24	20	0	45	68	158	181	7.9	16.5
SA20160190_KJBEGOPM_00444	SA20160323_HIEPLBCK_00645	44.444	9	5	0	117	125	13	21	8.4	16.2
SA20160190_KJBEGOPM_00444	SA20160323_HIEPLBCK_00637	35.714	14	9	0	75	88	6	19	9.9	15.8
SA20160190_KJBEGOPM_00445	SA20160323_HIEPLBCK_00638	100.000	144	0	0	1	144	1	144	2.11e-107	293
SA20160190_KJBEGOPM_00445	SA20160323_HIEPLBCK_00656	30.233	43	27	1	82	124	89	128	4.7	17.3
SA20160190_KJBEGOPM_00445	SA20160323_HIEPLBCK_00640	31.707	41	22	2	101	139	90	126	4.8	17.3
SA20160190_KJBEGOPM_00445	SA20160323_HIEPLBCK_00637	35.000	20	13	0	122	141	16	35	9.8	16.2
SA20160190_KJBEGOPM_00446	SA20160323_HIEPLBCK_00637	100.000	87	0	0	202	288	1	87	1.47e-55	166
SA20160190_KJBEGOPM_00446	SA20160323_HIEPLBCK_00649	22.093	86	54	3	41	119	247	326	1.2	20.4
SA20160190_KJBEGOPM_00446	SA20160323_HIEPLBCK_00654	32.258	31	20	1	219	248	168	198	6.0	18.1
SA20160190_KJBEGOPM_00446	SA20160323_HIEPLBCK_00642	38.889	18	11	0	159	176	46	63	6.8	18.1
SA20160190_KJBEGOPM_00446	SA20160323_HIEPLBCK_00656	39.130	23	14	0	255	277	656	678	6.9	18.1
SA20160323_HIEPLBCK_00637	SA20160323_HIEPLBCK_00637	100.000	87	0	0	1	87	1	87	1.55e-57	163
SA20160323_HIEPLBCK_00637	SA20160323_HIEPLBCK_00656	39.130	23	14	0	54	76	656	678	1.3	18.1
SA20160323_HIEPLBCK_00637	SA20160323_HIEPLBCK_00654	32.258	31	20	1	18	47	168	198	3.6	16.9
SA20160323_HIEPLBCK_00637	SA20160323_HIEPLBCK_00638	35.000	20	13	0	16	35	122	141	5.9	16.2
SA20160323_HIEPLBCK_00637	SA20160323_HIEPLBCK_00651	53.333	15	7	0	3	17	630	644	6.0	16.2
SA20160323_HIEPLBCK_00637	SA20160323_HIEPLBCK_00657	25.000	24	18	0	14	37	13	36	6.2	16.2
SA20160323_HIEPLBCK_00637	SA20160323_HIEPLBCK_00639	35.714	14	9	0	6	19	75	88	6.9	15.8
SA20160323_HIEPLBCK_00638	SA20160323_HIEPLBCK_00638	100.000	144	0	0	1	144	1	144	2.11e-107	293
SA20160323_HIEPLBCK_00638	SA20160323_HIEPLBCK_00656	30.233	43	27	1	82	124	89	128	4.7	17.3
SA20160323_HIEPLBCK_00638	SA20160323_HIEPLBCK_00640	31.707	41	22	2	101	139	90	126	4.8	17.3
SA20160323_HIEPLBCK_00638	SA20160323_HIEPLBCK_00637	35.000	20	13	0	122	141	16	35	9.8	16.2
SA20160323_HIEPLBCK_00639	SA20160323_HIEPLBCK_00639	100.000	125	0	0	1	125	1	125	4.39e-92	253
SA20160323_HIEPLBCK_00639	SA20160323_HIEPLBCK_00654	25.000	40	30	0	18	57	92	131	2.4	18.1
SA20160323_HIEPLBCK_00639	SA20160323_HIEPLBCK_00651	26.316	76	50	3	23	94	416	489	2.8	17.7
SA20160323_HIEPLBCK_00639	SA20160323_HIEPLBCK_00644	41.176	17	10	0	74	90	358	374	5.3	16.9
SA20160323_HIEPLBCK_00639	SA20160323_HIEPLBCK_00641	60.000	10	4	0	5	14	62	71	5.5	16.5
SA20160323_HIEPLBCK_00639	SA20160323_HIEPLBCK_00657	16.667	24	20	0	45	68	158	181	7.9	16.5
SA20160323_HIEPLBCK_00639	SA20160323_HIEPLBCK_00645	44.444	9	5	0	117	125	13	21	8.4	16.2
SA20160323_HIEPLBCK_00639	SA20160323_HIEPLBCK_00637	35.714	14	9	0	75	88	6	19	9.9	15.8
SA20160323_HIEPLBCK_00640	SA20160323_HIEPLBCK_00640	100.000	165	0	0	1	165	1	165	1.26e-126	343
SA20160323_HIEPLBCK_00640	SA20160323_HIEPLBCK_00650	31.818	44	29	1	82	125	686	728	0.83	20.0
SA20160323_HIEPLBCK_00640	SA20160323_HIEPLBCK_00657	47.826	23	9	1	72	91	187	209	0.98	19.6
SA20160323_HIEPLBCK_00640	SA20160323_HIEPLBCK_00643	25.424	59	41	2	2	60	107	162	1.3	19.2
SA20160323_HIEPLBCK_00640	SA20160323_HIEPLBCK_00656	61.538	13	5	0	31	43	540	552	4.8	17.7
SA20160323_HIEPLBCK_00640	SA20160323_HIEPLBCK_00638	31.707	41	22	2	90	126	101	139	5.5	17.3
SA20160323_HIEPLBCK_00640	SA20160323_HIEPLBCK_00645	38.462	13	8	0	37	49	53	65	6.7	16.9
SA20160323_HIEPLBCK_00641	SA20160323_HIEPLBCK_00641	100.000	103	0	0	1	103	1	103	5.14e-77	213
SA20160323_HIEPLBCK_00641	SA20160323_HIEPLBCK_00643	28.571	21	15	0	70	90	67	87	1.4	18.1
SA20160323_HIEPLBCK_00641	SA20160323_HIEPLBCK_00642	29.032	31	16	1	27	57	49	73	2.7	17.3
SA20160323_HIEPLBCK_00641	SA20160323_HIEPLBCK_00647	33.333	15	10	0	48	62	57	71	3.1	17.3
SA20160323_HIEPLBCK_00641	SA20160323_HIEPLBCK_00639	60.000	10	4	0	62	71	5	14	4.5	16.5
SA20160323_HIEPLBCK_00641	SA20160323_HIEPLBCK_00650	25.000	40	21	2	46	79	1	37	4.8	16.9
SA20160323_HIEPLBCK_00641	SA20160323_HIEPLBCK_00651	36.364	11	7	0	69	79	958	968	5.7	16.5
SA20160323_HIEPLBCK_00641	SA20160323_HIEPLBCK_00656	20.833	24	19	0	21	44	111	134	6.5	16.5
SA20160323_HIEPLBCK_00641	SA20160323_HIEPLBCK_00648	42.105	19	8	1	11	29	395	410	7.5	16.2
SA20160323_HIEPLBCK_00642	SA20160323_HIEPLBCK_00642	100.000	247	0	0	1	247	1	247	0.0	507
SA20160323_HIEPLBCK_00642	SA20160323_HIEPLBCK_00651	35.000	20	13	0	124	143	741	760	5.0	18.5
SA20160323_HIEPLBCK_00642	SA20160323_HIEPLBCK_00641	29.032	31	16	1	49	73	27	57	6.5	17.3
SA20160323_HIEPLBCK_00642	SA20160323_HIEPLBCK_00646	40.000	15	9	0	96	110	78	92	9.8	17.3
SA20160323_HIEPLBCK_00643	SA20160323_HIEPLBCK_00643	100.000	239	0	0	1	239	1	239	0.0	496
SA20160323_HIEPLBCK_00643	SA20160323_HIEPLBCK_00649	26.471	68	38	3	105	170	247	304	0.086	23.9
SA20160323_HIEPLBCK_00643	SA20160323_HIEPLBCK_00640	25.424	59	41	2	107	162	2	60	2.0	19.2
SA20160323_HIEPLBCK_00643	SA20160323_HIEPLBCK_00646	31.250	32	21	1	177	207	207	238	2.1	19.2
SA20160323_HIEPLBCK_00643	SA20160323_HIEPLBCK_00641	28.571	21	15	0	67	87	70	90	3.4	18.1
SA20160323_HIEPLBCK_00643	SA20160323_HIEPLBCK_00644	42.857	14	8	0	87	100	108	121	5.6	18.1
SA20160323_HIEPLBCK_00644	SA20160323_HIEPLBCK_00644	100.000	703	0	0	1	703	1	703	0.0	1462
SA20160323_HIEPLBCK_00644	SA20160323_HIEPLBCK_00650	36.000	25	16	0	215	239	795	819	2.0	21.2
SA20160323_HIEPLBCK_00644	SA20160323_HIEPLBCK_00648	58.333	12	5	0	173	184	347	358	6.1	19.6
SA20160323_HIEPLBCK_00645	SA20160323_HIEPLBCK_00645	100.000	238	0	0	1	238	1	238	1.45e-179	483
SA20160323_HIEPLBCK_00645	SA20160323_HIEPLBCK_00654	46.667	15	8	0	210	224	90	104	1.6	19.6
SA20160323_HIEPLBCK_00645	SA20160323_HIEPLBCK_00650	34.146	41	20	3	199	234	710	748	2.7	19.2
SA20160323_HIEPLBCK_00645	SA20160323_HIEPLBCK_00644	38.235	34	20	1	44	76	155	188	3.7	18.5
SA20160323_HIEPLBCK_00645	SA20160323_HIEPLBCK_00640	38.462	13	8	0	53	65	37	49	9.6	16.9
SA20160323_HIEPLBCK_00646	SA20160323_HIEPLBCK_00646	100.000	400	0	0	1	400	1	400	0.0	838
SA20160323_HIEPLBCK_00646	SA20160323_HIEPLBCK_00649	33.333	36	20	1	55	90	48	79	3.3	19.6
SA20160323_HIEPLBCK_00646	SA20160323_HIEPLBCK_00643	31.250	32	21	1	207	238	177	207	3.4	19.2
SA20160323_HIEPLBCK_00646	SA20160323_HIEPLBCK_00655	34.884	43	23	1	346	383	161	203	4.1	19.2
SA20160323_HIEPLBCK_00646	SA20160323_HIEPLBCK_00656	43.478	23	13	0	300	322	407	429	5.9	18.9
SA20160323_HIEPLBCK_00646	SA20160323_HIEPLBCK_00652	40.000	20	12	0	346	365	387	406	7.2	18.5
SA20160323_HIEPLBCK_00647	SA20160323_HIEPLBCK_00647	100.000	240	0	0	1	240	1	240	1.07e-180	486
SA20160323_HIEPLBCK_00647	SA20160323_HIEPLBCK_00650	45.455	11	6	0	81	91	41	51	4.1	18.5
SA20160323_HIEPLBCK_00647	SA20160323_HIEPLBCK_00641	33.333	15	10	0	57	71	48	62	7.3	17.3
SA20160323_HIEPLBCK_00647	SA20160323_HIEPLBCK_00655	62.500	8	3	0	104	111	149	156	8.3	17.3
SA20160323_HIEPLBCK_00647	SA20160323_HIEPLBCK_00651	54.545	11	5	0	35	45	802	812	9.6	17.3
SA20160323_HIEPLBCK_00648	SA20160323_HIEPLBCK_00648	100.000	467	0	0	1	467	1	467	0.0	954
SA20160323_HIEPLBCK_00648	SA20160323_HIEPLBCK_00649	26.923	52	29	3	53	95	148	199	2.8	20.0
SA20160323_HIEPLBCK_00648	SA20160323_HIEPLBCK_00644	58.333	12	5	0	347	358	173	184	4.1	19.6
SA20160323_HIEPLBCK_00648	SA20160323_HIEPLBCK_00656	25.000	36	27	0	396	431	799	834	7.9	18.9
SA20160323_HIEPLBCK_00649	SA20160323_HIEPLBCK_00649	100.000	470	0	0	1	470	1	470	0.0	928
SA20160323_HIEPLBCK_00649	SA20160323_HIEPLBCK_00643	26.866	67	37	3	248	304	106	170	0.13	24.3
SA20160323_HIEPLBCK_00649	SA20160323_HIEPLBCK_00648	26.923	52	29	3	148	199	53	95	2.0	20.4
SA20160323_HIEPLBCK_00649	SA20160323_HIEPLBCK_00656	35.714	42	24	1	169	210	96	134	3.2	20.0
SA20160323_HIEPLBCK_00649	SA20160323_HIEPLBCK_00646	33.333	36	20	1	48	79	55	90	3.9	19.6
SA20160323_HIEPLBCK_00649	SA20160323_HIEPLBCK_00650	45.000	20	11	0	250	269	890	909	4.3	19.6
SA20160323_HIEPLBCK_00649	SA20160323_HIEPLBCK_00651	43.750	16	9	0	165	180	359	374	7.3	18.9
SA20160323_HIEPLBCK_00650	SA20160323_HIEPLBCK_00650	100.000	1026	0	0	1	1026	1	1026	0.0	2066
SA20160323_HIEPLBCK_00650	SA20160323_HIEPLBCK_00651	49.659	1025	507	3	6	1021	15	1039	0.0	916
SA20160323_HIEPLBCK_00650	SA20160323_HIEPLBCK_00646	24.000	50	31	2	156	205	208	250	1.4	22.3
SA20160323_HIEPLBCK_00650	SA20160323_HIEPLBCK_00652	24.074	54	32	1	868	912	223	276	1.4	22.3
SA20160323_HIEPLBCK_00650	SA20160323_HIEPLBCK_00644	36.000	25	16	0	795	819	215	239	3.2	21.2
SA20160323_HIEPLBCK_00650	SA20160323_HIEPLBCK_00640	31.818	44	29	1	686	728	82	125	5.2	20.0
SA20160323_HIEPLBCK_00650	SA20160323_HIEPLBCK_00656	60.000	10	4	0	711	720	963	972	5.6	20.4
SA20160323_HIEPLBCK_00650	SA20160323_HIEPLBCK_00649	45.000	20	11	0	890	909	250	269	8.1	19.6
SA20160323_HIEPLBCK_00650	SA20160323_HIEPLBCK_00655	34.483	29	18	1	913	941	225	252	9.6	19.2
SA20160323_HIEPLBCK_00651	SA20160323_HIEPLBCK_00651	100.000	1040	0	0	1	1040	1	1040	0.0	2080
SA20160323_HIEPLBCK_00651	SA20160323_HIEPLBCK_00650	49.659	1025	507	3	15	1039	6	1021	0.0	927
SA20160323_HIEPLBCK_00651	SA20160323_HIEPLBCK_00652	28.571	35	25	0	882	916	223	257	0.92	22.7
SA20160323_HIEPLBCK_00652	SA20160323_HIEPLBCK_00652	100.000	413	0	0	1	413	1	413	0.0	830
SA20160323_HIEPLBCK_00652	SA20160323_HIEPLBCK_00651	28.571	35	25	0	223	257	882	916	0.38	22.7
SA20160323_HIEPLBCK_00652	SA20160323_HIEPLBCK_00650	26.923	26	19	0	223	248	868	893	0.67	21.9
SA20160323_HIEPLBCK_00652	SA20160323_HIEPLBCK_00656	31.579	38	25	1	107	143	638	675	5.4	18.9
SA20160323_HIEPLBCK_00652	SA20160323_HIEPLBCK_00646	40.000	20	12	0	387	406	346	365	9.5	18.1
SA20160323_HIEPLBCK_00653	SA20160323_HIEPLBCK_00653	100.000	65	0	0	1	65	1	65	8.76e-47	134
SA20160323_HIEPLBCK_00653	SA20160323_HIEPLBCK_00656	28.125	32	23	0	29	60	711	742	1.6	17.3
SA20160323_HIEPLBCK_00653	SA20160323_HIEPLBCK_00649	53.333	15	7	0	19	33	336	350	4.4	15.8
SA20160323_HIEPLBCK_00653	SA20160323_HIEPLBCK_00644	55.556	9	4	0	57	65	270	278	7.4	15.4
SA20160323_HIEPLBCK_00654	SA20160323_HIEPLBCK_00654	100.000	450	0	0	1	450	1	450	0.0	921
SA20160323_HIEPLBCK_00654	SA20160323_HIEPLBCK_00650	22.034	118	71	4	44	161	222	318	1.2	21.2
SA20160323_HIEPLBCK_00654	SA20160323_HIEPLBCK_00645	46.667	15	8	0	90	104	210	224	3.0	19.6
SA20160323_HIEPLBCK_00654	SA20160323_HIEPLBCK_00655	40.000	25	15	0	256	280	201	225	8.0	18.5
SA20160323_HIEPLBCK_00654	SA20160323_HIEPLBCK_00639	25.000	40	30	0	92	131	18	57	8.6	18.1
SA20160323_HIEPLBCK_00655	SA20160323_HIEPLBCK_00655	100.000	289	0	0	1	289	1	289	0.0	585
SA20160323_HIEPLBCK_00655	SA20160323_HIEPLBCK_00650	34.483	29	18	1	225	252	913	941	2.8	19.2
SA20160323_HIEPLBCK_00655	SA20160323_HIEPLBCK_00646	34.884	43	23	1	161	203	346	383	3.0	19.2
SA20160323_HIEPLBCK_00655	SA20160323_HIEPLBCK_00654	40.000	25	15	0	201	225	256	280	5.2	18.5
SA20160323_HIEPLBCK_00655	SA20160323_HIEPLBCK_00649	24.390	41	30	1	63	102	275	315	7.1	18.1
SA20160323_HIEPLBCK_00655	SA20160323_HIEPLBCK_00644	34.615	26	15	1	70	93	138	163	7.5	18.1
SA20160323_HIEPLBCK_00655	SA20160323_HIEPLBCK_00656	29.630	27	17	1	233	259	866	890	7.9	18.1
SA20160323_HIEPLBCK_00656	SA20160323_HIEPLBCK_00656	100.000	996	0	0	1	996	1	996	0.0	2038
SA20160323_HIEPLBCK_00656	SA20160323_HIEPLBCK_00657	33.333	39	24	1	484	520	24	62	2.2	21.2
SA20160323_HIEPLBCK_00656	SA20160323_HIEPLBCK_00650	60.000	10	4	0	963	972	711	720	5.1	20.4
SA20160323_HIEPLBCK_00656	SA20160323_HIEPLBCK_00649	31.081	74	44	2	134	204	145	214	6.2	20.0
SA20160323_HIEPLBCK_00657	SA20160323_HIEPLBCK_00657	100.000	213	0	0	1	213	1	213	1.50e-163	441
SA20160323_HIEPLBCK_00657	SA20160323_HIEPLBCK_00656	33.333	39	24	1	24	62	484	520	0.51	21.2
SA20160323_HIEPLBCK_00657	SA20160323_HIEPLBCK_00640	47.826	23	9	1	187	209	72	91	1.3	19.6
SA20160323_HIEPLBCK_00657	SA20160323_HIEPLBCK_00646	46.154	13	7	0	195	207	240	252	5.7	17.7
SA20160190_KJBEGOPM_00426	SA20160190_KJBEGOPM_00426	100.000	213	0	0	1	213	1	213	1.53e-163	441
SA20160190_KJBEGOPM_00426	SA20160190_KJBEGOPM_00427	33.333	39	24	1	24	62	484	520	0.52	21.2
SA20160190_KJBEGOPM_00426	SA20160190_KJBEGOPM_00443	47.826	23	9	1	187	209	72	91	1.3	19.6
SA20160190_KJBEGOPM_00426	SA20160190_KJBEGOPM_00437	46.154	13	7	0	195	207	240	252	5.8	17.7
SA20160190_KJBEGOPM_00427	SA20160190_KJBEGOPM_00427	100.000	996	0	0	1	996	1	996	0.0	2038
SA20160190_KJBEGOPM_00427	SA20160190_KJBEGOPM_00426	33.333	39	24	1	484	520	24	62	2.3	21.2
SA20160190_KJBEGOPM_00427	SA20160190_KJBEGOPM_00433	60.000	10	4	0	963	972	711	720	5.2	20.4
SA20160190_KJBEGOPM_00427	SA20160190_KJBEGOPM_00434	31.081	74	44	2	134	204	145	214	6.3	20.0
SA20160190_KJBEGOPM_00428	SA20160190_KJBEGOPM_00428	100.000	289	0	0	1	289	1	289	0.0	585
SA20160190_KJBEGOPM_00428	SA20160190_KJBEGOPM_00433	34.483	29	18	1	225	252	913	941	2.9	19.2
SA20160190_KJBEGOPM_00428	SA20160190_KJBEGOPM_00437	34.884	43	23	1	161	203	346	383	3.0	19.2
SA20160190_KJBEGOPM_00428	SA20160190_KJBEGOPM_00429	40.000	25	15	0	201	225	256	280	5.3	18.5
SA20160190_KJBEGOPM_00428	SA20160190_KJBEGOPM_00434	24.390	41	30	1	63	102	275	315	7.3	18.1
SA20160190_KJBEGOPM_00428	SA20160190_KJBEGOPM_00439	34.615	26	15	1	70	93	138	163	7.7	18.1
SA20160190_KJBEGOPM_00428	SA20160190_KJBEGOPM_00427	29.630	27	17	1	233	259	866	890	8.1	18.1
SA20160190_KJBEGOPM_00429	SA20160190_KJBEGOPM_00429	100.000	450	0	0	1	450	1	450	0.0	921
SA20160190_KJBEGOPM_00429	SA20160190_KJBEGOPM_00433	22.034	118	71	4	44	161	222	318	1.2	21.2
SA20160190_KJBEGOPM_00429	SA20160190_KJBEGOPM_00438	46.667	15	8	0	90	104	210	224	3.1	19.6
SA20160190_KJBEGOPM_00429	SA20160190_KJBEGOPM_00428	40.000	25	15	0	256	280	201	225	8.2	18.5
SA20160190_KJBEGOPM_00429	SA20160190_KJBEGOPM_00444	25.000	40	30	0	92	131	18	57	8.9	18.1
SA20160190_KJBEGOPM_00430	SA20160190_KJBEGOPM_00430	100.000	65	0	0	1	65	1	65	8.98e-47	134
SA20160190_KJBEGOPM_00430	SA20160190_KJBEGOPM_00427	28.125	32	23	0	29	60	711	742	1.7	17.3
SA20160190_KJBEGOPM_00430	SA20160190_KJBEGOPM_00434	53.333	15	7	0	19	33	336	350	4.5	15.8
SA20160190_KJBEGOPM_00430	SA20160190_KJBEGOPM_00439	55.556	9	4	0	57	65	270	278	7.6	15.4
SA20160190_KJBEGOPM_00431	SA20160190_KJBEGOPM_00431	100.000	413	0	0	1	413	1	413	0.0	830
SA20160190_KJBEGOPM_00431	SA20160190_KJBEGOPM_00432	28.571	35	25	0	223	257	882	916	0.39	22.7
SA20160190_KJBEGOPM_00431	SA20160190_KJBEGOPM_00433	26.923	26	19	0	223	248	868	893	0.69	21.9
SA20160190_KJBEGOPM_00431	SA20160190_KJBEGOPM_00427	31.579	38	25	1	107	143	638	675	5.6	18.9
SA20160190_KJBEGOPM_00431	SA20160190_KJBEGOPM_00437	40.000	20	12	0	387	406	346	365	9.7	18.1
SA20160190_KJBEGOPM_00432	SA20160190_KJBEGOPM_00432	100.000	1040	0	0	1	1040	1	1040	0.0	2080
SA20160190_KJBEGOPM_00432	SA20160190_KJBEGOPM_00433	49.659	1025	507	3	15	1039	6	1021	0.0	927
SA20160190_KJBEGOPM_00432	SA20160190_KJBEGOPM_00431	28.571	35	25	0	882	916	223	257	0.94	22.7
SA20160190_KJBEGOPM_00433	SA20160190_KJBEGOPM_00433	100.000	1026	0	0	1	1026	1	1026	0.0	2066
SA20160190_KJBEGOPM_00433	SA20160190_KJBEGOPM_00432	49.659	1025	507	3	6	1021	15	1039	0.0	916
SA20160190_KJBEGOPM_00433	SA20160190_KJBEGOPM_00437	24.000	50	31	2	156	205	208	250	1.4	22.3
SA20160190_KJBEGOPM_00433	SA20160190_KJBEGOPM_00431	24.074	54	32	1	868	912	223	276	1.4	22.3
SA20160190_KJBEGOPM_00433	SA20160190_KJBEGOPM_00439	36.000	25	16	0	795	819	215	239	3.2	21.2
SA20160190_KJBEGOPM_00433	SA20160190_KJBEGOPM_00443	31.818	44	29	1	686	728	82	125	5.3	20.0
SA20160190_KJBEGOPM_00433	SA20160190_KJBEGOPM_00427	60.000	10	4	0	711	720	963	972	5.7	20.4
SA20160190_KJBEGOPM_00433	SA20160190_KJBEGOPM_00434	45.000	20	11	0	890	909	250	269	8.3	19.6
SA20160190_KJBEGOPM_00433	SA20160190_KJBEGOPM_00428	34.483	29	18	1	913	941	225	252	9.8	19.2
SA20160190_KJBEGOPM_00434	SA20160190_KJBEGOPM_00434	100.000	470	0	0	1	470	1	470	0.0	928
SA20160190_KJBEGOPM_00434	SA20160190_KJBEGOPM_00440	26.866	67	37	3	248	304	106	170	0.13	24.3
SA20160190_KJBEGOPM_00434	SA20160190_KJBEGOPM_00435	26.923	52	29	3	148	199	53	95	2.1	20.4
SA20160190_KJBEGOPM_00434	SA20160190_KJBEGOPM_00427	35.714	42	24	1	169	210	96	134	3.3	20.0
SA20160190_KJBEGOPM_00434	SA20160190_KJBEGOPM_00437	33.333	36	20	1	48	79	55	90	4.0	19.6
SA20160190_KJBEGOPM_00434	SA20160190_KJBEGOPM_00433	45.000	20	11	0	250	269	890	909	4.4	19.6
SA20160190_KJBEGOPM_00434	SA20160190_KJBEGOPM_00432	43.750	16	9	0	165	180	359	374	7.5	18.9
SA20160190_KJBEGOPM_00435	SA20160190_KJBEGOPM_00435	100.000	467	0	0	1	467	1	467	0.0	954
SA20160190_KJBEGOPM_00435	SA20160190_KJBEGOPM_00434	26.923	52	29	3	53	95	148	199	2.9	20.0
SA20160190_KJBEGOPM_00435	SA20160190_KJBEGOPM_00439	58.333	12	5	0	347	358	173	184	4.2	19.6
SA20160190_KJBEGOPM_00435	SA20160190_KJBEGOPM_00427	25.000	36	27	0	396	431	799	834	8.1	18.9
SA20160190_KJBEGOPM_00436	SA20160190_KJBEGOPM_00436	100.000	240	0	0	1	240	1	240	1.10e-180	486
SA20160190_KJBEGOPM_00436	SA20160190_KJBEGOPM_00433	45.455	11	6	0	81	91	41	51	4.2	18.5
SA20160190_KJBEGOPM_00436	SA20160190_KJBEGOPM_00442	33.333	15	10	0	57	71	48	62	7.5	17.3
SA20160190_KJBEGOPM_00436	SA20160190_KJBEGOPM_00428	62.500	8	3	0	104	111	149	156	8.5	17.3
SA20160190_KJBEGOPM_00436	SA20160190_KJBEGOPM_00432	54.545	11	5	0	35	45	802	812	9.9	17.3
SA20160190_KJBEGOPM_00437	SA20160190_KJBEGOPM_00437	100.000	400	0	0	1	400	1	400	0.0	838
SA20160190_KJBEGOPM_00437	SA20160190_KJBEGOPM_00434	33.333	36	20	1	55	90	48	79	3.4	19.6
SA20160190_KJBEGOPM_00437	SA20160190_KJBEGOPM_00440	31.250	32	21	1	207	238	177	207	3.5	19.2
SA20160190_KJBEGOPM_00437	SA20160190_KJBEGOPM_00428	34.884	43	23	1	346	383	161	203	4.2	19.2
SA20160190_KJBEGOPM_00437	SA20160190_KJBEGOPM_00427	43.478	23	13	0	300	322	407	429	6.0	18.9
SA20160190_KJBEGOPM_00437	SA20160190_KJBEGOPM_00431	40.000	20	12	0	346	365	387	406	7.4	18.5
SA20160190_KJBEGOPM_00438	SA20160190_KJBEGOPM_00438	100.000	238	0	0	1	238	1	238	1.49e-179	483
SA20160190_KJBEGOPM_00438	SA20160190_KJBEGOPM_00429	46.667	15	8	0	210	224	90	104	1.6	19.6
SA20160190_KJBEGOPM_00438	SA20160190_KJBEGOPM_00433	34.146	41	20	3	199	234	710	748	2.8	19.2
SA20160190_KJBEGOPM_00438	SA20160190_KJBEGOPM_00439	38.235	34	20	1	44	76	155	188	3.7	18.5
SA20160190_KJBEGOPM_00438	SA20160190_KJBEGOPM_00443	38.462	13	8	0	53	65	37	49	9.9	16.9
SA20160190_KJBEGOPM_00439	SA20160190_KJBEGOPM_00439	100.000	703	0	0	1	703	1	703	0.0	1462
SA20160190_KJBEGOPM_00439	SA20160190_KJBEGOPM_00433	36.000	25	16	0	215	239	795	819	2.1	21.2
SA20160190_KJBEGOPM_00439	SA20160190_KJBEGOPM_00435	58.333	12	5	0	173	184	347	358	6.3	19.6
SA20160190_KJBEGOPM_00440	SA20160190_KJBEGOPM_00440	100.000	239	0	0	1	239	1	239	0.0	496
SA20160190_KJBEGOPM_00440	SA20160190_KJBEGOPM_00434	26.471	68	38	3	105	170	247	304	0.088	23.9
SA20160190_KJBEGOPM_00440	SA20160190_KJBEGOPM_00443	25.424	59	41	2	107	162	2	60	2.0	19.2
SA20160190_KJBEGOPM_00440	SA20160190_KJBEGOPM_00437	31.250	32	21	1	177	207	207	238	2.2	19.2
SA20160190_KJBEGOPM_00440	SA20160190_KJBEGOPM_00442	28.571	21	15	0	67	87	70	90	3.5	18.1
SA20160190_KJBEGOPM_00440	SA20160190_KJBEGOPM_00439	42.857	14	8	0	87	100	108	121	5.7	18.1
SA20160190_KJBEGOPM_00441	SA20160190_KJBEGOPM_00441	100.000	247	0	0	1	247	1	247	0.0	507
SA20160190_KJBEGOPM_00441	SA20160190_KJBEGOPM_00432	35.000	20	13	0	124	143	741	760	5.1	18.5
SA20160190_KJBEGOPM_00441	SA20160190_KJBEGOPM_00446	38.889	18	11	0	46	63	159	176	6.0	18.1
SA20160190_KJBEGOPM_00441	SA20160190_KJBEGOPM_00442	29.032	31	16	1	49	73	27	57	6.6	17.3
SA20160190_KJBEGOPM_00442	SA20160190_KJBEGOPM_00442	100.000	103	0	0	1	103	1	103	5.27e-77	213
SA20160190_KJBEGOPM_00442	SA20160190_KJBEGOPM_00440	28.571	21	15	0	70	90	67	87	1.4	18.1
SA20160190_KJBEGOPM_00442	SA20160190_KJBEGOPM_00441	29.032	31	16	1	27	57	49	73	2.8	17.3
SA20160190_KJBEGOPM_00442	SA20160190_KJBEGOPM_00436	33.333	15	10	0	48	62	57	71	3.2	17.3
SA20160190_KJBEGOPM_00442	SA20160190_KJBEGOPM_00444	60.000	10	4	0	62	71	5	14	4.6	16.5
SA20160190_KJBEGOPM_00442	SA20160190_KJBEGOPM_00433	25.000	40	21	2	46	79	1	37	4.9	16.9
SA20160190_KJBEGOPM_00442	SA20160190_KJBEGOPM_00432	36.364	11	7	0	69	79	958	968	5.8	16.5
SA20160190_KJBEGOPM_00442	SA20160190_KJBEGOPM_00427	20.833	24	19	0	21	44	111	134	6.7	16.5
SA20160190_KJBEGOPM_00442	SA20160190_KJBEGOPM_00435	42.105	19	8	1	11	29	395	410	7.7	16.2
SA20160190_KJBEGOPM_00443	SA20160190_KJBEGOPM_00443	100.000	165	0	0	1	165	1	165	1.29e-126	343
SA20160190_KJBEGOPM_00443	SA20160190_KJBEGOPM_00433	31.818	44	29	1	82	125	686	728	0.85	20.0
SA20160190_KJBEGOPM_00443	SA20160190_KJBEGOPM_00426	47.826	23	9	1	72	91	187	209	1.0	19.6
SA20160190_KJBEGOPM_00443	SA20160190_KJBEGOPM_00440	25.424	59	41	2	2	60	107	162	1.3	19.2
SA20160190_KJBEGOPM_00443	SA20160190_KJBEGOPM_00427	61.538	13	5	0	31	43	540	552	5.0	17.7
SA20160190_KJBEGOPM_00443	SA20160190_KJBEGOPM_00445	31.707	41	22	2	90	126	101	139	5.6	17.3
SA20160190_KJBEGOPM_00443	SA20160190_KJBEGOPM_00438	38.462	13	8	0	37	49	53	65	6.9	16.9
SA20160190_KJBEGOPM_00444	SA20160190_KJBEGOPM_00444	100.000	125	0	0	1	125	1	125	4.50e-92	253
SA20160190_KJBEGOPM_00444	SA20160190_KJBEGOPM_00429	25.000	40	30	0	18	57	92	131	2.5	18.1
SA20160190_KJBEGOPM_00444	SA20160190_KJBEGOPM_00432	26.316	76	50	3	23	94	416	489	2.9	17.7
SA20160190_KJBEGOPM_00444	SA20160190_KJBEGOPM_00446	40.000	20	11	1	70	88	201	220	4.5	17.3
SA20160190_KJBEGOPM_00444	SA20160190_KJBEGOPM_00439	41.176	17	10	0	74	90	358	374	5.4	16.9
SA20160190_KJBEGOPM_00444	SA20160190_KJBEGOPM_00442	60.000	10	4	0	5	14	62	71	5.6	16.5
SA20160190_KJBEGOPM_00444	SA20160190_KJBEGOPM_00426	16.667	24	20	0	45	68	158	181	8.1	16.5
SA20160190_KJBEGOPM_00444	SA20160190_KJBEGOPM_00438	44.444	9	5	0	117	125	13	21	8.6	16.2
SA20160190_KJBEGOPM_00445	SA20160190_KJBEGOPM_00445	100.000	144	0	0	1	144	1	144	2.17e-107	293
SA20160190_KJBEGOPM_00445	SA20160190_KJBEGOPM_00427	30.233	43	27	1	82	124	89	128	4.9	17.3
SA20160190_KJBEGOPM_00445	SA20160190_KJBEGOPM_00443	31.707	41	22	2	101	139	90	126	4.9	17.3
SA20160190_KJBEGOPM_00445	SA20160190_KJBEGOPM_00446	35.000	20	13	0	122	141	217	236	9.1	16.5
SA20160190_KJBEGOPM_00446	SA20160190_KJBEGOPM_00446	100.000	288	0	0	1	288	1	288	0.0	578
SA20160190_KJBEGOPM_00446	SA20160190_KJBEGOPM_00434	22.093	86	54	3	41	119	247	326	1.2	20.4
SA20160190_KJBEGOPM_00446	SA20160190_KJBEGOPM_00441	38.889	18	11	0	159	176	46	63	7.0	18.1
SA20160190_KJBEGOPM_00446	SA20160190_KJBEGOPM_00427	39.130	23	14	0	255	277	656	678	7.1	18.1
