SA20160200_AKBDPEOC_00880	SA20160190_KJBEGOPM_00426	100.000	213	0	0	1	213	1	213	1.53e-163	441
SA20160200_AKBDPEOC_00880	SA20160190_KJBEGOPM_00427	33.333	39	24	1	24	62	484	520	0.52	21.2
SA20160200_AKBDPEOC_00880	SA20160190_KJBEGOPM_00443	47.826	23	9	1	187	209	72	91	1.3	19.6
SA20160200_AKBDPEOC_00880	SA20160190_KJBEGOPM_00437	46.154	13	7	0	195	207	240	252	5.8	17.7
SA20160200_AKBDPEOC_00881	SA20160190_KJBEGOPM_00427	99.699	996	3	0	1	996	1	996	0.0	2035
SA20160200_AKBDPEOC_00881	SA20160190_KJBEGOPM_00426	33.333	39	24	1	484	520	24	62	2.3	21.2
SA20160200_AKBDPEOC_00881	SA20160190_KJBEGOPM_00433	60.000	10	4	0	963	972	711	720	5.2	20.4
SA20160200_AKBDPEOC_00881	SA20160190_KJBEGOPM_00434	31.081	74	44	2	134	204	145	214	6.8	20.0
SA20160200_AKBDPEOC_00882	SA20160190_KJBEGOPM_00428	98.270	289	5	0	1	289	1	289	0.0	577
SA20160200_AKBDPEOC_00882	SA20160190_KJBEGOPM_00437	34.884	43	23	1	161	203	346	383	2.8	19.2
SA20160200_AKBDPEOC_00882	SA20160190_KJBEGOPM_00427	33.333	27	16	1	233	259	866	890	2.9	19.2
SA20160200_AKBDPEOC_00882	SA20160190_KJBEGOPM_00439	36.364	33	18	2	70	99	138	170	3.2	19.2
SA20160200_AKBDPEOC_00882	SA20160190_KJBEGOPM_00429	40.000	25	15	0	201	225	256	280	5.2	18.5
SA20160200_AKBDPEOC_00882	SA20160190_KJBEGOPM_00434	24.390	41	30	1	63	102	275	315	5.9	18.5
SA20160200_AKBDPEOC_00883	SA20160190_KJBEGOPM_00429	99.333	450	3	0	1	450	1	450	0.0	917
SA20160200_AKBDPEOC_00883	SA20160190_KJBEGOPM_00433	22.034	118	71	4	44	161	222	318	1.2	21.2
SA20160200_AKBDPEOC_00883	SA20160190_KJBEGOPM_00427	42.308	26	13	1	27	50	753	778	2.5	20.4
SA20160200_AKBDPEOC_00883	SA20160190_KJBEGOPM_00438	46.667	15	8	0	90	104	210	224	3.1	19.6
SA20160200_AKBDPEOC_00883	SA20160190_KJBEGOPM_00428	40.000	25	15	0	256	280	201	225	8.1	18.5
SA20160200_AKBDPEOC_00883	SA20160190_KJBEGOPM_00444	25.000	40	30	0	92	131	18	57	8.7	18.1
SA20160200_AKBDPEOC_00883	SA20160190_KJBEGOPM_00446	32.258	31	20	1	168	198	219	248	9.7	18.1
SA20160200_AKBDPEOC_00884	SA20160190_KJBEGOPM_00430	100.000	65	0	0	1	65	1	65	8.98e-47	134
SA20160200_AKBDPEOC_00884	SA20160190_KJBEGOPM_00427	28.125	32	23	0	29	60	711	742	1.7	17.3
SA20160200_AKBDPEOC_00884	SA20160190_KJBEGOPM_00434	53.333	15	7	0	19	33	336	350	4.5	15.8
SA20160200_AKBDPEOC_00884	SA20160190_KJBEGOPM_00439	55.556	9	4	0	57	65	270	278	7.6	15.4
SA20160200_AKBDPEOC_00885	SA20160190_KJBEGOPM_00431	98.547	413	6	0	1	413	1	413	0.0	817
SA20160200_AKBDPEOC_00885	SA20160190_KJBEGOPM_00432	28.571	35	25	0	223	257	882	916	0.41	22.7
SA20160200_AKBDPEOC_00885	SA20160190_KJBEGOPM_00433	26.923	26	19	0	223	248	868	893	0.65	21.9
SA20160200_AKBDPEOC_00885	SA20160190_KJBEGOPM_00435	31.944	72	35	4	106	168	201	267	1.8	20.4
SA20160200_AKBDPEOC_00885	SA20160190_KJBEGOPM_00427	31.579	38	25	1	107	143	638	675	5.6	18.9
SA20160200_AKBDPEOC_00885	SA20160190_KJBEGOPM_00441	19.355	31	25	0	321	351	41	71	9.1	18.1
SA20160200_AKBDPEOC_00886	SA20160190_KJBEGOPM_00432	99.712	1040	3	0	1	1040	1	1040	0.0	2073
SA20160200_AKBDPEOC_00886	SA20160190_KJBEGOPM_00433	49.659	1025	507	3	15	1039	6	1021	0.0	926
SA20160200_AKBDPEOC_00886	SA20160190_KJBEGOPM_00431	28.571	35	25	0	882	916	223	257	0.92	22.7
SA20160200_AKBDPEOC_00886	SA20160190_KJBEGOPM_00444	26.316	76	50	3	416	489	23	94	7.2	19.6
SA20160200_AKBDPEOC_00887	SA20160190_KJBEGOPM_00433	99.415	1026	6	0	1	1026	1	1026	0.0	2053
SA20160200_AKBDPEOC_00887	SA20160190_KJBEGOPM_00432	49.756	1025	506	3	6	1021	15	1039	0.0	919
SA20160200_AKBDPEOC_00887	SA20160190_KJBEGOPM_00437	24.000	50	31	2	156	205	208	250	1.4	22.3
SA20160200_AKBDPEOC_00887	SA20160190_KJBEGOPM_00431	24.074	54	32	1	868	912	223	276	1.5	22.3
SA20160200_AKBDPEOC_00887	SA20160190_KJBEGOPM_00429	22.034	118	71	4	222	318	44	161	2.5	21.6
SA20160200_AKBDPEOC_00887	SA20160190_KJBEGOPM_00439	36.000	25	16	0	795	819	215	239	3.1	21.2
SA20160200_AKBDPEOC_00887	SA20160190_KJBEGOPM_00443	31.818	44	29	1	686	728	82	125	5.3	20.0
SA20160200_AKBDPEOC_00887	SA20160190_KJBEGOPM_00427	60.000	10	4	0	711	720	963	972	5.8	20.4
SA20160200_AKBDPEOC_00887	SA20160190_KJBEGOPM_00434	45.000	20	11	0	890	909	250	269	8.4	19.6
SA20160200_AKBDPEOC_00887	SA20160190_KJBEGOPM_00428	34.483	29	18	1	913	941	225	252	9.7	19.6
SA20160200_AKBDPEOC_00888	SA20160190_KJBEGOPM_00434	99.362	470	3	0	1	470	1	470	0.0	922
SA20160200_AKBDPEOC_00888	SA20160190_KJBEGOPM_00440	26.866	67	37	3	248	304	106	170	0.12	24.3
SA20160200_AKBDPEOC_00888	SA20160190_KJBEGOPM_00427	35.714	42	24	1	169	210	96	134	1.6	20.8
SA20160200_AKBDPEOC_00888	SA20160190_KJBEGOPM_00435	26.923	52	29	3	148	199	53	95	2.0	20.8
SA20160200_AKBDPEOC_00888	SA20160190_KJBEGOPM_00437	33.333	36	20	1	48	79	55	90	3.6	19.6
SA20160200_AKBDPEOC_00888	SA20160190_KJBEGOPM_00433	45.000	20	11	0	250	269	890	909	4.5	19.6
SA20160200_AKBDPEOC_00888	SA20160190_KJBEGOPM_00439	36.364	22	14	0	236	257	626	647	5.1	19.2
SA20160200_AKBDPEOC_00889	SA20160190_KJBEGOPM_00435	99.572	467	2	0	1	467	1	467	0.0	951
SA20160200_AKBDPEOC_00889	SA20160190_KJBEGOPM_00434	26.923	52	29	3	53	95	148	199	2.8	20.0
SA20160200_AKBDPEOC_00889	SA20160190_KJBEGOPM_00439	58.333	12	5	0	347	358	173	184	4.2	19.6
SA20160200_AKBDPEOC_00889	SA20160190_KJBEGOPM_00431	32.836	67	41	3	201	267	106	168	7.1	18.9
SA20160200_AKBDPEOC_00889	SA20160190_KJBEGOPM_00427	25.000	36	27	0	396	431	799	834	8.3	18.5
SA20160200_AKBDPEOC_00890	SA20160190_KJBEGOPM_00436	100.000	240	0	0	1	240	1	240	1.10e-180	486
SA20160200_AKBDPEOC_00890	SA20160190_KJBEGOPM_00433	45.455	11	6	0	81	91	41	51	4.2	18.5
SA20160200_AKBDPEOC_00890	SA20160190_KJBEGOPM_00442	33.333	15	10	0	57	71	48	62	7.5	17.3
SA20160200_AKBDPEOC_00890	SA20160190_KJBEGOPM_00428	62.500	8	3	0	104	111	149	156	8.5	17.3
SA20160200_AKBDPEOC_00890	SA20160190_KJBEGOPM_00432	54.545	11	5	0	35	45	802	812	9.9	17.3
SA20160200_AKBDPEOC_00891	SA20160190_KJBEGOPM_00437	98.241	398	7	0	1	398	1	398	0.0	823
SA20160200_AKBDPEOC_00891	SA20160190_KJBEGOPM_00434	33.333	36	20	1	55	90	48	79	3.6	19.6
SA20160200_AKBDPEOC_00891	SA20160190_KJBEGOPM_00440	31.250	32	21	1	207	238	177	207	3.7	19.2
SA20160200_AKBDPEOC_00891	SA20160190_KJBEGOPM_00428	34.884	43	23	1	346	383	161	203	4.2	19.2
SA20160200_AKBDPEOC_00891	SA20160190_KJBEGOPM_00427	43.478	23	13	0	300	322	407	429	5.4	18.9
SA20160200_AKBDPEOC_00891	SA20160190_KJBEGOPM_00431	40.000	20	12	0	346	365	387	406	7.2	18.5
SA20160200_AKBDPEOC_00892	SA20160190_KJBEGOPM_00438	97.059	238	7	0	1	238	1	238	4.16e-174	469
SA20160200_AKBDPEOC_00892	SA20160190_KJBEGOPM_00433	34.146	41	20	3	199	234	710	748	1.8	19.6
SA20160200_AKBDPEOC_00892	SA20160190_KJBEGOPM_00429	40.000	15	9	0	210	224	90	104	4.2	18.5
SA20160200_AKBDPEOC_00892	SA20160190_KJBEGOPM_00439	38.235	34	20	1	44	76	155	188	6.0	18.1
SA20160200_AKBDPEOC_00892	SA20160190_KJBEGOPM_00443	35.714	14	9	0	53	66	37	50	6.3	17.7
SA20160200_AKBDPEOC_00892	SA20160190_KJBEGOPM_00432	45.455	11	6	0	57	67	254	264	9.2	17.3
SA20160200_AKBDPEOC_00893	SA20160190_KJBEGOPM_00439	98.578	703	10	0	1	703	1	703	0.0	1447
SA20160200_AKBDPEOC_00893	SA20160190_KJBEGOPM_00433	36.000	25	16	0	215	239	795	819	1.6	21.6
SA20160200_AKBDPEOC_00893	SA20160190_KJBEGOPM_00427	45.455	11	6	0	233	243	656	666	7.5	19.2
SA20160200_AKBDPEOC_00894	SA20160190_KJBEGOPM_00429	38.889	18	11	0	221	238	259	276	3.5	19.6
SA20160200_AKBDPEOC_00894	SA20160190_KJBEGOPM_00438	50.000	20	10	0	322	341	93	112	3.9	19.2
SA20160200_AKBDPEOC_00894	SA20160190_KJBEGOPM_00436	30.303	33	21	1	58	88	102	134	4.0	19.2
SA20160200_AKBDPEOC_00894	SA20160190_KJBEGOPM_00432	46.667	15	8	0	220	234	891	905	4.6	19.2
SA20160200_AKBDPEOC_00894	SA20160190_KJBEGOPM_00427	42.857	21	12	0	146	166	503	523	6.5	18.9
SA20160200_AKBDPEOC_00895	SA20160190_KJBEGOPM_00433	34.615	26	16	1	44	68	999	1024	0.80	21.6
SA20160200_AKBDPEOC_00895	SA20160190_KJBEGOPM_00432	56.250	16	7	0	60	75	745	760	1.4	20.8
SA20160200_AKBDPEOC_00895	SA20160190_KJBEGOPM_00435	24.490	49	37	0	118	166	150	198	2.6	19.6
SA20160200_AKBDPEOC_00895	SA20160190_KJBEGOPM_00427	41.379	29	16	1	166	194	481	508	3.0	19.6
SA20160200_AKBDPEOC_00895	SA20160190_KJBEGOPM_00429	25.490	51	34	1	33	79	376	426	5.8	18.5
SA20160200_AKBDPEOC_00895	SA20160190_KJBEGOPM_00441	23.333	30	21	1	58	85	126	155	6.4	18.5
SA20160200_AKBDPEOC_00896	SA20160190_KJBEGOPM_00429	27.273	22	16	0	16	37	118	139	2.3	18.5
SA20160200_AKBDPEOC_00897	SA20160190_KJBEGOPM_00432	50.000	14	7	0	2	15	116	129	3.6	17.3
SA20160200_AKBDPEOC_00897	SA20160190_KJBEGOPM_00433	42.857	14	8	0	2	15	107	120	5.1	16.9
SA20160200_AKBDPEOC_00897	SA20160190_KJBEGOPM_00434	31.707	41	28	0	60	100	249	289	9.6	16.2
SA20160200_AKBDPEOC_00898	SA20160190_KJBEGOPM_00439	53.846	13	6	0	276	288	26	38	2.9	19.2
SA20160200_AKBDPEOC_00898	SA20160190_KJBEGOPM_00435	38.889	18	11	0	138	155	203	220	4.1	18.9
SA20160200_AKBDPEOC_00899	SA20160190_KJBEGOPM_00427	25.000	84	45	2	269	343	607	681	2.7	19.6
SA20160200_AKBDPEOC_00899	SA20160190_KJBEGOPM_00431	47.059	17	9	0	242	258	343	359	3.8	19.2
SA20160200_AKBDPEOC_00899	SA20160190_KJBEGOPM_00432	50.000	22	10	1	14	34	642	663	5.1	18.9
SA20160200_AKBDPEOC_00899	SA20160190_KJBEGOPM_00435	35.294	17	11	0	90	106	271	287	6.7	18.5
SA20160200_AKBDPEOC_00899	SA20160190_KJBEGOPM_00446	38.889	18	11	0	274	291	101	118	6.9	18.5
SA20160200_AKBDPEOC_00900	SA20160190_KJBEGOPM_00434	24.460	139	82	3	224	362	44	159	0.006	28.5
SA20160200_AKBDPEOC_00900	SA20160190_KJBEGOPM_00428	29.167	48	33	1	95	141	174	221	0.020	26.6
SA20160200_AKBDPEOC_00900	SA20160190_KJBEGOPM_00435	30.189	53	37	0	199	251	374	426	0.20	23.5
SA20160200_AKBDPEOC_00900	SA20160190_KJBEGOPM_00432	28.125	32	23	0	140	171	124	155	4.0	19.6
SA20160200_AKBDPEOC_00900	SA20160190_KJBEGOPM_00439	22.951	61	35	2	233	293	377	425	6.3	18.9
SA20160190_KJBEGOPM_00426	SA20160190_KJBEGOPM_00426	100.000	213	0	0	1	213	1	213	1.53e-163	441
SA20160190_KJBEGOPM_00426	SA20160190_KJBEGOPM_00427	33.333	39	24	1	24	62	484	520	0.52	21.2
SA20160190_KJBEGOPM_00426	SA20160190_KJBEGOPM_00443	47.826	23	9	1	187	209	72	91	1.3	19.6
SA20160190_KJBEGOPM_00426	SA20160190_KJBEGOPM_00437	46.154	13	7	0	195	207	240	252	5.8	17.7
SA20160190_KJBEGOPM_00427	SA20160190_KJBEGOPM_00427	100.000	996	0	0	1	996	1	996	0.0	2038
SA20160190_KJBEGOPM_00427	SA20160190_KJBEGOPM_00426	33.333	39	24	1	484	520	24	62	2.3	21.2
SA20160190_KJBEGOPM_00427	SA20160190_KJBEGOPM_00433	60.000	10	4	0	963	972	711	720	5.2	20.4
SA20160190_KJBEGOPM_00427	SA20160190_KJBEGOPM_00434	31.081	74	44	2	134	204	145	214	6.3	20.0
SA20160190_KJBEGOPM_00428	SA20160190_KJBEGOPM_00428	100.000	289	0	0	1	289	1	289	0.0	585
SA20160190_KJBEGOPM_00428	SA20160190_KJBEGOPM_00433	34.483	29	18	1	225	252	913	941	2.9	19.2
SA20160190_KJBEGOPM_00428	SA20160190_KJBEGOPM_00437	34.884	43	23	1	161	203	346	383	3.0	19.2
SA20160190_KJBEGOPM_00428	SA20160190_KJBEGOPM_00429	40.000	25	15	0	201	225	256	280	5.3	18.5
SA20160190_KJBEGOPM_00428	SA20160190_KJBEGOPM_00434	24.390	41	30	1	63	102	275	315	7.3	18.1
SA20160190_KJBEGOPM_00428	SA20160190_KJBEGOPM_00439	34.615	26	15	1	70	93	138	163	7.7	18.1
SA20160190_KJBEGOPM_00428	SA20160190_KJBEGOPM_00427	29.630	27	17	1	233	259	866	890	8.1	18.1
SA20160190_KJBEGOPM_00429	SA20160190_KJBEGOPM_00429	100.000	450	0	0	1	450	1	450	0.0	921
SA20160190_KJBEGOPM_00429	SA20160190_KJBEGOPM_00433	22.034	118	71	4	44	161	222	318	1.2	21.2
SA20160190_KJBEGOPM_00429	SA20160190_KJBEGOPM_00438	46.667	15	8	0	90	104	210	224	3.1	19.6
SA20160190_KJBEGOPM_00429	SA20160190_KJBEGOPM_00428	40.000	25	15	0	256	280	201	225	8.2	18.5
SA20160190_KJBEGOPM_00429	SA20160190_KJBEGOPM_00444	25.000	40	30	0	92	131	18	57	8.9	18.1
SA20160190_KJBEGOPM_00430	SA20160190_KJBEGOPM_00430	100.000	65	0	0	1	65	1	65	8.98e-47	134
SA20160190_KJBEGOPM_00430	SA20160190_KJBEGOPM_00427	28.125	32	23	0	29	60	711	742	1.7	17.3
SA20160190_KJBEGOPM_00430	SA20160190_KJBEGOPM_00434	53.333	15	7	0	19	33	336	350	4.5	15.8
SA20160190_KJBEGOPM_00430	SA20160190_KJBEGOPM_00439	55.556	9	4	0	57	65	270	278	7.6	15.4
SA20160190_KJBEGOPM_00431	SA20160190_KJBEGOPM_00431	100.000	413	0	0	1	413	1	413	0.0	830
SA20160190_KJBEGOPM_00431	SA20160190_KJBEGOPM_00432	28.571	35	25	0	223	257	882	916	0.39	22.7
SA20160190_KJBEGOPM_00431	SA20160190_KJBEGOPM_00433	26.923	26	19	0	223	248	868	893	0.69	21.9
SA20160190_KJBEGOPM_00431	SA20160190_KJBEGOPM_00427	31.579	38	25	1	107	143	638	675	5.6	18.9
SA20160190_KJBEGOPM_00431	SA20160190_KJBEGOPM_00437	40.000	20	12	0	387	406	346	365	9.7	18.1
SA20160190_KJBEGOPM_00432	SA20160190_KJBEGOPM_00432	100.000	1040	0	0	1	1040	1	1040	0.0	2080
SA20160190_KJBEGOPM_00432	SA20160190_KJBEGOPM_00433	49.659	1025	507	3	15	1039	6	1021	0.0	927
SA20160190_KJBEGOPM_00432	SA20160190_KJBEGOPM_00431	28.571	35	25	0	882	916	223	257	0.94	22.7
SA20160190_KJBEGOPM_00433	SA20160190_KJBEGOPM_00433	100.000	1026	0	0	1	1026	1	1026	0.0	2066
SA20160190_KJBEGOPM_00433	SA20160190_KJBEGOPM_00432	49.659	1025	507	3	6	1021	15	1039	0.0	916
SA20160190_KJBEGOPM_00433	SA20160190_KJBEGOPM_00437	24.000	50	31	2	156	205	208	250	1.4	22.3
SA20160190_KJBEGOPM_00433	SA20160190_KJBEGOPM_00431	24.074	54	32	1	868	912	223	276	1.4	22.3
SA20160190_KJBEGOPM_00433	SA20160190_KJBEGOPM_00439	36.000	25	16	0	795	819	215	239	3.2	21.2
SA20160190_KJBEGOPM_00433	SA20160190_KJBEGOPM_00443	31.818	44	29	1	686	728	82	125	5.3	20.0
SA20160190_KJBEGOPM_00433	SA20160190_KJBEGOPM_00427	60.000	10	4	0	711	720	963	972	5.7	20.4
SA20160190_KJBEGOPM_00433	SA20160190_KJBEGOPM_00434	45.000	20	11	0	890	909	250	269	8.3	19.6
SA20160190_KJBEGOPM_00433	SA20160190_KJBEGOPM_00428	34.483	29	18	1	913	941	225	252	9.8	19.2
SA20160190_KJBEGOPM_00434	SA20160190_KJBEGOPM_00434	100.000	470	0	0	1	470	1	470	0.0	928
SA20160190_KJBEGOPM_00434	SA20160190_KJBEGOPM_00440	26.866	67	37	3	248	304	106	170	0.13	24.3
SA20160190_KJBEGOPM_00434	SA20160190_KJBEGOPM_00435	26.923	52	29	3	148	199	53	95	2.1	20.4
SA20160190_KJBEGOPM_00434	SA20160190_KJBEGOPM_00427	35.714	42	24	1	169	210	96	134	3.3	20.0
SA20160190_KJBEGOPM_00434	SA20160190_KJBEGOPM_00437	33.333	36	20	1	48	79	55	90	4.0	19.6
SA20160190_KJBEGOPM_00434	SA20160190_KJBEGOPM_00433	45.000	20	11	0	250	269	890	909	4.4	19.6
SA20160190_KJBEGOPM_00434	SA20160190_KJBEGOPM_00432	43.750	16	9	0	165	180	359	374	7.5	18.9
SA20160190_KJBEGOPM_00435	SA20160190_KJBEGOPM_00435	100.000	467	0	0	1	467	1	467	0.0	954
SA20160190_KJBEGOPM_00435	SA20160190_KJBEGOPM_00434	26.923	52	29	3	53	95	148	199	2.9	20.0
SA20160190_KJBEGOPM_00435	SA20160190_KJBEGOPM_00439	58.333	12	5	0	347	358	173	184	4.2	19.6
SA20160190_KJBEGOPM_00435	SA20160190_KJBEGOPM_00427	25.000	36	27	0	396	431	799	834	8.1	18.9
SA20160190_KJBEGOPM_00436	SA20160190_KJBEGOPM_00436	100.000	240	0	0	1	240	1	240	1.10e-180	486
SA20160190_KJBEGOPM_00436	SA20160190_KJBEGOPM_00433	45.455	11	6	0	81	91	41	51	4.2	18.5
SA20160190_KJBEGOPM_00436	SA20160190_KJBEGOPM_00442	33.333	15	10	0	57	71	48	62	7.5	17.3
SA20160190_KJBEGOPM_00436	SA20160190_KJBEGOPM_00428	62.500	8	3	0	104	111	149	156	8.5	17.3
SA20160190_KJBEGOPM_00436	SA20160190_KJBEGOPM_00432	54.545	11	5	0	35	45	802	812	9.9	17.3
SA20160190_KJBEGOPM_00437	SA20160190_KJBEGOPM_00437	100.000	400	0	0	1	400	1	400	0.0	838
SA20160190_KJBEGOPM_00437	SA20160190_KJBEGOPM_00434	33.333	36	20	1	55	90	48	79	3.4	19.6
SA20160190_KJBEGOPM_00437	SA20160190_KJBEGOPM_00440	31.250	32	21	1	207	238	177	207	3.5	19.2
SA20160190_KJBEGOPM_00437	SA20160190_KJBEGOPM_00428	34.884	43	23	1	346	383	161	203	4.2	19.2
SA20160190_KJBEGOPM_00437	SA20160190_KJBEGOPM_00427	43.478	23	13	0	300	322	407	429	6.0	18.9
SA20160190_KJBEGOPM_00437	SA20160190_KJBEGOPM_00431	40.000	20	12	0	346	365	387	406	7.4	18.5
SA20160190_KJBEGOPM_00438	SA20160190_KJBEGOPM_00438	100.000	238	0	0	1	238	1	238	1.49e-179	483
SA20160190_KJBEGOPM_00438	SA20160190_KJBEGOPM_00429	46.667	15	8	0	210	224	90	104	1.6	19.6
SA20160190_KJBEGOPM_00438	SA20160190_KJBEGOPM_00433	34.146	41	20	3	199	234	710	748	2.8	19.2
SA20160190_KJBEGOPM_00438	SA20160190_KJBEGOPM_00439	38.235	34	20	1	44	76	155	188	3.7	18.5
SA20160190_KJBEGOPM_00438	SA20160190_KJBEGOPM_00443	38.462	13	8	0	53	65	37	49	9.9	16.9
SA20160190_KJBEGOPM_00439	SA20160190_KJBEGOPM_00439	100.000	703	0	0	1	703	1	703	0.0	1462
SA20160190_KJBEGOPM_00439	SA20160190_KJBEGOPM_00433	36.000	25	16	0	215	239	795	819	2.1	21.2
SA20160190_KJBEGOPM_00439	SA20160190_KJBEGOPM_00435	58.333	12	5	0	173	184	347	358	6.3	19.6
SA20160190_KJBEGOPM_00440	SA20160190_KJBEGOPM_00440	100.000	239	0	0	1	239	1	239	0.0	496
SA20160190_KJBEGOPM_00440	SA20160190_KJBEGOPM_00434	26.471	68	38	3	105	170	247	304	0.088	23.9
SA20160190_KJBEGOPM_00440	SA20160190_KJBEGOPM_00443	25.424	59	41	2	107	162	2	60	2.0	19.2
SA20160190_KJBEGOPM_00440	SA20160190_KJBEGOPM_00437	31.250	32	21	1	177	207	207	238	2.2	19.2
SA20160190_KJBEGOPM_00440	SA20160190_KJBEGOPM_00442	28.571	21	15	0	67	87	70	90	3.5	18.1
SA20160190_KJBEGOPM_00440	SA20160190_KJBEGOPM_00439	42.857	14	8	0	87	100	108	121	5.7	18.1
SA20160190_KJBEGOPM_00441	SA20160190_KJBEGOPM_00441	100.000	247	0	0	1	247	1	247	0.0	507
SA20160190_KJBEGOPM_00441	SA20160190_KJBEGOPM_00432	35.000	20	13	0	124	143	741	760	5.1	18.5
SA20160190_KJBEGOPM_00441	SA20160190_KJBEGOPM_00446	38.889	18	11	0	46	63	159	176	6.0	18.1
SA20160190_KJBEGOPM_00441	SA20160190_KJBEGOPM_00442	29.032	31	16	1	49	73	27	57	6.6	17.3
SA20160190_KJBEGOPM_00442	SA20160190_KJBEGOPM_00442	100.000	103	0	0	1	103	1	103	5.27e-77	213
SA20160190_KJBEGOPM_00442	SA20160190_KJBEGOPM_00440	28.571	21	15	0	70	90	67	87	1.4	18.1
SA20160190_KJBEGOPM_00442	SA20160190_KJBEGOPM_00441	29.032	31	16	1	27	57	49	73	2.8	17.3
SA20160190_KJBEGOPM_00442	SA20160190_KJBEGOPM_00436	33.333	15	10	0	48	62	57	71	3.2	17.3
SA20160190_KJBEGOPM_00442	SA20160190_KJBEGOPM_00444	60.000	10	4	0	62	71	5	14	4.6	16.5
SA20160190_KJBEGOPM_00442	SA20160190_KJBEGOPM_00433	25.000	40	21	2	46	79	1	37	4.9	16.9
SA20160190_KJBEGOPM_00442	SA20160190_KJBEGOPM_00432	36.364	11	7	0	69	79	958	968	5.8	16.5
SA20160190_KJBEGOPM_00442	SA20160190_KJBEGOPM_00427	20.833	24	19	0	21	44	111	134	6.7	16.5
SA20160190_KJBEGOPM_00442	SA20160190_KJBEGOPM_00435	42.105	19	8	1	11	29	395	410	7.7	16.2
SA20160190_KJBEGOPM_00443	SA20160190_KJBEGOPM_00443	100.000	165	0	0	1	165	1	165	1.29e-126	343
SA20160190_KJBEGOPM_00443	SA20160190_KJBEGOPM_00433	31.818	44	29	1	82	125	686	728	0.85	20.0
SA20160190_KJBEGOPM_00443	SA20160190_KJBEGOPM_00426	47.826	23	9	1	72	91	187	209	1.0	19.6
SA20160190_KJBEGOPM_00443	SA20160190_KJBEGOPM_00440	25.424	59	41	2	2	60	107	162	1.3	19.2
SA20160190_KJBEGOPM_00443	SA20160190_KJBEGOPM_00427	61.538	13	5	0	31	43	540	552	5.0	17.7
SA20160190_KJBEGOPM_00443	SA20160190_KJBEGOPM_00445	31.707	41	22	2	90	126	101	139	5.6	17.3
SA20160190_KJBEGOPM_00443	SA20160190_KJBEGOPM_00438	38.462	13	8	0	37	49	53	65	6.9	16.9
SA20160190_KJBEGOPM_00444	SA20160190_KJBEGOPM_00444	100.000	125	0	0	1	125	1	125	4.50e-92	253
SA20160190_KJBEGOPM_00444	SA20160190_KJBEGOPM_00429	25.000	40	30	0	18	57	92	131	2.5	18.1
SA20160190_KJBEGOPM_00444	SA20160190_KJBEGOPM_00432	26.316	76	50	3	23	94	416	489	2.9	17.7
SA20160190_KJBEGOPM_00444	SA20160190_KJBEGOPM_00446	40.000	20	11	1	70	88	201	220	4.5	17.3
SA20160190_KJBEGOPM_00444	SA20160190_KJBEGOPM_00439	41.176	17	10	0	74	90	358	374	5.4	16.9
SA20160190_KJBEGOPM_00444	SA20160190_KJBEGOPM_00442	60.000	10	4	0	5	14	62	71	5.6	16.5
SA20160190_KJBEGOPM_00444	SA20160190_KJBEGOPM_00426	16.667	24	20	0	45	68	158	181	8.1	16.5
SA20160190_KJBEGOPM_00444	SA20160190_KJBEGOPM_00438	44.444	9	5	0	117	125	13	21	8.6	16.2
SA20160190_KJBEGOPM_00445	SA20160190_KJBEGOPM_00445	100.000	144	0	0	1	144	1	144	2.17e-107	293
SA20160190_KJBEGOPM_00445	SA20160190_KJBEGOPM_00427	30.233	43	27	1	82	124	89	128	4.9	17.3
SA20160190_KJBEGOPM_00445	SA20160190_KJBEGOPM_00443	31.707	41	22	2	101	139	90	126	4.9	17.3
SA20160190_KJBEGOPM_00445	SA20160190_KJBEGOPM_00446	35.000	20	13	0	122	141	217	236	9.1	16.5
SA20160190_KJBEGOPM_00446	SA20160190_KJBEGOPM_00446	100.000	288	0	0	1	288	1	288	0.0	578
SA20160190_KJBEGOPM_00446	SA20160190_KJBEGOPM_00434	22.093	86	54	3	41	119	247	326	1.2	20.4
SA20160190_KJBEGOPM_00446	SA20160190_KJBEGOPM_00441	38.889	18	11	0	159	176	46	63	7.0	18.1
SA20160190_KJBEGOPM_00446	SA20160190_KJBEGOPM_00427	39.130	23	14	0	255	277	656	678	7.1	18.1
SA20160200_AKBDPEOC_00880	SA20160200_AKBDPEOC_00880	100.000	213	0	0	1	213	1	213	1.68e-163	441
SA20160200_AKBDPEOC_00880	SA20160200_AKBDPEOC_00881	33.333	39	24	1	24	62	484	520	0.57	21.2
SA20160200_AKBDPEOC_00880	SA20160200_AKBDPEOC_00891	46.154	13	7	0	195	207	240	252	6.8	17.7
SA20160200_AKBDPEOC_00881	SA20160200_AKBDPEOC_00881	100.000	996	0	0	1	996	1	996	0.0	2039
SA20160200_AKBDPEOC_00881	SA20160200_AKBDPEOC_00880	33.333	39	24	1	484	520	24	62	2.5	21.2
SA20160200_AKBDPEOC_00881	SA20160200_AKBDPEOC_00888	35.714	42	24	1	96	134	169	210	3.9	20.8
SA20160200_AKBDPEOC_00881	SA20160200_AKBDPEOC_00887	60.000	10	4	0	963	972	711	720	5.8	20.4
SA20160200_AKBDPEOC_00881	SA20160200_AKBDPEOC_00895	41.379	29	16	1	481	508	166	194	9.6	19.6
SA20160200_AKBDPEOC_00882	SA20160200_AKBDPEOC_00882	100.000	289	0	0	1	289	1	289	0.0	585
SA20160200_AKBDPEOC_00882	SA20160200_AKBDPEOC_00900	29.167	48	33	1	174	221	95	141	0.015	26.6
SA20160200_AKBDPEOC_00882	SA20160200_AKBDPEOC_00891	34.884	43	23	1	161	203	346	383	3.2	19.2
SA20160200_AKBDPEOC_00882	SA20160200_AKBDPEOC_00881	33.333	27	16	1	233	259	866	890	3.2	19.2
SA20160200_AKBDPEOC_00882	SA20160200_AKBDPEOC_00893	36.364	33	18	2	70	99	138	170	3.4	19.2
SA20160200_AKBDPEOC_00882	SA20160200_AKBDPEOC_00883	40.000	25	15	0	201	225	256	280	5.5	18.5
SA20160200_AKBDPEOC_00882	SA20160200_AKBDPEOC_00888	24.390	41	30	1	63	102	275	315	6.8	18.1
SA20160200_AKBDPEOC_00883	SA20160200_AKBDPEOC_00883	100.000	450	0	0	1	450	1	450	0.0	920
SA20160200_AKBDPEOC_00883	SA20160200_AKBDPEOC_00887	22.034	118	71	4	44	161	222	318	1.4	21.2
SA20160200_AKBDPEOC_00883	SA20160200_AKBDPEOC_00881	42.308	26	13	1	27	50	753	778	2.8	20.4
SA20160200_AKBDPEOC_00883	SA20160200_AKBDPEOC_00894	38.889	18	11	0	259	276	221	238	3.6	19.6
SA20160200_AKBDPEOC_00883	SA20160200_AKBDPEOC_00896	27.273	22	16	0	118	139	16	37	8.1	18.5
SA20160200_AKBDPEOC_00883	SA20160200_AKBDPEOC_00895	25.490	51	34	1	376	426	33	79	8.5	18.5
SA20160200_AKBDPEOC_00883	SA20160200_AKBDPEOC_00882	40.000	25	15	0	256	280	201	225	8.6	18.5
SA20160200_AKBDPEOC_00883	SA20160200_AKBDPEOC_00892	40.000	15	9	0	90	104	210	224	8.8	18.5
SA20160200_AKBDPEOC_00884	SA20160200_AKBDPEOC_00884	100.000	65	0	0	1	65	1	65	9.84e-47	134
SA20160200_AKBDPEOC_00884	SA20160200_AKBDPEOC_00881	28.125	32	23	0	29	60	711	742	1.8	17.3
SA20160200_AKBDPEOC_00884	SA20160200_AKBDPEOC_00888	53.333	15	7	0	19	33	336	350	4.8	16.2
SA20160200_AKBDPEOC_00884	SA20160200_AKBDPEOC_00893	55.556	9	4	0	57	65	270	278	8.3	15.4
SA20160200_AKBDPEOC_00885	SA20160200_AKBDPEOC_00885	100.000	413	0	0	1	413	1	413	0.0	832
SA20160200_AKBDPEOC_00885	SA20160200_AKBDPEOC_00886	28.571	35	25	0	223	257	882	916	0.43	22.7
SA20160200_AKBDPEOC_00885	SA20160200_AKBDPEOC_00887	26.923	26	19	0	223	248	868	893	0.74	21.9
SA20160200_AKBDPEOC_00885	SA20160200_AKBDPEOC_00881	31.579	38	25	1	107	143	638	675	6.3	18.9
SA20160200_AKBDPEOC_00886	SA20160200_AKBDPEOC_00886	100.000	1040	0	0	1	1040	1	1040	0.0	2078
SA20160200_AKBDPEOC_00886	SA20160200_AKBDPEOC_00887	49.756	1025	506	3	15	1039	6	1021	0.0	927
SA20160200_AKBDPEOC_00886	SA20160200_AKBDPEOC_00885	28.571	35	25	0	882	916	223	257	0.98	22.7
SA20160200_AKBDPEOC_00886	SA20160200_AKBDPEOC_00895	56.250	16	7	0	745	760	60	75	4.7	20.8
SA20160200_AKBDPEOC_00887	SA20160200_AKBDPEOC_00887	100.000	1026	0	0	1	1026	1	1026	0.0	2064
SA20160200_AKBDPEOC_00887	SA20160200_AKBDPEOC_00886	49.756	1025	506	3	6	1021	15	1039	0.0	916
SA20160200_AKBDPEOC_00887	SA20160200_AKBDPEOC_00885	24.074	54	32	1	868	912	223	276	1.5	22.3
SA20160200_AKBDPEOC_00887	SA20160200_AKBDPEOC_00891	24.000	50	31	2	156	205	208	250	1.7	21.9
SA20160200_AKBDPEOC_00887	SA20160200_AKBDPEOC_00895	34.615	26	16	1	999	1024	44	68	2.7	21.6
SA20160200_AKBDPEOC_00887	SA20160200_AKBDPEOC_00893	36.000	25	16	0	795	819	215	239	2.8	21.6
SA20160200_AKBDPEOC_00887	SA20160200_AKBDPEOC_00881	60.000	10	4	0	711	720	963	972	6.4	20.4
SA20160200_AKBDPEOC_00887	SA20160200_AKBDPEOC_00888	45.000	20	11	0	890	909	250	269	8.7	19.6
SA20160200_AKBDPEOC_00888	SA20160200_AKBDPEOC_00888	100.000	470	0	0	1	470	1	470	0.0	929
SA20160200_AKBDPEOC_00888	SA20160200_AKBDPEOC_00900	24.460	139	82	3	44	159	224	362	0.008	28.5
SA20160200_AKBDPEOC_00888	SA20160200_AKBDPEOC_00881	35.714	42	24	1	169	210	96	134	1.8	20.8
SA20160200_AKBDPEOC_00888	SA20160200_AKBDPEOC_00889	26.923	52	29	3	148	199	53	95	2.1	20.8
SA20160200_AKBDPEOC_00888	SA20160200_AKBDPEOC_00891	33.333	36	20	1	48	79	55	90	4.4	19.6
SA20160200_AKBDPEOC_00888	SA20160200_AKBDPEOC_00887	45.000	20	11	0	250	269	890	909	4.9	19.6
SA20160200_AKBDPEOC_00888	SA20160200_AKBDPEOC_00893	36.364	22	14	0	236	257	626	647	5.4	19.2
SA20160200_AKBDPEOC_00888	SA20160200_AKBDPEOC_00892	30.645	62	29	2	340	387	145	206	9.7	18.5
SA20160200_AKBDPEOC_00889	SA20160200_AKBDPEOC_00889	100.000	467	0	0	1	467	1	467	0.0	954
SA20160200_AKBDPEOC_00889	SA20160200_AKBDPEOC_00900	30.189	53	37	0	374	426	199	251	0.27	23.5
SA20160200_AKBDPEOC_00889	SA20160200_AKBDPEOC_00888	26.923	52	29	3	53	95	148	199	2.9	20.0
SA20160200_AKBDPEOC_00889	SA20160200_AKBDPEOC_00895	22.449	49	38	0	150	198	118	166	5.7	19.2
SA20160200_AKBDPEOC_00889	SA20160200_AKBDPEOC_00898	38.889	18	11	0	203	220	138	155	6.8	18.9
SA20160200_AKBDPEOC_00889	SA20160200_AKBDPEOC_00881	25.000	36	27	0	396	431	799	834	8.8	18.9
SA20160200_AKBDPEOC_00889	SA20160200_AKBDPEOC_00899	35.294	17	11	0	271	287	90	106	9.4	18.5
SA20160200_AKBDPEOC_00890	SA20160200_AKBDPEOC_00890	100.000	240	0	0	1	240	1	240	1.20e-180	486
SA20160200_AKBDPEOC_00890	SA20160200_AKBDPEOC_00894	30.303	33	21	1	102	134	58	88	2.5	19.2
SA20160200_AKBDPEOC_00890	SA20160200_AKBDPEOC_00887	45.455	11	6	0	81	91	41	51	4.6	18.5
SA20160200_AKBDPEOC_00890	SA20160200_AKBDPEOC_00882	62.500	8	3	0	104	111	149	156	9.7	17.3
SA20160200_AKBDPEOC_00891	SA20160200_AKBDPEOC_00891	100.000	400	0	0	1	400	1	400	0.0	838
SA20160200_AKBDPEOC_00891	SA20160200_AKBDPEOC_00888	33.333	36	20	1	55	90	48	79	3.8	19.6
SA20160200_AKBDPEOC_00891	SA20160200_AKBDPEOC_00882	34.884	43	23	1	346	383	161	203	4.4	19.2
SA20160200_AKBDPEOC_00891	SA20160200_AKBDPEOC_00881	43.478	23	13	0	300	322	407	429	6.1	18.9
SA20160200_AKBDPEOC_00891	SA20160200_AKBDPEOC_00894	42.105	19	11	0	278	296	17	35	9.5	18.1
SA20160200_AKBDPEOC_00892	SA20160200_AKBDPEOC_00892	100.000	238	0	0	1	238	1	238	7.66e-180	484
SA20160200_AKBDPEOC_00892	SA20160200_AKBDPEOC_00894	50.000	20	10	0	93	112	322	341	2.2	19.6
SA20160200_AKBDPEOC_00892	SA20160200_AKBDPEOC_00883	40.000	15	9	0	210	224	90	104	4.6	18.5
SA20160200_AKBDPEOC_00892	SA20160200_AKBDPEOC_00899	37.500	16	10	0	141	156	301	316	5.3	18.1
SA20160200_AKBDPEOC_00892	SA20160200_AKBDPEOC_00887	33.333	24	13	1	93	113	204	227	5.3	18.5
SA20160200_AKBDPEOC_00893	SA20160200_AKBDPEOC_00893	100.000	703	0	0	1	703	1	703	0.0	1462
SA20160200_AKBDPEOC_00893	SA20160200_AKBDPEOC_00887	36.000	25	16	0	215	239	795	819	1.8	21.6
SA20160200_AKBDPEOC_00893	SA20160200_AKBDPEOC_00881	45.455	11	6	0	233	243	656	666	8.2	19.2
SA20160200_AKBDPEOC_00893	SA20160200_AKBDPEOC_00882	36.364	33	18	2	138	170	70	99	8.3	19.2
SA20160200_AKBDPEOC_00894	SA20160200_AKBDPEOC_00894	100.000	453	0	0	1	453	1	453	0.0	952
SA20160200_AKBDPEOC_00894	SA20160200_AKBDPEOC_00883	38.889	18	11	0	221	238	259	276	3.8	19.6
SA20160200_AKBDPEOC_00894	SA20160200_AKBDPEOC_00890	30.303	33	21	1	58	88	102	134	4.4	19.2
SA20160200_AKBDPEOC_00894	SA20160200_AKBDPEOC_00892	50.000	20	10	0	322	341	93	112	4.6	19.2
SA20160200_AKBDPEOC_00894	SA20160200_AKBDPEOC_00886	46.667	15	8	0	220	234	891	905	5.0	19.2
SA20160200_AKBDPEOC_00894	SA20160200_AKBDPEOC_00881	42.857	21	12	0	146	166	503	523	7.0	18.9
SA20160200_AKBDPEOC_00894	SA20160200_AKBDPEOC_00898	30.000	40	25	1	409	445	190	229	7.1	18.9
SA20160200_AKBDPEOC_00895	SA20160200_AKBDPEOC_00895	100.000	335	0	0	1	335	1	335	0.0	694
SA20160200_AKBDPEOC_00895	SA20160200_AKBDPEOC_00887	34.615	26	16	1	44	68	999	1024	0.88	21.6
SA20160200_AKBDPEOC_00895	SA20160200_AKBDPEOC_00886	56.250	16	7	0	60	75	745	760	1.5	20.8
SA20160200_AKBDPEOC_00895	SA20160200_AKBDPEOC_00881	41.379	29	16	1	166	194	481	508	3.3	19.6
SA20160200_AKBDPEOC_00895	SA20160200_AKBDPEOC_00883	25.490	51	34	1	33	79	376	426	6.3	18.5
SA20160200_AKBDPEOC_00896	SA20160200_AKBDPEOC_00896	100.000	138	0	0	1	138	1	138	3.29e-103	282
SA20160200_AKBDPEOC_00896	SA20160200_AKBDPEOC_00900	30.435	23	14	1	39	59	164	186	1.1	19.2
SA20160200_AKBDPEOC_00896	SA20160200_AKBDPEOC_00883	27.273	22	16	0	16	37	118	139	2.5	18.5
SA20160200_AKBDPEOC_00897	SA20160200_AKBDPEOC_00897	100.000	111	0	0	1	111	1	111	1.51e-80	223
SA20160200_AKBDPEOC_00897	SA20160200_AKBDPEOC_00886	50.000	14	7	0	2	15	116	129	3.9	17.3
SA20160200_AKBDPEOC_00897	SA20160200_AKBDPEOC_00887	42.857	14	8	0	2	15	107	120	5.5	16.9
SA20160200_AKBDPEOC_00898	SA20160200_AKBDPEOC_00898	100.000	299	0	0	1	299	1	299	0.0	606
SA20160200_AKBDPEOC_00898	SA20160200_AKBDPEOC_00889	38.889	18	11	0	138	155	203	220	4.5	18.9
SA20160200_AKBDPEOC_00898	SA20160200_AKBDPEOC_00886	44.444	18	10	0	39	56	236	253	4.6	18.9
SA20160200_AKBDPEOC_00898	SA20160200_AKBDPEOC_00894	30.000	40	25	1	190	229	409	445	4.7	18.9
SA20160200_AKBDPEOC_00899	SA20160200_AKBDPEOC_00899	100.000	350	0	0	1	350	1	350	0.0	723
SA20160200_AKBDPEOC_00899	SA20160200_AKBDPEOC_00881	25.000	84	45	2	269	343	607	681	3.0	19.6
SA20160200_AKBDPEOC_00899	SA20160200_AKBDPEOC_00886	50.000	22	10	1	14	34	642	663	5.7	18.9
SA20160200_AKBDPEOC_00899	SA20160200_AKBDPEOC_00889	35.294	17	11	0	90	106	271	287	7.3	18.5
SA20160200_AKBDPEOC_00899	SA20160200_AKBDPEOC_00892	37.500	16	10	0	301	316	141	156	7.7	18.1
SA20160200_AKBDPEOC_00900	SA20160200_AKBDPEOC_00900	100.000	423	0	0	1	423	1	423	0.0	852
SA20160200_AKBDPEOC_00900	SA20160200_AKBDPEOC_00888	24.460	139	82	3	224	362	44	159	0.008	28.1
SA20160200_AKBDPEOC_00900	SA20160200_AKBDPEOC_00882	29.167	48	33	1	95	141	174	221	0.021	26.6
SA20160200_AKBDPEOC_00900	SA20160200_AKBDPEOC_00889	30.189	53	37	0	199	251	374	426	0.22	23.5
SA20160200_AKBDPEOC_00900	SA20160200_AKBDPEOC_00896	30.435	23	14	1	164	186	39	59	3.5	19.2
SA20160200_AKBDPEOC_00900	SA20160200_AKBDPEOC_00886	28.125	32	23	0	140	171	124	155	4.3	19.6
SA20160200_AKBDPEOC_00900	SA20160200_AKBDPEOC_00893	60.000	10	4	0	284	293	416	425	7.1	18.9
