SA20153983_GBAKOBEN_00094	SA20160323_HIEPLBCK_00638	20.652	92	54	3	180	271	21	93	2.0	19.6
SA20153983_GBAKOBEN_00094	SA20160323_HIEPLBCK_00644	33.333	18	12	0	114	131	523	540	3.3	19.2
SA20153983_GBAKOBEN_00094	SA20160323_HIEPLBCK_00655	25.974	77	49	2	227	295	22	98	5.1	18.5
SA20153983_GBAKOBEN_00094	SA20160323_HIEPLBCK_00654	36.364	22	13	1	107	127	9	30	6.0	18.5
SA20153983_GBAKOBEN_00094	SA20160323_HIEPLBCK_00656	60.000	10	4	0	221	230	392	401	9.9	17.7
SA20153983_GBAKOBEN_00094	SA20160323_HIEPLBCK_00650	31.818	22	15	0	224	245	292	313	9.9	17.7
SA20153983_GBAKOBEN_00095	SA20160323_HIEPLBCK_00649	24.460	139	82	3	224	362	44	159	0.006	28.5
SA20153983_GBAKOBEN_00095	SA20160323_HIEPLBCK_00655	29.167	48	33	1	95	141	174	221	0.020	26.6
SA20153983_GBAKOBEN_00095	SA20160323_HIEPLBCK_00648	30.189	53	37	0	199	251	374	426	0.20	23.5
SA20153983_GBAKOBEN_00095	SA20160323_HIEPLBCK_00651	28.125	32	23	0	140	171	124	155	3.9	19.6
SA20153983_GBAKOBEN_00095	SA20160323_HIEPLBCK_00644	22.951	61	35	2	233	293	377	425	6.1	18.9
SA20153983_GBAKOBEN_00096	SA20160323_HIEPLBCK_00656	25.000	84	45	2	269	343	607	681	2.6	19.6
SA20153983_GBAKOBEN_00096	SA20160323_HIEPLBCK_00652	47.059	17	9	0	242	258	343	359	3.7	19.2
SA20153983_GBAKOBEN_00096	SA20160323_HIEPLBCK_00651	50.000	22	10	1	14	34	642	663	5.0	18.9
SA20153983_GBAKOBEN_00096	SA20160323_HIEPLBCK_00648	35.294	17	11	0	90	106	271	287	6.6	18.5
SA20153983_GBAKOBEN_00097	SA20160323_HIEPLBCK_00644	53.846	13	6	0	276	288	26	38	2.8	19.2
SA20153983_GBAKOBEN_00097	SA20160323_HIEPLBCK_00648	38.889	18	11	0	138	155	203	220	4.0	18.9
SA20153983_GBAKOBEN_00098	SA20160323_HIEPLBCK_00651	50.000	14	7	0	2	15	116	129	3.3	17.3
SA20153983_GBAKOBEN_00098	SA20160323_HIEPLBCK_00650	42.857	14	8	0	2	15	107	120	5.0	16.9
SA20153983_GBAKOBEN_00098	SA20160323_HIEPLBCK_00648	35.714	14	9	0	30	43	40	53	9.5	16.2
SA20153983_GBAKOBEN_00098	SA20160323_HIEPLBCK_00649	31.707	41	28	0	60	100	249	289	9.6	16.2
SA20153983_GBAKOBEN_00100	SA20160323_HIEPLBCK_00654	38.889	18	11	0	221	238	259	276	3.4	19.6
SA20153983_GBAKOBEN_00100	SA20160323_HIEPLBCK_00645	50.000	20	10	0	322	341	93	112	3.8	19.2
SA20153983_GBAKOBEN_00100	SA20160323_HIEPLBCK_00647	30.303	33	21	1	58	88	102	134	3.9	19.2
SA20153983_GBAKOBEN_00100	SA20160323_HIEPLBCK_00651	46.667	15	8	0	220	234	891	905	4.5	19.2
SA20153983_GBAKOBEN_00100	SA20160323_HIEPLBCK_00656	42.857	21	12	0	146	166	503	523	6.4	18.9
SA20153983_GBAKOBEN_00101	SA20160323_HIEPLBCK_00644	97.440	703	18	0	1	703	1	703	0.0	1429
SA20153983_GBAKOBEN_00101	SA20160323_HIEPLBCK_00650	36.000	25	16	0	215	239	795	819	1.6	21.6
SA20153983_GBAKOBEN_00101	SA20160323_HIEPLBCK_00656	45.455	11	6	0	233	243	656	666	7.2	19.6
SA20153983_GBAKOBEN_00102	SA20160323_HIEPLBCK_00645	97.059	238	7	0	1	238	1	238	4.06e-174	469
SA20153983_GBAKOBEN_00102	SA20160323_HIEPLBCK_00650	34.146	41	20	3	199	234	710	748	1.8	19.6
SA20153983_GBAKOBEN_00102	SA20160323_HIEPLBCK_00654	40.000	15	9	0	210	224	90	104	4.1	18.5
SA20153983_GBAKOBEN_00102	SA20160323_HIEPLBCK_00644	38.235	34	20	1	44	76	155	188	5.9	18.1
SA20153983_GBAKOBEN_00102	SA20160323_HIEPLBCK_00640	35.714	14	9	0	53	66	37	50	6.1	17.7
SA20153983_GBAKOBEN_00102	SA20160323_HIEPLBCK_00651	45.455	11	6	0	57	67	254	264	9.0	17.3
SA20153983_GBAKOBEN_00102	SA20160323_HIEPLBCK_00649	63.636	11	4	0	196	206	377	387	9.9	17.3
SA20153983_GBAKOBEN_00103	SA20160323_HIEPLBCK_00646	98.492	398	6	0	1	398	1	398	0.0	823
SA20153983_GBAKOBEN_00103	SA20160323_HIEPLBCK_00649	33.333	36	20	1	55	90	48	79	3.3	19.6
SA20153983_GBAKOBEN_00103	SA20160323_HIEPLBCK_00643	31.250	32	21	1	207	238	177	207	3.5	19.2
SA20153983_GBAKOBEN_00103	SA20160323_HIEPLBCK_00656	43.478	23	13	0	300	322	407	429	5.9	18.9
SA20153983_GBAKOBEN_00103	SA20160323_HIEPLBCK_00655	45.000	20	11	0	364	383	184	203	8.0	18.1
SA20153983_GBAKOBEN_00104	SA20160323_HIEPLBCK_00647	100.000	240	0	0	1	240	1	240	1.07e-180	486
SA20153983_GBAKOBEN_00104	SA20160323_HIEPLBCK_00650	45.455	11	6	0	81	91	41	51	4.1	18.5
SA20153983_GBAKOBEN_00104	SA20160323_HIEPLBCK_00641	33.333	15	10	0	57	71	48	62	7.3	17.3
SA20153983_GBAKOBEN_00104	SA20160323_HIEPLBCK_00655	62.500	8	3	0	104	111	149	156	8.3	17.3
SA20153983_GBAKOBEN_00104	SA20160323_HIEPLBCK_00651	54.545	11	5	0	35	45	802	812	9.6	17.3
SA20153983_GBAKOBEN_00105	SA20160323_HIEPLBCK_00648	100.000	467	0	0	1	467	1	467	0.0	954
SA20153983_GBAKOBEN_00105	SA20160323_HIEPLBCK_00649	26.923	52	29	3	53	95	148	199	2.8	20.0
SA20153983_GBAKOBEN_00105	SA20160323_HIEPLBCK_00644	58.333	12	5	0	347	358	173	184	4.1	19.6
SA20153983_GBAKOBEN_00105	SA20160323_HIEPLBCK_00652	32.836	67	41	3	201	267	106	168	6.7	18.9
SA20153983_GBAKOBEN_00105	SA20160323_HIEPLBCK_00656	25.000	36	27	0	396	431	799	834	7.9	18.9
SA20153983_GBAKOBEN_00106	SA20160323_HIEPLBCK_00649	100.000	470	0	0	1	470	1	470	0.0	928
SA20153983_GBAKOBEN_00106	SA20160323_HIEPLBCK_00643	26.866	67	37	3	248	304	106	170	0.13	24.3
SA20153983_GBAKOBEN_00106	SA20160323_HIEPLBCK_00648	26.923	52	29	3	148	199	53	95	2.0	20.4
SA20153983_GBAKOBEN_00106	SA20160323_HIEPLBCK_00656	35.714	42	24	1	169	210	96	134	3.2	20.0
SA20153983_GBAKOBEN_00106	SA20160323_HIEPLBCK_00646	33.333	36	20	1	48	79	55	90	3.9	19.6
SA20153983_GBAKOBEN_00106	SA20160323_HIEPLBCK_00650	45.000	20	11	0	250	269	890	909	4.3	19.6
SA20153983_GBAKOBEN_00106	SA20160323_HIEPLBCK_00651	43.750	16	9	0	165	180	359	374	7.3	18.9
SA20153983_GBAKOBEN_00107	SA20160323_HIEPLBCK_00650	99.513	1026	5	0	1	1026	1	1026	0.0	2058
SA20153983_GBAKOBEN_00107	SA20160323_HIEPLBCK_00651	49.659	1025	507	3	6	1021	15	1039	0.0	919
SA20153983_GBAKOBEN_00107	SA20160323_HIEPLBCK_00652	24.074	54	32	1	868	912	223	276	1.4	22.3
SA20153983_GBAKOBEN_00107	SA20160323_HIEPLBCK_00646	24.000	50	31	2	156	205	208	250	1.4	22.3
SA20153983_GBAKOBEN_00107	SA20160323_HIEPLBCK_00654	22.034	118	71	4	222	318	44	161	2.4	21.6
SA20153983_GBAKOBEN_00107	SA20160323_HIEPLBCK_00655	37.931	29	17	1	913	941	225	252	2.6	21.2
SA20153983_GBAKOBEN_00107	SA20160323_HIEPLBCK_00644	36.000	25	16	0	795	819	215	239	3.1	21.2
SA20153983_GBAKOBEN_00107	SA20160323_HIEPLBCK_00640	31.818	44	29	1	686	728	82	125	5.2	20.0
SA20153983_GBAKOBEN_00107	SA20160323_HIEPLBCK_00656	60.000	10	4	0	711	720	963	972	5.6	20.4
SA20153983_GBAKOBEN_00107	SA20160323_HIEPLBCK_00649	45.000	20	11	0	890	909	250	269	8.1	19.6
SA20153983_GBAKOBEN_00108	SA20160323_HIEPLBCK_00651	100.000	1040	0	0	1	1040	1	1040	0.0	2080
SA20153983_GBAKOBEN_00108	SA20160323_HIEPLBCK_00650	49.659	1025	507	3	15	1039	6	1021	0.0	927
SA20153983_GBAKOBEN_00108	SA20160323_HIEPLBCK_00652	28.571	35	25	0	882	916	223	257	0.92	22.7
SA20153983_GBAKOBEN_00109	SA20160323_HIEPLBCK_00652	99.031	413	4	0	1	413	1	413	0.0	822
SA20153983_GBAKOBEN_00109	SA20160323_HIEPLBCK_00651	28.571	35	25	0	223	257	882	916	0.38	22.7
SA20153983_GBAKOBEN_00109	SA20160323_HIEPLBCK_00650	24.074	54	32	1	223	276	868	912	0.65	21.9
SA20153983_GBAKOBEN_00109	SA20160323_HIEPLBCK_00648	31.944	72	35	4	106	168	201	267	1.7	20.4
SA20153983_GBAKOBEN_00109	SA20160323_HIEPLBCK_00656	31.579	38	25	1	107	143	638	675	5.6	18.9
SA20153983_GBAKOBEN_00109	SA20160323_HIEPLBCK_00646	40.000	20	12	0	387	406	346	365	9.2	18.1
SA20153983_GBAKOBEN_00110	SA20160323_HIEPLBCK_00653	98.462	65	1	0	1	65	1	65	6.54e-46	132
SA20153983_GBAKOBEN_00110	SA20160323_HIEPLBCK_00656	28.125	32	23	0	29	60	711	742	1.5	17.3
SA20153983_GBAKOBEN_00110	SA20160323_HIEPLBCK_00649	53.333	15	7	0	19	33	336	350	4.5	15.8
SA20153983_GBAKOBEN_00111	SA20160323_HIEPLBCK_00654	99.556	450	2	0	1	450	1	450	0.0	917
SA20153983_GBAKOBEN_00111	SA20160323_HIEPLBCK_00650	22.034	118	71	4	44	161	222	318	1.3	21.2
SA20153983_GBAKOBEN_00111	SA20160323_HIEPLBCK_00645	46.667	15	8	0	90	104	210	224	3.0	19.6
SA20153983_GBAKOBEN_00111	SA20160323_HIEPLBCK_00656	42.308	26	13	1	27	50	753	778	4.8	19.2
SA20153983_GBAKOBEN_00111	SA20160323_HIEPLBCK_00655	40.000	25	15	0	256	280	201	225	7.9	18.5
SA20153983_GBAKOBEN_00111	SA20160323_HIEPLBCK_00639	25.000	40	30	0	92	131	18	57	8.6	18.1
SA20153983_GBAKOBEN_00112	SA20160323_HIEPLBCK_00655	98.962	289	3	0	1	289	1	289	0.0	580
SA20153983_GBAKOBEN_00112	SA20160323_HIEPLBCK_00646	34.884	43	23	1	161	203	346	383	3.0	19.2
SA20153983_GBAKOBEN_00112	SA20160323_HIEPLBCK_00650	45.000	20	11	0	233	252	922	941	3.0	19.2
SA20153983_GBAKOBEN_00112	SA20160323_HIEPLBCK_00654	40.000	25	15	0	201	225	256	280	5.3	18.5
SA20153983_GBAKOBEN_00112	SA20160323_HIEPLBCK_00644	37.931	29	15	2	70	95	138	166	8.2	17.7
SA20153983_GBAKOBEN_00113	SA20160323_HIEPLBCK_00656	99.900	996	1	0	1	996	1	996	0.0	2037
SA20153983_GBAKOBEN_00113	SA20160323_HIEPLBCK_00657	33.333	39	24	1	484	520	24	62	2.3	21.2
SA20153983_GBAKOBEN_00113	SA20160323_HIEPLBCK_00650	60.000	10	4	0	963	972	711	720	5.0	20.4
SA20153983_GBAKOBEN_00113	SA20160323_HIEPLBCK_00649	31.081	74	44	2	134	204	145	214	6.6	20.0
SA20153983_GBAKOBEN_00114	SA20160323_HIEPLBCK_00657	100.000	213	0	0	1	213	1	213	1.50e-163	441
SA20153983_GBAKOBEN_00114	SA20160323_HIEPLBCK_00656	33.333	39	24	1	24	62	484	520	0.51	21.2
SA20153983_GBAKOBEN_00114	SA20160323_HIEPLBCK_00640	47.826	23	9	1	187	209	72	91	1.3	19.6
SA20153983_GBAKOBEN_00114	SA20160323_HIEPLBCK_00646	46.154	13	7	0	195	207	240	252	5.7	17.7
SA20160323_HIEPLBCK_00637	SA20160323_HIEPLBCK_00637	100.000	87	0	0	1	87	1	87	1.55e-57	163
SA20160323_HIEPLBCK_00637	SA20160323_HIEPLBCK_00656	39.130	23	14	0	54	76	656	678	1.3	18.1
SA20160323_HIEPLBCK_00637	SA20160323_HIEPLBCK_00654	32.258	31	20	1	18	47	168	198	3.6	16.9
SA20160323_HIEPLBCK_00637	SA20160323_HIEPLBCK_00638	35.000	20	13	0	16	35	122	141	5.9	16.2
SA20160323_HIEPLBCK_00637	SA20160323_HIEPLBCK_00651	53.333	15	7	0	3	17	630	644	6.0	16.2
SA20160323_HIEPLBCK_00637	SA20160323_HIEPLBCK_00657	25.000	24	18	0	14	37	13	36	6.2	16.2
SA20160323_HIEPLBCK_00637	SA20160323_HIEPLBCK_00639	35.714	14	9	0	6	19	75	88	6.9	15.8
SA20160323_HIEPLBCK_00638	SA20160323_HIEPLBCK_00638	100.000	144	0	0	1	144	1	144	2.11e-107	293
SA20160323_HIEPLBCK_00638	SA20160323_HIEPLBCK_00656	30.233	43	27	1	82	124	89	128	4.7	17.3
SA20160323_HIEPLBCK_00638	SA20160323_HIEPLBCK_00640	31.707	41	22	2	101	139	90	126	4.8	17.3
SA20160323_HIEPLBCK_00638	SA20160323_HIEPLBCK_00637	35.000	20	13	0	122	141	16	35	9.8	16.2
SA20160323_HIEPLBCK_00639	SA20160323_HIEPLBCK_00639	100.000	125	0	0	1	125	1	125	4.39e-92	253
SA20160323_HIEPLBCK_00639	SA20160323_HIEPLBCK_00654	25.000	40	30	0	18	57	92	131	2.4	18.1
SA20160323_HIEPLBCK_00639	SA20160323_HIEPLBCK_00651	26.316	76	50	3	23	94	416	489	2.8	17.7
SA20160323_HIEPLBCK_00639	SA20160323_HIEPLBCK_00644	41.176	17	10	0	74	90	358	374	5.3	16.9
SA20160323_HIEPLBCK_00639	SA20160323_HIEPLBCK_00641	60.000	10	4	0	5	14	62	71	5.5	16.5
SA20160323_HIEPLBCK_00639	SA20160323_HIEPLBCK_00657	16.667	24	20	0	45	68	158	181	7.9	16.5
SA20160323_HIEPLBCK_00639	SA20160323_HIEPLBCK_00645	44.444	9	5	0	117	125	13	21	8.4	16.2
SA20160323_HIEPLBCK_00639	SA20160323_HIEPLBCK_00637	35.714	14	9	0	75	88	6	19	9.9	15.8
SA20160323_HIEPLBCK_00640	SA20160323_HIEPLBCK_00640	100.000	165	0	0	1	165	1	165	1.26e-126	343
SA20160323_HIEPLBCK_00640	SA20160323_HIEPLBCK_00650	31.818	44	29	1	82	125	686	728	0.83	20.0
SA20160323_HIEPLBCK_00640	SA20160323_HIEPLBCK_00657	47.826	23	9	1	72	91	187	209	0.98	19.6
SA20160323_HIEPLBCK_00640	SA20160323_HIEPLBCK_00643	25.424	59	41	2	2	60	107	162	1.3	19.2
SA20160323_HIEPLBCK_00640	SA20160323_HIEPLBCK_00656	61.538	13	5	0	31	43	540	552	4.8	17.7
SA20160323_HIEPLBCK_00640	SA20160323_HIEPLBCK_00638	31.707	41	22	2	90	126	101	139	5.5	17.3
SA20160323_HIEPLBCK_00640	SA20160323_HIEPLBCK_00645	38.462	13	8	0	37	49	53	65	6.7	16.9
SA20160323_HIEPLBCK_00641	SA20160323_HIEPLBCK_00641	100.000	103	0	0	1	103	1	103	5.14e-77	213
SA20160323_HIEPLBCK_00641	SA20160323_HIEPLBCK_00643	28.571	21	15	0	70	90	67	87	1.4	18.1
SA20160323_HIEPLBCK_00641	SA20160323_HIEPLBCK_00642	29.032	31	16	1	27	57	49	73	2.7	17.3
SA20160323_HIEPLBCK_00641	SA20160323_HIEPLBCK_00647	33.333	15	10	0	48	62	57	71	3.1	17.3
SA20160323_HIEPLBCK_00641	SA20160323_HIEPLBCK_00639	60.000	10	4	0	62	71	5	14	4.5	16.5
SA20160323_HIEPLBCK_00641	SA20160323_HIEPLBCK_00650	25.000	40	21	2	46	79	1	37	4.8	16.9
SA20160323_HIEPLBCK_00641	SA20160323_HIEPLBCK_00651	36.364	11	7	0	69	79	958	968	5.7	16.5
SA20160323_HIEPLBCK_00641	SA20160323_HIEPLBCK_00656	20.833	24	19	0	21	44	111	134	6.5	16.5
SA20160323_HIEPLBCK_00641	SA20160323_HIEPLBCK_00648	42.105	19	8	1	11	29	395	410	7.5	16.2
SA20160323_HIEPLBCK_00642	SA20160323_HIEPLBCK_00642	100.000	247	0	0	1	247	1	247	0.0	507
SA20160323_HIEPLBCK_00642	SA20160323_HIEPLBCK_00651	35.000	20	13	0	124	143	741	760	5.0	18.5
SA20160323_HIEPLBCK_00642	SA20160323_HIEPLBCK_00641	29.032	31	16	1	49	73	27	57	6.5	17.3
SA20160323_HIEPLBCK_00642	SA20160323_HIEPLBCK_00646	40.000	15	9	0	96	110	78	92	9.8	17.3
SA20160323_HIEPLBCK_00643	SA20160323_HIEPLBCK_00643	100.000	239	0	0	1	239	1	239	0.0	496
SA20160323_HIEPLBCK_00643	SA20160323_HIEPLBCK_00649	26.471	68	38	3	105	170	247	304	0.086	23.9
SA20160323_HIEPLBCK_00643	SA20160323_HIEPLBCK_00640	25.424	59	41	2	107	162	2	60	2.0	19.2
SA20160323_HIEPLBCK_00643	SA20160323_HIEPLBCK_00646	31.250	32	21	1	177	207	207	238	2.1	19.2
SA20160323_HIEPLBCK_00643	SA20160323_HIEPLBCK_00641	28.571	21	15	0	67	87	70	90	3.4	18.1
SA20160323_HIEPLBCK_00643	SA20160323_HIEPLBCK_00644	42.857	14	8	0	87	100	108	121	5.6	18.1
SA20160323_HIEPLBCK_00644	SA20160323_HIEPLBCK_00644	100.000	703	0	0	1	703	1	703	0.0	1462
SA20160323_HIEPLBCK_00644	SA20160323_HIEPLBCK_00650	36.000	25	16	0	215	239	795	819	2.0	21.2
SA20160323_HIEPLBCK_00644	SA20160323_HIEPLBCK_00648	58.333	12	5	0	173	184	347	358	6.1	19.6
SA20160323_HIEPLBCK_00645	SA20160323_HIEPLBCK_00645	100.000	238	0	0	1	238	1	238	1.45e-179	483
SA20160323_HIEPLBCK_00645	SA20160323_HIEPLBCK_00654	46.667	15	8	0	210	224	90	104	1.6	19.6
SA20160323_HIEPLBCK_00645	SA20160323_HIEPLBCK_00650	34.146	41	20	3	199	234	710	748	2.7	19.2
SA20160323_HIEPLBCK_00645	SA20160323_HIEPLBCK_00644	38.235	34	20	1	44	76	155	188	3.7	18.5
SA20160323_HIEPLBCK_00645	SA20160323_HIEPLBCK_00640	38.462	13	8	0	53	65	37	49	9.6	16.9
SA20160323_HIEPLBCK_00646	SA20160323_HIEPLBCK_00646	100.000	400	0	0	1	400	1	400	0.0	838
SA20160323_HIEPLBCK_00646	SA20160323_HIEPLBCK_00649	33.333	36	20	1	55	90	48	79	3.3	19.6
SA20160323_HIEPLBCK_00646	SA20160323_HIEPLBCK_00643	31.250	32	21	1	207	238	177	207	3.4	19.2
SA20160323_HIEPLBCK_00646	SA20160323_HIEPLBCK_00655	34.884	43	23	1	346	383	161	203	4.1	19.2
SA20160323_HIEPLBCK_00646	SA20160323_HIEPLBCK_00656	43.478	23	13	0	300	322	407	429	5.9	18.9
SA20160323_HIEPLBCK_00646	SA20160323_HIEPLBCK_00652	40.000	20	12	0	346	365	387	406	7.2	18.5
SA20160323_HIEPLBCK_00647	SA20160323_HIEPLBCK_00647	100.000	240	0	0	1	240	1	240	1.07e-180	486
SA20160323_HIEPLBCK_00647	SA20160323_HIEPLBCK_00650	45.455	11	6	0	81	91	41	51	4.1	18.5
SA20160323_HIEPLBCK_00647	SA20160323_HIEPLBCK_00641	33.333	15	10	0	57	71	48	62	7.3	17.3
SA20160323_HIEPLBCK_00647	SA20160323_HIEPLBCK_00655	62.500	8	3	0	104	111	149	156	8.3	17.3
SA20160323_HIEPLBCK_00647	SA20160323_HIEPLBCK_00651	54.545	11	5	0	35	45	802	812	9.6	17.3
SA20160323_HIEPLBCK_00648	SA20160323_HIEPLBCK_00648	100.000	467	0	0	1	467	1	467	0.0	954
SA20160323_HIEPLBCK_00648	SA20160323_HIEPLBCK_00649	26.923	52	29	3	53	95	148	199	2.8	20.0
SA20160323_HIEPLBCK_00648	SA20160323_HIEPLBCK_00644	58.333	12	5	0	347	358	173	184	4.1	19.6
SA20160323_HIEPLBCK_00648	SA20160323_HIEPLBCK_00656	25.000	36	27	0	396	431	799	834	7.9	18.9
SA20160323_HIEPLBCK_00649	SA20160323_HIEPLBCK_00649	100.000	470	0	0	1	470	1	470	0.0	928
SA20160323_HIEPLBCK_00649	SA20160323_HIEPLBCK_00643	26.866	67	37	3	248	304	106	170	0.13	24.3
SA20160323_HIEPLBCK_00649	SA20160323_HIEPLBCK_00648	26.923	52	29	3	148	199	53	95	2.0	20.4
SA20160323_HIEPLBCK_00649	SA20160323_HIEPLBCK_00656	35.714	42	24	1	169	210	96	134	3.2	20.0
SA20160323_HIEPLBCK_00649	SA20160323_HIEPLBCK_00646	33.333	36	20	1	48	79	55	90	3.9	19.6
SA20160323_HIEPLBCK_00649	SA20160323_HIEPLBCK_00650	45.000	20	11	0	250	269	890	909	4.3	19.6
SA20160323_HIEPLBCK_00649	SA20160323_HIEPLBCK_00651	43.750	16	9	0	165	180	359	374	7.3	18.9
SA20160323_HIEPLBCK_00650	SA20160323_HIEPLBCK_00650	100.000	1026	0	0	1	1026	1	1026	0.0	2066
SA20160323_HIEPLBCK_00650	SA20160323_HIEPLBCK_00651	49.659	1025	507	3	6	1021	15	1039	0.0	916
SA20160323_HIEPLBCK_00650	SA20160323_HIEPLBCK_00646	24.000	50	31	2	156	205	208	250	1.4	22.3
SA20160323_HIEPLBCK_00650	SA20160323_HIEPLBCK_00652	24.074	54	32	1	868	912	223	276	1.4	22.3
SA20160323_HIEPLBCK_00650	SA20160323_HIEPLBCK_00644	36.000	25	16	0	795	819	215	239	3.2	21.2
SA20160323_HIEPLBCK_00650	SA20160323_HIEPLBCK_00640	31.818	44	29	1	686	728	82	125	5.2	20.0
SA20160323_HIEPLBCK_00650	SA20160323_HIEPLBCK_00656	60.000	10	4	0	711	720	963	972	5.6	20.4
SA20160323_HIEPLBCK_00650	SA20160323_HIEPLBCK_00649	45.000	20	11	0	890	909	250	269	8.1	19.6
SA20160323_HIEPLBCK_00650	SA20160323_HIEPLBCK_00655	34.483	29	18	1	913	941	225	252	9.6	19.2
SA20160323_HIEPLBCK_00651	SA20160323_HIEPLBCK_00651	100.000	1040	0	0	1	1040	1	1040	0.0	2080
SA20160323_HIEPLBCK_00651	SA20160323_HIEPLBCK_00650	49.659	1025	507	3	15	1039	6	1021	0.0	927
SA20160323_HIEPLBCK_00651	SA20160323_HIEPLBCK_00652	28.571	35	25	0	882	916	223	257	0.92	22.7
SA20160323_HIEPLBCK_00652	SA20160323_HIEPLBCK_00652	100.000	413	0	0	1	413	1	413	0.0	830
SA20160323_HIEPLBCK_00652	SA20160323_HIEPLBCK_00651	28.571	35	25	0	223	257	882	916	0.38	22.7
SA20160323_HIEPLBCK_00652	SA20160323_HIEPLBCK_00650	26.923	26	19	0	223	248	868	893	0.67	21.9
SA20160323_HIEPLBCK_00652	SA20160323_HIEPLBCK_00656	31.579	38	25	1	107	143	638	675	5.4	18.9
SA20160323_HIEPLBCK_00652	SA20160323_HIEPLBCK_00646	40.000	20	12	0	387	406	346	365	9.5	18.1
SA20160323_HIEPLBCK_00653	SA20160323_HIEPLBCK_00653	100.000	65	0	0	1	65	1	65	8.76e-47	134
SA20160323_HIEPLBCK_00653	SA20160323_HIEPLBCK_00656	28.125	32	23	0	29	60	711	742	1.6	17.3
SA20160323_HIEPLBCK_00653	SA20160323_HIEPLBCK_00649	53.333	15	7	0	19	33	336	350	4.4	15.8
SA20160323_HIEPLBCK_00653	SA20160323_HIEPLBCK_00644	55.556	9	4	0	57	65	270	278	7.4	15.4
SA20160323_HIEPLBCK_00654	SA20160323_HIEPLBCK_00654	100.000	450	0	0	1	450	1	450	0.0	921
SA20160323_HIEPLBCK_00654	SA20160323_HIEPLBCK_00650	22.034	118	71	4	44	161	222	318	1.2	21.2
SA20160323_HIEPLBCK_00654	SA20160323_HIEPLBCK_00645	46.667	15	8	0	90	104	210	224	3.0	19.6
SA20160323_HIEPLBCK_00654	SA20160323_HIEPLBCK_00655	40.000	25	15	0	256	280	201	225	8.0	18.5
SA20160323_HIEPLBCK_00654	SA20160323_HIEPLBCK_00639	25.000	40	30	0	92	131	18	57	8.6	18.1
SA20160323_HIEPLBCK_00655	SA20160323_HIEPLBCK_00655	100.000	289	0	0	1	289	1	289	0.0	585
SA20160323_HIEPLBCK_00655	SA20160323_HIEPLBCK_00650	34.483	29	18	1	225	252	913	941	2.8	19.2
SA20160323_HIEPLBCK_00655	SA20160323_HIEPLBCK_00646	34.884	43	23	1	161	203	346	383	3.0	19.2
SA20160323_HIEPLBCK_00655	SA20160323_HIEPLBCK_00654	40.000	25	15	0	201	225	256	280	5.2	18.5
SA20160323_HIEPLBCK_00655	SA20160323_HIEPLBCK_00649	24.390	41	30	1	63	102	275	315	7.1	18.1
SA20160323_HIEPLBCK_00655	SA20160323_HIEPLBCK_00644	34.615	26	15	1	70	93	138	163	7.5	18.1
SA20160323_HIEPLBCK_00655	SA20160323_HIEPLBCK_00656	29.630	27	17	1	233	259	866	890	7.9	18.1
SA20160323_HIEPLBCK_00656	SA20160323_HIEPLBCK_00656	100.000	996	0	0	1	996	1	996	0.0	2038
SA20160323_HIEPLBCK_00656	SA20160323_HIEPLBCK_00657	33.333	39	24	1	484	520	24	62	2.2	21.2
SA20160323_HIEPLBCK_00656	SA20160323_HIEPLBCK_00650	60.000	10	4	0	963	972	711	720	5.1	20.4
SA20160323_HIEPLBCK_00656	SA20160323_HIEPLBCK_00649	31.081	74	44	2	134	204	145	214	6.2	20.0
SA20160323_HIEPLBCK_00657	SA20160323_HIEPLBCK_00657	100.000	213	0	0	1	213	1	213	1.50e-163	441
SA20160323_HIEPLBCK_00657	SA20160323_HIEPLBCK_00656	33.333	39	24	1	24	62	484	520	0.51	21.2
SA20160323_HIEPLBCK_00657	SA20160323_HIEPLBCK_00640	47.826	23	9	1	187	209	72	91	1.3	19.6
SA20160323_HIEPLBCK_00657	SA20160323_HIEPLBCK_00646	46.154	13	7	0	195	207	240	252	5.7	17.7
SA20153983_GBAKOBEN_00094	SA20153983_GBAKOBEN_00094	100.000	334	0	0	1	334	1	334	0.0	681
SA20153983_GBAKOBEN_00094	SA20153983_GBAKOBEN_00095	53.846	13	6	0	26	38	127	139	1.3	20.8
SA20153983_GBAKOBEN_00094	SA20153983_GBAKOBEN_00096	32.500	40	25	1	254	291	268	307	2.0	20.0
SA20153983_GBAKOBEN_00094	SA20153983_GBAKOBEN_00101	33.333	18	12	0	114	131	523	540	4.2	19.2
SA20153983_GBAKOBEN_00094	SA20153983_GBAKOBEN_00111	36.364	22	13	1	107	127	9	30	6.8	18.5
SA20153983_GBAKOBEN_00095	SA20153983_GBAKOBEN_00095	100.000	423	0	0	1	423	1	423	0.0	852
SA20153983_GBAKOBEN_00095	SA20153983_GBAKOBEN_00106	24.460	139	82	3	224	362	44	159	0.006	28.5
SA20153983_GBAKOBEN_00095	SA20153983_GBAKOBEN_00112	29.167	48	33	1	95	141	174	221	0.024	26.6
SA20153983_GBAKOBEN_00095	SA20153983_GBAKOBEN_00105	30.189	53	37	0	199	251	374	426	0.22	23.5
SA20153983_GBAKOBEN_00095	SA20153983_GBAKOBEN_00094	58.333	12	5	0	128	139	27	38	1.6	20.8
SA20153983_GBAKOBEN_00095	SA20153983_GBAKOBEN_00099	30.435	23	14	1	164	186	39	59	4.1	19.2
SA20153983_GBAKOBEN_00095	SA20153983_GBAKOBEN_00108	28.125	32	23	0	140	171	124	155	4.4	19.6
SA20153983_GBAKOBEN_00095	SA20153983_GBAKOBEN_00101	60.000	10	4	0	284	293	416	425	7.4	18.9
SA20153983_GBAKOBEN_00096	SA20153983_GBAKOBEN_00096	100.000	350	0	0	1	350	1	350	0.0	723
SA20153983_GBAKOBEN_00096	SA20153983_GBAKOBEN_00094	32.500	40	25	1	268	307	254	291	2.2	20.0
SA20153983_GBAKOBEN_00096	SA20153983_GBAKOBEN_00113	25.000	84	45	2	269	343	607	681	2.9	19.6
SA20153983_GBAKOBEN_00096	SA20153983_GBAKOBEN_00109	47.059	17	9	0	242	258	343	359	4.1	19.2
SA20153983_GBAKOBEN_00096	SA20153983_GBAKOBEN_00108	50.000	22	10	1	14	34	642	663	5.6	18.9
SA20153983_GBAKOBEN_00096	SA20153983_GBAKOBEN_00105	35.294	17	11	0	90	106	271	287	7.4	18.5
SA20153983_GBAKOBEN_00096	SA20153983_GBAKOBEN_00102	37.500	16	10	0	301	316	141	156	7.7	18.1
SA20153983_GBAKOBEN_00097	SA20153983_GBAKOBEN_00097	100.000	299	0	0	1	299	1	299	0.0	606
SA20153983_GBAKOBEN_00097	SA20153983_GBAKOBEN_00100	30.000	40	25	1	190	229	409	445	4.2	18.9
SA20153983_GBAKOBEN_00097	SA20153983_GBAKOBEN_00105	38.889	18	11	0	138	155	203	220	4.5	18.9
SA20153983_GBAKOBEN_00098	SA20153983_GBAKOBEN_00098	100.000	111	0	0	1	111	1	111	7.17e-81	224
SA20153983_GBAKOBEN_00098	SA20153983_GBAKOBEN_00100	28.000	25	18	0	51	75	362	386	2.3	18.1
SA20153983_GBAKOBEN_00098	SA20153983_GBAKOBEN_00108	50.000	14	7	0	2	15	116	129	3.7	17.3
SA20153983_GBAKOBEN_00098	SA20153983_GBAKOBEN_00107	42.857	14	8	0	2	15	107	120	5.5	16.9
SA20153983_GBAKOBEN_00099	SA20153983_GBAKOBEN_00099	100.000	138	0	0	1	138	1	138	8.37e-103	281
SA20153983_GBAKOBEN_00099	SA20153983_GBAKOBEN_00095	30.435	23	14	1	39	59	164	186	1.3	19.2
SA20153983_GBAKOBEN_00100	SA20153983_GBAKOBEN_00100	100.000	453	0	0	1	453	1	453	0.0	952
SA20153983_GBAKOBEN_00100	SA20153983_GBAKOBEN_00111	38.889	18	11	0	221	238	259	276	3.8	19.6
SA20153983_GBAKOBEN_00100	SA20153983_GBAKOBEN_00104	30.303	33	21	1	58	88	102	134	4.4	19.2
SA20153983_GBAKOBEN_00100	SA20153983_GBAKOBEN_00102	50.000	20	10	0	322	341	93	112	4.6	19.2
SA20153983_GBAKOBEN_00100	SA20153983_GBAKOBEN_00108	46.667	15	8	0	220	234	891	905	5.0	19.2
SA20153983_GBAKOBEN_00100	SA20153983_GBAKOBEN_00097	30.000	40	25	1	409	445	190	229	6.2	18.9
SA20153983_GBAKOBEN_00100	SA20153983_GBAKOBEN_00113	42.857	21	12	0	146	166	503	523	7.1	18.9
SA20153983_GBAKOBEN_00100	SA20153983_GBAKOBEN_00098	28.000	25	18	0	362	386	51	75	9.3	18.1
SA20153983_GBAKOBEN_00101	SA20153983_GBAKOBEN_00101	100.000	703	0	0	1	703	1	703	0.0	1464
SA20153983_GBAKOBEN_00101	SA20153983_GBAKOBEN_00107	36.000	25	16	0	215	239	795	819	1.7	21.6
SA20153983_GBAKOBEN_00101	SA20153983_GBAKOBEN_00113	45.455	11	6	0	233	243	656	666	8.0	19.6
SA20153983_GBAKOBEN_00101	SA20153983_GBAKOBEN_00094	33.333	18	12	0	523	540	114	131	9.6	19.2
SA20153983_GBAKOBEN_00102	SA20153983_GBAKOBEN_00102	100.000	238	0	0	1	238	1	238	7.66e-180	484
SA20153983_GBAKOBEN_00102	SA20153983_GBAKOBEN_00100	50.000	20	10	0	93	112	322	341	2.2	19.6
SA20153983_GBAKOBEN_00102	SA20153983_GBAKOBEN_00111	40.000	15	9	0	210	224	90	104	4.6	18.5
SA20153983_GBAKOBEN_00102	SA20153983_GBAKOBEN_00107	33.333	24	13	1	93	113	204	227	5.2	18.5
SA20153983_GBAKOBEN_00102	SA20153983_GBAKOBEN_00096	37.500	16	10	0	141	156	301	316	5.3	18.1
SA20153983_GBAKOBEN_00103	SA20153983_GBAKOBEN_00103	100.000	400	0	0	1	400	1	400	0.0	839
SA20153983_GBAKOBEN_00103	SA20153983_GBAKOBEN_00106	33.333	36	20	1	55	90	48	79	3.7	19.6
SA20153983_GBAKOBEN_00103	SA20153983_GBAKOBEN_00113	43.478	23	13	0	300	322	407	429	6.6	18.9
SA20153983_GBAKOBEN_00103	SA20153983_GBAKOBEN_00112	45.000	20	11	0	364	383	184	203	8.6	18.5
SA20153983_GBAKOBEN_00103	SA20153983_GBAKOBEN_00100	42.105	19	11	0	278	296	17	35	9.9	18.1
SA20153983_GBAKOBEN_00104	SA20153983_GBAKOBEN_00104	100.000	240	0	0	1	240	1	240	1.20e-180	486
SA20153983_GBAKOBEN_00104	SA20153983_GBAKOBEN_00100	30.303	33	21	1	102	134	58	88	2.5	19.2
SA20153983_GBAKOBEN_00104	SA20153983_GBAKOBEN_00107	45.455	11	6	0	81	91	41	51	4.6	18.5
SA20153983_GBAKOBEN_00104	SA20153983_GBAKOBEN_00112	62.500	8	3	0	104	111	149	156	9.8	17.3
SA20153983_GBAKOBEN_00105	SA20153983_GBAKOBEN_00105	100.000	467	0	0	1	467	1	467	0.0	954
SA20153983_GBAKOBEN_00105	SA20153983_GBAKOBEN_00095	30.189	53	37	0	374	426	199	251	0.28	23.5
SA20153983_GBAKOBEN_00105	SA20153983_GBAKOBEN_00106	26.923	52	29	3	53	95	148	199	3.1	20.0
SA20153983_GBAKOBEN_00105	SA20153983_GBAKOBEN_00097	38.889	18	11	0	203	220	138	155	6.8	18.9
SA20153983_GBAKOBEN_00105	SA20153983_GBAKOBEN_00113	25.000	36	27	0	396	431	799	834	8.8	18.9
SA20153983_GBAKOBEN_00105	SA20153983_GBAKOBEN_00096	35.294	17	11	0	271	287	90	106	9.7	18.5
SA20153983_GBAKOBEN_00106	SA20153983_GBAKOBEN_00106	100.000	470	0	0	1	470	1	470	0.0	928
SA20153983_GBAKOBEN_00106	SA20153983_GBAKOBEN_00095	24.460	139	82	3	44	159	224	362	0.007	28.5
SA20153983_GBAKOBEN_00106	SA20153983_GBAKOBEN_00105	26.923	52	29	3	148	199	53	95	2.3	20.4
SA20153983_GBAKOBEN_00106	SA20153983_GBAKOBEN_00113	35.714	42	24	1	169	210	96	134	3.8	20.0
SA20153983_GBAKOBEN_00106	SA20153983_GBAKOBEN_00103	33.333	36	20	1	48	79	55	90	4.6	19.6
SA20153983_GBAKOBEN_00106	SA20153983_GBAKOBEN_00107	45.000	20	11	0	250	269	890	909	4.8	19.6
SA20153983_GBAKOBEN_00106	SA20153983_GBAKOBEN_00108	43.750	16	9	0	165	180	359	374	8.2	18.9
SA20153983_GBAKOBEN_00106	SA20153983_GBAKOBEN_00102	30.645	62	29	2	340	387	145	206	8.8	18.5
SA20153983_GBAKOBEN_00106	SA20153983_GBAKOBEN_00101	36.842	19	12	0	367	385	377	395	8.9	18.5
SA20153983_GBAKOBEN_00107	SA20153983_GBAKOBEN_00107	100.000	1026	0	0	1	1026	1	1026	0.0	2065
SA20153983_GBAKOBEN_00107	SA20153983_GBAKOBEN_00108	49.659	1025	507	3	6	1021	15	1039	0.0	919
SA20153983_GBAKOBEN_00107	SA20153983_GBAKOBEN_00109	24.074	54	32	1	868	912	223	276	1.3	22.3
SA20153983_GBAKOBEN_00107	SA20153983_GBAKOBEN_00103	24.000	50	31	2	156	205	208	250	1.6	22.3
SA20153983_GBAKOBEN_00107	SA20153983_GBAKOBEN_00101	36.000	25	16	0	795	819	215	239	2.6	21.6
SA20153983_GBAKOBEN_00107	SA20153983_GBAKOBEN_00112	50.000	20	10	0	922	941	233	252	3.2	21.2
SA20153983_GBAKOBEN_00107	SA20153983_GBAKOBEN_00113	60.000	10	4	0	711	720	963	972	6.2	20.4
SA20153983_GBAKOBEN_00107	SA20153983_GBAKOBEN_00106	45.000	20	11	0	890	909	250	269	9.1	19.6
SA20153983_GBAKOBEN_00108	SA20153983_GBAKOBEN_00108	100.000	1040	0	0	1	1040	1	1040	0.0	2080
SA20153983_GBAKOBEN_00108	SA20153983_GBAKOBEN_00107	49.659	1025	507	3	15	1039	6	1021	0.0	929
SA20153983_GBAKOBEN_00108	SA20153983_GBAKOBEN_00109	28.571	35	25	0	882	916	223	257	1.00	22.7
SA20153983_GBAKOBEN_00109	SA20153983_GBAKOBEN_00109	100.000	413	0	0	1	413	1	413	0.0	830
SA20153983_GBAKOBEN_00109	SA20153983_GBAKOBEN_00108	28.571	35	25	0	223	257	882	916	0.43	22.7
SA20153983_GBAKOBEN_00109	SA20153983_GBAKOBEN_00107	24.074	54	32	1	223	276	868	912	0.71	21.9
SA20153983_GBAKOBEN_00109	SA20153983_GBAKOBEN_00096	47.059	17	9	0	343	359	242	258	4.1	19.2
SA20153983_GBAKOBEN_00109	SA20153983_GBAKOBEN_00113	31.579	38	25	1	107	143	638	675	6.2	18.9
SA20153983_GBAKOBEN_00110	SA20153983_GBAKOBEN_00110	100.000	65	0	0	1	65	1	65	1.82e-46	133
SA20153983_GBAKOBEN_00110	SA20153983_GBAKOBEN_00113	28.125	32	23	0	29	60	711	742	1.7	17.3
SA20153983_GBAKOBEN_00110	SA20153983_GBAKOBEN_00106	53.333	15	7	0	19	33	336	350	5.0	15.8
SA20153983_GBAKOBEN_00111	SA20153983_GBAKOBEN_00111	100.000	450	0	0	1	450	1	450	0.0	920
SA20153983_GBAKOBEN_00111	SA20153983_GBAKOBEN_00107	22.034	118	71	4	44	161	222	318	1.4	21.2
SA20153983_GBAKOBEN_00111	SA20153983_GBAKOBEN_00100	38.889	18	11	0	259	276	221	238	3.6	19.6
SA20153983_GBAKOBEN_00111	SA20153983_GBAKOBEN_00102	40.000	15	9	0	90	104	210	224	8.8	18.5
SA20153983_GBAKOBEN_00111	SA20153983_GBAKOBEN_00112	40.000	25	15	0	256	280	201	225	9.2	18.5
SA20153983_GBAKOBEN_00111	SA20153983_GBAKOBEN_00094	36.364	22	13	1	9	30	107	127	9.9	18.5
SA20153983_GBAKOBEN_00112	SA20153983_GBAKOBEN_00112	100.000	289	0	0	1	289	1	289	0.0	584
SA20153983_GBAKOBEN_00112	SA20153983_GBAKOBEN_00095	29.167	48	33	1	174	221	95	141	0.016	26.6
SA20153983_GBAKOBEN_00112	SA20153983_GBAKOBEN_00107	50.000	20	10	0	233	252	922	941	0.91	21.2
SA20153983_GBAKOBEN_00112	SA20153983_GBAKOBEN_00111	40.000	25	15	0	201	225	256	280	5.9	18.5
SA20153983_GBAKOBEN_00112	SA20153983_GBAKOBEN_00103	45.000	20	11	0	184	203	364	383	6.2	18.5
SA20153983_GBAKOBEN_00113	SA20153983_GBAKOBEN_00113	100.000	996	0	0	1	996	1	996	0.0	2038
SA20153983_GBAKOBEN_00113	SA20153983_GBAKOBEN_00114	33.333	39	24	1	484	520	24	62	2.5	21.2
SA20153983_GBAKOBEN_00113	SA20153983_GBAKOBEN_00107	60.000	10	4	0	963	972	711	720	5.7	20.4
SA20153983_GBAKOBEN_00113	SA20153983_GBAKOBEN_00106	31.081	74	44	2	134	204	145	214	7.4	20.0
SA20153983_GBAKOBEN_00114	SA20153983_GBAKOBEN_00114	100.000	213	0	0	1	213	1	213	1.68e-163	441
SA20153983_GBAKOBEN_00114	SA20153983_GBAKOBEN_00113	33.333	39	24	1	24	62	484	520	0.56	21.2
SA20153983_GBAKOBEN_00114	SA20153983_GBAKOBEN_00103	46.154	13	7	0	195	207	240	252	6.5	17.7
