SA20160190_KJBEGOPM_02852	SA20153983_GBAKOBEN_03646	100.000	176	0	0	1	176	1	176	4.04e-130	353
SA20160190_KJBEGOPM_02852	SA20153983_GBAKOBEN_03651	24.272	103	73	2	11	112	4236	4334	1.1	20.4
SA20160190_KJBEGOPM_02852	SA20153983_GBAKOBEN_03655	28.571	35	24	1	53	86	34	68	2.2	18.9
SA20160190_KJBEGOPM_02852	SA20153983_GBAKOBEN_03663	35.000	20	12	1	43	61	20	39	2.8	19.2
SA20160190_KJBEGOPM_02852	SA20153983_GBAKOBEN_03649	18.000	50	41	0	123	172	285	334	4.1	18.5
SA20160190_KJBEGOPM_02853	SA20153983_GBAKOBEN_03647	97.143	210	6	0	1	210	1	210	1.94e-153	416
SA20160190_KJBEGOPM_02853	SA20153983_GBAKOBEN_03660	30.233	43	27	1	136	178	39	78	0.013	26.6
SA20160190_KJBEGOPM_02853	SA20153983_GBAKOBEN_03649	47.826	23	8	1	100	118	114	136	1.4	20.4
SA20160190_KJBEGOPM_02854	SA20153983_GBAKOBEN_03648	98.052	462	9	0	1	462	1	462	0.0	917
SA20160190_KJBEGOPM_02854	SA20153983_GBAKOBEN_03652	31.034	58	32	3	1	53	149	203	0.008	28.9
SA20160190_KJBEGOPM_02854	SA20153983_GBAKOBEN_03651	37.500	32	18	1	156	187	1901	1930	0.28	24.3
SA20160190_KJBEGOPM_02854	SA20153983_GBAKOBEN_03656	63.636	11	4	0	386	396	107	117	7.3	18.9
SA20160190_KJBEGOPM_02855	SA20153983_GBAKOBEN_03649	99.317	439	3	0	1	439	1	439	0.0	885
SA20160190_KJBEGOPM_02855	SA20153983_GBAKOBEN_03651	32.258	31	21	0	113	143	4288	4318	9.9	18.9
SA20160190_KJBEGOPM_02856	SA20153983_GBAKOBEN_03650	100.000	425	0	0	1	425	1	425	0.0	844
SA20160190_KJBEGOPM_02856	SA20153983_GBAKOBEN_03651	31.250	48	28	1	198	240	4570	4617	0.30	23.9
SA20160190_KJBEGOPM_02856	SA20153983_GBAKOBEN_03665	35.000	40	19	3	370	409	293	325	0.31	23.5
SA20160190_KJBEGOPM_02856	SA20153983_GBAKOBEN_03652	39.130	23	14	0	207	229	213	235	1.0	21.9
SA20160190_KJBEGOPM_02856	SA20153983_GBAKOBEN_03660	40.000	20	12	0	360	379	245	264	8.4	18.9
SA20160190_KJBEGOPM_02857	SA20153983_GBAKOBEN_03651	94.911	5561	280	2	1	5560	1	5559	0.0	10405
SA20160190_KJBEGOPM_02857	SA20153983_GBAKOBEN_03650	31.250	48	28	1	4569	4616	198	240	3.6	23.9
SA20160190_KJBEGOPM_02857	SA20153983_GBAKOBEN_03655	28.571	56	38	1	4978	5031	13	68	3.9	22.7
SA20160190_KJBEGOPM_02857	SA20153983_GBAKOBEN_03659	36.364	33	20	1	868	899	146	178	4.9	23.5
SA20160190_KJBEGOPM_02858	SA20153983_GBAKOBEN_03652	99.273	688	5	0	1	688	1	688	0.0	1387
SA20160190_KJBEGOPM_02858	SA20153983_GBAKOBEN_03648	29.310	58	33	3	149	203	1	53	0.062	26.6
SA20160190_KJBEGOPM_02858	SA20153983_GBAKOBEN_03659	42.857	21	12	0	35	55	480	500	0.61	23.5
SA20160190_KJBEGOPM_02858	SA20153983_GBAKOBEN_03650	39.130	23	14	0	213	235	207	229	1.7	21.9
SA20160190_KJBEGOPM_02858	SA20153983_GBAKOBEN_03654	42.105	19	11	0	138	156	82	100	2.9	21.2
SA20160190_KJBEGOPM_02858	SA20153983_GBAKOBEN_03655	30.303	33	23	0	255	287	52	84	6.2	19.6
SA20160190_KJBEGOPM_02859	SA20153983_GBAKOBEN_03653	100.000	93	0	0	1	93	1	93	1.96e-66	186
SA20160190_KJBEGOPM_02859	SA20153983_GBAKOBEN_03663	31.111	45	28	1	46	87	357	401	0.24	20.8
SA20160190_KJBEGOPM_02859	SA20153983_GBAKOBEN_03652	55.556	9	4	0	27	35	34	42	4.3	17.3
SA20160190_KJBEGOPM_02859	SA20153983_GBAKOBEN_03651	45.455	11	6	0	81	91	5075	5085	5.7	16.9
SA20160190_KJBEGOPM_02860	SA20153983_GBAKOBEN_03654	99.062	533	5	0	1	533	1	533	0.0	1100
SA20160190_KJBEGOPM_02860	SA20153983_GBAKOBEN_03652	42.105	19	11	0	82	100	138	156	2.2	21.2
SA20160190_KJBEGOPM_02861	SA20153983_GBAKOBEN_03655	100.000	107	0	0	1	107	1	107	1.34e-79	220
SA20160190_KJBEGOPM_02861	SA20153983_GBAKOBEN_03651	28.571	56	38	1	13	68	4979	5032	0.075	22.7
SA20160190_KJBEGOPM_02861	SA20153983_GBAKOBEN_03652	30.303	33	23	0	52	84	255	287	0.96	19.6
SA20160190_KJBEGOPM_02861	SA20153983_GBAKOBEN_03646	28.571	35	24	1	34	68	53	86	1.2	19.2
SA20160190_KJBEGOPM_02861	SA20153983_GBAKOBEN_03660	36.842	19	12	0	83	101	13	31	3.2	17.7
SA20160190_KJBEGOPM_02861	SA20153983_GBAKOBEN_03658	30.435	23	16	0	27	49	123	145	3.3	17.7
SA20160190_KJBEGOPM_02861	SA20153983_GBAKOBEN_03659	26.087	69	45	2	4	70	451	515	8.6	16.5
SA20160190_KJBEGOPM_02861	SA20153983_GBAKOBEN_03665	41.667	12	7	0	13	24	511	522	8.8	16.5
SA20160190_KJBEGOPM_02861	SA20153983_GBAKOBEN_03662	54.545	11	5	0	49	59	14	24	9.0	16.5
SA20160190_KJBEGOPM_02862	SA20153983_GBAKOBEN_03656	100.000	152	0	0	1	152	1	152	2.61e-113	309
SA20160190_KJBEGOPM_02862	SA20153983_GBAKOBEN_03648	63.636	11	4	0	107	117	386	396	2.4	18.9
SA20160190_KJBEGOPM_02862	SA20153983_GBAKOBEN_03659	52.381	21	9	1	95	115	493	512	2.6	18.9
SA20160190_KJBEGOPM_02862	SA20153983_GBAKOBEN_03651	28.571	28	20	0	84	111	2495	2522	3.1	18.9
SA20160190_KJBEGOPM_02863	SA20153983_GBAKOBEN_03657	99.099	222	2	0	1	222	1	222	2.25e-166	449
SA20160190_KJBEGOPM_02863	SA20153983_GBAKOBEN_03662	29.730	37	26	0	17	53	110	146	0.83	20.8
SA20160190_KJBEGOPM_02863	SA20153983_GBAKOBEN_03659	35.484	31	19	1	124	154	290	319	7.3	18.1
SA20160190_KJBEGOPM_02864	SA20153983_GBAKOBEN_03658	100.000	449	0	0	1	449	1	449	0.0	860
SA20160190_KJBEGOPM_02864	SA20153983_GBAKOBEN_03654	32.500	40	27	0	50	89	216	255	1.5	21.6
SA20160190_KJBEGOPM_02864	SA20153983_GBAKOBEN_03659	32.432	37	24	1	139	174	77	113	3.1	20.4
SA20160190_KJBEGOPM_02864	SA20153983_GBAKOBEN_03663	31.579	19	13	0	11	29	384	402	5.0	19.6
SA20160190_KJBEGOPM_02865	SA20153983_GBAKOBEN_03659	100.000	548	0	0	1	548	1	548	0.0	1078
SA20160190_KJBEGOPM_02865	SA20153983_GBAKOBEN_03652	42.857	21	12	0	480	500	35	55	0.48	23.5
SA20160190_KJBEGOPM_02865	SA20153983_GBAKOBEN_03651	36.364	33	20	1	146	178	868	899	0.48	23.5
SA20160190_KJBEGOPM_02865	SA20153983_GBAKOBEN_03663	33.333	21	14	0	222	242	213	233	2.9	20.8
SA20160190_KJBEGOPM_02865	SA20153983_GBAKOBEN_03658	32.432	37	24	1	77	113	139	174	3.8	20.4
SA20160190_KJBEGOPM_02865	SA20153983_GBAKOBEN_03656	52.381	21	9	1	493	512	95	115	9.4	18.9
SA20160190_KJBEGOPM_02866	SA20153983_GBAKOBEN_03660	99.661	295	1	0	1	295	1	295	0.0	603
SA20160190_KJBEGOPM_02866	SA20153983_GBAKOBEN_03647	30.233	43	27	1	39	78	136	178	0.009	27.3
SA20160190_KJBEGOPM_02866	SA20153983_GBAKOBEN_03650	40.000	20	12	0	245	264	360	379	6.2	18.9
SA20160190_KJBEGOPM_02866	SA20153983_GBAKOBEN_03663	42.857	14	8	0	177	190	233	246	7.3	18.5
SA20160190_KJBEGOPM_02866	SA20153983_GBAKOBEN_03651	55.556	9	4	0	221	229	3773	3781	8.8	18.5
SA20160190_KJBEGOPM_02866	SA20153983_GBAKOBEN_03655	36.842	19	12	0	13	31	83	101	8.9	17.7
SA20160190_KJBEGOPM_02866	SA20153983_GBAKOBEN_03665	43.750	16	7	1	259	272	224	239	9.1	18.5
SA20160190_KJBEGOPM_02867	SA20153983_GBAKOBEN_03661	99.265	136	1	0	1	136	1	136	1.65e-95	263
SA20160190_KJBEGOPM_02867	SA20153983_GBAKOBEN_03659	38.095	21	13	0	82	102	52	72	1.7	19.2
SA20160190_KJBEGOPM_02867	SA20153983_GBAKOBEN_03663	70.000	10	3	0	112	121	475	484	5.1	17.7
SA20160190_KJBEGOPM_02867	SA20153983_GBAKOBEN_03657	28.571	35	24	1	69	102	164	198	8.1	16.9
SA20160190_KJBEGOPM_02868	SA20153983_GBAKOBEN_03662	100.000	229	0	0	1	229	1	229	6.58e-168	454
SA20160190_KJBEGOPM_02868	SA20153983_GBAKOBEN_03657	28.947	38	27	0	109	146	16	53	0.90	20.8
SA20160190_KJBEGOPM_02868	SA20153983_GBAKOBEN_03666	25.532	47	35	0	116	162	166	212	1.2	20.8
SA20160190_KJBEGOPM_02868	SA20153983_GBAKOBEN_03663	47.619	21	10	1	8	27	40	60	3.5	19.2
SA20160190_KJBEGOPM_02868	SA20153983_GBAKOBEN_03651	47.368	19	10	0	96	114	4444	4462	3.8	19.2
SA20160190_KJBEGOPM_02869	SA20153983_GBAKOBEN_03663	99.818	549	1	0	1	549	1	549	0.0	1090
SA20160190_KJBEGOPM_02869	SA20153983_GBAKOBEN_03666	27.273	77	37	4	321	378	259	335	1.2	21.9
SA20160190_KJBEGOPM_02869	SA20153983_GBAKOBEN_03653	39.394	33	17	1	357	389	46	75	1.4	20.8
SA20160190_KJBEGOPM_02869	SA20153983_GBAKOBEN_03659	33.333	21	14	0	213	233	222	242	2.9	20.8
SA20160190_KJBEGOPM_02869	SA20153983_GBAKOBEN_03651	60.000	15	6	0	366	380	5019	5033	3.5	20.8
SA20160190_KJBEGOPM_02869	SA20153983_GBAKOBEN_03658	31.579	19	13	0	384	402	11	29	5.7	20.0
SA20160190_KJBEGOPM_02869	SA20153983_GBAKOBEN_03662	47.619	21	10	1	40	60	8	27	8.0	19.2
SA20160190_KJBEGOPM_02869	SA20153983_GBAKOBEN_03646	35.000	20	12	1	20	39	43	61	8.7	19.2
SA20160190_KJBEGOPM_02870	SA20153983_GBAKOBEN_03664	99.038	104	1	0	1	104	1	104	4.30e-75	209
SA20160190_KJBEGOPM_02870	SA20153983_GBAKOBEN_03651	30.612	49	30	2	57	103	4433	4479	5.6	17.3
SA20160190_KJBEGOPM_02871	SA20153983_GBAKOBEN_03665	99.847	652	1	0	1	652	1	652	0.0	1349
SA20160190_KJBEGOPM_02871	SA20153983_GBAKOBEN_03650	35.000	40	19	3	293	325	370	409	0.49	23.5
SA20160190_KJBEGOPM_02872	SA20153983_GBAKOBEN_03666	99.163	478	4	0	1	478	1	478	0.0	999
SA20160190_KJBEGOPM_02872	SA20153983_GBAKOBEN_03663	27.273	77	37	4	259	335	321	378	0.99	22.3
SA20160190_KJBEGOPM_02872	SA20153983_GBAKOBEN_03665	41.667	24	11	1	286	306	248	271	8.8	19.2
SA20153983_GBAKOBEN_03646	SA20153983_GBAKOBEN_03646	100.000	176	0	0	1	176	1	176	4.04e-130	353
SA20153983_GBAKOBEN_03646	SA20153983_GBAKOBEN_03651	24.272	103	73	2	11	112	4236	4334	1.1	20.4
SA20153983_GBAKOBEN_03646	SA20153983_GBAKOBEN_03655	28.571	35	24	1	53	86	34	68	2.2	18.9
SA20153983_GBAKOBEN_03646	SA20153983_GBAKOBEN_03663	35.000	20	12	1	43	61	20	39	2.8	19.2
SA20153983_GBAKOBEN_03646	SA20153983_GBAKOBEN_03649	18.000	50	41	0	123	172	285	334	4.1	18.5
SA20153983_GBAKOBEN_03647	SA20153983_GBAKOBEN_03647	100.000	210	0	0	1	210	1	210	3.61e-157	425
SA20153983_GBAKOBEN_03647	SA20153983_GBAKOBEN_03660	30.233	43	27	1	136	178	39	78	0.006	27.7
SA20153983_GBAKOBEN_03647	SA20153983_GBAKOBEN_03648	29.167	24	17	0	68	91	301	324	7.9	18.1
SA20153983_GBAKOBEN_03648	SA20153983_GBAKOBEN_03648	100.000	462	0	0	1	462	1	462	0.0	937
SA20153983_GBAKOBEN_03648	SA20153983_GBAKOBEN_03652	29.310	58	33	3	1	53	149	203	0.041	26.6
SA20153983_GBAKOBEN_03648	SA20153983_GBAKOBEN_03651	37.500	32	18	1	156	187	1901	1930	0.30	23.9
SA20153983_GBAKOBEN_03648	SA20153983_GBAKOBEN_03656	63.636	11	4	0	386	396	107	117	7.3	18.9
SA20153983_GBAKOBEN_03649	SA20153983_GBAKOBEN_03649	100.000	439	0	0	1	439	1	439	0.0	892
SA20153983_GBAKOBEN_03649	SA20153983_GBAKOBEN_03651	32.258	31	21	0	113	143	4288	4318	9.2	18.9
SA20153983_GBAKOBEN_03650	SA20153983_GBAKOBEN_03650	100.000	425	0	0	1	425	1	425	0.0	844
SA20153983_GBAKOBEN_03650	SA20153983_GBAKOBEN_03651	31.250	48	28	1	198	240	4570	4617	0.30	23.9
SA20153983_GBAKOBEN_03650	SA20153983_GBAKOBEN_03652	39.130	23	14	0	207	229	213	235	1.0	21.9
SA20153983_GBAKOBEN_03650	SA20153983_GBAKOBEN_03660	40.000	20	12	0	360	379	245	264	8.4	18.9
SA20153983_GBAKOBEN_03651	SA20153983_GBAKOBEN_03651	100.000	5559	0	0	1	5559	1	5559	0.0	11076
SA20153983_GBAKOBEN_03651	SA20153983_GBAKOBEN_03650	31.250	48	28	1	4570	4617	198	240	3.6	23.9
SA20153983_GBAKOBEN_03651	SA20153983_GBAKOBEN_03648	37.500	32	18	1	1901	1930	156	187	3.7	23.9
SA20153983_GBAKOBEN_03652	SA20153983_GBAKOBEN_03652	100.000	688	0	0	1	688	1	688	0.0	1394
SA20153983_GBAKOBEN_03652	SA20153983_GBAKOBEN_03648	29.310	58	33	3	149	203	1	53	0.062	26.6
SA20153983_GBAKOBEN_03652	SA20153983_GBAKOBEN_03659	42.857	21	12	0	35	55	480	500	0.60	23.5
SA20153983_GBAKOBEN_03652	SA20153983_GBAKOBEN_03650	39.130	23	14	0	213	235	207	229	1.7	21.9
SA20153983_GBAKOBEN_03652	SA20153983_GBAKOBEN_03654	42.105	19	11	0	138	156	82	100	2.9	21.2
SA20153983_GBAKOBEN_03652	SA20153983_GBAKOBEN_03655	30.303	33	23	0	255	287	52	84	6.2	19.6
SA20153983_GBAKOBEN_03653	SA20153983_GBAKOBEN_03653	100.000	93	0	0	1	93	1	93	1.96e-66	186
SA20153983_GBAKOBEN_03653	SA20153983_GBAKOBEN_03663	31.111	45	28	1	46	87	357	401	0.24	20.8
SA20153983_GBAKOBEN_03653	SA20153983_GBAKOBEN_03652	55.556	9	4	0	27	35	34	42	4.3	17.3
SA20153983_GBAKOBEN_03653	SA20153983_GBAKOBEN_03651	45.455	11	6	0	81	91	5075	5085	5.7	16.9
SA20153983_GBAKOBEN_03654	SA20153983_GBAKOBEN_03654	100.000	533	0	0	1	533	1	533	0.0	1107
SA20153983_GBAKOBEN_03654	SA20153983_GBAKOBEN_03658	32.500	40	27	0	216	255	50	89	1.8	21.6
SA20153983_GBAKOBEN_03654	SA20153983_GBAKOBEN_03652	42.105	19	11	0	82	100	138	156	2.3	21.2
SA20153983_GBAKOBEN_03655	SA20153983_GBAKOBEN_03655	100.000	107	0	0	1	107	1	107	1.34e-79	220
SA20153983_GBAKOBEN_03655	SA20153983_GBAKOBEN_03651	28.571	56	38	1	13	68	4979	5032	0.075	22.7
SA20153983_GBAKOBEN_03655	SA20153983_GBAKOBEN_03652	30.303	33	23	0	52	84	255	287	0.96	19.6
SA20153983_GBAKOBEN_03655	SA20153983_GBAKOBEN_03646	28.571	35	24	1	34	68	53	86	1.2	19.2
SA20153983_GBAKOBEN_03655	SA20153983_GBAKOBEN_03660	36.842	19	12	0	83	101	13	31	3.2	17.7
SA20153983_GBAKOBEN_03655	SA20153983_GBAKOBEN_03658	30.435	23	16	0	27	49	123	145	3.3	17.7
SA20153983_GBAKOBEN_03655	SA20153983_GBAKOBEN_03659	26.087	69	45	2	4	70	451	515	8.6	16.5
SA20153983_GBAKOBEN_03655	SA20153983_GBAKOBEN_03665	41.667	12	7	0	13	24	511	522	8.8	16.5
SA20153983_GBAKOBEN_03655	SA20153983_GBAKOBEN_03662	54.545	11	5	0	49	59	14	24	9.0	16.5
SA20153983_GBAKOBEN_03656	SA20153983_GBAKOBEN_03656	100.000	152	0	0	1	152	1	152	2.61e-113	309
SA20153983_GBAKOBEN_03656	SA20153983_GBAKOBEN_03648	63.636	11	4	0	107	117	386	396	2.4	18.9
SA20153983_GBAKOBEN_03656	SA20153983_GBAKOBEN_03659	52.381	21	9	1	95	115	493	512	2.6	18.9
SA20153983_GBAKOBEN_03656	SA20153983_GBAKOBEN_03651	28.571	28	20	0	84	111	2495	2522	3.1	18.9
SA20153983_GBAKOBEN_03657	SA20153983_GBAKOBEN_03657	100.000	222	0	0	1	222	1	222	3.67e-168	454
SA20153983_GBAKOBEN_03657	SA20153983_GBAKOBEN_03662	29.730	37	26	0	17	53	110	146	0.81	20.8
SA20153983_GBAKOBEN_03657	SA20153983_GBAKOBEN_03659	35.484	31	19	1	124	154	290	319	7.1	18.1
SA20153983_GBAKOBEN_03658	SA20153983_GBAKOBEN_03658	100.000	449	0	0	1	449	1	449	0.0	860
SA20153983_GBAKOBEN_03658	SA20153983_GBAKOBEN_03654	32.500	40	27	0	50	89	216	255	1.5	21.6
SA20153983_GBAKOBEN_03658	SA20153983_GBAKOBEN_03659	32.432	37	24	1	139	174	77	113	3.1	20.4
SA20153983_GBAKOBEN_03658	SA20153983_GBAKOBEN_03663	31.579	19	13	0	11	29	384	402	5.0	19.6
SA20153983_GBAKOBEN_03659	SA20153983_GBAKOBEN_03659	100.000	548	0	0	1	548	1	548	0.0	1078
SA20153983_GBAKOBEN_03659	SA20153983_GBAKOBEN_03652	42.857	21	12	0	480	500	35	55	0.48	23.5
SA20153983_GBAKOBEN_03659	SA20153983_GBAKOBEN_03651	36.364	33	20	1	146	178	868	899	0.48	23.5
SA20153983_GBAKOBEN_03659	SA20153983_GBAKOBEN_03663	33.333	21	14	0	222	242	213	233	2.9	20.8
SA20153983_GBAKOBEN_03659	SA20153983_GBAKOBEN_03658	32.432	37	24	1	77	113	139	174	3.8	20.4
SA20153983_GBAKOBEN_03660	SA20153983_GBAKOBEN_03660	100.000	295	0	0	1	295	1	295	0.0	603
SA20153983_GBAKOBEN_03660	SA20153983_GBAKOBEN_03647	30.233	43	27	1	39	78	136	178	0.008	27.7
SA20153983_GBAKOBEN_03660	SA20153983_GBAKOBEN_03650	40.000	20	12	0	245	264	360	379	6.2	18.9
SA20153983_GBAKOBEN_03660	SA20153983_GBAKOBEN_03651	55.556	9	4	0	221	229	3773	3781	8.8	18.5
SA20153983_GBAKOBEN_03660	SA20153983_GBAKOBEN_03655	36.842	19	12	0	13	31	83	101	8.8	17.7
SA20153983_GBAKOBEN_03660	SA20153983_GBAKOBEN_03665	43.750	16	7	1	259	272	224	239	9.0	18.5
SA20153983_GBAKOBEN_03661	SA20153983_GBAKOBEN_03661	100.000	136	0	0	1	136	1	136	3.54e-96	265
SA20153983_GBAKOBEN_03661	SA20153983_GBAKOBEN_03659	38.095	21	13	0	82	102	52	72	1.8	19.2
SA20153983_GBAKOBEN_03661	SA20153983_GBAKOBEN_03663	70.000	10	3	0	112	121	475	484	5.3	17.7
SA20153983_GBAKOBEN_03661	SA20153983_GBAKOBEN_03657	28.571	35	24	1	69	102	164	198	7.6	17.3
SA20153983_GBAKOBEN_03662	SA20153983_GBAKOBEN_03662	100.000	229	0	0	1	229	1	229	6.58e-168	454
SA20153983_GBAKOBEN_03662	SA20153983_GBAKOBEN_03657	28.947	38	27	0	109	146	16	53	0.90	20.8
SA20153983_GBAKOBEN_03662	SA20153983_GBAKOBEN_03666	25.532	47	35	0	116	162	166	212	1.2	20.8
SA20153983_GBAKOBEN_03662	SA20153983_GBAKOBEN_03651	47.368	19	10	0	96	114	4444	4462	3.8	19.2
SA20153983_GBAKOBEN_03663	SA20153983_GBAKOBEN_03663	100.000	549	0	0	1	549	1	549	0.0	1092
SA20153983_GBAKOBEN_03663	SA20153983_GBAKOBEN_03666	25.974	77	38	3	321	378	259	335	1.2	21.9
SA20153983_GBAKOBEN_03663	SA20153983_GBAKOBEN_03653	39.394	33	17	1	357	389	46	75	1.4	20.8
SA20153983_GBAKOBEN_03663	SA20153983_GBAKOBEN_03659	33.333	21	14	0	213	233	222	242	2.9	20.8
SA20153983_GBAKOBEN_03663	SA20153983_GBAKOBEN_03651	60.000	15	6	0	366	380	5019	5033	3.5	20.8
SA20153983_GBAKOBEN_03663	SA20153983_GBAKOBEN_03658	31.579	19	13	0	384	402	11	29	5.7	20.0
SA20153983_GBAKOBEN_03663	SA20153983_GBAKOBEN_03646	35.000	20	12	1	20	39	43	61	8.7	19.2
SA20153983_GBAKOBEN_03664	SA20153983_GBAKOBEN_03664	100.000	104	0	0	1	104	1	104	1.02e-75	210
SA20153983_GBAKOBEN_03664	SA20153983_GBAKOBEN_03651	30.612	49	30	2	57	103	4433	4479	5.9	17.3
SA20153983_GBAKOBEN_03665	SA20153983_GBAKOBEN_03665	100.000	652	0	0	1	652	1	652	0.0	1352
SA20153983_GBAKOBEN_03666	SA20153983_GBAKOBEN_03666	100.000	478	0	0	1	478	1	478	0.0	1006
SA20153983_GBAKOBEN_03666	SA20153983_GBAKOBEN_03663	27.273	77	37	4	259	335	321	378	1.0	21.9
SA20153983_GBAKOBEN_03666	SA20153983_GBAKOBEN_03662	25.532	47	35	0	166	212	116	162	2.7	20.4
SA20153983_GBAKOBEN_03666	SA20153983_GBAKOBEN_03665	41.667	24	11	1	286	306	248	271	8.8	19.2
SA20160190_KJBEGOPM_02852	SA20160190_KJBEGOPM_02852	100.000	176	0	0	1	176	1	176	4.04e-130	353
SA20160190_KJBEGOPM_02852	SA20160190_KJBEGOPM_02857	24.272	103	73	2	11	112	4235	4333	1.1	20.4
SA20160190_KJBEGOPM_02852	SA20160190_KJBEGOPM_02861	28.571	35	24	1	53	86	34	68	2.2	18.9
SA20160190_KJBEGOPM_02852	SA20160190_KJBEGOPM_02869	35.000	20	12	1	43	61	20	39	2.8	19.2
SA20160190_KJBEGOPM_02852	SA20160190_KJBEGOPM_02855	18.000	50	41	0	123	172	285	334	4.0	18.5
SA20160190_KJBEGOPM_02853	SA20160190_KJBEGOPM_02853	100.000	210	0	0	1	210	1	210	6.17e-158	427
SA20160190_KJBEGOPM_02853	SA20160190_KJBEGOPM_02866	30.233	43	27	1	136	178	39	78	0.014	26.6
SA20160190_KJBEGOPM_02853	SA20160190_KJBEGOPM_02855	47.826	23	8	1	100	118	114	136	1.4	20.4
SA20160190_KJBEGOPM_02854	SA20160190_KJBEGOPM_02854	100.000	462	0	0	1	462	1	462	0.0	935
SA20160190_KJBEGOPM_02854	SA20160190_KJBEGOPM_02858	31.034	58	32	3	1	53	149	203	0.008	28.9
SA20160190_KJBEGOPM_02854	SA20160190_KJBEGOPM_02857	37.500	32	18	1	156	187	1900	1929	0.88	22.3
SA20160190_KJBEGOPM_02854	SA20160190_KJBEGOPM_02862	63.636	11	4	0	386	396	107	117	7.3	18.9
SA20160190_KJBEGOPM_02855	SA20160190_KJBEGOPM_02855	100.000	439	0	0	1	439	1	439	0.0	892
SA20160190_KJBEGOPM_02855	SA20160190_KJBEGOPM_02853	47.826	23	8	1	114	136	100	118	2.9	20.4
SA20160190_KJBEGOPM_02855	SA20160190_KJBEGOPM_02857	32.258	31	21	0	113	143	4287	4317	9.7	18.9
SA20160190_KJBEGOPM_02856	SA20160190_KJBEGOPM_02856	100.000	425	0	0	1	425	1	425	0.0	844
SA20160190_KJBEGOPM_02856	SA20160190_KJBEGOPM_02857	31.250	48	28	1	198	240	4569	4616	0.31	23.9
SA20160190_KJBEGOPM_02856	SA20160190_KJBEGOPM_02858	39.130	23	14	0	207	229	213	235	1.0	21.9
SA20160190_KJBEGOPM_02856	SA20160190_KJBEGOPM_02866	40.000	20	12	0	360	379	245	264	8.2	18.9
SA20160190_KJBEGOPM_02857	SA20160190_KJBEGOPM_02857	100.000	5560	0	0	1	5560	1	5560	0.0	11094
SA20160190_KJBEGOPM_02857	SA20160190_KJBEGOPM_02856	31.250	48	28	1	4569	4616	198	240	3.6	23.9
SA20160190_KJBEGOPM_02858	SA20160190_KJBEGOPM_02858	100.000	688	0	0	1	688	1	688	0.0	1395
SA20160190_KJBEGOPM_02858	SA20160190_KJBEGOPM_02854	31.034	58	32	3	149	203	1	53	0.012	28.9
SA20160190_KJBEGOPM_02858	SA20160190_KJBEGOPM_02865	42.857	21	12	0	35	55	480	500	0.61	23.5
SA20160190_KJBEGOPM_02858	SA20160190_KJBEGOPM_02856	39.130	23	14	0	213	235	207	229	1.7	21.9
SA20160190_KJBEGOPM_02858	SA20160190_KJBEGOPM_02860	42.105	19	11	0	138	156	82	100	2.9	21.2
SA20160190_KJBEGOPM_02858	SA20160190_KJBEGOPM_02861	30.303	33	23	0	255	287	52	84	6.2	19.6
SA20160190_KJBEGOPM_02858	SA20160190_KJBEGOPM_02857	42.857	14	8	0	71	84	2936	2949	6.9	20.0
SA20160190_KJBEGOPM_02859	SA20160190_KJBEGOPM_02859	100.000	93	0	0	1	93	1	93	1.96e-66	186
SA20160190_KJBEGOPM_02859	SA20160190_KJBEGOPM_02869	31.111	45	28	1	46	87	357	401	0.23	20.8
SA20160190_KJBEGOPM_02859	SA20160190_KJBEGOPM_02858	55.556	9	4	0	27	35	34	42	4.3	17.3
SA20160190_KJBEGOPM_02859	SA20160190_KJBEGOPM_02857	45.455	11	6	0	81	91	5074	5084	5.7	16.9
SA20160190_KJBEGOPM_02860	SA20160190_KJBEGOPM_02860	100.000	533	0	0	1	533	1	533	0.0	1107
SA20160190_KJBEGOPM_02860	SA20160190_KJBEGOPM_02858	42.105	19	11	0	82	100	138	156	2.2	21.2
SA20160190_KJBEGOPM_02860	SA20160190_KJBEGOPM_02857	61.538	13	5	0	513	525	3204	3216	4.9	20.4
SA20160190_KJBEGOPM_02861	SA20160190_KJBEGOPM_02861	100.000	107	0	0	1	107	1	107	1.34e-79	220
SA20160190_KJBEGOPM_02861	SA20160190_KJBEGOPM_02857	28.571	56	38	1	13	68	4978	5031	0.075	22.7
SA20160190_KJBEGOPM_02861	SA20160190_KJBEGOPM_02858	30.303	33	23	0	52	84	255	287	0.96	19.6
SA20160190_KJBEGOPM_02861	SA20160190_KJBEGOPM_02852	28.571	35	24	1	34	68	53	86	1.2	19.2
SA20160190_KJBEGOPM_02861	SA20160190_KJBEGOPM_02866	36.842	19	12	0	83	101	13	31	3.2	17.7
SA20160190_KJBEGOPM_02861	SA20160190_KJBEGOPM_02864	30.435	23	16	0	27	49	123	145	3.3	17.7
SA20160190_KJBEGOPM_02861	SA20160190_KJBEGOPM_02871	41.667	12	7	0	13	24	511	522	8.5	16.5
SA20160190_KJBEGOPM_02861	SA20160190_KJBEGOPM_02865	26.087	69	45	2	4	70	451	515	8.6	16.5
SA20160190_KJBEGOPM_02861	SA20160190_KJBEGOPM_02868	54.545	11	5	0	49	59	14	24	9.0	16.5
SA20160190_KJBEGOPM_02862	SA20160190_KJBEGOPM_02862	100.000	152	0	0	1	152	1	152	2.61e-113	309
SA20160190_KJBEGOPM_02862	SA20160190_KJBEGOPM_02854	63.636	11	4	0	107	117	386	396	2.4	18.9
SA20160190_KJBEGOPM_02862	SA20160190_KJBEGOPM_02865	52.381	21	9	1	95	115	493	512	2.6	18.9
SA20160190_KJBEGOPM_02862	SA20160190_KJBEGOPM_02857	43.750	16	9	0	4	19	4518	4533	5.9	17.7
SA20160190_KJBEGOPM_02863	SA20160190_KJBEGOPM_02863	100.000	222	0	0	1	222	1	222	9.64e-168	452
SA20160190_KJBEGOPM_02863	SA20160190_KJBEGOPM_02868	29.730	37	26	0	17	53	110	146	0.83	20.8
SA20160190_KJBEGOPM_02863	SA20160190_KJBEGOPM_02865	35.484	31	19	1	124	154	290	319	7.3	18.1
SA20160190_KJBEGOPM_02864	SA20160190_KJBEGOPM_02864	100.000	449	0	0	1	449	1	449	0.0	860
SA20160190_KJBEGOPM_02864	SA20160190_KJBEGOPM_02865	32.432	37	24	1	139	174	77	113	3.1	20.4
SA20160190_KJBEGOPM_02864	SA20160190_KJBEGOPM_02869	31.579	19	13	0	11	29	384	402	5.0	19.6
SA20160190_KJBEGOPM_02865	SA20160190_KJBEGOPM_02865	100.000	548	0	0	1	548	1	548	0.0	1078
SA20160190_KJBEGOPM_02865	SA20160190_KJBEGOPM_02857	36.364	33	20	1	146	178	868	899	0.48	23.5
SA20160190_KJBEGOPM_02865	SA20160190_KJBEGOPM_02858	42.857	21	12	0	480	500	35	55	0.49	23.5
SA20160190_KJBEGOPM_02865	SA20160190_KJBEGOPM_02869	33.333	21	14	0	222	242	213	233	2.8	20.8
SA20160190_KJBEGOPM_02865	SA20160190_KJBEGOPM_02864	32.432	37	24	1	77	113	139	174	3.8	20.4
SA20160190_KJBEGOPM_02866	SA20160190_KJBEGOPM_02866	100.000	295	0	0	1	295	1	295	0.0	603
SA20160190_KJBEGOPM_02866	SA20160190_KJBEGOPM_02853	30.233	43	27	1	39	78	136	178	0.019	26.6
SA20160190_KJBEGOPM_02866	SA20160190_KJBEGOPM_02856	40.000	20	12	0	245	264	360	379	6.2	18.9
SA20160190_KJBEGOPM_02866	SA20160190_KJBEGOPM_02869	42.857	14	8	0	177	190	233	246	7.2	18.5
SA20160190_KJBEGOPM_02866	SA20160190_KJBEGOPM_02861	36.842	19	12	0	13	31	83	101	8.9	17.7
SA20160190_KJBEGOPM_02867	SA20160190_KJBEGOPM_02867	100.000	136	0	0	1	136	1	136	2.41e-96	265
SA20160190_KJBEGOPM_02867	SA20160190_KJBEGOPM_02865	38.095	21	13	0	82	102	52	72	1.7	19.2
SA20160190_KJBEGOPM_02867	SA20160190_KJBEGOPM_02869	70.000	10	3	0	112	121	475	484	5.1	17.7
SA20160190_KJBEGOPM_02867	SA20160190_KJBEGOPM_02863	28.571	35	24	1	69	102	164	198	8.2	16.9
SA20160190_KJBEGOPM_02868	SA20160190_KJBEGOPM_02868	100.000	229	0	0	1	229	1	229	6.58e-168	454
SA20160190_KJBEGOPM_02868	SA20160190_KJBEGOPM_02863	28.947	38	27	0	109	146	16	53	0.89	20.8
SA20160190_KJBEGOPM_02868	SA20160190_KJBEGOPM_02857	47.368	19	10	0	96	114	4443	4461	3.8	19.2
SA20160190_KJBEGOPM_02868	SA20160190_KJBEGOPM_02872	23.404	47	36	0	116	162	166	212	5.9	18.5
SA20160190_KJBEGOPM_02869	SA20160190_KJBEGOPM_02869	100.000	549	0	0	1	549	1	549	0.0	1092
SA20160190_KJBEGOPM_02869	SA20160190_KJBEGOPM_02872	25.974	77	38	3	321	378	259	335	1.1	22.3
SA20160190_KJBEGOPM_02869	SA20160190_KJBEGOPM_02859	39.394	33	17	1	357	389	46	75	1.4	20.8
SA20160190_KJBEGOPM_02869	SA20160190_KJBEGOPM_02865	33.333	21	14	0	213	233	222	242	2.9	20.8
SA20160190_KJBEGOPM_02869	SA20160190_KJBEGOPM_02857	60.000	15	6	0	366	380	5018	5032	3.5	20.8
SA20160190_KJBEGOPM_02869	SA20160190_KJBEGOPM_02864	31.579	19	13	0	384	402	11	29	5.7	20.0
SA20160190_KJBEGOPM_02869	SA20160190_KJBEGOPM_02852	35.000	20	12	1	20	39	43	61	8.7	19.2
SA20160190_KJBEGOPM_02870	SA20160190_KJBEGOPM_02870	100.000	104	0	0	1	104	1	104	1.01e-75	210
SA20160190_KJBEGOPM_02870	SA20160190_KJBEGOPM_02857	50.000	10	5	0	4	13	1097	1106	7.3	16.9
SA20160190_KJBEGOPM_02871	SA20160190_KJBEGOPM_02871	100.000	652	0	0	1	652	1	652	0.0	1352
SA20160190_KJBEGOPM_02871	SA20160190_KJBEGOPM_02857	26.786	56	39	1	32	85	4782	4837	9.0	19.6
SA20160190_KJBEGOPM_02872	SA20160190_KJBEGOPM_02872	100.000	478	0	0	1	478	1	478	0.0	1006
SA20160190_KJBEGOPM_02872	SA20160190_KJBEGOPM_02869	27.273	77	37	4	259	335	321	378	0.97	22.3
SA20160190_KJBEGOPM_02872	SA20160190_KJBEGOPM_02871	41.667	24	11	1	286	306	248	271	8.7	19.2
