SA20160200_AKBDPEOC_03358	SA20160326_NMHJDFNH_03136	100.000	478	0	0	1	478	1	478	0.0	1006
SA20160200_AKBDPEOC_03358	SA20160326_NMHJDFNH_03133	27.273	77	37	4	259	335	321	378	1.0	22.3
SA20160200_AKBDPEOC_03358	SA20160326_NMHJDFNH_03132	25.532	47	35	0	166	212	116	162	2.7	20.4
SA20160200_AKBDPEOC_03358	SA20160326_NMHJDFNH_03121	26.786	56	36	2	28	81	4101	4153	4.4	20.0
SA20160200_AKBDPEOC_03358	SA20160326_NMHJDFNH_03135	41.667	24	11	1	286	306	248	271	9.0	19.2
SA20160200_AKBDPEOC_03359	SA20160326_NMHJDFNH_03135	100.000	652	0	0	1	652	1	652	0.0	1352
SA20160200_AKBDPEOC_03359	SA20160326_NMHJDFNH_03120	35.000	40	19	3	293	325	370	409	0.49	23.5
SA20160200_AKBDPEOC_03360	SA20160326_NMHJDFNH_03134	100.000	104	0	0	1	104	1	104	1.01e-75	210
SA20160200_AKBDPEOC_03360	SA20160326_NMHJDFNH_03121	50.000	10	5	0	4	13	1097	1106	7.3	16.9
SA20160200_AKBDPEOC_03361	SA20160326_NMHJDFNH_03133	100.000	549	0	0	1	549	1	549	0.0	1092
SA20160200_AKBDPEOC_03361	SA20160326_NMHJDFNH_03136	27.273	77	37	4	321	378	259	335	1.2	21.9
SA20160200_AKBDPEOC_03361	SA20160326_NMHJDFNH_03123	39.394	33	17	1	357	389	46	75	1.4	20.8
SA20160200_AKBDPEOC_03361	SA20160326_NMHJDFNH_03129	33.333	21	14	0	213	233	222	242	3.0	20.8
SA20160200_AKBDPEOC_03361	SA20160326_NMHJDFNH_03121	60.000	15	6	0	366	380	5019	5033	3.5	20.8
SA20160200_AKBDPEOC_03361	SA20160326_NMHJDFNH_03128	31.579	19	13	0	384	402	11	29	5.7	20.0
SA20160200_AKBDPEOC_03361	SA20160326_NMHJDFNH_03132	47.619	21	10	1	40	60	8	27	8.0	19.2
SA20160200_AKBDPEOC_03361	SA20160326_NMHJDFNH_03116	35.000	20	12	1	20	39	43	61	8.7	19.2
SA20160200_AKBDPEOC_03362	SA20160326_NMHJDFNH_03132	100.000	229	0	0	1	229	1	229	6.58e-168	454
SA20160200_AKBDPEOC_03362	SA20160326_NMHJDFNH_03127	28.947	38	27	0	109	146	16	53	0.89	20.8
SA20160200_AKBDPEOC_03362	SA20160326_NMHJDFNH_03136	25.532	47	35	0	116	162	166	212	1.2	20.8
SA20160200_AKBDPEOC_03362	SA20160326_NMHJDFNH_03133	47.619	21	10	1	8	27	40	60	3.5	19.2
SA20160200_AKBDPEOC_03362	SA20160326_NMHJDFNH_03121	47.368	19	10	0	96	114	4444	4462	3.8	19.2
SA20160200_AKBDPEOC_03363	SA20160326_NMHJDFNH_03131	100.000	136	0	0	1	136	1	136	3.54e-96	265
SA20160200_AKBDPEOC_03363	SA20160326_NMHJDFNH_03129	38.095	21	13	0	82	102	52	72	1.9	19.2
SA20160200_AKBDPEOC_03363	SA20160326_NMHJDFNH_03133	70.000	10	3	0	112	121	475	484	5.3	17.7
SA20160200_AKBDPEOC_03363	SA20160326_NMHJDFNH_03127	30.556	36	22	2	69	102	164	198	7.5	17.3
SA20160200_AKBDPEOC_03364	SA20160326_NMHJDFNH_03130	100.000	295	0	0	1	295	1	295	0.0	603
SA20160200_AKBDPEOC_03364	SA20160326_NMHJDFNH_03117	30.233	43	27	1	39	78	136	178	0.017	26.6
SA20160200_AKBDPEOC_03364	SA20160326_NMHJDFNH_03120	40.000	20	12	0	245	264	360	379	6.2	18.9
SA20160200_AKBDPEOC_03364	SA20160326_NMHJDFNH_03121	55.556	9	4	0	221	229	3773	3781	8.8	18.5
SA20160200_AKBDPEOC_03364	SA20160326_NMHJDFNH_03125	36.842	19	12	0	13	31	83	101	8.8	17.7
SA20160200_AKBDPEOC_03365	SA20160326_NMHJDFNH_03129	100.000	548	0	0	1	548	1	548	0.0	1078
SA20160200_AKBDPEOC_03365	SA20160326_NMHJDFNH_03121	36.364	33	20	1	146	178	868	899	0.48	23.5
SA20160200_AKBDPEOC_03365	SA20160326_NMHJDFNH_03122	42.857	21	12	0	480	500	35	55	0.50	23.5
SA20160200_AKBDPEOC_03365	SA20160326_NMHJDFNH_03133	33.333	21	14	0	222	242	213	233	2.8	20.8
SA20160200_AKBDPEOC_03365	SA20160326_NMHJDFNH_03128	32.432	37	24	1	77	113	139	174	3.8	20.4
SA20160200_AKBDPEOC_03365	SA20160326_NMHJDFNH_03126	52.381	21	9	1	493	512	95	115	9.4	18.9
SA20160200_AKBDPEOC_03366	SA20160326_NMHJDFNH_03128	100.000	449	0	0	1	449	1	449	0.0	860
SA20160200_AKBDPEOC_03366	SA20160326_NMHJDFNH_03124	32.500	40	27	0	50	89	216	255	1.8	21.2
SA20160200_AKBDPEOC_03366	SA20160326_NMHJDFNH_03129	32.432	37	24	1	139	174	77	113	3.1	20.4
SA20160200_AKBDPEOC_03366	SA20160326_NMHJDFNH_03133	31.579	19	13	0	11	29	384	402	5.0	19.6
SA20160200_AKBDPEOC_03367	SA20160326_NMHJDFNH_03127	100.000	222	0	0	1	222	1	222	9.64e-168	452
SA20160200_AKBDPEOC_03367	SA20160326_NMHJDFNH_03132	29.730	37	26	0	17	53	110	146	0.83	20.8
SA20160200_AKBDPEOC_03367	SA20160326_NMHJDFNH_03129	35.484	31	19	1	124	154	290	319	7.3	18.1
SA20160200_AKBDPEOC_03368	SA20160326_NMHJDFNH_03126	100.000	152	0	0	1	152	1	152	2.61e-113	309
SA20160200_AKBDPEOC_03368	SA20160326_NMHJDFNH_03121	32.143	28	19	0	84	111	2495	2522	1.3	20.0
SA20160200_AKBDPEOC_03368	SA20160326_NMHJDFNH_03118	63.636	11	4	0	107	117	386	396	2.4	18.9
SA20160200_AKBDPEOC_03368	SA20160326_NMHJDFNH_03129	52.381	21	9	1	95	115	493	512	2.6	18.9
SA20160200_AKBDPEOC_03369	SA20160326_NMHJDFNH_03125	100.000	107	0	0	1	107	1	107	1.34e-79	220
SA20160200_AKBDPEOC_03369	SA20160326_NMHJDFNH_03121	28.571	56	38	1	13	68	4979	5032	0.075	22.7
SA20160200_AKBDPEOC_03369	SA20160326_NMHJDFNH_03122	30.303	33	23	0	52	84	255	287	0.96	19.6
SA20160200_AKBDPEOC_03369	SA20160326_NMHJDFNH_03116	28.571	35	24	1	34	68	53	86	1.2	19.2
SA20160200_AKBDPEOC_03369	SA20160326_NMHJDFNH_03130	36.842	19	12	0	83	101	13	31	3.2	17.7
SA20160200_AKBDPEOC_03369	SA20160326_NMHJDFNH_03128	30.435	23	16	0	27	49	123	145	3.3	17.7
SA20160200_AKBDPEOC_03369	SA20160326_NMHJDFNH_03135	41.667	12	7	0	13	24	511	522	8.5	16.5
SA20160200_AKBDPEOC_03369	SA20160326_NMHJDFNH_03129	26.087	69	45	2	4	70	451	515	8.6	16.5
SA20160200_AKBDPEOC_03369	SA20160326_NMHJDFNH_03132	54.545	11	5	0	49	59	14	24	9.0	16.5
SA20160200_AKBDPEOC_03370	SA20160326_NMHJDFNH_03124	100.000	533	0	0	1	533	1	533	0.0	1108
SA20160200_AKBDPEOC_03370	SA20160326_NMHJDFNH_03128	32.500	40	27	0	216	255	50	89	2.2	21.2
SA20160200_AKBDPEOC_03370	SA20160326_NMHJDFNH_03122	42.105	19	11	0	82	100	138	156	2.2	21.2
SA20160200_AKBDPEOC_03371	SA20160326_NMHJDFNH_03123	100.000	93	0	0	1	93	1	93	1.96e-66	186
SA20160200_AKBDPEOC_03371	SA20160326_NMHJDFNH_03133	31.111	45	28	1	46	87	357	401	0.23	20.8
SA20160200_AKBDPEOC_03371	SA20160326_NMHJDFNH_03122	55.556	9	4	0	27	35	34	42	4.1	17.3
SA20160200_AKBDPEOC_03371	SA20160326_NMHJDFNH_03121	45.455	11	6	0	81	91	5075	5085	5.7	16.9
SA20160200_AKBDPEOC_03372	SA20160326_NMHJDFNH_03122	100.000	688	0	0	1	688	1	688	0.0	1395
SA20160200_AKBDPEOC_03372	SA20160326_NMHJDFNH_03118	29.310	58	33	3	149	203	1	53	0.062	26.6
SA20160200_AKBDPEOC_03372	SA20160326_NMHJDFNH_03129	42.857	21	12	0	35	55	480	500	0.60	23.5
SA20160200_AKBDPEOC_03372	SA20160326_NMHJDFNH_03120	39.130	23	14	0	213	235	207	229	1.7	21.9
SA20160200_AKBDPEOC_03372	SA20160326_NMHJDFNH_03124	42.105	19	11	0	138	156	82	100	2.9	21.2
SA20160200_AKBDPEOC_03372	SA20160326_NMHJDFNH_03125	30.303	33	23	0	255	287	52	84	6.2	19.6
SA20160200_AKBDPEOC_03373	SA20160326_NMHJDFNH_03121	100.000	5561	0	0	1	5561	1	5561	0.0	11081
SA20160200_AKBDPEOC_03373	SA20160326_NMHJDFNH_03118	37.500	32	18	1	1901	1930	156	187	3.5	23.9
SA20160200_AKBDPEOC_03373	SA20160326_NMHJDFNH_03120	31.250	48	28	1	4570	4617	198	240	3.7	23.9
SA20160200_AKBDPEOC_03373	SA20160326_NMHJDFNH_03125	28.571	56	38	1	4979	5032	13	68	3.9	22.7
SA20160200_AKBDPEOC_03373	SA20160326_NMHJDFNH_03129	36.364	33	20	1	868	899	146	178	4.9	23.5
SA20160200_AKBDPEOC_03374	SA20160326_NMHJDFNH_03120	100.000	425	0	0	1	425	1	425	0.0	844
SA20160200_AKBDPEOC_03374	SA20160326_NMHJDFNH_03135	35.000	40	19	3	370	409	293	325	0.30	23.5
SA20160200_AKBDPEOC_03374	SA20160326_NMHJDFNH_03121	31.250	48	28	1	198	240	4570	4617	0.31	23.9
SA20160200_AKBDPEOC_03374	SA20160326_NMHJDFNH_03122	39.130	23	14	0	207	229	213	235	0.97	21.9
SA20160200_AKBDPEOC_03374	SA20160326_NMHJDFNH_03130	40.000	20	12	0	360	379	245	264	8.4	18.9
SA20160200_AKBDPEOC_03375	SA20160326_NMHJDFNH_03119	100.000	439	0	0	1	439	1	439	0.0	892
SA20160200_AKBDPEOC_03375	SA20160326_NMHJDFNH_03117	47.826	23	8	1	114	136	100	118	3.3	20.0
SA20160200_AKBDPEOC_03375	SA20160326_NMHJDFNH_03121	32.258	31	21	0	113	143	4288	4318	9.2	18.9
SA20160200_AKBDPEOC_03376	SA20160326_NMHJDFNH_03118	100.000	462	0	0	1	462	1	462	0.0	935
SA20160200_AKBDPEOC_03376	SA20160326_NMHJDFNH_03122	29.310	58	33	3	1	53	149	203	0.043	26.6
SA20160200_AKBDPEOC_03376	SA20160326_NMHJDFNH_03121	37.500	32	18	1	156	187	1901	1930	0.28	23.9
SA20160200_AKBDPEOC_03376	SA20160326_NMHJDFNH_03126	63.636	11	4	0	386	396	107	117	7.3	18.9
SA20160200_AKBDPEOC_03377	SA20160326_NMHJDFNH_03117	100.000	210	0	0	1	210	1	210	5.35e-158	427
SA20160200_AKBDPEOC_03377	SA20160326_NMHJDFNH_03130	30.233	43	27	1	136	178	39	78	0.012	26.6
SA20160200_AKBDPEOC_03377	SA20160326_NMHJDFNH_03119	47.826	23	8	1	100	118	114	136	1.6	20.0
SA20160200_AKBDPEOC_03378	SA20160326_NMHJDFNH_03116	100.000	176	0	0	1	176	1	176	4.04e-130	353
SA20160200_AKBDPEOC_03378	SA20160326_NMHJDFNH_03121	24.272	103	73	2	11	112	4236	4334	1.1	20.4
SA20160200_AKBDPEOC_03378	SA20160326_NMHJDFNH_03125	28.571	35	24	1	53	86	34	68	2.2	18.9
SA20160200_AKBDPEOC_03378	SA20160326_NMHJDFNH_03133	35.000	20	12	1	43	61	20	39	2.8	19.2
SA20160200_AKBDPEOC_03378	SA20160326_NMHJDFNH_03119	18.000	50	41	0	123	172	285	334	3.9	18.5
SA20160326_NMHJDFNH_03116	SA20160326_NMHJDFNH_03116	100.000	176	0	0	1	176	1	176	4.04e-130	353
SA20160326_NMHJDFNH_03116	SA20160326_NMHJDFNH_03121	24.272	103	73	2	11	112	4236	4334	1.1	20.4
SA20160326_NMHJDFNH_03116	SA20160326_NMHJDFNH_03125	28.571	35	24	1	53	86	34	68	2.2	18.9
SA20160326_NMHJDFNH_03116	SA20160326_NMHJDFNH_03133	35.000	20	12	1	43	61	20	39	2.8	19.2
SA20160326_NMHJDFNH_03116	SA20160326_NMHJDFNH_03119	18.000	50	41	0	123	172	285	334	3.9	18.5
SA20160326_NMHJDFNH_03117	SA20160326_NMHJDFNH_03117	100.000	210	0	0	1	210	1	210	5.35e-158	427
SA20160326_NMHJDFNH_03117	SA20160326_NMHJDFNH_03130	30.233	43	27	1	136	178	39	78	0.012	26.6
SA20160326_NMHJDFNH_03117	SA20160326_NMHJDFNH_03119	47.826	23	8	1	100	118	114	136	1.6	20.0
SA20160326_NMHJDFNH_03118	SA20160326_NMHJDFNH_03118	100.000	462	0	0	1	462	1	462	0.0	935
SA20160326_NMHJDFNH_03118	SA20160326_NMHJDFNH_03122	29.310	58	33	3	1	53	149	203	0.043	26.6
SA20160326_NMHJDFNH_03118	SA20160326_NMHJDFNH_03121	37.500	32	18	1	156	187	1901	1930	0.28	23.9
SA20160326_NMHJDFNH_03118	SA20160326_NMHJDFNH_03126	63.636	11	4	0	386	396	107	117	7.3	18.9
SA20160326_NMHJDFNH_03119	SA20160326_NMHJDFNH_03119	100.000	439	0	0	1	439	1	439	0.0	892
SA20160326_NMHJDFNH_03119	SA20160326_NMHJDFNH_03117	47.826	23	8	1	114	136	100	118	3.3	20.0
SA20160326_NMHJDFNH_03119	SA20160326_NMHJDFNH_03121	32.258	31	21	0	113	143	4288	4318	9.2	18.9
SA20160326_NMHJDFNH_03120	SA20160326_NMHJDFNH_03120	100.000	425	0	0	1	425	1	425	0.0	844
SA20160326_NMHJDFNH_03120	SA20160326_NMHJDFNH_03121	31.250	48	28	1	198	240	4570	4617	0.31	23.9
SA20160326_NMHJDFNH_03120	SA20160326_NMHJDFNH_03122	39.130	23	14	0	207	229	213	235	0.97	21.9
SA20160326_NMHJDFNH_03120	SA20160326_NMHJDFNH_03130	40.000	20	12	0	360	379	245	264	8.4	18.9
SA20160326_NMHJDFNH_03121	SA20160326_NMHJDFNH_03121	100.000	5561	0	0	1	5561	1	5561	0.0	11081
SA20160326_NMHJDFNH_03121	SA20160326_NMHJDFNH_03118	37.500	32	18	1	1901	1930	156	187	3.5	23.9
SA20160326_NMHJDFNH_03121	SA20160326_NMHJDFNH_03120	31.250	48	28	1	4570	4617	198	240	3.7	23.9
SA20160326_NMHJDFNH_03122	SA20160326_NMHJDFNH_03122	100.000	688	0	0	1	688	1	688	0.0	1395
SA20160326_NMHJDFNH_03122	SA20160326_NMHJDFNH_03118	29.310	58	33	3	149	203	1	53	0.062	26.6
SA20160326_NMHJDFNH_03122	SA20160326_NMHJDFNH_03129	42.857	21	12	0	35	55	480	500	0.60	23.5
SA20160326_NMHJDFNH_03122	SA20160326_NMHJDFNH_03120	39.130	23	14	0	213	235	207	229	1.7	21.9
SA20160326_NMHJDFNH_03122	SA20160326_NMHJDFNH_03124	42.105	19	11	0	138	156	82	100	2.9	21.2
SA20160326_NMHJDFNH_03122	SA20160326_NMHJDFNH_03125	30.303	33	23	0	255	287	52	84	6.2	19.6
SA20160326_NMHJDFNH_03123	SA20160326_NMHJDFNH_03123	100.000	93	0	0	1	93	1	93	1.96e-66	186
SA20160326_NMHJDFNH_03123	SA20160326_NMHJDFNH_03133	31.111	45	28	1	46	87	357	401	0.23	20.8
SA20160326_NMHJDFNH_03123	SA20160326_NMHJDFNH_03122	55.556	9	4	0	27	35	34	42	4.1	17.3
SA20160326_NMHJDFNH_03123	SA20160326_NMHJDFNH_03121	45.455	11	6	0	81	91	5075	5085	5.7	16.9
SA20160326_NMHJDFNH_03124	SA20160326_NMHJDFNH_03124	100.000	533	0	0	1	533	1	533	0.0	1108
SA20160326_NMHJDFNH_03124	SA20160326_NMHJDFNH_03128	32.500	40	27	0	216	255	50	89	2.2	21.2
SA20160326_NMHJDFNH_03124	SA20160326_NMHJDFNH_03122	42.105	19	11	0	82	100	138	156	2.2	21.2
SA20160326_NMHJDFNH_03125	SA20160326_NMHJDFNH_03125	100.000	107	0	0	1	107	1	107	1.34e-79	220
SA20160326_NMHJDFNH_03125	SA20160326_NMHJDFNH_03121	28.571	56	38	1	13	68	4979	5032	0.075	22.7
SA20160326_NMHJDFNH_03125	SA20160326_NMHJDFNH_03122	30.303	33	23	0	52	84	255	287	0.96	19.6
SA20160326_NMHJDFNH_03125	SA20160326_NMHJDFNH_03116	28.571	35	24	1	34	68	53	86	1.2	19.2
SA20160326_NMHJDFNH_03125	SA20160326_NMHJDFNH_03130	36.842	19	12	0	83	101	13	31	3.2	17.7
SA20160326_NMHJDFNH_03125	SA20160326_NMHJDFNH_03128	30.435	23	16	0	27	49	123	145	3.3	17.7
SA20160326_NMHJDFNH_03125	SA20160326_NMHJDFNH_03135	41.667	12	7	0	13	24	511	522	8.5	16.5
SA20160326_NMHJDFNH_03125	SA20160326_NMHJDFNH_03129	26.087	69	45	2	4	70	451	515	8.6	16.5
SA20160326_NMHJDFNH_03125	SA20160326_NMHJDFNH_03132	54.545	11	5	0	49	59	14	24	9.0	16.5
SA20160326_NMHJDFNH_03126	SA20160326_NMHJDFNH_03126	100.000	152	0	0	1	152	1	152	2.61e-113	309
SA20160326_NMHJDFNH_03126	SA20160326_NMHJDFNH_03121	32.143	28	19	0	84	111	2495	2522	1.3	20.0
SA20160326_NMHJDFNH_03126	SA20160326_NMHJDFNH_03118	63.636	11	4	0	107	117	386	396	2.4	18.9
SA20160326_NMHJDFNH_03126	SA20160326_NMHJDFNH_03129	52.381	21	9	1	95	115	493	512	2.6	18.9
SA20160326_NMHJDFNH_03127	SA20160326_NMHJDFNH_03127	100.000	222	0	0	1	222	1	222	9.64e-168	452
SA20160326_NMHJDFNH_03127	SA20160326_NMHJDFNH_03132	29.730	37	26	0	17	53	110	146	0.83	20.8
SA20160326_NMHJDFNH_03127	SA20160326_NMHJDFNH_03129	35.484	31	19	1	124	154	290	319	7.3	18.1
SA20160326_NMHJDFNH_03128	SA20160326_NMHJDFNH_03128	100.000	449	0	0	1	449	1	449	0.0	860
SA20160326_NMHJDFNH_03128	SA20160326_NMHJDFNH_03124	32.500	40	27	0	50	89	216	255	1.8	21.2
SA20160326_NMHJDFNH_03128	SA20160326_NMHJDFNH_03129	32.432	37	24	1	139	174	77	113	3.1	20.4
SA20160326_NMHJDFNH_03128	SA20160326_NMHJDFNH_03133	31.579	19	13	0	11	29	384	402	5.0	19.6
SA20160326_NMHJDFNH_03129	SA20160326_NMHJDFNH_03129	100.000	548	0	0	1	548	1	548	0.0	1078
SA20160326_NMHJDFNH_03129	SA20160326_NMHJDFNH_03121	36.364	33	20	1	146	178	868	899	0.48	23.5
SA20160326_NMHJDFNH_03129	SA20160326_NMHJDFNH_03122	42.857	21	12	0	480	500	35	55	0.50	23.5
SA20160326_NMHJDFNH_03129	SA20160326_NMHJDFNH_03133	33.333	21	14	0	222	242	213	233	2.8	20.8
SA20160326_NMHJDFNH_03129	SA20160326_NMHJDFNH_03128	32.432	37	24	1	77	113	139	174	3.8	20.4
SA20160326_NMHJDFNH_03130	SA20160326_NMHJDFNH_03130	100.000	295	0	0	1	295	1	295	0.0	603
SA20160326_NMHJDFNH_03130	SA20160326_NMHJDFNH_03117	30.233	43	27	1	39	78	136	178	0.017	26.6
SA20160326_NMHJDFNH_03130	SA20160326_NMHJDFNH_03120	40.000	20	12	0	245	264	360	379	6.2	18.9
SA20160326_NMHJDFNH_03130	SA20160326_NMHJDFNH_03121	55.556	9	4	0	221	229	3773	3781	8.8	18.5
SA20160326_NMHJDFNH_03130	SA20160326_NMHJDFNH_03125	36.842	19	12	0	13	31	83	101	8.8	17.7
SA20160326_NMHJDFNH_03131	SA20160326_NMHJDFNH_03131	100.000	136	0	0	1	136	1	136	3.54e-96	265
SA20160326_NMHJDFNH_03131	SA20160326_NMHJDFNH_03129	38.095	21	13	0	82	102	52	72	1.9	19.2
SA20160326_NMHJDFNH_03131	SA20160326_NMHJDFNH_03133	70.000	10	3	0	112	121	475	484	5.3	17.7
SA20160326_NMHJDFNH_03131	SA20160326_NMHJDFNH_03127	30.556	36	22	2	69	102	164	198	7.5	17.3
SA20160326_NMHJDFNH_03132	SA20160326_NMHJDFNH_03132	100.000	229	0	0	1	229	1	229	6.58e-168	454
SA20160326_NMHJDFNH_03132	SA20160326_NMHJDFNH_03127	28.947	38	27	0	109	146	16	53	0.89	20.8
SA20160326_NMHJDFNH_03132	SA20160326_NMHJDFNH_03136	25.532	47	35	0	116	162	166	212	1.2	20.8
SA20160326_NMHJDFNH_03132	SA20160326_NMHJDFNH_03121	47.368	19	10	0	96	114	4444	4462	3.8	19.2
SA20160326_NMHJDFNH_03133	SA20160326_NMHJDFNH_03133	100.000	549	0	0	1	549	1	549	0.0	1092
SA20160326_NMHJDFNH_03133	SA20160326_NMHJDFNH_03136	27.273	77	37	4	321	378	259	335	1.2	21.9
SA20160326_NMHJDFNH_03133	SA20160326_NMHJDFNH_03123	39.394	33	17	1	357	389	46	75	1.4	20.8
SA20160326_NMHJDFNH_03133	SA20160326_NMHJDFNH_03129	33.333	21	14	0	213	233	222	242	3.0	20.8
SA20160326_NMHJDFNH_03133	SA20160326_NMHJDFNH_03121	60.000	15	6	0	366	380	5019	5033	3.5	20.8
SA20160326_NMHJDFNH_03133	SA20160326_NMHJDFNH_03128	31.579	19	13	0	384	402	11	29	5.7	20.0
SA20160326_NMHJDFNH_03133	SA20160326_NMHJDFNH_03116	35.000	20	12	1	20	39	43	61	8.7	19.2
SA20160326_NMHJDFNH_03134	SA20160326_NMHJDFNH_03134	100.000	104	0	0	1	104	1	104	1.01e-75	210
SA20160326_NMHJDFNH_03134	SA20160326_NMHJDFNH_03121	50.000	10	5	0	4	13	1097	1106	7.3	16.9
SA20160326_NMHJDFNH_03135	SA20160326_NMHJDFNH_03135	100.000	652	0	0	1	652	1	652	0.0	1352
SA20160326_NMHJDFNH_03136	SA20160326_NMHJDFNH_03136	100.000	478	0	0	1	478	1	478	0.0	1006
SA20160326_NMHJDFNH_03136	SA20160326_NMHJDFNH_03133	27.273	77	37	4	259	335	321	378	1.0	22.3
SA20160326_NMHJDFNH_03136	SA20160326_NMHJDFNH_03132	25.532	47	35	0	166	212	116	162	2.7	20.4
SA20160326_NMHJDFNH_03136	SA20160326_NMHJDFNH_03121	26.786	56	36	2	28	81	4101	4153	4.4	20.0
SA20160326_NMHJDFNH_03136	SA20160326_NMHJDFNH_03135	41.667	24	11	1	286	306	248	271	9.0	19.2
SA20160200_AKBDPEOC_03358	SA20160200_AKBDPEOC_03358	100.000	478	0	0	1	478	1	478	0.0	1006
SA20160200_AKBDPEOC_03358	SA20160200_AKBDPEOC_03361	27.273	77	37	4	259	335	321	378	1.0	22.3
SA20160200_AKBDPEOC_03358	SA20160200_AKBDPEOC_03362	25.532	47	35	0	166	212	116	162	2.7	20.4
SA20160200_AKBDPEOC_03358	SA20160200_AKBDPEOC_03373	26.786	56	36	2	28	81	4101	4153	4.4	20.0
SA20160200_AKBDPEOC_03358	SA20160200_AKBDPEOC_03359	41.667	24	11	1	286	306	248	271	9.0	19.2
SA20160200_AKBDPEOC_03359	SA20160200_AKBDPEOC_03359	100.000	652	0	0	1	652	1	652	0.0	1352
SA20160200_AKBDPEOC_03360	SA20160200_AKBDPEOC_03360	100.000	104	0	0	1	104	1	104	1.01e-75	210
SA20160200_AKBDPEOC_03360	SA20160200_AKBDPEOC_03373	50.000	10	5	0	4	13	1097	1106	7.3	16.9
SA20160200_AKBDPEOC_03361	SA20160200_AKBDPEOC_03361	100.000	549	0	0	1	549	1	549	0.0	1092
SA20160200_AKBDPEOC_03361	SA20160200_AKBDPEOC_03358	27.273	77	37	4	321	378	259	335	1.2	21.9
SA20160200_AKBDPEOC_03361	SA20160200_AKBDPEOC_03371	39.394	33	17	1	357	389	46	75	1.4	20.8
SA20160200_AKBDPEOC_03361	SA20160200_AKBDPEOC_03365	33.333	21	14	0	213	233	222	242	3.0	20.8
SA20160200_AKBDPEOC_03361	SA20160200_AKBDPEOC_03373	60.000	15	6	0	366	380	5019	5033	3.5	20.8
SA20160200_AKBDPEOC_03361	SA20160200_AKBDPEOC_03366	31.579	19	13	0	384	402	11	29	5.7	20.0
SA20160200_AKBDPEOC_03361	SA20160200_AKBDPEOC_03378	35.000	20	12	1	20	39	43	61	8.7	19.2
SA20160200_AKBDPEOC_03362	SA20160200_AKBDPEOC_03362	100.000	229	0	0	1	229	1	229	6.58e-168	454
SA20160200_AKBDPEOC_03362	SA20160200_AKBDPEOC_03367	28.947	38	27	0	109	146	16	53	0.89	20.8
SA20160200_AKBDPEOC_03362	SA20160200_AKBDPEOC_03358	25.532	47	35	0	116	162	166	212	1.2	20.8
SA20160200_AKBDPEOC_03362	SA20160200_AKBDPEOC_03373	47.368	19	10	0	96	114	4444	4462	3.8	19.2
SA20160200_AKBDPEOC_03363	SA20160200_AKBDPEOC_03363	100.000	136	0	0	1	136	1	136	3.54e-96	265
SA20160200_AKBDPEOC_03363	SA20160200_AKBDPEOC_03365	38.095	21	13	0	82	102	52	72	1.9	19.2
SA20160200_AKBDPEOC_03363	SA20160200_AKBDPEOC_03361	70.000	10	3	0	112	121	475	484	5.3	17.7
SA20160200_AKBDPEOC_03363	SA20160200_AKBDPEOC_03367	30.556	36	22	2	69	102	164	198	7.5	17.3
SA20160200_AKBDPEOC_03364	SA20160200_AKBDPEOC_03364	100.000	295	0	0	1	295	1	295	0.0	603
SA20160200_AKBDPEOC_03364	SA20160200_AKBDPEOC_03377	30.233	43	27	1	39	78	136	178	0.017	26.6
SA20160200_AKBDPEOC_03364	SA20160200_AKBDPEOC_03374	40.000	20	12	0	245	264	360	379	6.2	18.9
SA20160200_AKBDPEOC_03364	SA20160200_AKBDPEOC_03373	55.556	9	4	0	221	229	3773	3781	8.8	18.5
SA20160200_AKBDPEOC_03364	SA20160200_AKBDPEOC_03369	36.842	19	12	0	13	31	83	101	8.8	17.7
SA20160200_AKBDPEOC_03365	SA20160200_AKBDPEOC_03365	100.000	548	0	0	1	548	1	548	0.0	1078
SA20160200_AKBDPEOC_03365	SA20160200_AKBDPEOC_03373	36.364	33	20	1	146	178	868	899	0.48	23.5
SA20160200_AKBDPEOC_03365	SA20160200_AKBDPEOC_03372	42.857	21	12	0	480	500	35	55	0.50	23.5
SA20160200_AKBDPEOC_03365	SA20160200_AKBDPEOC_03361	33.333	21	14	0	222	242	213	233	2.8	20.8
SA20160200_AKBDPEOC_03365	SA20160200_AKBDPEOC_03366	32.432	37	24	1	77	113	139	174	3.8	20.4
SA20160200_AKBDPEOC_03366	SA20160200_AKBDPEOC_03366	100.000	449	0	0	1	449	1	449	0.0	860
SA20160200_AKBDPEOC_03366	SA20160200_AKBDPEOC_03370	32.500	40	27	0	50	89	216	255	1.8	21.2
SA20160200_AKBDPEOC_03366	SA20160200_AKBDPEOC_03365	32.432	37	24	1	139	174	77	113	3.1	20.4
SA20160200_AKBDPEOC_03366	SA20160200_AKBDPEOC_03361	31.579	19	13	0	11	29	384	402	5.0	19.6
SA20160200_AKBDPEOC_03367	SA20160200_AKBDPEOC_03367	100.000	222	0	0	1	222	1	222	9.64e-168	452
SA20160200_AKBDPEOC_03367	SA20160200_AKBDPEOC_03362	29.730	37	26	0	17	53	110	146	0.83	20.8
SA20160200_AKBDPEOC_03367	SA20160200_AKBDPEOC_03365	35.484	31	19	1	124	154	290	319	7.3	18.1
SA20160200_AKBDPEOC_03368	SA20160200_AKBDPEOC_03368	100.000	152	0	0	1	152	1	152	2.61e-113	309
SA20160200_AKBDPEOC_03368	SA20160200_AKBDPEOC_03373	32.143	28	19	0	84	111	2495	2522	1.3	20.0
SA20160200_AKBDPEOC_03368	SA20160200_AKBDPEOC_03376	63.636	11	4	0	107	117	386	396	2.4	18.9
SA20160200_AKBDPEOC_03368	SA20160200_AKBDPEOC_03365	52.381	21	9	1	95	115	493	512	2.6	18.9
SA20160200_AKBDPEOC_03369	SA20160200_AKBDPEOC_03369	100.000	107	0	0	1	107	1	107	1.34e-79	220
SA20160200_AKBDPEOC_03369	SA20160200_AKBDPEOC_03373	28.571	56	38	1	13	68	4979	5032	0.075	22.7
SA20160200_AKBDPEOC_03369	SA20160200_AKBDPEOC_03372	30.303	33	23	0	52	84	255	287	0.96	19.6
SA20160200_AKBDPEOC_03369	SA20160200_AKBDPEOC_03378	28.571	35	24	1	34	68	53	86	1.2	19.2
SA20160200_AKBDPEOC_03369	SA20160200_AKBDPEOC_03364	36.842	19	12	0	83	101	13	31	3.2	17.7
SA20160200_AKBDPEOC_03369	SA20160200_AKBDPEOC_03366	30.435	23	16	0	27	49	123	145	3.3	17.7
SA20160200_AKBDPEOC_03369	SA20160200_AKBDPEOC_03359	41.667	12	7	0	13	24	511	522	8.5	16.5
SA20160200_AKBDPEOC_03369	SA20160200_AKBDPEOC_03365	26.087	69	45	2	4	70	451	515	8.6	16.5
SA20160200_AKBDPEOC_03369	SA20160200_AKBDPEOC_03362	54.545	11	5	0	49	59	14	24	9.0	16.5
SA20160200_AKBDPEOC_03370	SA20160200_AKBDPEOC_03370	100.000	533	0	0	1	533	1	533	0.0	1108
SA20160200_AKBDPEOC_03370	SA20160200_AKBDPEOC_03366	32.500	40	27	0	216	255	50	89	2.2	21.2
SA20160200_AKBDPEOC_03370	SA20160200_AKBDPEOC_03372	42.105	19	11	0	82	100	138	156	2.2	21.2
SA20160200_AKBDPEOC_03371	SA20160200_AKBDPEOC_03371	100.000	93	0	0	1	93	1	93	1.96e-66	186
SA20160200_AKBDPEOC_03371	SA20160200_AKBDPEOC_03361	31.111	45	28	1	46	87	357	401	0.23	20.8
SA20160200_AKBDPEOC_03371	SA20160200_AKBDPEOC_03372	55.556	9	4	0	27	35	34	42	4.1	17.3
SA20160200_AKBDPEOC_03371	SA20160200_AKBDPEOC_03373	45.455	11	6	0	81	91	5075	5085	5.7	16.9
SA20160200_AKBDPEOC_03372	SA20160200_AKBDPEOC_03372	100.000	688	0	0	1	688	1	688	0.0	1395
SA20160200_AKBDPEOC_03372	SA20160200_AKBDPEOC_03376	29.310	58	33	3	149	203	1	53	0.062	26.6
SA20160200_AKBDPEOC_03372	SA20160200_AKBDPEOC_03365	42.857	21	12	0	35	55	480	500	0.60	23.5
SA20160200_AKBDPEOC_03372	SA20160200_AKBDPEOC_03374	39.130	23	14	0	213	235	207	229	1.7	21.9
SA20160200_AKBDPEOC_03372	SA20160200_AKBDPEOC_03370	42.105	19	11	0	138	156	82	100	2.9	21.2
SA20160200_AKBDPEOC_03372	SA20160200_AKBDPEOC_03369	30.303	33	23	0	255	287	52	84	6.2	19.6
SA20160200_AKBDPEOC_03373	SA20160200_AKBDPEOC_03373	100.000	5561	0	0	1	5561	1	5561	0.0	11081
SA20160200_AKBDPEOC_03373	SA20160200_AKBDPEOC_03376	37.500	32	18	1	1901	1930	156	187	3.5	23.9
SA20160200_AKBDPEOC_03373	SA20160200_AKBDPEOC_03374	31.250	48	28	1	4570	4617	198	240	3.7	23.9
SA20160200_AKBDPEOC_03374	SA20160200_AKBDPEOC_03374	100.000	425	0	0	1	425	1	425	0.0	844
SA20160200_AKBDPEOC_03374	SA20160200_AKBDPEOC_03373	31.250	48	28	1	198	240	4570	4617	0.31	23.9
SA20160200_AKBDPEOC_03374	SA20160200_AKBDPEOC_03372	39.130	23	14	0	207	229	213	235	0.97	21.9
SA20160200_AKBDPEOC_03374	SA20160200_AKBDPEOC_03364	40.000	20	12	0	360	379	245	264	8.4	18.9
SA20160200_AKBDPEOC_03375	SA20160200_AKBDPEOC_03375	100.000	439	0	0	1	439	1	439	0.0	892
SA20160200_AKBDPEOC_03375	SA20160200_AKBDPEOC_03377	47.826	23	8	1	114	136	100	118	3.3	20.0
SA20160200_AKBDPEOC_03375	SA20160200_AKBDPEOC_03373	32.258	31	21	0	113	143	4288	4318	9.2	18.9
SA20160200_AKBDPEOC_03376	SA20160200_AKBDPEOC_03376	100.000	462	0	0	1	462	1	462	0.0	935
SA20160200_AKBDPEOC_03376	SA20160200_AKBDPEOC_03372	29.310	58	33	3	1	53	149	203	0.043	26.6
SA20160200_AKBDPEOC_03376	SA20160200_AKBDPEOC_03373	37.500	32	18	1	156	187	1901	1930	0.28	23.9
SA20160200_AKBDPEOC_03376	SA20160200_AKBDPEOC_03368	63.636	11	4	0	386	396	107	117	7.3	18.9
SA20160200_AKBDPEOC_03377	SA20160200_AKBDPEOC_03377	100.000	210	0	0	1	210	1	210	5.35e-158	427
SA20160200_AKBDPEOC_03377	SA20160200_AKBDPEOC_03364	30.233	43	27	1	136	178	39	78	0.012	26.6
SA20160200_AKBDPEOC_03377	SA20160200_AKBDPEOC_03375	47.826	23	8	1	100	118	114	136	1.6	20.0
SA20160200_AKBDPEOC_03378	SA20160200_AKBDPEOC_03378	100.000	176	0	0	1	176	1	176	4.04e-130	353
SA20160200_AKBDPEOC_03378	SA20160200_AKBDPEOC_03373	24.272	103	73	2	11	112	4236	4334	1.1	20.4
SA20160200_AKBDPEOC_03378	SA20160200_AKBDPEOC_03369	28.571	35	24	1	53	86	34	68	2.2	18.9
SA20160200_AKBDPEOC_03378	SA20160200_AKBDPEOC_03361	35.000	20	12	1	43	61	20	39	2.8	19.2
SA20160200_AKBDPEOC_03378	SA20160200_AKBDPEOC_03375	18.000	50	41	0	123	172	285	334	3.9	18.5
