SA20160190_KJBEGOPM_03847	SA20160323_HIEPLBCK_03270	100.000	95	0	0	1	95	1	95	2.19e-70	196
SA20160190_KJBEGOPM_03847	SA20160323_HIEPLBCK_03251	50.000	8	4	0	29	36	223	230	7.6	15.8
SA20160190_KJBEGOPM_03848	SA20160323_HIEPLBCK_03269	100.000	304	0	0	1	304	1	304	0.0	620
SA20160190_KJBEGOPM_03848	SA20160323_HIEPLBCK_03262	28.916	83	48	2	12	94	50	121	0.24	22.7
SA20160190_KJBEGOPM_03848	SA20160323_HIEPLBCK_03268	27.660	47	29	2	142	184	534	579	1.4	20.4
SA20160190_KJBEGOPM_03848	SA20160323_HIEPLBCK_03250	38.889	18	11	0	287	304	210	227	6.3	18.1
SA20160190_KJBEGOPM_03848	SA20160323_HIEPLBCK_03259	52.632	19	7	1	190	206	392	410	6.5	18.1
SA20160190_KJBEGOPM_03849	SA20160323_HIEPLBCK_03268	100.000	1169	0	0	1	1169	1	1169	0.0	2423
SA20160190_KJBEGOPM_03849	SA20160323_HIEPLBCK_03269	27.660	47	29	2	534	579	142	184	5.0	20.4
SA20160190_KJBEGOPM_03849	SA20160323_HIEPLBCK_03254	42.308	26	14	1	134	159	67	91	7.2	19.6
SA20160190_KJBEGOPM_03850	SA20160323_HIEPLBCK_03267	100.000	529	0	0	1	529	1	529	0.0	1102
SA20160190_KJBEGOPM_03851	SA20160323_HIEPLBCK_03266	100.000	486	0	0	1	486	1	486	0.0	990
SA20160190_KJBEGOPM_03851	SA20160323_HIEPLBCK_03259	37.143	35	14	2	275	309	129	155	1.8	20.4
SA20160190_KJBEGOPM_03851	SA20160323_HIEPLBCK_03250	45.000	20	9	1	434	453	146	163	2.0	20.4
SA20160190_KJBEGOPM_03851	SA20160323_HIEPLBCK_03261	41.176	17	10	0	234	250	121	137	3.0	19.6
SA20160190_KJBEGOPM_03851	SA20160323_HIEPLBCK_03258	22.619	84	47	3	116	196	54	122	3.3	19.6
SA20160190_KJBEGOPM_03851	SA20160323_HIEPLBCK_03251	36.842	19	12	0	394	412	155	173	6.2	18.9
SA20160190_KJBEGOPM_03851	SA20160323_HIEPLBCK_03265	28.000	25	18	0	396	420	50	74	8.8	17.7
SA20160190_KJBEGOPM_03851	SA20160323_HIEPLBCK_03268	55.556	9	4	0	447	455	431	439	9.8	18.1
SA20160190_KJBEGOPM_03852	SA20160323_HIEPLBCK_03265	100.000	86	0	0	1	86	1	86	4.34e-64	179
SA20160190_KJBEGOPM_03852	SA20160323_HIEPLBCK_03266	28.000	25	18	0	50	74	396	420	1.4	17.7
SA20160190_KJBEGOPM_03852	SA20160323_HIEPLBCK_03269	60.000	10	4	0	56	65	158	167	5.9	15.8
SA20160190_KJBEGOPM_03852	SA20160323_HIEPLBCK_03262	33.333	27	18	0	24	50	308	334	6.0	15.8
SA20160190_KJBEGOPM_03853	SA20160323_HIEPLBCK_03264	100.000	233	0	0	1	233	1	233	8.60e-174	468
SA20160190_KJBEGOPM_03853	SA20160323_HIEPLBCK_03256	41.176	17	9	1	119	135	120	135	1.2	19.6
SA20160190_KJBEGOPM_03853	SA20160323_HIEPLBCK_03267	20.000	15	12	0	214	228	183	197	7.0	17.3
SA20160190_KJBEGOPM_03853	SA20160323_HIEPLBCK_03254	25.000	28	21	0	49	76	215	242	8.3	17.3
SA20160190_KJBEGOPM_03854	SA20160323_HIEPLBCK_03263	100.000	54	0	0	1	54	1	54	1.46e-37	110
SA20160190_KJBEGOPM_03854	SA20160323_HIEPLBCK_03251	83.333	6	1	0	30	35	178	183	3.4	15.8
SA20160190_KJBEGOPM_03855	SA20160323_HIEPLBCK_03262	100.000	456	0	0	1	456	1	456	0.0	942
SA20160190_KJBEGOPM_03855	SA20160323_HIEPLBCK_03269	28.916	83	48	2	50	121	12	94	0.57	21.9
SA20160190_KJBEGOPM_03855	SA20160323_HIEPLBCK_03259	33.333	36	24	0	382	417	179	214	0.79	21.6
SA20160190_KJBEGOPM_03855	SA20160323_HIEPLBCK_03251	29.508	61	41	1	17	77	132	190	0.89	21.2
SA20160190_KJBEGOPM_03855	SA20160323_HIEPLBCK_03255	31.250	32	22	0	232	263	351	382	3.0	19.6
SA20160190_KJBEGOPM_03855	SA20160323_HIEPLBCK_03258	34.783	23	9	1	147	163	239	261	5.3	18.9
SA20160190_KJBEGOPM_03855	SA20160323_HIEPLBCK_03268	29.630	27	19	0	309	335	917	943	7.4	18.5
SA20160190_KJBEGOPM_03856	SA20160323_HIEPLBCK_03261	100.000	317	0	0	1	317	1	317	0.0	652
SA20160190_KJBEGOPM_03856	SA20160323_HIEPLBCK_03255	20.833	24	19	0	166	189	214	237	5.3	18.5
SA20160190_KJBEGOPM_03856	SA20160323_HIEPLBCK_03253	24.324	37	19	1	105	132	27	63	6.4	18.1
SA20160190_KJBEGOPM_03856	SA20160323_HIEPLBCK_03266	40.000	15	9	0	123	137	236	250	8.0	17.7
SA20160190_KJBEGOPM_03857	SA20160323_HIEPLBCK_03260	100.000	413	0	0	1	413	1	413	0.0	816
SA20160190_KJBEGOPM_03857	SA20160323_HIEPLBCK_03258	27.358	106	74	2	13	117	15	118	0.20	23.5
SA20160190_KJBEGOPM_03857	SA20160323_HIEPLBCK_03264	24.528	106	46	4	100	193	84	167	6.2	18.5
SA20160190_KJBEGOPM_03858	SA20160323_HIEPLBCK_03259	100.000	423	0	0	1	423	1	423	0.0	850
SA20160190_KJBEGOPM_03858	SA20160323_HIEPLBCK_03262	33.333	36	24	0	179	214	382	417	0.76	21.6
SA20160190_KJBEGOPM_03858	SA20160323_HIEPLBCK_03251	46.667	15	8	0	210	224	243	257	1.1	20.8
SA20160190_KJBEGOPM_03858	SA20160323_HIEPLBCK_03266	37.143	35	14	2	129	155	275	309	1.5	20.4
SA20160190_KJBEGOPM_03858	SA20160323_HIEPLBCK_03268	58.333	24	8	2	293	316	955	976	4.8	18.9
SA20160190_KJBEGOPM_03859	SA20160323_HIEPLBCK_03258	100.000	394	0	0	1	394	1	394	0.0	762
SA20160190_KJBEGOPM_03859	SA20160323_HIEPLBCK_03260	27.358	106	74	2	15	118	13	117	0.26	22.7
SA20160190_KJBEGOPM_03859	SA20160323_HIEPLBCK_03253	27.660	47	34	0	57	103	115	161	0.63	21.6
SA20160190_KJBEGOPM_03859	SA20160323_HIEPLBCK_03266	22.619	84	47	3	54	122	116	196	3.6	19.2
SA20160190_KJBEGOPM_03859	SA20160323_HIEPLBCK_03262	34.783	23	9	1	239	261	147	163	4.1	18.9
SA20160190_KJBEGOPM_03859	SA20160323_HIEPLBCK_03268	34.043	47	28	1	84	127	466	512	7.7	18.1
SA20160190_KJBEGOPM_03860	SA20160323_HIEPLBCK_03257	100.000	223	0	0	1	223	1	223	2.75e-164	443
SA20160190_KJBEGOPM_03860	SA20160323_HIEPLBCK_03256	29.213	89	61	2	71	158	16	103	7.94e-06	35.0
SA20160190_KJBEGOPM_03860	SA20160323_HIEPLBCK_03251	37.838	37	22	1	143	179	115	150	3.0	18.5
SA20160190_KJBEGOPM_03860	SA20160323_HIEPLBCK_03258	44.444	18	10	0	83	100	327	344	7.6	17.3
SA20160190_KJBEGOPM_03860	SA20160323_HIEPLBCK_03266	50.000	14	7	0	71	84	139	152	9.0	16.9
SA20160190_KJBEGOPM_03860	SA20160323_HIEPLBCK_03261	66.667	9	3	0	189	197	114	122	9.6	16.9
SA20160190_KJBEGOPM_03861	SA20160323_HIEPLBCK_03256	100.000	153	0	0	1	153	1	153	1.63e-112	306
SA20160190_KJBEGOPM_03861	SA20160323_HIEPLBCK_03257	29.213	89	61	2	16	103	71	158	5.45e-06	35.0
SA20160190_KJBEGOPM_03861	SA20160323_HIEPLBCK_03264	41.176	17	9	1	120	135	119	135	0.82	19.6
SA20160190_KJBEGOPM_03862	SA20160323_HIEPLBCK_03255	100.000	390	0	0	1	390	1	390	0.0	781
SA20160190_KJBEGOPM_03862	SA20160323_HIEPLBCK_03262	31.250	32	22	0	351	382	232	263	2.7	19.6
SA20160190_KJBEGOPM_03862	SA20160323_HIEPLBCK_03253	26.667	30	22	0	47	76	46	75	5.3	18.5
SA20160190_KJBEGOPM_03862	SA20160323_HIEPLBCK_03261	20.833	24	19	0	214	237	166	189	6.5	18.5
SA20160190_KJBEGOPM_03863	SA20160323_HIEPLBCK_03254	100.000	302	0	0	1	302	1	302	0.0	628
SA20160190_KJBEGOPM_03863	SA20160323_HIEPLBCK_03268	42.308	26	14	1	67	91	134	159	2.0	19.6
SA20160190_KJBEGOPM_03864	SA20160323_HIEPLBCK_03253	100.000	244	0	0	1	244	1	244	0.0	496
SA20160190_KJBEGOPM_03864	SA20160323_HIEPLBCK_03258	27.660	47	34	0	115	161	57	103	0.37	21.6
SA20160190_KJBEGOPM_03864	SA20160323_HIEPLBCK_03255	26.667	30	22	0	46	75	47	76	3.3	18.5
SA20160190_KJBEGOPM_03864	SA20160323_HIEPLBCK_03261	24.324	37	19	1	27	63	105	132	4.9	18.1
SA20160190_KJBEGOPM_03864	SA20160323_HIEPLBCK_03252	33.333	48	18	2	141	178	48	91	5.0	17.7
SA20160190_KJBEGOPM_03864	SA20160323_HIEPLBCK_03262	27.907	43	26	1	157	194	285	327	7.3	17.3
SA20160190_KJBEGOPM_03865	SA20160323_HIEPLBCK_03252	100.000	148	0	0	1	148	1	148	1.64e-113	309
SA20160190_KJBEGOPM_03865	SA20160323_HIEPLBCK_03253	33.333	48	18	2	48	91	141	178	3.0	17.7
SA20160190_KJBEGOPM_03866	SA20160323_HIEPLBCK_03251	100.000	337	0	0	1	337	1	337	0.0	696
SA20160190_KJBEGOPM_03866	SA20160323_HIEPLBCK_03262	29.508	61	41	1	132	190	17	77	0.64	21.6
SA20160190_KJBEGOPM_03866	SA20160323_HIEPLBCK_03259	46.667	15	8	0	243	257	210	224	0.87	20.8
SA20160190_KJBEGOPM_03866	SA20160323_HIEPLBCK_03266	36.842	19	12	0	155	173	394	412	4.0	18.9
SA20160190_KJBEGOPM_03866	SA20160323_HIEPLBCK_03250	53.333	15	7	0	320	334	44	58	4.3	18.5
SA20160190_KJBEGOPM_03866	SA20160323_HIEPLBCK_03257	28.571	35	20	1	174	203	110	144	6.8	18.1
SA20160190_KJBEGOPM_03867	SA20160323_HIEPLBCK_03250	100.000	241	0	0	1	241	1	241	0.0	494
SA20160190_KJBEGOPM_03867	SA20160323_HIEPLBCK_03266	45.000	20	9	1	146	163	434	453	1.0	20.0
SA20160190_KJBEGOPM_03867	SA20160323_HIEPLBCK_03267	27.273	66	38	2	14	69	254	319	2.2	19.2
SA20160190_KJBEGOPM_03867	SA20160323_HIEPLBCK_03268	33.929	56	35	2	25	79	968	1022	2.8	18.9
SA20160190_KJBEGOPM_03867	SA20160323_HIEPLBCK_03251	53.333	15	7	0	44	58	320	334	3.1	18.5
SA20160190_KJBEGOPM_03867	SA20160323_HIEPLBCK_03269	38.889	18	11	0	210	227	287	304	5.1	17.7
SA20160190_KJBEGOPM_03867	SA20160323_HIEPLBCK_03259	33.333	21	14	0	165	185	213	233	9.0	17.3
SA20160323_HIEPLBCK_03250	SA20160323_HIEPLBCK_03250	100.000	241	0	0	1	241	1	241	0.0	494
SA20160323_HIEPLBCK_03250	SA20160323_HIEPLBCK_03266	45.000	20	9	1	146	163	434	453	1.0	20.0
SA20160323_HIEPLBCK_03250	SA20160323_HIEPLBCK_03268	33.929	56	35	2	25	79	968	1022	2.8	18.9
SA20160323_HIEPLBCK_03250	SA20160323_HIEPLBCK_03251	53.333	15	7	0	44	58	320	334	3.1	18.5
SA20160323_HIEPLBCK_03250	SA20160323_HIEPLBCK_03269	38.889	18	11	0	210	227	287	304	5.1	17.7
SA20160323_HIEPLBCK_03250	SA20160323_HIEPLBCK_03259	33.333	21	14	0	165	185	213	233	9.0	17.3
SA20160323_HIEPLBCK_03251	SA20160323_HIEPLBCK_03251	100.000	337	0	0	1	337	1	337	0.0	696
SA20160323_HIEPLBCK_03251	SA20160323_HIEPLBCK_03262	29.508	61	41	1	132	190	17	77	0.64	21.6
SA20160323_HIEPLBCK_03251	SA20160323_HIEPLBCK_03259	46.667	15	8	0	243	257	210	224	0.87	20.8
SA20160323_HIEPLBCK_03251	SA20160323_HIEPLBCK_03266	36.842	19	12	0	155	173	394	412	4.0	18.9
SA20160323_HIEPLBCK_03251	SA20160323_HIEPLBCK_03250	53.333	15	7	0	320	334	44	58	4.3	18.5
SA20160323_HIEPLBCK_03252	SA20160323_HIEPLBCK_03252	100.000	148	0	0	1	148	1	148	1.64e-113	309
SA20160323_HIEPLBCK_03252	SA20160323_HIEPLBCK_03253	33.333	48	18	2	48	91	141	178	3.0	17.7
SA20160323_HIEPLBCK_03253	SA20160323_HIEPLBCK_03253	100.000	244	0	0	1	244	1	244	0.0	496
SA20160323_HIEPLBCK_03253	SA20160323_HIEPLBCK_03258	27.660	47	34	0	115	161	57	103	0.37	21.6
SA20160323_HIEPLBCK_03253	SA20160323_HIEPLBCK_03255	26.667	30	22	0	46	75	47	76	3.3	18.5
SA20160323_HIEPLBCK_03253	SA20160323_HIEPLBCK_03261	24.324	37	19	1	27	63	105	132	4.9	18.1
SA20160323_HIEPLBCK_03253	SA20160323_HIEPLBCK_03252	33.333	48	18	2	141	178	48	91	5.0	17.7
SA20160323_HIEPLBCK_03254	SA20160323_HIEPLBCK_03254	100.000	302	0	0	1	302	1	302	0.0	628
SA20160323_HIEPLBCK_03254	SA20160323_HIEPLBCK_03268	42.308	26	14	1	67	91	134	159	2.0	19.6
SA20160323_HIEPLBCK_03255	SA20160323_HIEPLBCK_03255	100.000	390	0	0	1	390	1	390	0.0	781
SA20160323_HIEPLBCK_03255	SA20160323_HIEPLBCK_03262	31.250	32	22	0	351	382	232	263	2.7	19.6
SA20160323_HIEPLBCK_03255	SA20160323_HIEPLBCK_03253	26.667	30	22	0	47	76	46	75	5.3	18.5
SA20160323_HIEPLBCK_03255	SA20160323_HIEPLBCK_03261	20.833	24	19	0	214	237	166	189	6.5	18.5
SA20160323_HIEPLBCK_03256	SA20160323_HIEPLBCK_03256	100.000	153	0	0	1	153	1	153	1.63e-112	306
SA20160323_HIEPLBCK_03256	SA20160323_HIEPLBCK_03257	29.213	89	61	2	16	103	71	158	5.45e-06	35.0
SA20160323_HIEPLBCK_03256	SA20160323_HIEPLBCK_03264	41.176	17	9	1	120	135	119	135	0.82	19.6
SA20160323_HIEPLBCK_03257	SA20160323_HIEPLBCK_03257	100.000	223	0	0	1	223	1	223	2.75e-164	443
SA20160323_HIEPLBCK_03257	SA20160323_HIEPLBCK_03256	29.213	89	61	2	71	158	16	103	7.94e-06	35.0
SA20160323_HIEPLBCK_03257	SA20160323_HIEPLBCK_03251	28.571	35	20	1	110	144	174	203	4.5	18.1
SA20160323_HIEPLBCK_03257	SA20160323_HIEPLBCK_03258	44.444	18	10	0	83	100	327	344	7.6	17.3
SA20160323_HIEPLBCK_03257	SA20160323_HIEPLBCK_03266	50.000	14	7	0	71	84	139	152	9.0	16.9
SA20160323_HIEPLBCK_03257	SA20160323_HIEPLBCK_03261	66.667	9	3	0	189	197	114	122	9.6	16.9
SA20160323_HIEPLBCK_03258	SA20160323_HIEPLBCK_03258	100.000	394	0	0	1	394	1	394	0.0	762
SA20160323_HIEPLBCK_03258	SA20160323_HIEPLBCK_03260	27.358	106	74	2	15	118	13	117	0.26	22.7
SA20160323_HIEPLBCK_03258	SA20160323_HIEPLBCK_03253	27.660	47	34	0	57	103	115	161	0.63	21.6
SA20160323_HIEPLBCK_03258	SA20160323_HIEPLBCK_03266	22.619	84	47	3	54	122	116	196	3.6	19.2
SA20160323_HIEPLBCK_03258	SA20160323_HIEPLBCK_03262	34.783	23	9	1	239	261	147	163	4.1	18.9
SA20160323_HIEPLBCK_03258	SA20160323_HIEPLBCK_03268	34.043	47	28	1	84	127	466	512	7.7	18.1
SA20160323_HIEPLBCK_03259	SA20160323_HIEPLBCK_03259	100.000	423	0	0	1	423	1	423	0.0	850
SA20160323_HIEPLBCK_03259	SA20160323_HIEPLBCK_03262	33.333	36	24	0	179	214	382	417	0.76	21.6
SA20160323_HIEPLBCK_03259	SA20160323_HIEPLBCK_03251	46.667	15	8	0	210	224	243	257	1.1	20.8
SA20160323_HIEPLBCK_03259	SA20160323_HIEPLBCK_03266	37.143	35	14	2	129	155	275	309	1.5	20.4
SA20160323_HIEPLBCK_03259	SA20160323_HIEPLBCK_03268	58.333	24	8	2	293	316	955	976	4.8	18.9
SA20160323_HIEPLBCK_03260	SA20160323_HIEPLBCK_03260	100.000	413	0	0	1	413	1	413	0.0	816
SA20160323_HIEPLBCK_03260	SA20160323_HIEPLBCK_03258	27.358	106	74	2	13	117	15	118	0.20	23.5
SA20160323_HIEPLBCK_03260	SA20160323_HIEPLBCK_03264	24.528	106	46	4	100	193	84	167	6.2	18.5
SA20160323_HIEPLBCK_03261	SA20160323_HIEPLBCK_03261	100.000	317	0	0	1	317	1	317	0.0	652
SA20160323_HIEPLBCK_03261	SA20160323_HIEPLBCK_03255	20.833	24	19	0	166	189	214	237	5.3	18.5
SA20160323_HIEPLBCK_03261	SA20160323_HIEPLBCK_03253	24.324	37	19	1	105	132	27	63	6.4	18.1
SA20160323_HIEPLBCK_03261	SA20160323_HIEPLBCK_03266	40.000	15	9	0	123	137	236	250	8.0	17.7
SA20160323_HIEPLBCK_03262	SA20160323_HIEPLBCK_03262	100.000	456	0	0	1	456	1	456	0.0	942
SA20160323_HIEPLBCK_03262	SA20160323_HIEPLBCK_03269	28.916	83	48	2	50	121	12	94	0.57	21.9
SA20160323_HIEPLBCK_03262	SA20160323_HIEPLBCK_03259	33.333	36	24	0	382	417	179	214	0.79	21.6
SA20160323_HIEPLBCK_03262	SA20160323_HIEPLBCK_03251	29.508	61	41	1	17	77	132	190	0.89	21.2
SA20160323_HIEPLBCK_03262	SA20160323_HIEPLBCK_03255	31.250	32	22	0	232	263	351	382	3.0	19.6
SA20160323_HIEPLBCK_03262	SA20160323_HIEPLBCK_03258	34.783	23	9	1	147	163	239	261	5.3	18.9
SA20160323_HIEPLBCK_03262	SA20160323_HIEPLBCK_03268	29.630	27	19	0	309	335	917	943	7.4	18.5
SA20160323_HIEPLBCK_03263	SA20160323_HIEPLBCK_03263	100.000	54	0	0	1	54	1	54	1.46e-37	110
SA20160323_HIEPLBCK_03263	SA20160323_HIEPLBCK_03251	83.333	6	1	0	30	35	178	183	3.4	15.8
SA20160323_HIEPLBCK_03264	SA20160323_HIEPLBCK_03264	100.000	233	0	0	1	233	1	233	8.60e-174	468
SA20160323_HIEPLBCK_03264	SA20160323_HIEPLBCK_03256	41.176	17	9	1	119	135	120	135	1.2	19.6
SA20160323_HIEPLBCK_03264	SA20160323_HIEPLBCK_03267	20.000	15	12	0	214	228	183	197	7.0	17.3
SA20160323_HIEPLBCK_03264	SA20160323_HIEPLBCK_03254	25.000	28	21	0	49	76	215	242	8.3	17.3
SA20160323_HIEPLBCK_03265	SA20160323_HIEPLBCK_03265	100.000	86	0	0	1	86	1	86	4.34e-64	179
SA20160323_HIEPLBCK_03265	SA20160323_HIEPLBCK_03266	28.000	25	18	0	50	74	396	420	1.4	17.7
SA20160323_HIEPLBCK_03265	SA20160323_HIEPLBCK_03269	60.000	10	4	0	56	65	158	167	5.9	15.8
SA20160323_HIEPLBCK_03265	SA20160323_HIEPLBCK_03262	33.333	27	18	0	24	50	308	334	6.0	15.8
SA20160323_HIEPLBCK_03266	SA20160323_HIEPLBCK_03266	100.000	486	0	0	1	486	1	486	0.0	990
SA20160323_HIEPLBCK_03266	SA20160323_HIEPLBCK_03259	37.143	35	14	2	275	309	129	155	1.8	20.4
SA20160323_HIEPLBCK_03266	SA20160323_HIEPLBCK_03250	45.000	20	9	1	434	453	146	163	2.0	20.4
SA20160323_HIEPLBCK_03266	SA20160323_HIEPLBCK_03261	41.176	17	10	0	234	250	121	137	3.0	19.6
SA20160323_HIEPLBCK_03266	SA20160323_HIEPLBCK_03258	22.619	84	47	3	116	196	54	122	3.3	19.6
SA20160323_HIEPLBCK_03266	SA20160323_HIEPLBCK_03251	36.842	19	12	0	394	412	155	173	6.2	18.9
SA20160323_HIEPLBCK_03266	SA20160323_HIEPLBCK_03265	28.000	25	18	0	396	420	50	74	8.8	17.7
SA20160323_HIEPLBCK_03266	SA20160323_HIEPLBCK_03268	55.556	9	4	0	447	455	431	439	9.8	18.1
SA20160323_HIEPLBCK_03267	SA20160323_HIEPLBCK_03267	100.000	529	0	0	1	529	1	529	0.0	1102
SA20160323_HIEPLBCK_03268	SA20160323_HIEPLBCK_03268	100.000	1169	0	0	1	1169	1	1169	0.0	2423
SA20160323_HIEPLBCK_03268	SA20160323_HIEPLBCK_03269	27.660	47	29	2	534	579	142	184	5.0	20.4
SA20160323_HIEPLBCK_03268	SA20160323_HIEPLBCK_03254	42.308	26	14	1	134	159	67	91	7.2	19.6
SA20160323_HIEPLBCK_03269	SA20160323_HIEPLBCK_03269	100.000	304	0	0	1	304	1	304	0.0	620
SA20160323_HIEPLBCK_03269	SA20160323_HIEPLBCK_03262	28.916	83	48	2	12	94	50	121	0.24	22.7
SA20160323_HIEPLBCK_03269	SA20160323_HIEPLBCK_03268	27.660	47	29	2	142	184	534	579	1.4	20.4
SA20160323_HIEPLBCK_03269	SA20160323_HIEPLBCK_03250	38.889	18	11	0	287	304	210	227	6.3	18.1
SA20160323_HIEPLBCK_03269	SA20160323_HIEPLBCK_03259	52.632	19	7	1	190	206	392	410	6.5	18.1
SA20160323_HIEPLBCK_03270	SA20160323_HIEPLBCK_03270	100.000	95	0	0	1	95	1	95	2.19e-70	196
SA20160323_HIEPLBCK_03270	SA20160323_HIEPLBCK_03251	50.000	8	4	0	29	36	223	230	7.6	15.8
SA20160190_KJBEGOPM_03847	SA20160190_KJBEGOPM_03847	100.000	95	0	0	1	95	1	95	2.19e-70	196
SA20160190_KJBEGOPM_03847	SA20160190_KJBEGOPM_03866	50.000	8	4	0	29	36	223	230	7.6	15.8
SA20160190_KJBEGOPM_03848	SA20160190_KJBEGOPM_03848	100.000	304	0	0	1	304	1	304	0.0	620
SA20160190_KJBEGOPM_03848	SA20160190_KJBEGOPM_03855	28.916	83	48	2	12	94	50	121	0.24	22.7
SA20160190_KJBEGOPM_03848	SA20160190_KJBEGOPM_03849	27.660	47	29	2	142	184	534	579	1.4	20.4
SA20160190_KJBEGOPM_03848	SA20160190_KJBEGOPM_03867	38.889	18	11	0	287	304	210	227	6.3	18.1
SA20160190_KJBEGOPM_03848	SA20160190_KJBEGOPM_03858	52.632	19	7	1	190	206	392	410	6.5	18.1
SA20160190_KJBEGOPM_03849	SA20160190_KJBEGOPM_03849	100.000	1169	0	0	1	1169	1	1169	0.0	2423
SA20160190_KJBEGOPM_03849	SA20160190_KJBEGOPM_03848	27.660	47	29	2	534	579	142	184	5.0	20.4
SA20160190_KJBEGOPM_03849	SA20160190_KJBEGOPM_03863	42.308	26	14	1	134	159	67	91	7.2	19.6
SA20160190_KJBEGOPM_03850	SA20160190_KJBEGOPM_03850	100.000	529	0	0	1	529	1	529	0.0	1102
SA20160190_KJBEGOPM_03851	SA20160190_KJBEGOPM_03851	100.000	486	0	0	1	486	1	486	0.0	990
SA20160190_KJBEGOPM_03851	SA20160190_KJBEGOPM_03858	37.143	35	14	2	275	309	129	155	1.8	20.4
SA20160190_KJBEGOPM_03851	SA20160190_KJBEGOPM_03867	45.000	20	9	1	434	453	146	163	2.0	20.4
SA20160190_KJBEGOPM_03851	SA20160190_KJBEGOPM_03856	41.176	17	10	0	234	250	121	137	3.0	19.6
SA20160190_KJBEGOPM_03851	SA20160190_KJBEGOPM_03859	22.619	84	47	3	116	196	54	122	3.3	19.6
SA20160190_KJBEGOPM_03851	SA20160190_KJBEGOPM_03866	36.842	19	12	0	394	412	155	173	6.2	18.9
SA20160190_KJBEGOPM_03851	SA20160190_KJBEGOPM_03852	28.000	25	18	0	396	420	50	74	8.8	17.7
SA20160190_KJBEGOPM_03851	SA20160190_KJBEGOPM_03849	55.556	9	4	0	447	455	431	439	9.8	18.1
SA20160190_KJBEGOPM_03852	SA20160190_KJBEGOPM_03852	100.000	86	0	0	1	86	1	86	4.34e-64	179
SA20160190_KJBEGOPM_03852	SA20160190_KJBEGOPM_03851	28.000	25	18	0	50	74	396	420	1.4	17.7
SA20160190_KJBEGOPM_03852	SA20160190_KJBEGOPM_03848	60.000	10	4	0	56	65	158	167	5.9	15.8
SA20160190_KJBEGOPM_03852	SA20160190_KJBEGOPM_03855	33.333	27	18	0	24	50	308	334	6.0	15.8
SA20160190_KJBEGOPM_03853	SA20160190_KJBEGOPM_03853	100.000	233	0	0	1	233	1	233	8.60e-174	468
SA20160190_KJBEGOPM_03853	SA20160190_KJBEGOPM_03861	41.176	17	9	1	119	135	120	135	1.2	19.6
SA20160190_KJBEGOPM_03853	SA20160190_KJBEGOPM_03850	20.000	15	12	0	214	228	183	197	7.0	17.3
SA20160190_KJBEGOPM_03853	SA20160190_KJBEGOPM_03863	25.000	28	21	0	49	76	215	242	8.3	17.3
SA20160190_KJBEGOPM_03854	SA20160190_KJBEGOPM_03854	100.000	54	0	0	1	54	1	54	1.46e-37	110
SA20160190_KJBEGOPM_03854	SA20160190_KJBEGOPM_03866	83.333	6	1	0	30	35	178	183	3.4	15.8
SA20160190_KJBEGOPM_03855	SA20160190_KJBEGOPM_03855	100.000	456	0	0	1	456	1	456	0.0	942
SA20160190_KJBEGOPM_03855	SA20160190_KJBEGOPM_03848	28.916	83	48	2	50	121	12	94	0.57	21.9
SA20160190_KJBEGOPM_03855	SA20160190_KJBEGOPM_03858	33.333	36	24	0	382	417	179	214	0.79	21.6
SA20160190_KJBEGOPM_03855	SA20160190_KJBEGOPM_03866	29.508	61	41	1	17	77	132	190	0.89	21.2
SA20160190_KJBEGOPM_03855	SA20160190_KJBEGOPM_03862	31.250	32	22	0	232	263	351	382	3.0	19.6
SA20160190_KJBEGOPM_03855	SA20160190_KJBEGOPM_03859	34.783	23	9	1	147	163	239	261	5.3	18.9
SA20160190_KJBEGOPM_03855	SA20160190_KJBEGOPM_03849	29.630	27	19	0	309	335	917	943	7.4	18.5
SA20160190_KJBEGOPM_03856	SA20160190_KJBEGOPM_03856	100.000	317	0	0	1	317	1	317	0.0	652
SA20160190_KJBEGOPM_03856	SA20160190_KJBEGOPM_03862	20.833	24	19	0	166	189	214	237	5.3	18.5
SA20160190_KJBEGOPM_03856	SA20160190_KJBEGOPM_03864	24.324	37	19	1	105	132	27	63	6.4	18.1
SA20160190_KJBEGOPM_03856	SA20160190_KJBEGOPM_03851	40.000	15	9	0	123	137	236	250	8.0	17.7
SA20160190_KJBEGOPM_03857	SA20160190_KJBEGOPM_03857	100.000	413	0	0	1	413	1	413	0.0	816
SA20160190_KJBEGOPM_03857	SA20160190_KJBEGOPM_03859	27.358	106	74	2	13	117	15	118	0.20	23.5
SA20160190_KJBEGOPM_03857	SA20160190_KJBEGOPM_03853	24.528	106	46	4	100	193	84	167	6.2	18.5
SA20160190_KJBEGOPM_03858	SA20160190_KJBEGOPM_03858	100.000	423	0	0	1	423	1	423	0.0	850
SA20160190_KJBEGOPM_03858	SA20160190_KJBEGOPM_03855	33.333	36	24	0	179	214	382	417	0.76	21.6
SA20160190_KJBEGOPM_03858	SA20160190_KJBEGOPM_03866	46.667	15	8	0	210	224	243	257	1.1	20.8
SA20160190_KJBEGOPM_03858	SA20160190_KJBEGOPM_03851	37.143	35	14	2	129	155	275	309	1.5	20.4
SA20160190_KJBEGOPM_03858	SA20160190_KJBEGOPM_03849	58.333	24	8	2	293	316	955	976	4.8	18.9
SA20160190_KJBEGOPM_03859	SA20160190_KJBEGOPM_03859	100.000	394	0	0	1	394	1	394	0.0	762
SA20160190_KJBEGOPM_03859	SA20160190_KJBEGOPM_03857	27.358	106	74	2	15	118	13	117	0.26	22.7
SA20160190_KJBEGOPM_03859	SA20160190_KJBEGOPM_03864	27.660	47	34	0	57	103	115	161	0.63	21.6
SA20160190_KJBEGOPM_03859	SA20160190_KJBEGOPM_03851	22.619	84	47	3	54	122	116	196	3.6	19.2
SA20160190_KJBEGOPM_03859	SA20160190_KJBEGOPM_03855	34.783	23	9	1	239	261	147	163	4.1	18.9
SA20160190_KJBEGOPM_03859	SA20160190_KJBEGOPM_03849	34.043	47	28	1	84	127	466	512	7.7	18.1
SA20160190_KJBEGOPM_03860	SA20160190_KJBEGOPM_03860	100.000	223	0	0	1	223	1	223	2.75e-164	443
SA20160190_KJBEGOPM_03860	SA20160190_KJBEGOPM_03861	29.213	89	61	2	71	158	16	103	7.94e-06	35.0
SA20160190_KJBEGOPM_03860	SA20160190_KJBEGOPM_03866	28.571	35	20	1	110	144	174	203	4.5	18.1
SA20160190_KJBEGOPM_03860	SA20160190_KJBEGOPM_03859	44.444	18	10	0	83	100	327	344	7.6	17.3
SA20160190_KJBEGOPM_03860	SA20160190_KJBEGOPM_03851	50.000	14	7	0	71	84	139	152	9.0	16.9
SA20160190_KJBEGOPM_03860	SA20160190_KJBEGOPM_03856	66.667	9	3	0	189	197	114	122	9.6	16.9
SA20160190_KJBEGOPM_03861	SA20160190_KJBEGOPM_03861	100.000	153	0	0	1	153	1	153	1.63e-112	306
SA20160190_KJBEGOPM_03861	SA20160190_KJBEGOPM_03860	29.213	89	61	2	16	103	71	158	5.45e-06	35.0
SA20160190_KJBEGOPM_03861	SA20160190_KJBEGOPM_03853	41.176	17	9	1	120	135	119	135	0.82	19.6
SA20160190_KJBEGOPM_03862	SA20160190_KJBEGOPM_03862	100.000	390	0	0	1	390	1	390	0.0	781
SA20160190_KJBEGOPM_03862	SA20160190_KJBEGOPM_03855	31.250	32	22	0	351	382	232	263	2.7	19.6
SA20160190_KJBEGOPM_03862	SA20160190_KJBEGOPM_03864	26.667	30	22	0	47	76	46	75	5.3	18.5
SA20160190_KJBEGOPM_03862	SA20160190_KJBEGOPM_03856	20.833	24	19	0	214	237	166	189	6.5	18.5
SA20160190_KJBEGOPM_03863	SA20160190_KJBEGOPM_03863	100.000	302	0	0	1	302	1	302	0.0	628
SA20160190_KJBEGOPM_03863	SA20160190_KJBEGOPM_03849	42.308	26	14	1	67	91	134	159	2.0	19.6
SA20160190_KJBEGOPM_03864	SA20160190_KJBEGOPM_03864	100.000	244	0	0	1	244	1	244	0.0	496
SA20160190_KJBEGOPM_03864	SA20160190_KJBEGOPM_03859	27.660	47	34	0	115	161	57	103	0.37	21.6
SA20160190_KJBEGOPM_03864	SA20160190_KJBEGOPM_03862	26.667	30	22	0	46	75	47	76	3.3	18.5
SA20160190_KJBEGOPM_03864	SA20160190_KJBEGOPM_03856	24.324	37	19	1	27	63	105	132	4.9	18.1
SA20160190_KJBEGOPM_03864	SA20160190_KJBEGOPM_03865	33.333	48	18	2	141	178	48	91	5.0	17.7
SA20160190_KJBEGOPM_03865	SA20160190_KJBEGOPM_03865	100.000	148	0	0	1	148	1	148	1.64e-113	309
SA20160190_KJBEGOPM_03865	SA20160190_KJBEGOPM_03864	33.333	48	18	2	48	91	141	178	3.0	17.7
SA20160190_KJBEGOPM_03866	SA20160190_KJBEGOPM_03866	100.000	337	0	0	1	337	1	337	0.0	696
SA20160190_KJBEGOPM_03866	SA20160190_KJBEGOPM_03855	29.508	61	41	1	132	190	17	77	0.64	21.6
SA20160190_KJBEGOPM_03866	SA20160190_KJBEGOPM_03858	46.667	15	8	0	243	257	210	224	0.87	20.8
SA20160190_KJBEGOPM_03866	SA20160190_KJBEGOPM_03851	36.842	19	12	0	155	173	394	412	4.0	18.9
SA20160190_KJBEGOPM_03866	SA20160190_KJBEGOPM_03867	53.333	15	7	0	320	334	44	58	4.3	18.5
SA20160190_KJBEGOPM_03867	SA20160190_KJBEGOPM_03867	100.000	241	0	0	1	241	1	241	0.0	494
SA20160190_KJBEGOPM_03867	SA20160190_KJBEGOPM_03851	45.000	20	9	1	146	163	434	453	1.0	20.0
SA20160190_KJBEGOPM_03867	SA20160190_KJBEGOPM_03849	33.929	56	35	2	25	79	968	1022	2.8	18.9
SA20160190_KJBEGOPM_03867	SA20160190_KJBEGOPM_03866	53.333	15	7	0	44	58	320	334	3.1	18.5
SA20160190_KJBEGOPM_03867	SA20160190_KJBEGOPM_03848	38.889	18	11	0	210	227	287	304	5.1	17.7
SA20160190_KJBEGOPM_03867	SA20160190_KJBEGOPM_03858	33.333	21	14	0	165	185	213	233	9.0	17.3
