SA20160190_KJBEGOPM_03847	SA20153983_GBAKOBEN_03755	50.000	8	4	0	29	36	223	230	7.4	15.8
SA20160190_KJBEGOPM_03848	SA20153983_GBAKOBEN_03772	35.556	90	55	2	218	304	18	107	1.96e-13	56.2
SA20160190_KJBEGOPM_03848	SA20153983_GBAKOBEN_03773	33.333	48	32	0	137	184	79	126	0.002	28.1
SA20160190_KJBEGOPM_03848	SA20153983_GBAKOBEN_03766	28.916	83	48	2	12	94	50	121	0.26	22.3
SA20160190_KJBEGOPM_03848	SA20153983_GBAKOBEN_03763	52.632	19	7	1	190	206	392	410	6.1	18.1
SA20160190_KJBEGOPM_03848	SA20153983_GBAKOBEN_03754	38.889	18	11	0	287	304	210	227	6.2	18.1
SA20160190_KJBEGOPM_03848	SA20153983_GBAKOBEN_03769	30.909	55	24	3	124	174	887	931	7.1	18.1
SA20160190_KJBEGOPM_03849	SA20153983_GBAKOBEN_03769	26.168	214	136	10	471	674	327	528	3.69e-05	37.4
SA20160190_KJBEGOPM_03849	SA20153983_GBAKOBEN_03768	30.769	39	18	1	818	847	205	243	1.8	21.9
SA20160190_KJBEGOPM_03849	SA20153983_GBAKOBEN_03770	30.909	55	30	2	304	351	366	419	4.9	20.4
SA20160190_KJBEGOPM_03849	SA20153983_GBAKOBEN_03758	42.308	26	14	1	134	159	67	91	7.1	19.6
SA20160190_KJBEGOPM_03850	SA20153983_GBAKOBEN_03771	23.618	398	247	13	10	367	19	399	2.78e-25	99.4
SA20160190_KJBEGOPM_03850	SA20153983_GBAKOBEN_03769	30.435	23	16	0	339	361	165	187	8.3	18.5
SA20160190_KJBEGOPM_03851	SA20153983_GBAKOBEN_03770	21.171	222	129	9	4	190	224	434	0.45	22.3
SA20160190_KJBEGOPM_03851	SA20153983_GBAKOBEN_03763	37.143	35	14	2	275	309	129	155	1.7	20.4
SA20160190_KJBEGOPM_03851	SA20153983_GBAKOBEN_03754	45.000	20	9	1	434	453	146	163	1.9	20.4
SA20160190_KJBEGOPM_03851	SA20153983_GBAKOBEN_03765	41.176	17	10	0	234	250	121	137	2.7	20.0
SA20160190_KJBEGOPM_03851	SA20153983_GBAKOBEN_03762	22.619	84	47	3	116	196	54	122	4.0	19.2
SA20160190_KJBEGOPM_03851	SA20153983_GBAKOBEN_03755	36.842	19	12	0	394	412	155	173	5.9	18.9
SA20160190_KJBEGOPM_03851	SA20153983_GBAKOBEN_03769	41.176	17	10	0	369	385	542	558	7.9	18.5
SA20160190_KJBEGOPM_03852	SA20153983_GBAKOBEN_03770	40.000	25	15	0	45	69	177	201	1.2	18.1
SA20160190_KJBEGOPM_03852	SA20153983_GBAKOBEN_03769	50.000	10	5	0	74	83	993	1002	2.6	16.9
SA20160190_KJBEGOPM_03853	SA20153983_GBAKOBEN_03760	41.176	17	9	1	119	135	120	135	1.2	19.6
SA20160190_KJBEGOPM_03853	SA20153983_GBAKOBEN_03769	33.333	36	19	1	112	147	212	242	4.4	18.1
SA20160190_KJBEGOPM_03853	SA20153983_GBAKOBEN_03758	25.000	28	21	0	49	76	215	242	8.2	17.3
SA20160190_KJBEGOPM_03854	SA20153983_GBAKOBEN_03767	98.148	54	1	0	1	54	1	54	3.06e-37	109
SA20160190_KJBEGOPM_03854	SA20153983_GBAKOBEN_03769	28.571	14	10	0	3	16	462	475	0.41	18.1
SA20160190_KJBEGOPM_03854	SA20153983_GBAKOBEN_03755	83.333	6	1	0	30	35	178	183	3.3	15.8
SA20160190_KJBEGOPM_03855	SA20153983_GBAKOBEN_03766	98.904	456	5	0	1	456	1	456	0.0	933
SA20160190_KJBEGOPM_03855	SA20153983_GBAKOBEN_03755	31.148	61	40	1	17	77	132	190	0.14	23.9
SA20160190_KJBEGOPM_03855	SA20153983_GBAKOBEN_03769	38.889	18	11	0	79	96	284	301	0.28	23.1
SA20160190_KJBEGOPM_03855	SA20153983_GBAKOBEN_03763	33.333	36	24	0	382	417	179	214	0.79	21.6
SA20160190_KJBEGOPM_03855	SA20153983_GBAKOBEN_03759	31.250	32	22	0	232	263	351	382	2.9	19.6
SA20160190_KJBEGOPM_03855	SA20153983_GBAKOBEN_03770	41.667	24	14	0	75	98	298	321	3.1	19.6
SA20160190_KJBEGOPM_03855	SA20153983_GBAKOBEN_03762	34.783	23	9	1	147	163	239	261	5.0	18.9
SA20160190_KJBEGOPM_03855	SA20153983_GBAKOBEN_03771	27.381	84	49	4	336	409	62	143	6.5	18.5
SA20160190_KJBEGOPM_03856	SA20153983_GBAKOBEN_03765	99.369	317	2	0	1	317	1	317	0.0	648
SA20160190_KJBEGOPM_03856	SA20153983_GBAKOBEN_03769	38.095	21	13	0	31	51	114	134	0.75	21.2
SA20160190_KJBEGOPM_03856	SA20153983_GBAKOBEN_03770	39.286	28	15	1	219	244	351	378	0.79	20.8
SA20160190_KJBEGOPM_03856	SA20153983_GBAKOBEN_03759	20.833	24	19	0	166	189	214	237	5.1	18.5
SA20160190_KJBEGOPM_03856	SA20153983_GBAKOBEN_03757	24.324	37	19	1	105	132	27	63	6.1	18.1
SA20160190_KJBEGOPM_03857	SA20153983_GBAKOBEN_03764	100.000	413	0	0	1	413	1	413	0.0	816
SA20160190_KJBEGOPM_03857	SA20153983_GBAKOBEN_03762	26.415	106	75	2	13	117	15	118	0.35	22.3
SA20160190_KJBEGOPM_03857	SA20153983_GBAKOBEN_03766	33.333	33	18	1	351	379	394	426	4.6	18.9
SA20160190_KJBEGOPM_03858	SA20153983_GBAKOBEN_03763	99.764	423	1	0	1	423	1	423	0.0	847
SA20160190_KJBEGOPM_03858	SA20153983_GBAKOBEN_03766	33.333	36	24	0	179	214	382	417	0.56	21.9
SA20160190_KJBEGOPM_03858	SA20153983_GBAKOBEN_03774	26.087	23	17	0	303	325	52	74	0.80	20.8
SA20160190_KJBEGOPM_03858	SA20153983_GBAKOBEN_03755	46.667	15	8	0	210	224	243	257	1.0	21.2
SA20160190_KJBEGOPM_03858	SA20153983_GBAKOBEN_03771	24.000	50	35	1	359	408	306	352	2.0	20.0
SA20160190_KJBEGOPM_03858	SA20153983_GBAKOBEN_03768	20.930	86	59	2	320	405	108	184	5.7	18.5
SA20160190_KJBEGOPM_03859	SA20153983_GBAKOBEN_03762	98.985	394	4	0	1	394	1	394	0.0	759
SA20160190_KJBEGOPM_03859	SA20153983_GBAKOBEN_03764	27.358	106	74	2	15	118	13	117	0.25	22.7
SA20160190_KJBEGOPM_03859	SA20153983_GBAKOBEN_03771	40.000	30	17	1	13	42	168	196	0.47	21.9
SA20160190_KJBEGOPM_03859	SA20153983_GBAKOBEN_03757	27.660	47	34	0	57	103	115	161	0.55	21.6
SA20160190_KJBEGOPM_03859	SA20153983_GBAKOBEN_03770	31.579	57	31	2	132	182	86	140	0.75	21.6
SA20160190_KJBEGOPM_03859	SA20153983_GBAKOBEN_03766	34.783	23	9	1	239	261	147	163	4.1	18.9
SA20160190_KJBEGOPM_03860	SA20153983_GBAKOBEN_03761	100.000	223	0	0	1	223	1	223	2.70e-164	443
SA20160190_KJBEGOPM_03860	SA20153983_GBAKOBEN_03760	29.213	89	61	2	71	158	16	103	7.80e-06	35.0
SA20160190_KJBEGOPM_03860	SA20153983_GBAKOBEN_03771	35.294	34	17	1	90	118	173	206	1.4	19.6
SA20160190_KJBEGOPM_03860	SA20153983_GBAKOBEN_03755	28.571	35	20	1	110	144	174	203	2.5	18.9
SA20160190_KJBEGOPM_03860	SA20153983_GBAKOBEN_03762	44.444	18	10	0	83	100	327	344	7.5	17.3
SA20160190_KJBEGOPM_03860	SA20153983_GBAKOBEN_03765	66.667	9	3	0	189	197	114	122	9.2	16.9
SA20160190_KJBEGOPM_03860	SA20153983_GBAKOBEN_03772	33.333	21	14	0	114	134	6	26	9.5	16.5
SA20160190_KJBEGOPM_03861	SA20153983_GBAKOBEN_03760	100.000	153	0	0	1	153	1	153	1.60e-112	306
SA20160190_KJBEGOPM_03861	SA20153983_GBAKOBEN_03761	29.213	89	61	2	16	103	71	158	5.35e-06	35.0
SA20160190_KJBEGOPM_03861	SA20153983_GBAKOBEN_03771	34.783	23	15	0	104	126	280	302	8.1	16.5
SA20160190_KJBEGOPM_03862	SA20153983_GBAKOBEN_03759	99.231	390	3	0	1	390	1	390	0.0	776
SA20160190_KJBEGOPM_03862	SA20153983_GBAKOBEN_03766	31.250	32	22	0	351	382	232	263	2.4	19.6
SA20160190_KJBEGOPM_03862	SA20153983_GBAKOBEN_03768	27.586	29	21	0	180	208	29	57	2.7	19.6
SA20160190_KJBEGOPM_03862	SA20153983_GBAKOBEN_03757	26.667	30	22	0	47	76	46	75	5.3	18.5
SA20160190_KJBEGOPM_03862	SA20153983_GBAKOBEN_03765	20.833	24	19	0	214	237	166	189	6.2	18.5
SA20160190_KJBEGOPM_03863	SA20153983_GBAKOBEN_03758	100.000	302	0	0	1	302	1	302	0.0	628
SA20160190_KJBEGOPM_03863	SA20153983_GBAKOBEN_03769	25.532	47	32	2	116	159	971	1017	0.39	21.9
SA20160190_KJBEGOPM_03863	SA20153983_GBAKOBEN_03768	37.500	24	15	0	152	175	131	154	5.5	18.1
SA20160190_KJBEGOPM_03864	SA20153983_GBAKOBEN_03757	99.180	244	2	0	1	244	1	244	0.0	494
SA20160190_KJBEGOPM_03864	SA20153983_GBAKOBEN_03762	27.660	47	34	0	115	161	57	103	0.40	21.6
SA20160190_KJBEGOPM_03864	SA20153983_GBAKOBEN_03756	28.125	96	41	5	141	225	48	126	3.1	18.5
SA20160190_KJBEGOPM_03864	SA20153983_GBAKOBEN_03765	24.324	37	19	1	27	63	105	132	5.0	18.1
SA20160190_KJBEGOPM_03864	SA20153983_GBAKOBEN_03766	27.907	43	26	1	157	194	285	327	7.4	17.3
SA20160190_KJBEGOPM_03865	SA20153983_GBAKOBEN_03756	98.649	148	2	0	1	148	1	148	4.42e-112	305
SA20160190_KJBEGOPM_03865	SA20153983_GBAKOBEN_03769	25.000	44	26	1	88	131	176	212	1.8	18.5
SA20160190_KJBEGOPM_03865	SA20153983_GBAKOBEN_03771	45.455	11	6	0	13	23	456	466	7.7	16.5
SA20160190_KJBEGOPM_03866	SA20153983_GBAKOBEN_03755	99.407	337	2	0	1	337	1	337	0.0	693
SA20160190_KJBEGOPM_03866	SA20153983_GBAKOBEN_03766	31.148	61	40	2	132	190	17	77	0.84	20.8
SA20160190_KJBEGOPM_03866	SA20153983_GBAKOBEN_03763	46.667	15	8	0	243	257	210	224	0.86	20.8
SA20160190_KJBEGOPM_03866	SA20153983_GBAKOBEN_03771	27.273	66	21	2	58	123	91	129	2.0	20.0
SA20160190_KJBEGOPM_03866	SA20153983_GBAKOBEN_03754	53.333	15	7	0	320	334	44	58	4.2	18.5
SA20160190_KJBEGOPM_03866	SA20153983_GBAKOBEN_03769	38.889	18	11	0	123	140	468	485	5.1	18.5
SA20160190_KJBEGOPM_03866	SA20153983_GBAKOBEN_03761	28.571	35	20	1	174	203	110	144	6.7	18.1
SA20160190_KJBEGOPM_03867	SA20153983_GBAKOBEN_03754	100.000	241	0	0	1	241	1	241	0.0	494
SA20160190_KJBEGOPM_03867	SA20153983_GBAKOBEN_03768	31.481	54	29	3	160	205	66	119	0.25	21.9
SA20160190_KJBEGOPM_03867	SA20153983_GBAKOBEN_03772	52.632	19	9	0	185	203	42	60	0.50	20.4
SA20160190_KJBEGOPM_03867	SA20153983_GBAKOBEN_03755	53.333	15	7	0	44	58	320	334	3.0	18.5
SA20160190_KJBEGOPM_03867	SA20153983_GBAKOBEN_03769	34.783	23	14	1	136	157	2	24	5.7	17.7
SA20160190_KJBEGOPM_03867	SA20153983_GBAKOBEN_03763	33.333	21	14	0	165	185	213	233	9.2	16.9
SA20153983_GBAKOBEN_03754	SA20153983_GBAKOBEN_03754	100.000	241	0	0	1	241	1	241	0.0	494
SA20153983_GBAKOBEN_03754	SA20153983_GBAKOBEN_03768	31.481	54	29	3	160	205	66	119	0.25	21.9
SA20153983_GBAKOBEN_03754	SA20153983_GBAKOBEN_03772	52.632	19	9	0	185	203	42	60	0.50	20.4
SA20153983_GBAKOBEN_03754	SA20153983_GBAKOBEN_03755	53.333	15	7	0	44	58	320	334	3.0	18.5
SA20153983_GBAKOBEN_03754	SA20153983_GBAKOBEN_03769	34.783	23	14	1	136	157	2	24	5.7	17.7
SA20153983_GBAKOBEN_03754	SA20153983_GBAKOBEN_03763	33.333	21	14	0	165	185	213	233	9.2	16.9
SA20153983_GBAKOBEN_03755	SA20153983_GBAKOBEN_03755	100.000	337	0	0	1	337	1	337	0.0	697
SA20153983_GBAKOBEN_03755	SA20153983_GBAKOBEN_03766	32.787	61	39	2	132	190	17	77	0.12	23.5
SA20153983_GBAKOBEN_03755	SA20153983_GBAKOBEN_03763	46.667	15	8	0	243	257	210	224	0.86	20.8
SA20153983_GBAKOBEN_03755	SA20153983_GBAKOBEN_03754	53.333	15	7	0	320	334	44	58	4.2	18.5
SA20153983_GBAKOBEN_03755	SA20153983_GBAKOBEN_03771	35.294	17	11	0	107	123	113	129	5.1	18.5
SA20153983_GBAKOBEN_03755	SA20153983_GBAKOBEN_03769	38.889	18	11	0	123	140	468	485	5.1	18.5
SA20153983_GBAKOBEN_03756	SA20153983_GBAKOBEN_03756	100.000	148	0	0	1	148	1	148	3.35e-113	308
SA20153983_GBAKOBEN_03756	SA20153983_GBAKOBEN_03769	25.000	44	26	1	88	131	176	212	1.9	18.5
SA20153983_GBAKOBEN_03757	SA20153983_GBAKOBEN_03757	100.000	244	0	0	1	244	1	244	0.0	498
SA20153983_GBAKOBEN_03757	SA20153983_GBAKOBEN_03762	27.660	47	34	0	115	161	57	103	0.36	21.6
SA20153983_GBAKOBEN_03757	SA20153983_GBAKOBEN_03765	24.324	37	19	1	27	63	105	132	4.9	18.1
SA20153983_GBAKOBEN_03757	SA20153983_GBAKOBEN_03771	60.000	10	4	0	162	171	453	462	8.3	17.3
SA20153983_GBAKOBEN_03758	SA20153983_GBAKOBEN_03758	100.000	302	0	0	1	302	1	302	0.0	628
SA20153983_GBAKOBEN_03758	SA20153983_GBAKOBEN_03769	25.532	47	32	2	116	159	971	1017	0.39	21.9
SA20153983_GBAKOBEN_03758	SA20153983_GBAKOBEN_03768	37.500	24	15	0	152	175	131	154	5.5	18.1
SA20153983_GBAKOBEN_03759	SA20153983_GBAKOBEN_03759	100.000	390	0	0	1	390	1	390	0.0	783
SA20153983_GBAKOBEN_03759	SA20153983_GBAKOBEN_03766	31.250	32	22	0	351	382	232	263	2.4	19.6
SA20153983_GBAKOBEN_03759	SA20153983_GBAKOBEN_03768	27.586	29	21	0	180	208	29	57	2.6	19.6
SA20153983_GBAKOBEN_03759	SA20153983_GBAKOBEN_03765	20.833	24	19	0	214	237	166	189	6.3	18.5
SA20153983_GBAKOBEN_03759	SA20153983_GBAKOBEN_03769	47.368	19	9	1	241	259	1019	1036	9.5	18.1
SA20153983_GBAKOBEN_03760	SA20153983_GBAKOBEN_03760	100.000	153	0	0	1	153	1	153	1.60e-112	306
SA20153983_GBAKOBEN_03760	SA20153983_GBAKOBEN_03761	29.213	89	61	2	16	103	71	158	5.35e-06	35.0
SA20153983_GBAKOBEN_03760	SA20153983_GBAKOBEN_03771	34.783	23	15	0	104	126	280	302	8.1	16.5
SA20153983_GBAKOBEN_03761	SA20153983_GBAKOBEN_03761	100.000	223	0	0	1	223	1	223	2.70e-164	443
SA20153983_GBAKOBEN_03761	SA20153983_GBAKOBEN_03760	29.213	89	61	2	71	158	16	103	7.80e-06	35.0
SA20153983_GBAKOBEN_03761	SA20153983_GBAKOBEN_03771	35.294	34	17	1	90	118	173	206	1.4	19.6
SA20153983_GBAKOBEN_03761	SA20153983_GBAKOBEN_03755	28.571	35	20	1	110	144	174	203	2.5	18.9
SA20153983_GBAKOBEN_03761	SA20153983_GBAKOBEN_03762	44.444	18	10	0	83	100	327	344	7.5	17.3
SA20153983_GBAKOBEN_03761	SA20153983_GBAKOBEN_03765	66.667	9	3	0	189	197	114	122	9.2	16.9
SA20153983_GBAKOBEN_03761	SA20153983_GBAKOBEN_03772	33.333	21	14	0	114	134	6	26	9.5	16.5
SA20153983_GBAKOBEN_03762	SA20153983_GBAKOBEN_03762	100.000	394	0	0	1	394	1	394	0.0	762
SA20153983_GBAKOBEN_03762	SA20153983_GBAKOBEN_03764	26.415	106	75	2	15	118	13	117	0.46	21.9
SA20153983_GBAKOBEN_03762	SA20153983_GBAKOBEN_03757	27.660	47	34	0	57	103	115	161	0.58	21.6
SA20153983_GBAKOBEN_03762	SA20153983_GBAKOBEN_03771	36.667	30	18	1	13	42	168	196	0.65	21.6
SA20153983_GBAKOBEN_03762	SA20153983_GBAKOBEN_03770	31.579	57	31	2	132	182	86	140	0.75	21.6
SA20153983_GBAKOBEN_03762	SA20153983_GBAKOBEN_03766	34.783	23	9	1	239	261	147	163	4.1	18.9
SA20153983_GBAKOBEN_03763	SA20153983_GBAKOBEN_03763	100.000	423	0	0	1	423	1	423	0.0	851
SA20153983_GBAKOBEN_03763	SA20153983_GBAKOBEN_03766	33.333	36	24	0	179	214	382	417	0.61	21.9
SA20153983_GBAKOBEN_03763	SA20153983_GBAKOBEN_03774	26.087	23	17	0	303	325	52	74	0.79	21.2
SA20153983_GBAKOBEN_03763	SA20153983_GBAKOBEN_03755	46.667	15	8	0	210	224	243	257	1.0	21.2
SA20153983_GBAKOBEN_03763	SA20153983_GBAKOBEN_03771	24.000	50	35	1	359	408	306	352	2.2	20.0
SA20153983_GBAKOBEN_03763	SA20153983_GBAKOBEN_03768	20.930	86	59	2	320	405	108	184	5.7	18.5
SA20153983_GBAKOBEN_03763	SA20153983_GBAKOBEN_03773	27.419	62	34	2	188	249	40	90	9.9	17.7
SA20153983_GBAKOBEN_03764	SA20153983_GBAKOBEN_03764	100.000	413	0	0	1	413	1	413	0.0	816
SA20153983_GBAKOBEN_03764	SA20153983_GBAKOBEN_03762	26.415	106	75	2	13	117	15	118	0.35	22.3
SA20153983_GBAKOBEN_03765	SA20153983_GBAKOBEN_03765	100.000	317	0	0	1	317	1	317	0.0	654
SA20153983_GBAKOBEN_03765	SA20153983_GBAKOBEN_03769	38.095	21	13	0	31	51	114	134	0.71	21.2
SA20153983_GBAKOBEN_03765	SA20153983_GBAKOBEN_03770	39.286	28	15	1	219	244	351	378	0.83	20.8
SA20153983_GBAKOBEN_03765	SA20153983_GBAKOBEN_03759	20.833	24	19	0	166	189	214	237	5.1	18.5
SA20153983_GBAKOBEN_03765	SA20153983_GBAKOBEN_03757	24.324	37	19	1	105	132	27	63	6.4	18.1
SA20153983_GBAKOBEN_03765	SA20153983_GBAKOBEN_03774	26.667	30	20	1	48	77	54	81	9.9	17.3
SA20153983_GBAKOBEN_03766	SA20153983_GBAKOBEN_03766	100.000	456	0	0	1	456	1	456	0.0	944
SA20153983_GBAKOBEN_03766	SA20153983_GBAKOBEN_03755	32.787	61	39	2	17	77	132	190	0.18	23.5
SA20153983_GBAKOBEN_03766	SA20153983_GBAKOBEN_03769	38.889	18	11	0	79	96	284	301	0.27	23.1
SA20153983_GBAKOBEN_03766	SA20153983_GBAKOBEN_03763	33.333	36	24	0	382	417	179	214	0.65	21.9
SA20153983_GBAKOBEN_03766	SA20153983_GBAKOBEN_03759	31.250	32	22	0	232	263	351	382	2.8	19.6
SA20153983_GBAKOBEN_03766	SA20153983_GBAKOBEN_03770	41.667	24	14	0	75	98	298	321	3.3	19.6
SA20153983_GBAKOBEN_03766	SA20153983_GBAKOBEN_03771	30.588	85	45	6	336	409	62	143	4.8	19.2
SA20153983_GBAKOBEN_03766	SA20153983_GBAKOBEN_03762	34.783	23	9	1	147	163	239	261	5.2	18.9
SA20153983_GBAKOBEN_03767	SA20153983_GBAKOBEN_03767	100.000	54	0	0	1	54	1	54	8.47e-38	110
SA20153983_GBAKOBEN_03767	SA20153983_GBAKOBEN_03769	28.571	14	10	0	3	16	462	475	0.38	18.1
SA20153983_GBAKOBEN_03767	SA20153983_GBAKOBEN_03755	83.333	6	1	0	30	35	178	183	3.3	15.8
SA20153983_GBAKOBEN_03768	SA20153983_GBAKOBEN_03768	100.000	306	0	0	1	306	1	306	0.0	632
SA20153983_GBAKOBEN_03768	SA20153983_GBAKOBEN_03754	31.481	54	29	3	66	119	160	205	0.32	21.9
SA20153983_GBAKOBEN_03768	SA20153983_GBAKOBEN_03769	36.842	38	23	1	51	87	158	195	0.93	20.8
SA20153983_GBAKOBEN_03768	SA20153983_GBAKOBEN_03771	42.857	21	9	1	174	191	339	359	1.6	20.0
SA20153983_GBAKOBEN_03768	SA20153983_GBAKOBEN_03759	27.586	29	21	0	29	57	180	208	2.1	19.6
SA20153983_GBAKOBEN_03768	SA20153983_GBAKOBEN_03763	20.930	86	59	2	108	184	320	405	3.3	18.9
SA20153983_GBAKOBEN_03768	SA20153983_GBAKOBEN_03758	37.500	24	15	0	131	154	152	175	5.5	18.1
SA20153983_GBAKOBEN_03768	SA20153983_GBAKOBEN_03772	33.333	27	18	0	17	43	65	91	7.7	17.3
SA20153983_GBAKOBEN_03769	SA20153983_GBAKOBEN_03769	100.000	1088	0	0	1	1088	1	1088	0.0	2265
SA20153983_GBAKOBEN_03769	SA20153983_GBAKOBEN_03766	38.889	18	11	0	284	301	79	96	0.67	23.1
SA20153983_GBAKOBEN_03769	SA20153983_GBAKOBEN_03758	25.532	47	32	2	971	1017	116	159	1.4	21.9
SA20153983_GBAKOBEN_03769	SA20153983_GBAKOBEN_03771	60.000	10	4	0	821	830	209	218	1.9	21.6
SA20153983_GBAKOBEN_03769	SA20153983_GBAKOBEN_03765	38.095	21	13	0	114	134	31	51	2.4	21.2
SA20153983_GBAKOBEN_03769	SA20153983_GBAKOBEN_03770	22.680	97	65	5	685	774	261	354	3.3	20.8
SA20153983_GBAKOBEN_03769	SA20153983_GBAKOBEN_03768	36.842	38	23	1	158	195	51	87	3.3	20.8
SA20153983_GBAKOBEN_03769	SA20153983_GBAKOBEN_03767	28.571	14	10	0	462	475	3	16	7.7	18.1
SA20153983_GBAKOBEN_03770	SA20153983_GBAKOBEN_03770	100.000	434	0	0	1	434	1	434	0.0	894
SA20153983_GBAKOBEN_03770	SA20153983_GBAKOBEN_03762	29.091	55	35	2	86	140	132	182	1.0	21.2
SA20153983_GBAKOBEN_03770	SA20153983_GBAKOBEN_03765	39.286	28	15	1	351	378	219	244	1.2	20.8
SA20153983_GBAKOBEN_03770	SA20153983_GBAKOBEN_03769	22.680	97	65	5	261	354	685	774	1.2	21.2
SA20153983_GBAKOBEN_03770	SA20153983_GBAKOBEN_03766	35.714	28	18	0	298	325	75	102	2.7	19.6
SA20153983_GBAKOBEN_03771	SA20153983_GBAKOBEN_03771	100.000	539	0	0	1	539	1	539	0.0	1123
SA20153983_GBAKOBEN_03771	SA20153983_GBAKOBEN_03769	24.194	124	79	7	108	218	709	830	0.77	21.9
SA20153983_GBAKOBEN_03771	SA20153983_GBAKOBEN_03762	36.667	30	18	1	168	196	13	42	1.1	21.6
SA20153983_GBAKOBEN_03771	SA20153983_GBAKOBEN_03763	24.000	50	35	1	306	352	359	408	2.3	20.4
SA20153983_GBAKOBEN_03771	SA20153983_GBAKOBEN_03768	42.857	21	9	1	339	359	174	191	2.9	20.0
SA20153983_GBAKOBEN_03771	SA20153983_GBAKOBEN_03761	35.294	34	17	1	173	206	90	118	3.3	19.6
SA20153983_GBAKOBEN_03771	SA20153983_GBAKOBEN_03766	30.588	85	45	6	62	143	336	409	5.9	18.9
SA20153983_GBAKOBEN_03771	SA20153983_GBAKOBEN_03755	35.294	17	11	0	113	129	107	123	8.5	18.5
SA20153983_GBAKOBEN_03772	SA20153983_GBAKOBEN_03772	100.000	112	0	0	1	112	1	112	5.43e-82	226
SA20153983_GBAKOBEN_03772	SA20153983_GBAKOBEN_03754	52.632	19	9	0	42	60	185	203	0.23	20.4
SA20153983_GBAKOBEN_03772	SA20153983_GBAKOBEN_03768	33.333	27	18	0	65	91	17	43	2.8	17.3
SA20153983_GBAKOBEN_03772	SA20153983_GBAKOBEN_03764	44.444	18	10	0	35	52	85	102	4.1	16.9
SA20153983_GBAKOBEN_03772	SA20153983_GBAKOBEN_03761	33.333	21	14	0	6	26	114	134	4.7	16.5
SA20153983_GBAKOBEN_03772	SA20153983_GBAKOBEN_03758	75.000	8	2	0	95	102	130	137	8.9	15.8
SA20153983_GBAKOBEN_03772	SA20153983_GBAKOBEN_03771	43.478	23	12	1	35	57	118	139	8.9	15.8
SA20153983_GBAKOBEN_03773	SA20153983_GBAKOBEN_03773	100.000	155	0	0	1	155	1	155	1.93e-116	317
SA20153983_GBAKOBEN_03773	SA20153983_GBAKOBEN_03763	27.419	62	34	2	40	90	188	249	3.9	17.7
SA20153983_GBAKOBEN_03773	SA20153983_GBAKOBEN_03769	26.667	30	22	0	47	76	438	467	5.7	16.9
SA20153983_GBAKOBEN_03773	SA20153983_GBAKOBEN_03765	29.730	37	20	1	44	74	243	279	9.9	16.2
SA20153983_GBAKOBEN_03774	SA20153983_GBAKOBEN_03774	100.000	146	0	0	1	146	1	146	6.20e-114	310
SA20153983_GBAKOBEN_03774	SA20153983_GBAKOBEN_03763	26.087	23	17	0	52	74	303	325	0.28	20.8
SA20153983_GBAKOBEN_03774	SA20153983_GBAKOBEN_03765	26.667	30	20	1	54	81	48	77	4.6	17.3
SA20153983_GBAKOBEN_03774	SA20153983_GBAKOBEN_03754	36.667	30	17	1	35	64	1	28	6.2	16.9
SA20153983_GBAKOBEN_03774	SA20153983_GBAKOBEN_03771	36.364	22	13	1	45	65	289	310	6.6	16.9
SA20160190_KJBEGOPM_03847	SA20160190_KJBEGOPM_03847	100.000	95	0	0	1	95	1	95	2.19e-70	196
SA20160190_KJBEGOPM_03847	SA20160190_KJBEGOPM_03866	50.000	8	4	0	29	36	223	230	7.6	15.8
SA20160190_KJBEGOPM_03848	SA20160190_KJBEGOPM_03848	100.000	304	0	0	1	304	1	304	0.0	620
SA20160190_KJBEGOPM_03848	SA20160190_KJBEGOPM_03855	28.916	83	48	2	12	94	50	121	0.24	22.7
SA20160190_KJBEGOPM_03848	SA20160190_KJBEGOPM_03849	27.660	47	29	2	142	184	534	579	1.4	20.4
SA20160190_KJBEGOPM_03848	SA20160190_KJBEGOPM_03867	38.889	18	11	0	287	304	210	227	6.3	18.1
SA20160190_KJBEGOPM_03848	SA20160190_KJBEGOPM_03858	52.632	19	7	1	190	206	392	410	6.5	18.1
SA20160190_KJBEGOPM_03849	SA20160190_KJBEGOPM_03849	100.000	1169	0	0	1	1169	1	1169	0.0	2423
SA20160190_KJBEGOPM_03849	SA20160190_KJBEGOPM_03848	27.660	47	29	2	534	579	142	184	5.0	20.4
SA20160190_KJBEGOPM_03849	SA20160190_KJBEGOPM_03863	42.308	26	14	1	134	159	67	91	7.2	19.6
SA20160190_KJBEGOPM_03850	SA20160190_KJBEGOPM_03850	100.000	529	0	0	1	529	1	529	0.0	1102
SA20160190_KJBEGOPM_03851	SA20160190_KJBEGOPM_03851	100.000	486	0	0	1	486	1	486	0.0	990
SA20160190_KJBEGOPM_03851	SA20160190_KJBEGOPM_03858	37.143	35	14	2	275	309	129	155	1.8	20.4
SA20160190_KJBEGOPM_03851	SA20160190_KJBEGOPM_03867	45.000	20	9	1	434	453	146	163	2.0	20.4
SA20160190_KJBEGOPM_03851	SA20160190_KJBEGOPM_03856	41.176	17	10	0	234	250	121	137	3.0	19.6
SA20160190_KJBEGOPM_03851	SA20160190_KJBEGOPM_03859	22.619	84	47	3	116	196	54	122	3.3	19.6
SA20160190_KJBEGOPM_03851	SA20160190_KJBEGOPM_03866	36.842	19	12	0	394	412	155	173	6.2	18.9
SA20160190_KJBEGOPM_03851	SA20160190_KJBEGOPM_03852	28.000	25	18	0	396	420	50	74	8.8	17.7
SA20160190_KJBEGOPM_03851	SA20160190_KJBEGOPM_03849	55.556	9	4	0	447	455	431	439	9.8	18.1
SA20160190_KJBEGOPM_03852	SA20160190_KJBEGOPM_03852	100.000	86	0	0	1	86	1	86	4.34e-64	179
SA20160190_KJBEGOPM_03852	SA20160190_KJBEGOPM_03851	28.000	25	18	0	50	74	396	420	1.4	17.7
SA20160190_KJBEGOPM_03852	SA20160190_KJBEGOPM_03848	60.000	10	4	0	56	65	158	167	5.9	15.8
SA20160190_KJBEGOPM_03852	SA20160190_KJBEGOPM_03855	33.333	27	18	0	24	50	308	334	6.0	15.8
SA20160190_KJBEGOPM_03853	SA20160190_KJBEGOPM_03853	100.000	233	0	0	1	233	1	233	8.60e-174	468
SA20160190_KJBEGOPM_03853	SA20160190_KJBEGOPM_03861	41.176	17	9	1	119	135	120	135	1.2	19.6
SA20160190_KJBEGOPM_03853	SA20160190_KJBEGOPM_03850	20.000	15	12	0	214	228	183	197	7.0	17.3
SA20160190_KJBEGOPM_03853	SA20160190_KJBEGOPM_03863	25.000	28	21	0	49	76	215	242	8.3	17.3
SA20160190_KJBEGOPM_03854	SA20160190_KJBEGOPM_03854	100.000	54	0	0	1	54	1	54	1.46e-37	110
SA20160190_KJBEGOPM_03854	SA20160190_KJBEGOPM_03866	83.333	6	1	0	30	35	178	183	3.4	15.8
SA20160190_KJBEGOPM_03855	SA20160190_KJBEGOPM_03855	100.000	456	0	0	1	456	1	456	0.0	942
SA20160190_KJBEGOPM_03855	SA20160190_KJBEGOPM_03848	28.916	83	48	2	50	121	12	94	0.57	21.9
SA20160190_KJBEGOPM_03855	SA20160190_KJBEGOPM_03858	33.333	36	24	0	382	417	179	214	0.79	21.6
SA20160190_KJBEGOPM_03855	SA20160190_KJBEGOPM_03866	29.508	61	41	1	17	77	132	190	0.89	21.2
SA20160190_KJBEGOPM_03855	SA20160190_KJBEGOPM_03862	31.250	32	22	0	232	263	351	382	3.0	19.6
SA20160190_KJBEGOPM_03855	SA20160190_KJBEGOPM_03859	34.783	23	9	1	147	163	239	261	5.3	18.9
SA20160190_KJBEGOPM_03855	SA20160190_KJBEGOPM_03849	29.630	27	19	0	309	335	917	943	7.4	18.5
SA20160190_KJBEGOPM_03856	SA20160190_KJBEGOPM_03856	100.000	317	0	0	1	317	1	317	0.0	652
SA20160190_KJBEGOPM_03856	SA20160190_KJBEGOPM_03862	20.833	24	19	0	166	189	214	237	5.3	18.5
SA20160190_KJBEGOPM_03856	SA20160190_KJBEGOPM_03864	24.324	37	19	1	105	132	27	63	6.4	18.1
SA20160190_KJBEGOPM_03856	SA20160190_KJBEGOPM_03851	40.000	15	9	0	123	137	236	250	8.0	17.7
SA20160190_KJBEGOPM_03857	SA20160190_KJBEGOPM_03857	100.000	413	0	0	1	413	1	413	0.0	816
SA20160190_KJBEGOPM_03857	SA20160190_KJBEGOPM_03859	27.358	106	74	2	13	117	15	118	0.20	23.5
SA20160190_KJBEGOPM_03857	SA20160190_KJBEGOPM_03853	24.528	106	46	4	100	193	84	167	6.2	18.5
SA20160190_KJBEGOPM_03858	SA20160190_KJBEGOPM_03858	100.000	423	0	0	1	423	1	423	0.0	850
SA20160190_KJBEGOPM_03858	SA20160190_KJBEGOPM_03855	33.333	36	24	0	179	214	382	417	0.76	21.6
SA20160190_KJBEGOPM_03858	SA20160190_KJBEGOPM_03866	46.667	15	8	0	210	224	243	257	1.1	20.8
SA20160190_KJBEGOPM_03858	SA20160190_KJBEGOPM_03851	37.143	35	14	2	129	155	275	309	1.5	20.4
SA20160190_KJBEGOPM_03858	SA20160190_KJBEGOPM_03849	58.333	24	8	2	293	316	955	976	4.8	18.9
SA20160190_KJBEGOPM_03859	SA20160190_KJBEGOPM_03859	100.000	394	0	0	1	394	1	394	0.0	762
SA20160190_KJBEGOPM_03859	SA20160190_KJBEGOPM_03857	27.358	106	74	2	15	118	13	117	0.26	22.7
SA20160190_KJBEGOPM_03859	SA20160190_KJBEGOPM_03864	27.660	47	34	0	57	103	115	161	0.63	21.6
SA20160190_KJBEGOPM_03859	SA20160190_KJBEGOPM_03851	22.619	84	47	3	54	122	116	196	3.6	19.2
SA20160190_KJBEGOPM_03859	SA20160190_KJBEGOPM_03855	34.783	23	9	1	239	261	147	163	4.1	18.9
SA20160190_KJBEGOPM_03859	SA20160190_KJBEGOPM_03849	34.043	47	28	1	84	127	466	512	7.7	18.1
SA20160190_KJBEGOPM_03860	SA20160190_KJBEGOPM_03860	100.000	223	0	0	1	223	1	223	2.75e-164	443
SA20160190_KJBEGOPM_03860	SA20160190_KJBEGOPM_03861	29.213	89	61	2	71	158	16	103	7.94e-06	35.0
SA20160190_KJBEGOPM_03860	SA20160190_KJBEGOPM_03866	28.571	35	20	1	110	144	174	203	4.5	18.1
SA20160190_KJBEGOPM_03860	SA20160190_KJBEGOPM_03859	44.444	18	10	0	83	100	327	344	7.6	17.3
SA20160190_KJBEGOPM_03860	SA20160190_KJBEGOPM_03851	50.000	14	7	0	71	84	139	152	9.0	16.9
SA20160190_KJBEGOPM_03860	SA20160190_KJBEGOPM_03856	66.667	9	3	0	189	197	114	122	9.6	16.9
SA20160190_KJBEGOPM_03861	SA20160190_KJBEGOPM_03861	100.000	153	0	0	1	153	1	153	1.63e-112	306
SA20160190_KJBEGOPM_03861	SA20160190_KJBEGOPM_03860	29.213	89	61	2	16	103	71	158	5.45e-06	35.0
SA20160190_KJBEGOPM_03861	SA20160190_KJBEGOPM_03853	41.176	17	9	1	120	135	119	135	0.82	19.6
SA20160190_KJBEGOPM_03862	SA20160190_KJBEGOPM_03862	100.000	390	0	0	1	390	1	390	0.0	781
SA20160190_KJBEGOPM_03862	SA20160190_KJBEGOPM_03855	31.250	32	22	0	351	382	232	263	2.7	19.6
SA20160190_KJBEGOPM_03862	SA20160190_KJBEGOPM_03864	26.667	30	22	0	47	76	46	75	5.3	18.5
SA20160190_KJBEGOPM_03862	SA20160190_KJBEGOPM_03856	20.833	24	19	0	214	237	166	189	6.5	18.5
SA20160190_KJBEGOPM_03863	SA20160190_KJBEGOPM_03863	100.000	302	0	0	1	302	1	302	0.0	628
SA20160190_KJBEGOPM_03863	SA20160190_KJBEGOPM_03849	42.308	26	14	1	67	91	134	159	2.0	19.6
SA20160190_KJBEGOPM_03864	SA20160190_KJBEGOPM_03864	100.000	244	0	0	1	244	1	244	0.0	496
SA20160190_KJBEGOPM_03864	SA20160190_KJBEGOPM_03859	27.660	47	34	0	115	161	57	103	0.37	21.6
SA20160190_KJBEGOPM_03864	SA20160190_KJBEGOPM_03862	26.667	30	22	0	46	75	47	76	3.3	18.5
SA20160190_KJBEGOPM_03864	SA20160190_KJBEGOPM_03856	24.324	37	19	1	27	63	105	132	4.9	18.1
SA20160190_KJBEGOPM_03864	SA20160190_KJBEGOPM_03865	33.333	48	18	2	141	178	48	91	5.0	17.7
SA20160190_KJBEGOPM_03865	SA20160190_KJBEGOPM_03865	100.000	148	0	0	1	148	1	148	1.64e-113	309
SA20160190_KJBEGOPM_03865	SA20160190_KJBEGOPM_03864	33.333	48	18	2	48	91	141	178	3.0	17.7
SA20160190_KJBEGOPM_03866	SA20160190_KJBEGOPM_03866	100.000	337	0	0	1	337	1	337	0.0	696
SA20160190_KJBEGOPM_03866	SA20160190_KJBEGOPM_03855	29.508	61	41	1	132	190	17	77	0.64	21.6
SA20160190_KJBEGOPM_03866	SA20160190_KJBEGOPM_03858	46.667	15	8	0	243	257	210	224	0.87	20.8
SA20160190_KJBEGOPM_03866	SA20160190_KJBEGOPM_03851	36.842	19	12	0	155	173	394	412	4.0	18.9
SA20160190_KJBEGOPM_03866	SA20160190_KJBEGOPM_03867	53.333	15	7	0	320	334	44	58	4.3	18.5
SA20160190_KJBEGOPM_03867	SA20160190_KJBEGOPM_03867	100.000	241	0	0	1	241	1	241	0.0	494
SA20160190_KJBEGOPM_03867	SA20160190_KJBEGOPM_03851	45.000	20	9	1	146	163	434	453	1.0	20.0
SA20160190_KJBEGOPM_03867	SA20160190_KJBEGOPM_03849	33.929	56	35	2	25	79	968	1022	2.8	18.9
SA20160190_KJBEGOPM_03867	SA20160190_KJBEGOPM_03866	53.333	15	7	0	44	58	320	334	3.1	18.5
SA20160190_KJBEGOPM_03867	SA20160190_KJBEGOPM_03848	38.889	18	11	0	210	227	287	304	5.1	17.7
SA20160190_KJBEGOPM_03867	SA20160190_KJBEGOPM_03858	33.333	21	14	0	165	185	213	233	9.0	17.3
