SA20153983_GBAKOBEN_03754	SA20153980_HPBJMGIL_03093	100.000	241	0	0	1	241	1	241	0.0	494
SA20153983_GBAKOBEN_03754	SA20153980_HPBJMGIL_03111	35.714	56	34	2	25	79	968	1022	1.0	20.0
SA20153983_GBAKOBEN_03754	SA20153980_HPBJMGIL_03109	45.000	20	9	1	146	163	417	436	1.1	20.0
SA20153983_GBAKOBEN_03754	SA20153980_HPBJMGIL_03098	20.455	44	35	0	122	165	170	213	2.7	18.9
SA20153983_GBAKOBEN_03754	SA20153980_HPBJMGIL_03094	53.333	15	7	0	44	58	320	334	3.0	18.5
SA20153983_GBAKOBEN_03754	SA20153980_HPBJMGIL_03112	38.889	18	11	0	210	227	287	304	5.0	17.7
SA20153983_GBAKOBEN_03754	SA20153980_HPBJMGIL_03102	33.333	21	14	0	165	185	213	233	9.0	17.3
SA20153983_GBAKOBEN_03755	SA20153980_HPBJMGIL_03094	99.110	337	3	0	1	337	1	337	0.0	692
SA20153983_GBAKOBEN_03755	SA20153980_HPBJMGIL_03105	31.148	61	40	1	132	190	17	77	0.095	23.9
SA20153983_GBAKOBEN_03755	SA20153980_HPBJMGIL_03102	46.667	15	8	0	243	257	210	224	0.85	20.8
SA20153983_GBAKOBEN_03755	SA20153980_HPBJMGIL_03109	36.842	19	12	0	155	173	377	395	1.6	20.0
SA20153983_GBAKOBEN_03755	SA20153980_HPBJMGIL_03100	28.571	35	20	1	174	203	110	144	3.8	18.9
SA20153983_GBAKOBEN_03755	SA20153980_HPBJMGIL_03093	53.333	15	7	0	320	334	44	58	4.2	18.5
SA20153983_GBAKOBEN_03756	SA20153980_HPBJMGIL_03095	99.324	148	1	0	1	148	1	148	1.28e-112	306
SA20153983_GBAKOBEN_03756	SA20153980_HPBJMGIL_03096	28.125	96	41	5	48	126	141	225	1.9	18.5
SA20153983_GBAKOBEN_03757	SA20153980_HPBJMGIL_03096	99.180	244	2	0	1	244	1	244	0.0	494
SA20153983_GBAKOBEN_03757	SA20153980_HPBJMGIL_03101	27.660	47	34	0	115	161	57	103	0.36	21.6
SA20153983_GBAKOBEN_03757	SA20153980_HPBJMGIL_03098	26.667	30	22	0	46	75	47	76	3.3	18.5
SA20153983_GBAKOBEN_03758	SA20153980_HPBJMGIL_03097	100.000	302	0	0	1	302	1	302	0.0	628
SA20153983_GBAKOBEN_03758	SA20153980_HPBJMGIL_03111	42.308	26	14	1	67	91	134	159	1.9	19.6
SA20153983_GBAKOBEN_03759	SA20153980_HPBJMGIL_03098	99.231	390	3	0	1	390	1	390	0.0	777
SA20153983_GBAKOBEN_03759	SA20153980_HPBJMGIL_03105	31.250	32	22	0	351	382	232	263	2.6	19.6
SA20153983_GBAKOBEN_03760	SA20153980_HPBJMGIL_03099	100.000	153	0	0	1	153	1	153	1.60e-112	306
SA20153983_GBAKOBEN_03760	SA20153980_HPBJMGIL_03100	29.213	89	61	2	16	103	71	158	5.09e-06	35.0
SA20153983_GBAKOBEN_03760	SA20153980_HPBJMGIL_03107	41.176	17	9	1	120	135	119	135	0.87	19.2
SA20153983_GBAKOBEN_03761	SA20153980_HPBJMGIL_03100	99.552	223	1	0	1	223	1	223	4.77e-164	442
SA20153983_GBAKOBEN_03761	SA20153980_HPBJMGIL_03099	29.213	89	61	2	71	158	16	103	7.78e-06	35.0
SA20153983_GBAKOBEN_03761	SA20153980_HPBJMGIL_03094	37.838	37	22	1	143	179	115	150	3.0	18.5
SA20153983_GBAKOBEN_03761	SA20153980_HPBJMGIL_03101	44.444	18	10	0	83	100	327	344	7.0	17.3
SA20153983_GBAKOBEN_03761	SA20153980_HPBJMGIL_03109	42.857	14	8	0	51	64	134	147	8.4	17.3
SA20153983_GBAKOBEN_03762	SA20153980_HPBJMGIL_03101	99.746	394	1	0	1	394	1	394	0.0	760
SA20153983_GBAKOBEN_03762	SA20153980_HPBJMGIL_03103	26.415	106	75	2	15	118	13	117	0.46	21.9
SA20153983_GBAKOBEN_03762	SA20153980_HPBJMGIL_03096	27.660	47	34	0	57	103	115	161	0.67	21.6
SA20153983_GBAKOBEN_03763	SA20153980_HPBJMGIL_03102	99.527	423	2	0	1	423	1	423	0.0	845
SA20153983_GBAKOBEN_03763	SA20153980_HPBJMGIL_03105	33.333	36	24	0	179	214	382	417	0.61	21.9
SA20153983_GBAKOBEN_03763	SA20153980_HPBJMGIL_03094	46.667	15	8	0	210	224	243	257	1.0	21.2
SA20153983_GBAKOBEN_03763	SA20153980_HPBJMGIL_03111	33.333	24	16	0	327	350	623	646	4.4	19.2
SA20153983_GBAKOBEN_03763	SA20153980_HPBJMGIL_03109	31.111	45	22	3	333	373	248	287	7.2	18.5
SA20153983_GBAKOBEN_03764	SA20153980_HPBJMGIL_03103	100.000	413	0	0	1	413	1	413	0.0	816
SA20153983_GBAKOBEN_03764	SA20153980_HPBJMGIL_03101	27.397	73	51	1	45	117	48	118	0.40	22.3
SA20153983_GBAKOBEN_03764	SA20153980_HPBJMGIL_03105	33.333	33	18	1	351	379	394	426	4.5	18.9
SA20153983_GBAKOBEN_03764	SA20153980_HPBJMGIL_03107	24.561	114	49	5	95	193	76	167	7.0	18.1
SA20153983_GBAKOBEN_03765	SA20153980_HPBJMGIL_03104	98.519	135	2	0	183	317	36	170	8.61e-95	269
SA20153983_GBAKOBEN_03765	SA20153980_HPBJMGIL_03109	19.697	66	45	1	126	183	222	287	1.7	20.0
SA20153983_GBAKOBEN_03765	SA20153980_HPBJMGIL_03098	20.833	24	19	0	166	189	214	237	5.1	18.5
SA20153983_GBAKOBEN_03765	SA20153980_HPBJMGIL_03096	24.324	37	19	1	105	132	27	63	6.5	18.1
SA20153983_GBAKOBEN_03766	SA20153980_HPBJMGIL_03105	98.684	456	6	0	1	456	1	456	0.0	931
SA20153983_GBAKOBEN_03766	SA20153980_HPBJMGIL_03102	33.333	36	24	0	382	417	179	214	0.60	21.9
SA20153983_GBAKOBEN_03766	SA20153980_HPBJMGIL_03112	28.916	83	48	2	50	121	12	94	0.63	21.9
SA20153983_GBAKOBEN_03766	SA20153980_HPBJMGIL_03094	31.148	61	40	2	17	77	132	190	1.2	20.8
SA20153983_GBAKOBEN_03766	SA20153980_HPBJMGIL_03111	24.000	75	44	2	309	381	917	980	2.6	20.0
SA20153983_GBAKOBEN_03766	SA20153980_HPBJMGIL_03109	41.379	29	10	2	254	281	319	341	2.8	19.6
SA20153983_GBAKOBEN_03766	SA20153980_HPBJMGIL_03098	31.250	32	22	0	232	263	351	382	2.8	19.6
SA20153983_GBAKOBEN_03766	SA20153980_HPBJMGIL_03103	33.333	33	18	1	394	426	351	379	5.2	18.9
SA20153983_GBAKOBEN_03766	SA20153980_HPBJMGIL_03101	34.783	23	9	1	147	163	239	261	5.4	18.9
SA20153983_GBAKOBEN_03767	SA20153980_HPBJMGIL_03106	98.148	54	1	0	1	54	1	54	3.06e-37	109
SA20153983_GBAKOBEN_03767	SA20153980_HPBJMGIL_03094	83.333	6	1	0	30	35	178	183	3.3	15.8
SA20153983_GBAKOBEN_03767	SA20153980_HPBJMGIL_03110	66.667	6	2	0	1	6	68	73	6.1	15.0
SA20153983_GBAKOBEN_03768	SA20153980_HPBJMGIL_03093	31.481	54	29	3	66	119	160	205	0.32	21.9
SA20153983_GBAKOBEN_03768	SA20153980_HPBJMGIL_03111	30.769	39	18	1	205	243	818	847	0.49	21.6
SA20153983_GBAKOBEN_03768	SA20153980_HPBJMGIL_03098	27.586	29	21	0	29	57	180	208	2.1	19.6
SA20153983_GBAKOBEN_03768	SA20153980_HPBJMGIL_03102	20.930	86	59	2	108	184	320	405	3.5	18.9
SA20153983_GBAKOBEN_03768	SA20153980_HPBJMGIL_03097	37.500	24	15	0	131	154	152	175	5.5	18.1
SA20153983_GBAKOBEN_03769	SA20153980_HPBJMGIL_03111	26.168	214	136	10	327	528	471	674	4.09e-05	37.0
SA20153983_GBAKOBEN_03769	SA20153980_HPBJMGIL_03105	38.889	18	11	0	284	301	79	96	0.71	23.1
SA20153983_GBAKOBEN_03769	SA20153980_HPBJMGIL_03097	25.532	47	32	2	971	1017	116	159	1.4	21.9
SA20153983_GBAKOBEN_03769	SA20153980_HPBJMGIL_03104	37.500	32	16	1	49	80	140	167	1.7	21.6
SA20153983_GBAKOBEN_03769	SA20153980_HPBJMGIL_03106	28.571	14	10	0	462	475	3	16	8.1	18.1
SA20153983_GBAKOBEN_03770	SA20153980_HPBJMGIL_03109	38.889	18	11	0	224	241	4	21	0.14	23.9
SA20153983_GBAKOBEN_03770	SA20153980_HPBJMGIL_03104	39.286	28	15	1	351	378	72	97	1.3	20.4
SA20153983_GBAKOBEN_03770	SA20153980_HPBJMGIL_03105	35.714	28	18	0	298	325	75	102	2.5	20.0
SA20153983_GBAKOBEN_03770	SA20153980_HPBJMGIL_03111	30.909	55	30	2	366	419	304	351	6.3	18.5
SA20153983_GBAKOBEN_03770	SA20153980_HPBJMGIL_03108	40.000	25	15	0	177	201	69	93	7.0	18.1
SA20153983_GBAKOBEN_03770	SA20153980_HPBJMGIL_03101	26.415	53	35	2	86	138	132	180	8.9	18.1
SA20153983_GBAKOBEN_03771	SA20153980_HPBJMGIL_03110	23.500	400	245	13	19	399	10	367	2.14e-23	93.6
SA20153983_GBAKOBEN_03771	SA20153980_HPBJMGIL_03101	36.667	30	18	1	168	196	13	42	1.2	21.2
SA20153983_GBAKOBEN_03771	SA20153980_HPBJMGIL_03102	24.000	50	35	1	306	352	359	408	2.2	20.4
SA20153983_GBAKOBEN_03771	SA20153980_HPBJMGIL_03109	43.750	16	9	0	121	136	40	55	2.7	20.0
SA20153983_GBAKOBEN_03771	SA20153980_HPBJMGIL_03094	27.273	66	21	2	91	129	58	123	3.1	20.0
SA20153983_GBAKOBEN_03771	SA20153980_HPBJMGIL_03100	35.294	34	17	1	173	206	90	118	3.4	19.6
SA20153983_GBAKOBEN_03771	SA20153980_HPBJMGIL_03105	30.588	85	45	6	62	143	336	409	4.4	19.2
SA20153983_GBAKOBEN_03772	SA20153980_HPBJMGIL_03112	35.556	90	55	2	18	107	218	304	8.54e-14	56.2
SA20153983_GBAKOBEN_03772	SA20153980_HPBJMGIL_03093	52.632	19	9	0	42	60	185	203	0.23	20.4
SA20153983_GBAKOBEN_03772	SA20153980_HPBJMGIL_03103	44.444	18	10	0	35	52	85	102	4.1	16.9
SA20153983_GBAKOBEN_03772	SA20153980_HPBJMGIL_03100	33.333	21	14	0	6	26	114	134	4.6	16.5
SA20153983_GBAKOBEN_03772	SA20153980_HPBJMGIL_03111	35.000	20	13	0	55	74	17	36	4.7	16.9
SA20153983_GBAKOBEN_03772	SA20153980_HPBJMGIL_03097	75.000	8	2	0	95	102	130	137	8.9	15.8
SA20153983_GBAKOBEN_03773	SA20153980_HPBJMGIL_03112	33.333	48	32	0	79	126	137	184	0.001	28.1
SA20153983_GBAKOBEN_03773	SA20153980_HPBJMGIL_03104	29.730	37	20	1	44	74	96	132	2.6	17.7
SA20153983_GBAKOBEN_03773	SA20153980_HPBJMGIL_03102	27.419	62	34	2	40	90	188	249	4.2	17.3
SA20153983_GBAKOBEN_03773	SA20153980_HPBJMGIL_03110	27.273	22	16	0	82	103	152	173	6.2	16.9
SA20153983_GBAKOBEN_03774	SA20153980_HPBJMGIL_03102	26.087	23	17	0	52	74	303	325	0.28	20.8
SA20153983_GBAKOBEN_03774	SA20153980_HPBJMGIL_03093	36.667	30	17	1	35	64	1	28	6.2	16.9
SA20153980_HPBJMGIL_03093	SA20153980_HPBJMGIL_03093	100.000	241	0	0	1	241	1	241	0.0	494
SA20153980_HPBJMGIL_03093	SA20153980_HPBJMGIL_03111	35.714	56	34	2	25	79	968	1022	1.0	20.0
SA20153980_HPBJMGIL_03093	SA20153980_HPBJMGIL_03109	45.000	20	9	1	146	163	417	436	1.1	20.0
SA20153980_HPBJMGIL_03093	SA20153980_HPBJMGIL_03098	20.455	44	35	0	122	165	170	213	2.7	18.9
SA20153980_HPBJMGIL_03093	SA20153980_HPBJMGIL_03094	53.333	15	7	0	44	58	320	334	3.0	18.5
SA20153980_HPBJMGIL_03093	SA20153980_HPBJMGIL_03112	38.889	18	11	0	210	227	287	304	5.0	17.7
SA20153980_HPBJMGIL_03093	SA20153980_HPBJMGIL_03102	33.333	21	14	0	165	185	213	233	9.0	17.3
SA20153980_HPBJMGIL_03094	SA20153980_HPBJMGIL_03094	100.000	337	0	0	1	337	1	337	0.0	697
SA20153980_HPBJMGIL_03094	SA20153980_HPBJMGIL_03105	29.508	61	41	1	132	190	17	77	0.60	21.6
SA20153980_HPBJMGIL_03094	SA20153980_HPBJMGIL_03102	46.667	15	8	0	243	257	210	224	0.84	20.8
SA20153980_HPBJMGIL_03094	SA20153980_HPBJMGIL_03109	36.842	19	12	0	155	173	377	395	1.5	20.0
SA20153980_HPBJMGIL_03094	SA20153980_HPBJMGIL_03093	53.333	15	7	0	320	334	44	58	4.1	18.5
SA20153980_HPBJMGIL_03095	SA20153980_HPBJMGIL_03095	100.000	148	0	0	1	148	1	148	3.61e-113	308
SA20153980_HPBJMGIL_03095	SA20153980_HPBJMGIL_03096	33.333	48	18	2	48	91	141	178	2.7	17.7
SA20153980_HPBJMGIL_03096	SA20153980_HPBJMGIL_03096	100.000	244	0	0	1	244	1	244	0.0	496
SA20153980_HPBJMGIL_03096	SA20153980_HPBJMGIL_03101	27.660	47	34	0	115	161	57	103	0.40	21.6
SA20153980_HPBJMGIL_03096	SA20153980_HPBJMGIL_03098	26.667	30	22	0	46	75	47	76	3.2	18.5
SA20153980_HPBJMGIL_03096	SA20153980_HPBJMGIL_03109	26.667	60	40	2	147	205	156	212	3.9	18.5
SA20153980_HPBJMGIL_03096	SA20153980_HPBJMGIL_03095	33.333	48	18	2	141	178	48	91	4.5	17.7
SA20153980_HPBJMGIL_03097	SA20153980_HPBJMGIL_03097	100.000	302	0	0	1	302	1	302	0.0	628
SA20153980_HPBJMGIL_03097	SA20153980_HPBJMGIL_03111	42.308	26	14	1	67	91	134	159	1.9	19.6
SA20153980_HPBJMGIL_03098	SA20153980_HPBJMGIL_03098	100.000	390	0	0	1	390	1	390	0.0	782
SA20153980_HPBJMGIL_03098	SA20153980_HPBJMGIL_03105	31.250	32	22	0	351	382	232	263	2.6	19.6
SA20153980_HPBJMGIL_03098	SA20153980_HPBJMGIL_03093	20.455	44	35	0	170	213	122	165	4.4	18.9
SA20153980_HPBJMGIL_03098	SA20153980_HPBJMGIL_03096	26.667	30	22	0	47	76	46	75	5.1	18.5
SA20153980_HPBJMGIL_03099	SA20153980_HPBJMGIL_03099	100.000	153	0	0	1	153	1	153	1.60e-112	306
SA20153980_HPBJMGIL_03099	SA20153980_HPBJMGIL_03100	29.213	89	61	2	16	103	71	158	5.09e-06	35.0
SA20153980_HPBJMGIL_03099	SA20153980_HPBJMGIL_03107	41.176	17	9	1	120	135	119	135	0.87	19.2
SA20153980_HPBJMGIL_03100	SA20153980_HPBJMGIL_03100	100.000	223	0	0	1	223	1	223	2.94e-164	443
SA20153980_HPBJMGIL_03100	SA20153980_HPBJMGIL_03099	29.213	89	61	2	71	158	16	103	7.42e-06	35.0
SA20153980_HPBJMGIL_03100	SA20153980_HPBJMGIL_03094	28.571	35	20	1	110	144	174	203	4.7	17.7
SA20153980_HPBJMGIL_03100	SA20153980_HPBJMGIL_03101	44.444	18	10	0	83	100	327	344	7.0	17.3
SA20153980_HPBJMGIL_03100	SA20153980_HPBJMGIL_03109	42.857	14	8	0	51	64	134	147	8.3	17.3
SA20153980_HPBJMGIL_03101	SA20153980_HPBJMGIL_03101	100.000	394	0	0	1	394	1	394	0.0	762
SA20153980_HPBJMGIL_03101	SA20153980_HPBJMGIL_03103	27.397	73	51	1	48	118	45	117	0.48	21.9
SA20153980_HPBJMGIL_03101	SA20153980_HPBJMGIL_03096	27.660	47	34	0	57	103	115	161	0.67	21.6
SA20153980_HPBJMGIL_03102	SA20153980_HPBJMGIL_03102	100.000	423	0	0	1	423	1	423	0.0	850
SA20153980_HPBJMGIL_03102	SA20153980_HPBJMGIL_03105	33.333	36	24	0	179	214	382	417	0.58	21.9
SA20153980_HPBJMGIL_03102	SA20153980_HPBJMGIL_03094	46.667	15	8	0	210	224	243	257	1.0	20.8
SA20153980_HPBJMGIL_03102	SA20153980_HPBJMGIL_03109	31.111	45	22	3	333	373	248	287	3.1	19.6
SA20153980_HPBJMGIL_03102	SA20153980_HPBJMGIL_03111	58.333	24	8	2	293	316	955	976	4.9	18.9
SA20153980_HPBJMGIL_03103	SA20153980_HPBJMGIL_03103	100.000	413	0	0	1	413	1	413	0.0	816
SA20153980_HPBJMGIL_03103	SA20153980_HPBJMGIL_03101	27.397	73	51	1	45	117	48	118	0.40	22.3
SA20153980_HPBJMGIL_03103	SA20153980_HPBJMGIL_03107	24.561	114	49	5	95	193	76	167	7.0	18.1
SA20153980_HPBJMGIL_03104	SA20153980_HPBJMGIL_03104	100.000	170	0	0	1	170	1	170	7.00e-127	344
SA20153980_HPBJMGIL_03104	SA20153980_HPBJMGIL_03105	31.429	35	23	1	18	51	35	69	8.0	16.9
SA20153980_HPBJMGIL_03105	SA20153980_HPBJMGIL_03105	100.000	456	0	0	1	456	1	456	0.0	943
SA20153980_HPBJMGIL_03105	SA20153980_HPBJMGIL_03102	33.333	36	24	0	382	417	179	214	0.61	21.9
SA20153980_HPBJMGIL_03105	SA20153980_HPBJMGIL_03112	28.916	83	48	2	50	121	12	94	0.62	21.9
SA20153980_HPBJMGIL_03105	SA20153980_HPBJMGIL_03094	29.508	61	41	1	17	77	132	190	0.87	21.2
SA20153980_HPBJMGIL_03105	SA20153980_HPBJMGIL_03109	41.379	29	10	2	254	281	319	341	2.7	20.0
SA20153980_HPBJMGIL_03105	SA20153980_HPBJMGIL_03098	31.250	32	22	0	232	263	351	382	3.0	19.6
SA20153980_HPBJMGIL_03105	SA20153980_HPBJMGIL_03111	24.000	75	44	2	309	381	917	980	4.7	19.2
SA20153980_HPBJMGIL_03106	SA20153980_HPBJMGIL_03106	100.000	54	0	0	1	54	1	54	1.43e-37	110
SA20153980_HPBJMGIL_03106	SA20153980_HPBJMGIL_03094	83.333	6	1	0	30	35	178	183	3.3	15.8
SA20153980_HPBJMGIL_03106	SA20153980_HPBJMGIL_03110	66.667	6	2	0	1	6	68	73	6.1	15.0
SA20153980_HPBJMGIL_03107	SA20153980_HPBJMGIL_03107	100.000	233	0	0	1	233	1	233	2.39e-173	467
SA20153980_HPBJMGIL_03107	SA20153980_HPBJMGIL_03099	41.176	17	9	1	119	135	120	135	1.2	19.6
SA20153980_HPBJMGIL_03107	SA20153980_HPBJMGIL_03109	24.242	33	21	1	163	191	285	317	3.7	18.5
SA20153980_HPBJMGIL_03107	SA20153980_HPBJMGIL_03110	26.667	15	11	0	214	228	183	197	3.7	18.5
SA20153980_HPBJMGIL_03107	SA20153980_HPBJMGIL_03097	25.000	28	21	0	49	76	215	242	8.8	16.9
SA20153980_HPBJMGIL_03108	SA20153980_HPBJMGIL_03108	100.000	110	0	0	1	110	1	110	2.77e-84	232
SA20153980_HPBJMGIL_03108	SA20153980_HPBJMGIL_03105	30.000	50	27	3	15	62	6	49	4.9	16.5
SA20153980_HPBJMGIL_03108	SA20153980_HPBJMGIL_03112	60.000	10	4	0	80	89	158	167	7.8	16.2
SA20153980_HPBJMGIL_03109	SA20153980_HPBJMGIL_03109	100.000	469	0	0	1	469	1	469	0.0	960
SA20153980_HPBJMGIL_03109	SA20153980_HPBJMGIL_03094	36.842	19	12	0	377	395	155	173	2.1	20.0
SA20153980_HPBJMGIL_03109	SA20153980_HPBJMGIL_03111	27.500	40	28	1	375	414	53	91	2.2	20.4
SA20153980_HPBJMGIL_03109	SA20153980_HPBJMGIL_03093	45.000	20	9	1	417	436	146	163	2.2	20.0
SA20153980_HPBJMGIL_03109	SA20153980_HPBJMGIL_03105	41.379	29	10	2	319	341	254	281	3.0	19.6
SA20153980_HPBJMGIL_03109	SA20153980_HPBJMGIL_03102	31.111	45	22	3	248	287	333	373	3.4	19.6
SA20153980_HPBJMGIL_03109	SA20153980_HPBJMGIL_03096	26.667	60	40	2	156	212	147	205	7.5	18.5
SA20153980_HPBJMGIL_03110	SA20153980_HPBJMGIL_03110	100.000	529	0	0	1	529	1	529	0.0	1103
SA20153980_HPBJMGIL_03110	SA20153980_HPBJMGIL_03107	26.667	15	11	0	183	197	214	228	8.2	18.5
SA20153980_HPBJMGIL_03111	SA20153980_HPBJMGIL_03111	100.000	1169	0	0	1	1169	1	1169	0.0	2421
SA20153980_HPBJMGIL_03111	SA20153980_HPBJMGIL_03112	27.660	47	29	2	534	579	142	184	5.2	20.4
SA20153980_HPBJMGIL_03111	SA20153980_HPBJMGIL_03093	35.714	56	34	2	968	1022	25	79	5.4	20.0
SA20153980_HPBJMGIL_03111	SA20153980_HPBJMGIL_03109	27.500	40	28	1	53	91	375	414	5.6	20.4
SA20153980_HPBJMGIL_03111	SA20153980_HPBJMGIL_03097	42.308	26	14	1	134	159	67	91	7.1	19.6
SA20153980_HPBJMGIL_03112	SA20153980_HPBJMGIL_03112	100.000	304	0	0	1	304	1	304	0.0	620
SA20153980_HPBJMGIL_03112	SA20153980_HPBJMGIL_03105	28.916	83	48	2	12	94	50	121	0.24	22.7
SA20153980_HPBJMGIL_03112	SA20153980_HPBJMGIL_03111	27.660	47	29	2	142	184	534	579	1.4	20.0
SA20153980_HPBJMGIL_03112	SA20153980_HPBJMGIL_03093	38.889	18	11	0	287	304	210	227	6.2	18.1
SA20153980_HPBJMGIL_03112	SA20153980_HPBJMGIL_03102	52.632	19	7	1	190	206	392	410	6.3	18.1
SA20153980_HPBJMGIL_03112	SA20153980_HPBJMGIL_03110	37.037	27	16	1	86	111	92	118	9.5	17.3
SA20153980_HPBJMGIL_03113	SA20153980_HPBJMGIL_03113	100.000	95	0	0	1	95	1	95	2.14e-70	196
SA20153980_HPBJMGIL_03113	SA20153980_HPBJMGIL_03094	50.000	8	4	0	29	36	223	230	7.4	15.8
SA20153983_GBAKOBEN_03754	SA20153983_GBAKOBEN_03754	100.000	241	0	0	1	241	1	241	0.0	494
SA20153983_GBAKOBEN_03754	SA20153983_GBAKOBEN_03768	31.481	54	29	3	160	205	66	119	0.25	21.9
SA20153983_GBAKOBEN_03754	SA20153983_GBAKOBEN_03772	52.632	19	9	0	185	203	42	60	0.50	20.4
SA20153983_GBAKOBEN_03754	SA20153983_GBAKOBEN_03755	53.333	15	7	0	44	58	320	334	3.0	18.5
SA20153983_GBAKOBEN_03754	SA20153983_GBAKOBEN_03769	34.783	23	14	1	136	157	2	24	5.7	17.7
SA20153983_GBAKOBEN_03754	SA20153983_GBAKOBEN_03763	33.333	21	14	0	165	185	213	233	9.2	16.9
SA20153983_GBAKOBEN_03755	SA20153983_GBAKOBEN_03755	100.000	337	0	0	1	337	1	337	0.0	697
SA20153983_GBAKOBEN_03755	SA20153983_GBAKOBEN_03766	32.787	61	39	2	132	190	17	77	0.12	23.5
SA20153983_GBAKOBEN_03755	SA20153983_GBAKOBEN_03763	46.667	15	8	0	243	257	210	224	0.86	20.8
SA20153983_GBAKOBEN_03755	SA20153983_GBAKOBEN_03754	53.333	15	7	0	320	334	44	58	4.2	18.5
SA20153983_GBAKOBEN_03755	SA20153983_GBAKOBEN_03771	35.294	17	11	0	107	123	113	129	5.1	18.5
SA20153983_GBAKOBEN_03755	SA20153983_GBAKOBEN_03769	38.889	18	11	0	123	140	468	485	5.1	18.5
SA20153983_GBAKOBEN_03756	SA20153983_GBAKOBEN_03756	100.000	148	0	0	1	148	1	148	3.35e-113	308
SA20153983_GBAKOBEN_03756	SA20153983_GBAKOBEN_03769	25.000	44	26	1	88	131	176	212	1.9	18.5
SA20153983_GBAKOBEN_03757	SA20153983_GBAKOBEN_03757	100.000	244	0	0	1	244	1	244	0.0	498
SA20153983_GBAKOBEN_03757	SA20153983_GBAKOBEN_03762	27.660	47	34	0	115	161	57	103	0.36	21.6
SA20153983_GBAKOBEN_03757	SA20153983_GBAKOBEN_03765	24.324	37	19	1	27	63	105	132	4.9	18.1
SA20153983_GBAKOBEN_03757	SA20153983_GBAKOBEN_03771	60.000	10	4	0	162	171	453	462	8.3	17.3
SA20153983_GBAKOBEN_03758	SA20153983_GBAKOBEN_03758	100.000	302	0	0	1	302	1	302	0.0	628
SA20153983_GBAKOBEN_03758	SA20153983_GBAKOBEN_03769	25.532	47	32	2	116	159	971	1017	0.39	21.9
SA20153983_GBAKOBEN_03758	SA20153983_GBAKOBEN_03768	37.500	24	15	0	152	175	131	154	5.5	18.1
SA20153983_GBAKOBEN_03759	SA20153983_GBAKOBEN_03759	100.000	390	0	0	1	390	1	390	0.0	783
SA20153983_GBAKOBEN_03759	SA20153983_GBAKOBEN_03766	31.250	32	22	0	351	382	232	263	2.4	19.6
SA20153983_GBAKOBEN_03759	SA20153983_GBAKOBEN_03768	27.586	29	21	0	180	208	29	57	2.6	19.6
SA20153983_GBAKOBEN_03759	SA20153983_GBAKOBEN_03765	20.833	24	19	0	214	237	166	189	6.3	18.5
SA20153983_GBAKOBEN_03759	SA20153983_GBAKOBEN_03769	47.368	19	9	1	241	259	1019	1036	9.5	18.1
SA20153983_GBAKOBEN_03760	SA20153983_GBAKOBEN_03760	100.000	153	0	0	1	153	1	153	1.60e-112	306
SA20153983_GBAKOBEN_03760	SA20153983_GBAKOBEN_03761	29.213	89	61	2	16	103	71	158	5.35e-06	35.0
SA20153983_GBAKOBEN_03760	SA20153983_GBAKOBEN_03771	34.783	23	15	0	104	126	280	302	8.1	16.5
SA20153983_GBAKOBEN_03761	SA20153983_GBAKOBEN_03761	100.000	223	0	0	1	223	1	223	2.70e-164	443
SA20153983_GBAKOBEN_03761	SA20153983_GBAKOBEN_03760	29.213	89	61	2	71	158	16	103	7.80e-06	35.0
SA20153983_GBAKOBEN_03761	SA20153983_GBAKOBEN_03771	35.294	34	17	1	90	118	173	206	1.4	19.6
SA20153983_GBAKOBEN_03761	SA20153983_GBAKOBEN_03755	28.571	35	20	1	110	144	174	203	2.5	18.9
SA20153983_GBAKOBEN_03761	SA20153983_GBAKOBEN_03762	44.444	18	10	0	83	100	327	344	7.5	17.3
SA20153983_GBAKOBEN_03761	SA20153983_GBAKOBEN_03765	66.667	9	3	0	189	197	114	122	9.2	16.9
SA20153983_GBAKOBEN_03761	SA20153983_GBAKOBEN_03772	33.333	21	14	0	114	134	6	26	9.5	16.5
SA20153983_GBAKOBEN_03762	SA20153983_GBAKOBEN_03762	100.000	394	0	0	1	394	1	394	0.0	762
SA20153983_GBAKOBEN_03762	SA20153983_GBAKOBEN_03764	26.415	106	75	2	15	118	13	117	0.46	21.9
SA20153983_GBAKOBEN_03762	SA20153983_GBAKOBEN_03757	27.660	47	34	0	57	103	115	161	0.58	21.6
SA20153983_GBAKOBEN_03762	SA20153983_GBAKOBEN_03771	36.667	30	18	1	13	42	168	196	0.65	21.6
SA20153983_GBAKOBEN_03762	SA20153983_GBAKOBEN_03770	31.579	57	31	2	132	182	86	140	0.75	21.6
SA20153983_GBAKOBEN_03762	SA20153983_GBAKOBEN_03766	34.783	23	9	1	239	261	147	163	4.1	18.9
SA20153983_GBAKOBEN_03763	SA20153983_GBAKOBEN_03763	100.000	423	0	0	1	423	1	423	0.0	851
SA20153983_GBAKOBEN_03763	SA20153983_GBAKOBEN_03766	33.333	36	24	0	179	214	382	417	0.61	21.9
SA20153983_GBAKOBEN_03763	SA20153983_GBAKOBEN_03774	26.087	23	17	0	303	325	52	74	0.79	21.2
SA20153983_GBAKOBEN_03763	SA20153983_GBAKOBEN_03755	46.667	15	8	0	210	224	243	257	1.0	21.2
SA20153983_GBAKOBEN_03763	SA20153983_GBAKOBEN_03771	24.000	50	35	1	359	408	306	352	2.2	20.0
SA20153983_GBAKOBEN_03763	SA20153983_GBAKOBEN_03768	20.930	86	59	2	320	405	108	184	5.7	18.5
SA20153983_GBAKOBEN_03763	SA20153983_GBAKOBEN_03773	27.419	62	34	2	188	249	40	90	9.9	17.7
SA20153983_GBAKOBEN_03764	SA20153983_GBAKOBEN_03764	100.000	413	0	0	1	413	1	413	0.0	816
SA20153983_GBAKOBEN_03764	SA20153983_GBAKOBEN_03762	26.415	106	75	2	13	117	15	118	0.35	22.3
SA20153983_GBAKOBEN_03765	SA20153983_GBAKOBEN_03765	100.000	317	0	0	1	317	1	317	0.0	654
SA20153983_GBAKOBEN_03765	SA20153983_GBAKOBEN_03769	38.095	21	13	0	31	51	114	134	0.71	21.2
SA20153983_GBAKOBEN_03765	SA20153983_GBAKOBEN_03770	39.286	28	15	1	219	244	351	378	0.83	20.8
SA20153983_GBAKOBEN_03765	SA20153983_GBAKOBEN_03759	20.833	24	19	0	166	189	214	237	5.1	18.5
SA20153983_GBAKOBEN_03765	SA20153983_GBAKOBEN_03757	24.324	37	19	1	105	132	27	63	6.4	18.1
SA20153983_GBAKOBEN_03765	SA20153983_GBAKOBEN_03774	26.667	30	20	1	48	77	54	81	9.9	17.3
SA20153983_GBAKOBEN_03766	SA20153983_GBAKOBEN_03766	100.000	456	0	0	1	456	1	456	0.0	944
SA20153983_GBAKOBEN_03766	SA20153983_GBAKOBEN_03755	32.787	61	39	2	17	77	132	190	0.18	23.5
SA20153983_GBAKOBEN_03766	SA20153983_GBAKOBEN_03769	38.889	18	11	0	79	96	284	301	0.27	23.1
SA20153983_GBAKOBEN_03766	SA20153983_GBAKOBEN_03763	33.333	36	24	0	382	417	179	214	0.65	21.9
SA20153983_GBAKOBEN_03766	SA20153983_GBAKOBEN_03759	31.250	32	22	0	232	263	351	382	2.8	19.6
SA20153983_GBAKOBEN_03766	SA20153983_GBAKOBEN_03770	41.667	24	14	0	75	98	298	321	3.3	19.6
SA20153983_GBAKOBEN_03766	SA20153983_GBAKOBEN_03771	30.588	85	45	6	336	409	62	143	4.8	19.2
SA20153983_GBAKOBEN_03766	SA20153983_GBAKOBEN_03762	34.783	23	9	1	147	163	239	261	5.2	18.9
SA20153983_GBAKOBEN_03767	SA20153983_GBAKOBEN_03767	100.000	54	0	0	1	54	1	54	8.47e-38	110
SA20153983_GBAKOBEN_03767	SA20153983_GBAKOBEN_03769	28.571	14	10	0	3	16	462	475	0.38	18.1
SA20153983_GBAKOBEN_03767	SA20153983_GBAKOBEN_03755	83.333	6	1	0	30	35	178	183	3.3	15.8
SA20153983_GBAKOBEN_03768	SA20153983_GBAKOBEN_03768	100.000	306	0	0	1	306	1	306	0.0	632
SA20153983_GBAKOBEN_03768	SA20153983_GBAKOBEN_03754	31.481	54	29	3	66	119	160	205	0.32	21.9
SA20153983_GBAKOBEN_03768	SA20153983_GBAKOBEN_03769	36.842	38	23	1	51	87	158	195	0.93	20.8
SA20153983_GBAKOBEN_03768	SA20153983_GBAKOBEN_03771	42.857	21	9	1	174	191	339	359	1.6	20.0
SA20153983_GBAKOBEN_03768	SA20153983_GBAKOBEN_03759	27.586	29	21	0	29	57	180	208	2.1	19.6
SA20153983_GBAKOBEN_03768	SA20153983_GBAKOBEN_03763	20.930	86	59	2	108	184	320	405	3.3	18.9
SA20153983_GBAKOBEN_03768	SA20153983_GBAKOBEN_03758	37.500	24	15	0	131	154	152	175	5.5	18.1
SA20153983_GBAKOBEN_03768	SA20153983_GBAKOBEN_03772	33.333	27	18	0	17	43	65	91	7.7	17.3
SA20153983_GBAKOBEN_03769	SA20153983_GBAKOBEN_03769	100.000	1088	0	0	1	1088	1	1088	0.0	2265
SA20153983_GBAKOBEN_03769	SA20153983_GBAKOBEN_03766	38.889	18	11	0	284	301	79	96	0.67	23.1
SA20153983_GBAKOBEN_03769	SA20153983_GBAKOBEN_03758	25.532	47	32	2	971	1017	116	159	1.4	21.9
SA20153983_GBAKOBEN_03769	SA20153983_GBAKOBEN_03771	60.000	10	4	0	821	830	209	218	1.9	21.6
SA20153983_GBAKOBEN_03769	SA20153983_GBAKOBEN_03765	38.095	21	13	0	114	134	31	51	2.4	21.2
SA20153983_GBAKOBEN_03769	SA20153983_GBAKOBEN_03770	22.680	97	65	5	685	774	261	354	3.3	20.8
SA20153983_GBAKOBEN_03769	SA20153983_GBAKOBEN_03768	36.842	38	23	1	158	195	51	87	3.3	20.8
SA20153983_GBAKOBEN_03769	SA20153983_GBAKOBEN_03767	28.571	14	10	0	462	475	3	16	7.7	18.1
SA20153983_GBAKOBEN_03770	SA20153983_GBAKOBEN_03770	100.000	434	0	0	1	434	1	434	0.0	894
SA20153983_GBAKOBEN_03770	SA20153983_GBAKOBEN_03762	29.091	55	35	2	86	140	132	182	1.0	21.2
SA20153983_GBAKOBEN_03770	SA20153983_GBAKOBEN_03765	39.286	28	15	1	351	378	219	244	1.2	20.8
SA20153983_GBAKOBEN_03770	SA20153983_GBAKOBEN_03769	22.680	97	65	5	261	354	685	774	1.2	21.2
SA20153983_GBAKOBEN_03770	SA20153983_GBAKOBEN_03766	35.714	28	18	0	298	325	75	102	2.7	19.6
SA20153983_GBAKOBEN_03771	SA20153983_GBAKOBEN_03771	100.000	539	0	0	1	539	1	539	0.0	1123
SA20153983_GBAKOBEN_03771	SA20153983_GBAKOBEN_03769	24.194	124	79	7	108	218	709	830	0.77	21.9
SA20153983_GBAKOBEN_03771	SA20153983_GBAKOBEN_03762	36.667	30	18	1	168	196	13	42	1.1	21.6
SA20153983_GBAKOBEN_03771	SA20153983_GBAKOBEN_03763	24.000	50	35	1	306	352	359	408	2.3	20.4
SA20153983_GBAKOBEN_03771	SA20153983_GBAKOBEN_03768	42.857	21	9	1	339	359	174	191	2.9	20.0
SA20153983_GBAKOBEN_03771	SA20153983_GBAKOBEN_03761	35.294	34	17	1	173	206	90	118	3.3	19.6
SA20153983_GBAKOBEN_03771	SA20153983_GBAKOBEN_03766	30.588	85	45	6	62	143	336	409	5.9	18.9
SA20153983_GBAKOBEN_03771	SA20153983_GBAKOBEN_03755	35.294	17	11	0	113	129	107	123	8.5	18.5
SA20153983_GBAKOBEN_03772	SA20153983_GBAKOBEN_03772	100.000	112	0	0	1	112	1	112	5.43e-82	226
SA20153983_GBAKOBEN_03772	SA20153983_GBAKOBEN_03754	52.632	19	9	0	42	60	185	203	0.23	20.4
SA20153983_GBAKOBEN_03772	SA20153983_GBAKOBEN_03768	33.333	27	18	0	65	91	17	43	2.8	17.3
SA20153983_GBAKOBEN_03772	SA20153983_GBAKOBEN_03764	44.444	18	10	0	35	52	85	102	4.1	16.9
SA20153983_GBAKOBEN_03772	SA20153983_GBAKOBEN_03761	33.333	21	14	0	6	26	114	134	4.7	16.5
SA20153983_GBAKOBEN_03772	SA20153983_GBAKOBEN_03758	75.000	8	2	0	95	102	130	137	8.9	15.8
SA20153983_GBAKOBEN_03772	SA20153983_GBAKOBEN_03771	43.478	23	12	1	35	57	118	139	8.9	15.8
SA20153983_GBAKOBEN_03773	SA20153983_GBAKOBEN_03773	100.000	155	0	0	1	155	1	155	1.93e-116	317
SA20153983_GBAKOBEN_03773	SA20153983_GBAKOBEN_03763	27.419	62	34	2	40	90	188	249	3.9	17.7
SA20153983_GBAKOBEN_03773	SA20153983_GBAKOBEN_03769	26.667	30	22	0	47	76	438	467	5.7	16.9
SA20153983_GBAKOBEN_03773	SA20153983_GBAKOBEN_03765	29.730	37	20	1	44	74	243	279	9.9	16.2
SA20153983_GBAKOBEN_03774	SA20153983_GBAKOBEN_03774	100.000	146	0	0	1	146	1	146	6.20e-114	310
SA20153983_GBAKOBEN_03774	SA20153983_GBAKOBEN_03763	26.087	23	17	0	52	74	303	325	0.28	20.8
SA20153983_GBAKOBEN_03774	SA20153983_GBAKOBEN_03765	26.667	30	20	1	54	81	48	77	4.6	17.3
SA20153983_GBAKOBEN_03774	SA20153983_GBAKOBEN_03754	36.667	30	17	1	35	64	1	28	6.2	16.9
SA20153983_GBAKOBEN_03774	SA20153983_GBAKOBEN_03771	36.364	22	13	1	45	65	289	310	6.6	16.9
