SA20160209_CPEIOPNK_03708	SA20160323_HIEPLBCK_03250	100.000	241	0	0	1	241	1	241	0.0	494
SA20160209_CPEIOPNK_03708	SA20160323_HIEPLBCK_03266	45.000	20	9	1	146	163	434	453	1.0	20.0
SA20160209_CPEIOPNK_03708	SA20160323_HIEPLBCK_03267	27.273	66	38	2	14	69	254	319	2.2	19.2
SA20160209_CPEIOPNK_03708	SA20160323_HIEPLBCK_03268	33.929	56	35	2	25	79	968	1022	2.8	18.9
SA20160209_CPEIOPNK_03708	SA20160323_HIEPLBCK_03251	53.333	15	7	0	44	58	320	334	3.1	18.5
SA20160209_CPEIOPNK_03708	SA20160323_HIEPLBCK_03269	38.889	18	11	0	210	227	287	304	5.1	17.7
SA20160209_CPEIOPNK_03708	SA20160323_HIEPLBCK_03259	33.333	21	14	0	165	185	213	233	9.0	17.3
SA20160209_CPEIOPNK_03709	SA20160323_HIEPLBCK_03251	99.703	337	1	0	1	337	1	337	0.0	696
SA20160209_CPEIOPNK_03709	SA20160323_HIEPLBCK_03262	29.508	61	41	1	132	190	17	77	0.65	21.2
SA20160209_CPEIOPNK_03709	SA20160323_HIEPLBCK_03259	46.667	15	8	0	243	257	210	224	0.87	20.8
SA20160209_CPEIOPNK_03709	SA20160323_HIEPLBCK_03266	36.842	19	12	0	155	173	394	412	4.0	18.9
SA20160209_CPEIOPNK_03709	SA20160323_HIEPLBCK_03250	53.333	15	7	0	320	334	44	58	4.2	18.5
SA20160209_CPEIOPNK_03709	SA20160323_HIEPLBCK_03257	28.571	35	20	1	174	203	110	144	6.9	18.1
SA20160209_CPEIOPNK_03709	SA20160323_HIEPLBCK_03267	50.000	24	12	0	277	300	492	515	9.9	17.7
SA20160209_CPEIOPNK_03710	SA20160323_HIEPLBCK_03252	99.324	148	1	0	1	148	1	148	1.10e-112	306
SA20160209_CPEIOPNK_03710	SA20160323_HIEPLBCK_03253	33.333	48	18	2	48	91	141	178	2.8	17.7
SA20160209_CPEIOPNK_03711	SA20160323_HIEPLBCK_03253	100.000	244	0	0	1	244	1	244	0.0	496
SA20160209_CPEIOPNK_03711	SA20160323_HIEPLBCK_03258	27.660	47	34	0	115	161	57	103	0.37	21.6
SA20160209_CPEIOPNK_03711	SA20160323_HIEPLBCK_03255	26.667	30	22	0	46	75	47	76	3.3	18.5
SA20160209_CPEIOPNK_03711	SA20160323_HIEPLBCK_03261	24.324	37	19	1	27	63	105	132	4.9	18.1
SA20160209_CPEIOPNK_03711	SA20160323_HIEPLBCK_03252	33.333	48	18	2	141	178	48	91	5.0	17.7
SA20160209_CPEIOPNK_03711	SA20160323_HIEPLBCK_03262	27.907	43	26	1	157	194	285	327	7.3	17.3
SA20160209_CPEIOPNK_03712	SA20160323_HIEPLBCK_03254	100.000	302	0	0	1	302	1	302	0.0	628
SA20160209_CPEIOPNK_03712	SA20160323_HIEPLBCK_03268	42.308	26	14	1	67	91	134	159	2.0	19.6
SA20160209_CPEIOPNK_03713	SA20160323_HIEPLBCK_03255	99.487	390	2	0	1	390	1	390	0.0	777
SA20160209_CPEIOPNK_03713	SA20160323_HIEPLBCK_03262	31.250	32	22	0	351	382	232	263	2.7	19.6
SA20160209_CPEIOPNK_03713	SA20160323_HIEPLBCK_03250	20.455	44	35	0	170	213	122	165	4.5	18.9
SA20160209_CPEIOPNK_03713	SA20160323_HIEPLBCK_03253	26.667	30	22	0	47	76	46	75	5.2	18.5
SA20160209_CPEIOPNK_03713	SA20160323_HIEPLBCK_03261	20.833	24	19	0	214	237	166	189	6.5	18.5
SA20160209_CPEIOPNK_03714	SA20160323_HIEPLBCK_03256	100.000	153	0	0	1	153	1	153	1.63e-112	306
SA20160209_CPEIOPNK_03714	SA20160323_HIEPLBCK_03257	29.213	89	61	2	16	103	71	158	5.45e-06	35.0
SA20160209_CPEIOPNK_03714	SA20160323_HIEPLBCK_03264	41.176	17	9	1	120	135	119	135	0.82	19.6
SA20160209_CPEIOPNK_03715	SA20160323_HIEPLBCK_03257	99.552	223	1	0	1	223	1	223	4.86e-164	442
SA20160209_CPEIOPNK_03715	SA20160323_HIEPLBCK_03256	29.213	89	61	2	71	158	16	103	7.57e-06	35.0
SA20160209_CPEIOPNK_03715	SA20160323_HIEPLBCK_03251	37.838	37	22	1	143	179	115	150	3.1	18.5
SA20160209_CPEIOPNK_03715	SA20160323_HIEPLBCK_03258	44.444	18	10	0	83	100	327	344	7.6	17.3
SA20160209_CPEIOPNK_03715	SA20160323_HIEPLBCK_03266	50.000	14	7	0	71	84	139	152	9.2	16.9
SA20160209_CPEIOPNK_03715	SA20160323_HIEPLBCK_03261	66.667	9	3	0	189	197	114	122	9.4	16.9
SA20160209_CPEIOPNK_03716	SA20160323_HIEPLBCK_03258	98.731	394	5	0	1	394	1	394	0.0	758
SA20160209_CPEIOPNK_03716	SA20160323_HIEPLBCK_03260	27.397	73	51	1	48	118	45	117	0.49	21.9
SA20160209_CPEIOPNK_03716	SA20160323_HIEPLBCK_03253	27.660	47	34	0	57	103	115	161	0.68	21.6
SA20160209_CPEIOPNK_03716	SA20160323_HIEPLBCK_03262	34.783	23	9	1	239	261	147	163	4.1	19.2
SA20160209_CPEIOPNK_03716	SA20160323_HIEPLBCK_03266	22.619	84	47	3	54	122	116	196	4.5	18.9
SA20160209_CPEIOPNK_03717	SA20160323_HIEPLBCK_03259	99.764	423	1	0	1	423	1	423	0.0	848
SA20160209_CPEIOPNK_03717	SA20160323_HIEPLBCK_03262	33.333	36	24	0	179	214	382	417	0.73	21.6
SA20160209_CPEIOPNK_03717	SA20160323_HIEPLBCK_03251	46.667	15	8	0	210	224	243	257	1.1	20.8
SA20160209_CPEIOPNK_03717	SA20160323_HIEPLBCK_03266	37.143	35	14	2	129	155	275	309	1.5	20.4
SA20160209_CPEIOPNK_03717	SA20160323_HIEPLBCK_03268	58.333	24	8	2	293	316	955	976	5.1	18.9
SA20160209_CPEIOPNK_03718	SA20160323_HIEPLBCK_03260	99.758	413	1	0	1	413	1	413	0.0	814
SA20160209_CPEIOPNK_03718	SA20160323_HIEPLBCK_03258	27.358	106	74	2	13	117	15	118	0.20	23.5
SA20160209_CPEIOPNK_03718	SA20160323_HIEPLBCK_03264	25.472	106	45	4	100	193	84	167	2.5	19.6
SA20160209_CPEIOPNK_03719	SA20160323_HIEPLBCK_03261	97.037	135	4	0	36	170	183	317	1.02e-92	263
SA20160209_CPEIOPNK_03719	SA20160323_HIEPLBCK_03262	31.429	35	23	1	18	51	35	69	8.2	16.5
SA20160209_CPEIOPNK_03720	SA20160323_HIEPLBCK_03262	99.342	456	3	0	1	456	1	456	0.0	936
SA20160209_CPEIOPNK_03720	SA20160323_HIEPLBCK_03269	28.916	83	48	2	50	121	12	94	0.63	21.9
SA20160209_CPEIOPNK_03720	SA20160323_HIEPLBCK_03259	33.333	36	24	0	382	417	179	214	0.63	21.9
SA20160209_CPEIOPNK_03720	SA20160323_HIEPLBCK_03251	29.508	61	41	1	17	77	132	190	0.89	21.2
SA20160209_CPEIOPNK_03720	SA20160323_HIEPLBCK_03255	31.250	32	22	0	232	263	351	382	3.0	19.6
SA20160209_CPEIOPNK_03720	SA20160323_HIEPLBCK_03260	33.333	33	18	1	394	426	351	379	5.1	18.9
SA20160209_CPEIOPNK_03720	SA20160323_HIEPLBCK_03268	29.630	27	19	0	309	335	917	943	6.9	18.5
SA20160209_CPEIOPNK_03721	SA20160323_HIEPLBCK_03263	100.000	54	0	0	1	54	1	54	1.46e-37	110
SA20160209_CPEIOPNK_03721	SA20160323_HIEPLBCK_03251	83.333	6	1	0	30	35	178	183	3.4	15.8
SA20160209_CPEIOPNK_03722	SA20160323_HIEPLBCK_03264	97.854	233	5	0	1	233	1	233	2.27e-169	457
SA20160209_CPEIOPNK_03722	SA20160323_HIEPLBCK_03256	41.176	17	9	1	119	135	120	135	1.2	19.6
SA20160209_CPEIOPNK_03722	SA20160323_HIEPLBCK_03267	26.667	15	11	0	214	228	183	197	4.1	18.1
SA20160209_CPEIOPNK_03722	SA20160323_HIEPLBCK_03254	25.000	28	21	0	49	76	215	242	9.0	16.9
SA20160209_CPEIOPNK_03723	SA20160323_HIEPLBCK_03265	93.023	86	6	0	25	110	1	86	3.70e-59	167
SA20160209_CPEIOPNK_03723	SA20160323_HIEPLBCK_03266	28.571	28	20	0	74	101	396	423	0.11	21.6
SA20160209_CPEIOPNK_03723	SA20160323_HIEPLBCK_03262	30.000	50	27	3	15	62	6	49	5.1	16.5
SA20160209_CPEIOPNK_03723	SA20160323_HIEPLBCK_03269	60.000	10	4	0	80	89	158	167	8.0	16.2
SA20160209_CPEIOPNK_03724	SA20160323_HIEPLBCK_03266	42.353	510	229	13	1	469	1	486	2.80e-98	295
SA20160209_CPEIOPNK_03724	SA20160323_HIEPLBCK_03268	27.500	40	28	1	375	414	53	91	2.1	20.4
SA20160209_CPEIOPNK_03724	SA20160323_HIEPLBCK_03251	36.842	19	12	0	377	395	155	173	2.2	20.0
SA20160209_CPEIOPNK_03724	SA20160323_HIEPLBCK_03250	45.000	20	9	1	417	436	146	163	2.3	20.0
SA20160209_CPEIOPNK_03724	SA20160323_HIEPLBCK_03261	19.697	66	45	1	222	287	126	183	2.8	19.6
SA20160209_CPEIOPNK_03724	SA20160323_HIEPLBCK_03262	41.379	29	10	2	319	341	254	281	3.0	19.6
SA20160209_CPEIOPNK_03724	SA20160323_HIEPLBCK_03259	31.111	45	22	3	248	287	333	373	3.4	19.6
SA20160209_CPEIOPNK_03724	SA20160323_HIEPLBCK_03253	26.667	60	40	2	156	212	147	205	7.7	18.5
SA20160209_CPEIOPNK_03725	SA20160323_HIEPLBCK_03267	94.886	528	27	0	1	528	1	528	0.0	1048
SA20160209_CPEIOPNK_03725	SA20160323_HIEPLBCK_03268	25.000	32	24	0	35	66	394	425	7.9	18.9
SA20160209_CPEIOPNK_03726	SA20160323_HIEPLBCK_03268	98.204	1169	21	0	1	1169	1	1169	0.0	2384
SA20160209_CPEIOPNK_03726	SA20160323_HIEPLBCK_03269	27.660	47	29	2	534	579	142	184	5.3	20.4
SA20160209_CPEIOPNK_03726	SA20160323_HIEPLBCK_03250	35.714	56	34	2	968	1022	25	79	5.5	20.0
SA20160209_CPEIOPNK_03726	SA20160323_HIEPLBCK_03254	42.308	26	14	1	134	159	67	91	7.2	19.6
SA20160209_CPEIOPNK_03727	SA20160323_HIEPLBCK_03269	100.000	304	0	0	1	304	1	304	0.0	620
SA20160209_CPEIOPNK_03727	SA20160323_HIEPLBCK_03262	28.916	83	48	2	12	94	50	121	0.24	22.7
SA20160209_CPEIOPNK_03727	SA20160323_HIEPLBCK_03268	27.660	47	29	2	142	184	534	579	1.4	20.4
SA20160209_CPEIOPNK_03727	SA20160323_HIEPLBCK_03250	38.889	18	11	0	287	304	210	227	6.3	18.1
SA20160209_CPEIOPNK_03727	SA20160323_HIEPLBCK_03259	52.632	19	7	1	190	206	392	410	6.5	18.1
SA20160209_CPEIOPNK_03728	SA20160323_HIEPLBCK_03270	100.000	95	0	0	1	95	1	95	2.19e-70	196
SA20160209_CPEIOPNK_03728	SA20160323_HIEPLBCK_03251	50.000	8	4	0	29	36	223	230	7.6	15.8
SA20160323_HIEPLBCK_03250	SA20160323_HIEPLBCK_03250	100.000	241	0	0	1	241	1	241	0.0	494
SA20160323_HIEPLBCK_03250	SA20160323_HIEPLBCK_03266	45.000	20	9	1	146	163	434	453	1.0	20.0
SA20160323_HIEPLBCK_03250	SA20160323_HIEPLBCK_03268	33.929	56	35	2	25	79	968	1022	2.8	18.9
SA20160323_HIEPLBCK_03250	SA20160323_HIEPLBCK_03251	53.333	15	7	0	44	58	320	334	3.1	18.5
SA20160323_HIEPLBCK_03250	SA20160323_HIEPLBCK_03269	38.889	18	11	0	210	227	287	304	5.1	17.7
SA20160323_HIEPLBCK_03250	SA20160323_HIEPLBCK_03259	33.333	21	14	0	165	185	213	233	9.0	17.3
SA20160323_HIEPLBCK_03251	SA20160323_HIEPLBCK_03251	100.000	337	0	0	1	337	1	337	0.0	696
SA20160323_HIEPLBCK_03251	SA20160323_HIEPLBCK_03262	29.508	61	41	1	132	190	17	77	0.64	21.6
SA20160323_HIEPLBCK_03251	SA20160323_HIEPLBCK_03259	46.667	15	8	0	243	257	210	224	0.87	20.8
SA20160323_HIEPLBCK_03251	SA20160323_HIEPLBCK_03266	36.842	19	12	0	155	173	394	412	4.0	18.9
SA20160323_HIEPLBCK_03251	SA20160323_HIEPLBCK_03250	53.333	15	7	0	320	334	44	58	4.3	18.5
SA20160323_HIEPLBCK_03252	SA20160323_HIEPLBCK_03252	100.000	148	0	0	1	148	1	148	1.64e-113	309
SA20160323_HIEPLBCK_03252	SA20160323_HIEPLBCK_03253	33.333	48	18	2	48	91	141	178	3.0	17.7
SA20160323_HIEPLBCK_03253	SA20160323_HIEPLBCK_03253	100.000	244	0	0	1	244	1	244	0.0	496
SA20160323_HIEPLBCK_03253	SA20160323_HIEPLBCK_03258	27.660	47	34	0	115	161	57	103	0.37	21.6
SA20160323_HIEPLBCK_03253	SA20160323_HIEPLBCK_03255	26.667	30	22	0	46	75	47	76	3.3	18.5
SA20160323_HIEPLBCK_03253	SA20160323_HIEPLBCK_03261	24.324	37	19	1	27	63	105	132	4.9	18.1
SA20160323_HIEPLBCK_03253	SA20160323_HIEPLBCK_03252	33.333	48	18	2	141	178	48	91	5.0	17.7
SA20160323_HIEPLBCK_03254	SA20160323_HIEPLBCK_03254	100.000	302	0	0	1	302	1	302	0.0	628
SA20160323_HIEPLBCK_03254	SA20160323_HIEPLBCK_03268	42.308	26	14	1	67	91	134	159	2.0	19.6
SA20160323_HIEPLBCK_03255	SA20160323_HIEPLBCK_03255	100.000	390	0	0	1	390	1	390	0.0	781
SA20160323_HIEPLBCK_03255	SA20160323_HIEPLBCK_03262	31.250	32	22	0	351	382	232	263	2.7	19.6
SA20160323_HIEPLBCK_03255	SA20160323_HIEPLBCK_03253	26.667	30	22	0	47	76	46	75	5.3	18.5
SA20160323_HIEPLBCK_03255	SA20160323_HIEPLBCK_03261	20.833	24	19	0	214	237	166	189	6.5	18.5
SA20160323_HIEPLBCK_03256	SA20160323_HIEPLBCK_03256	100.000	153	0	0	1	153	1	153	1.63e-112	306
SA20160323_HIEPLBCK_03256	SA20160323_HIEPLBCK_03257	29.213	89	61	2	16	103	71	158	5.45e-06	35.0
SA20160323_HIEPLBCK_03256	SA20160323_HIEPLBCK_03264	41.176	17	9	1	120	135	119	135	0.82	19.6
SA20160323_HIEPLBCK_03257	SA20160323_HIEPLBCK_03257	100.000	223	0	0	1	223	1	223	2.75e-164	443
SA20160323_HIEPLBCK_03257	SA20160323_HIEPLBCK_03256	29.213	89	61	2	71	158	16	103	7.94e-06	35.0
SA20160323_HIEPLBCK_03257	SA20160323_HIEPLBCK_03251	28.571	35	20	1	110	144	174	203	4.5	18.1
SA20160323_HIEPLBCK_03257	SA20160323_HIEPLBCK_03258	44.444	18	10	0	83	100	327	344	7.6	17.3
SA20160323_HIEPLBCK_03257	SA20160323_HIEPLBCK_03266	50.000	14	7	0	71	84	139	152	9.0	16.9
SA20160323_HIEPLBCK_03257	SA20160323_HIEPLBCK_03261	66.667	9	3	0	189	197	114	122	9.6	16.9
SA20160323_HIEPLBCK_03258	SA20160323_HIEPLBCK_03258	100.000	394	0	0	1	394	1	394	0.0	762
SA20160323_HIEPLBCK_03258	SA20160323_HIEPLBCK_03260	27.358	106	74	2	15	118	13	117	0.26	22.7
SA20160323_HIEPLBCK_03258	SA20160323_HIEPLBCK_03253	27.660	47	34	0	57	103	115	161	0.63	21.6
SA20160323_HIEPLBCK_03258	SA20160323_HIEPLBCK_03266	22.619	84	47	3	54	122	116	196	3.6	19.2
SA20160323_HIEPLBCK_03258	SA20160323_HIEPLBCK_03262	34.783	23	9	1	239	261	147	163	4.1	18.9
SA20160323_HIEPLBCK_03258	SA20160323_HIEPLBCK_03268	34.043	47	28	1	84	127	466	512	7.7	18.1
SA20160323_HIEPLBCK_03259	SA20160323_HIEPLBCK_03259	100.000	423	0	0	1	423	1	423	0.0	850
SA20160323_HIEPLBCK_03259	SA20160323_HIEPLBCK_03262	33.333	36	24	0	179	214	382	417	0.76	21.6
SA20160323_HIEPLBCK_03259	SA20160323_HIEPLBCK_03251	46.667	15	8	0	210	224	243	257	1.1	20.8
SA20160323_HIEPLBCK_03259	SA20160323_HIEPLBCK_03266	37.143	35	14	2	129	155	275	309	1.5	20.4
SA20160323_HIEPLBCK_03259	SA20160323_HIEPLBCK_03268	58.333	24	8	2	293	316	955	976	4.8	18.9
SA20160323_HIEPLBCK_03260	SA20160323_HIEPLBCK_03260	100.000	413	0	0	1	413	1	413	0.0	816
SA20160323_HIEPLBCK_03260	SA20160323_HIEPLBCK_03258	27.358	106	74	2	13	117	15	118	0.20	23.5
SA20160323_HIEPLBCK_03260	SA20160323_HIEPLBCK_03264	24.528	106	46	4	100	193	84	167	6.2	18.5
SA20160323_HIEPLBCK_03261	SA20160323_HIEPLBCK_03261	100.000	317	0	0	1	317	1	317	0.0	652
SA20160323_HIEPLBCK_03261	SA20160323_HIEPLBCK_03255	20.833	24	19	0	166	189	214	237	5.3	18.5
SA20160323_HIEPLBCK_03261	SA20160323_HIEPLBCK_03253	24.324	37	19	1	105	132	27	63	6.4	18.1
SA20160323_HIEPLBCK_03261	SA20160323_HIEPLBCK_03266	40.000	15	9	0	123	137	236	250	8.0	17.7
SA20160323_HIEPLBCK_03262	SA20160323_HIEPLBCK_03262	100.000	456	0	0	1	456	1	456	0.0	942
SA20160323_HIEPLBCK_03262	SA20160323_HIEPLBCK_03269	28.916	83	48	2	50	121	12	94	0.57	21.9
SA20160323_HIEPLBCK_03262	SA20160323_HIEPLBCK_03259	33.333	36	24	0	382	417	179	214	0.79	21.6
SA20160323_HIEPLBCK_03262	SA20160323_HIEPLBCK_03251	29.508	61	41	1	17	77	132	190	0.89	21.2
SA20160323_HIEPLBCK_03262	SA20160323_HIEPLBCK_03255	31.250	32	22	0	232	263	351	382	3.0	19.6
SA20160323_HIEPLBCK_03262	SA20160323_HIEPLBCK_03258	34.783	23	9	1	147	163	239	261	5.3	18.9
SA20160323_HIEPLBCK_03262	SA20160323_HIEPLBCK_03268	29.630	27	19	0	309	335	917	943	7.4	18.5
SA20160323_HIEPLBCK_03263	SA20160323_HIEPLBCK_03263	100.000	54	0	0	1	54	1	54	1.46e-37	110
SA20160323_HIEPLBCK_03263	SA20160323_HIEPLBCK_03251	83.333	6	1	0	30	35	178	183	3.4	15.8
SA20160323_HIEPLBCK_03264	SA20160323_HIEPLBCK_03264	100.000	233	0	0	1	233	1	233	8.60e-174	468
SA20160323_HIEPLBCK_03264	SA20160323_HIEPLBCK_03256	41.176	17	9	1	119	135	120	135	1.2	19.6
SA20160323_HIEPLBCK_03264	SA20160323_HIEPLBCK_03267	20.000	15	12	0	214	228	183	197	7.0	17.3
SA20160323_HIEPLBCK_03264	SA20160323_HIEPLBCK_03254	25.000	28	21	0	49	76	215	242	8.3	17.3
SA20160323_HIEPLBCK_03265	SA20160323_HIEPLBCK_03265	100.000	86	0	0	1	86	1	86	4.34e-64	179
SA20160323_HIEPLBCK_03265	SA20160323_HIEPLBCK_03266	28.000	25	18	0	50	74	396	420	1.4	17.7
SA20160323_HIEPLBCK_03265	SA20160323_HIEPLBCK_03269	60.000	10	4	0	56	65	158	167	5.9	15.8
SA20160323_HIEPLBCK_03265	SA20160323_HIEPLBCK_03262	33.333	27	18	0	24	50	308	334	6.0	15.8
SA20160323_HIEPLBCK_03266	SA20160323_HIEPLBCK_03266	100.000	486	0	0	1	486	1	486	0.0	990
SA20160323_HIEPLBCK_03266	SA20160323_HIEPLBCK_03259	37.143	35	14	2	275	309	129	155	1.8	20.4
SA20160323_HIEPLBCK_03266	SA20160323_HIEPLBCK_03250	45.000	20	9	1	434	453	146	163	2.0	20.4
SA20160323_HIEPLBCK_03266	SA20160323_HIEPLBCK_03261	41.176	17	10	0	234	250	121	137	3.0	19.6
SA20160323_HIEPLBCK_03266	SA20160323_HIEPLBCK_03258	22.619	84	47	3	116	196	54	122	3.3	19.6
SA20160323_HIEPLBCK_03266	SA20160323_HIEPLBCK_03251	36.842	19	12	0	394	412	155	173	6.2	18.9
SA20160323_HIEPLBCK_03266	SA20160323_HIEPLBCK_03265	28.000	25	18	0	396	420	50	74	8.8	17.7
SA20160323_HIEPLBCK_03266	SA20160323_HIEPLBCK_03268	55.556	9	4	0	447	455	431	439	9.8	18.1
SA20160323_HIEPLBCK_03267	SA20160323_HIEPLBCK_03267	100.000	529	0	0	1	529	1	529	0.0	1102
SA20160323_HIEPLBCK_03268	SA20160323_HIEPLBCK_03268	100.000	1169	0	0	1	1169	1	1169	0.0	2423
SA20160323_HIEPLBCK_03268	SA20160323_HIEPLBCK_03269	27.660	47	29	2	534	579	142	184	5.0	20.4
SA20160323_HIEPLBCK_03268	SA20160323_HIEPLBCK_03254	42.308	26	14	1	134	159	67	91	7.2	19.6
SA20160323_HIEPLBCK_03269	SA20160323_HIEPLBCK_03269	100.000	304	0	0	1	304	1	304	0.0	620
SA20160323_HIEPLBCK_03269	SA20160323_HIEPLBCK_03262	28.916	83	48	2	12	94	50	121	0.24	22.7
SA20160323_HIEPLBCK_03269	SA20160323_HIEPLBCK_03268	27.660	47	29	2	142	184	534	579	1.4	20.4
SA20160323_HIEPLBCK_03269	SA20160323_HIEPLBCK_03250	38.889	18	11	0	287	304	210	227	6.3	18.1
SA20160323_HIEPLBCK_03269	SA20160323_HIEPLBCK_03259	52.632	19	7	1	190	206	392	410	6.5	18.1
SA20160323_HIEPLBCK_03270	SA20160323_HIEPLBCK_03270	100.000	95	0	0	1	95	1	95	2.19e-70	196
SA20160323_HIEPLBCK_03270	SA20160323_HIEPLBCK_03251	50.000	8	4	0	29	36	223	230	7.6	15.8
SA20160209_CPEIOPNK_03708	SA20160209_CPEIOPNK_03708	100.000	241	0	0	1	241	1	241	0.0	494
SA20160209_CPEIOPNK_03708	SA20160209_CPEIOPNK_03726	35.714	56	34	2	25	79	968	1022	1.0	20.0
SA20160209_CPEIOPNK_03708	SA20160209_CPEIOPNK_03724	45.000	20	9	1	146	163	417	436	1.1	20.0
SA20160209_CPEIOPNK_03708	SA20160209_CPEIOPNK_03713	20.455	44	35	0	122	165	170	213	2.7	18.9
SA20160209_CPEIOPNK_03708	SA20160209_CPEIOPNK_03709	53.333	15	7	0	44	58	320	334	3.0	18.5
SA20160209_CPEIOPNK_03708	SA20160209_CPEIOPNK_03727	38.889	18	11	0	210	227	287	304	5.0	17.7
SA20160209_CPEIOPNK_03708	SA20160209_CPEIOPNK_03717	33.333	21	14	0	165	185	213	233	9.0	17.3
SA20160209_CPEIOPNK_03709	SA20160209_CPEIOPNK_03709	100.000	337	0	0	1	337	1	337	0.0	697
SA20160209_CPEIOPNK_03709	SA20160209_CPEIOPNK_03720	29.508	61	41	1	132	190	17	77	0.60	21.6
SA20160209_CPEIOPNK_03709	SA20160209_CPEIOPNK_03717	46.667	15	8	0	243	257	210	224	0.84	20.8
SA20160209_CPEIOPNK_03709	SA20160209_CPEIOPNK_03724	36.842	19	12	0	155	173	377	395	1.5	20.0
SA20160209_CPEIOPNK_03709	SA20160209_CPEIOPNK_03708	53.333	15	7	0	320	334	44	58	4.1	18.5
SA20160209_CPEIOPNK_03710	SA20160209_CPEIOPNK_03710	100.000	148	0	0	1	148	1	148	3.61e-113	308
SA20160209_CPEIOPNK_03710	SA20160209_CPEIOPNK_03711	33.333	48	18	2	48	91	141	178	2.7	17.7
SA20160209_CPEIOPNK_03711	SA20160209_CPEIOPNK_03711	100.000	244	0	0	1	244	1	244	0.0	496
SA20160209_CPEIOPNK_03711	SA20160209_CPEIOPNK_03716	27.660	47	34	0	115	161	57	103	0.40	21.6
SA20160209_CPEIOPNK_03711	SA20160209_CPEIOPNK_03713	26.667	30	22	0	46	75	47	76	3.2	18.5
SA20160209_CPEIOPNK_03711	SA20160209_CPEIOPNK_03724	26.667	60	40	2	147	205	156	212	3.9	18.5
SA20160209_CPEIOPNK_03711	SA20160209_CPEIOPNK_03710	33.333	48	18	2	141	178	48	91	4.5	17.7
SA20160209_CPEIOPNK_03712	SA20160209_CPEIOPNK_03712	100.000	302	0	0	1	302	1	302	0.0	628
SA20160209_CPEIOPNK_03712	SA20160209_CPEIOPNK_03726	42.308	26	14	1	67	91	134	159	1.9	19.6
SA20160209_CPEIOPNK_03713	SA20160209_CPEIOPNK_03713	100.000	390	0	0	1	390	1	390	0.0	782
SA20160209_CPEIOPNK_03713	SA20160209_CPEIOPNK_03720	31.250	32	22	0	351	382	232	263	2.6	19.6
SA20160209_CPEIOPNK_03713	SA20160209_CPEIOPNK_03708	20.455	44	35	0	170	213	122	165	4.4	18.9
SA20160209_CPEIOPNK_03713	SA20160209_CPEIOPNK_03711	26.667	30	22	0	47	76	46	75	5.1	18.5
SA20160209_CPEIOPNK_03714	SA20160209_CPEIOPNK_03714	100.000	153	0	0	1	153	1	153	1.60e-112	306
SA20160209_CPEIOPNK_03714	SA20160209_CPEIOPNK_03715	29.213	89	61	2	16	103	71	158	5.09e-06	35.0
SA20160209_CPEIOPNK_03714	SA20160209_CPEIOPNK_03722	41.176	17	9	1	120	135	119	135	0.87	19.2
SA20160209_CPEIOPNK_03715	SA20160209_CPEIOPNK_03715	100.000	223	0	0	1	223	1	223	2.94e-164	443
SA20160209_CPEIOPNK_03715	SA20160209_CPEIOPNK_03714	29.213	89	61	2	71	158	16	103	7.42e-06	35.0
SA20160209_CPEIOPNK_03715	SA20160209_CPEIOPNK_03709	28.571	35	20	1	110	144	174	203	4.7	17.7
SA20160209_CPEIOPNK_03715	SA20160209_CPEIOPNK_03716	44.444	18	10	0	83	100	327	344	7.0	17.3
SA20160209_CPEIOPNK_03715	SA20160209_CPEIOPNK_03724	42.857	14	8	0	51	64	134	147	8.3	17.3
SA20160209_CPEIOPNK_03716	SA20160209_CPEIOPNK_03716	100.000	394	0	0	1	394	1	394	0.0	762
SA20160209_CPEIOPNK_03716	SA20160209_CPEIOPNK_03718	26.415	106	75	2	15	118	13	117	0.46	21.9
SA20160209_CPEIOPNK_03716	SA20160209_CPEIOPNK_03711	27.660	47	34	0	57	103	115	161	0.67	21.6
SA20160209_CPEIOPNK_03717	SA20160209_CPEIOPNK_03717	100.000	423	0	0	1	423	1	423	0.0	850
SA20160209_CPEIOPNK_03717	SA20160209_CPEIOPNK_03720	33.333	36	24	0	179	214	382	417	0.58	21.9
SA20160209_CPEIOPNK_03717	SA20160209_CPEIOPNK_03709	46.667	15	8	0	210	224	243	257	1.0	20.8
SA20160209_CPEIOPNK_03717	SA20160209_CPEIOPNK_03724	31.111	45	22	3	333	373	248	287	3.1	19.6
SA20160209_CPEIOPNK_03717	SA20160209_CPEIOPNK_03726	58.333	24	8	2	293	316	955	976	4.9	18.9
SA20160209_CPEIOPNK_03718	SA20160209_CPEIOPNK_03718	100.000	413	0	0	1	413	1	413	0.0	815
SA20160209_CPEIOPNK_03718	SA20160209_CPEIOPNK_03716	26.415	106	75	2	13	117	15	118	0.38	22.3
SA20160209_CPEIOPNK_03718	SA20160209_CPEIOPNK_03722	25.439	114	48	5	95	193	76	167	3.0	19.2
SA20160209_CPEIOPNK_03719	SA20160209_CPEIOPNK_03719	100.000	170	0	0	1	170	1	170	7.00e-127	344
SA20160209_CPEIOPNK_03719	SA20160209_CPEIOPNK_03720	31.429	35	23	1	18	51	35	69	8.0	16.9
SA20160209_CPEIOPNK_03720	SA20160209_CPEIOPNK_03720	100.000	456	0	0	1	456	1	456	0.0	943
SA20160209_CPEIOPNK_03720	SA20160209_CPEIOPNK_03717	33.333	36	24	0	382	417	179	214	0.61	21.9
SA20160209_CPEIOPNK_03720	SA20160209_CPEIOPNK_03727	28.916	83	48	2	50	121	12	94	0.62	21.9
SA20160209_CPEIOPNK_03720	SA20160209_CPEIOPNK_03709	29.508	61	41	1	17	77	132	190	0.87	21.2
SA20160209_CPEIOPNK_03720	SA20160209_CPEIOPNK_03724	41.379	29	10	2	254	281	319	341	2.7	20.0
SA20160209_CPEIOPNK_03720	SA20160209_CPEIOPNK_03713	31.250	32	22	0	232	263	351	382	3.0	19.6
SA20160209_CPEIOPNK_03720	SA20160209_CPEIOPNK_03726	24.000	75	44	2	309	381	917	980	4.7	19.2
SA20160209_CPEIOPNK_03721	SA20160209_CPEIOPNK_03721	100.000	54	0	0	1	54	1	54	1.43e-37	110
SA20160209_CPEIOPNK_03721	SA20160209_CPEIOPNK_03709	83.333	6	1	0	30	35	178	183	3.3	15.8
SA20160209_CPEIOPNK_03721	SA20160209_CPEIOPNK_03725	66.667	6	2	0	1	6	68	73	6.1	15.0
SA20160209_CPEIOPNK_03722	SA20160209_CPEIOPNK_03722	100.000	233	0	0	1	233	1	233	2.39e-173	467
SA20160209_CPEIOPNK_03722	SA20160209_CPEIOPNK_03714	41.176	17	9	1	119	135	120	135	1.2	19.6
SA20160209_CPEIOPNK_03722	SA20160209_CPEIOPNK_03724	24.242	33	21	1	163	191	285	317	3.7	18.5
SA20160209_CPEIOPNK_03722	SA20160209_CPEIOPNK_03725	26.667	15	11	0	214	228	183	197	3.7	18.5
SA20160209_CPEIOPNK_03722	SA20160209_CPEIOPNK_03712	25.000	28	21	0	49	76	215	242	8.8	16.9
SA20160209_CPEIOPNK_03723	SA20160209_CPEIOPNK_03723	100.000	110	0	0	1	110	1	110	2.77e-84	232
SA20160209_CPEIOPNK_03723	SA20160209_CPEIOPNK_03720	30.000	50	27	3	15	62	6	49	4.9	16.5
SA20160209_CPEIOPNK_03723	SA20160209_CPEIOPNK_03727	60.000	10	4	0	80	89	158	167	7.8	16.2
SA20160209_CPEIOPNK_03724	SA20160209_CPEIOPNK_03724	100.000	469	0	0	1	469	1	469	0.0	960
SA20160209_CPEIOPNK_03724	SA20160209_CPEIOPNK_03709	36.842	19	12	0	377	395	155	173	2.1	20.0
SA20160209_CPEIOPNK_03724	SA20160209_CPEIOPNK_03726	27.500	40	28	1	375	414	53	91	2.2	20.4
SA20160209_CPEIOPNK_03724	SA20160209_CPEIOPNK_03708	45.000	20	9	1	417	436	146	163	2.2	20.0
SA20160209_CPEIOPNK_03724	SA20160209_CPEIOPNK_03720	41.379	29	10	2	319	341	254	281	3.0	19.6
SA20160209_CPEIOPNK_03724	SA20160209_CPEIOPNK_03717	31.111	45	22	3	248	287	333	373	3.4	19.6
SA20160209_CPEIOPNK_03724	SA20160209_CPEIOPNK_03711	26.667	60	40	2	156	212	147	205	7.5	18.5
SA20160209_CPEIOPNK_03725	SA20160209_CPEIOPNK_03725	100.000	529	0	0	1	529	1	529	0.0	1103
SA20160209_CPEIOPNK_03725	SA20160209_CPEIOPNK_03722	26.667	15	11	0	183	197	214	228	8.2	18.5
SA20160209_CPEIOPNK_03726	SA20160209_CPEIOPNK_03726	100.000	1169	0	0	1	1169	1	1169	0.0	2421
SA20160209_CPEIOPNK_03726	SA20160209_CPEIOPNK_03727	27.660	47	29	2	534	579	142	184	5.2	20.4
SA20160209_CPEIOPNK_03726	SA20160209_CPEIOPNK_03708	35.714	56	34	2	968	1022	25	79	5.4	20.0
SA20160209_CPEIOPNK_03726	SA20160209_CPEIOPNK_03724	27.500	40	28	1	53	91	375	414	5.6	20.4
SA20160209_CPEIOPNK_03726	SA20160209_CPEIOPNK_03712	42.308	26	14	1	134	159	67	91	7.1	19.6
SA20160209_CPEIOPNK_03727	SA20160209_CPEIOPNK_03727	100.000	304	0	0	1	304	1	304	0.0	620
SA20160209_CPEIOPNK_03727	SA20160209_CPEIOPNK_03720	28.916	83	48	2	12	94	50	121	0.24	22.7
SA20160209_CPEIOPNK_03727	SA20160209_CPEIOPNK_03726	27.660	47	29	2	142	184	534	579	1.4	20.0
SA20160209_CPEIOPNK_03727	SA20160209_CPEIOPNK_03708	38.889	18	11	0	287	304	210	227	6.2	18.1
SA20160209_CPEIOPNK_03727	SA20160209_CPEIOPNK_03717	52.632	19	7	1	190	206	392	410	6.3	18.1
SA20160209_CPEIOPNK_03727	SA20160209_CPEIOPNK_03725	37.037	27	16	1	86	111	92	118	9.5	17.3
SA20160209_CPEIOPNK_03728	SA20160209_CPEIOPNK_03728	100.000	95	0	0	1	95	1	95	2.14e-70	196
SA20160209_CPEIOPNK_03728	SA20160209_CPEIOPNK_03709	50.000	8	4	0	29	36	223	230	7.4	15.8
