SA20160201_IJJBCCFE_03675	SA20160172_GPHLOGML_02994	100.000	95	0	0	1	95	1	95	2.14e-70	196
SA20160201_IJJBCCFE_03675	SA20160172_GPHLOGML_03013	50.000	8	4	0	29	36	223	230	7.4	15.8
SA20160201_IJJBCCFE_03676	SA20160172_GPHLOGML_02995	100.000	304	0	0	1	304	1	304	0.0	620
SA20160201_IJJBCCFE_03676	SA20160172_GPHLOGML_03002	28.916	83	48	2	12	94	50	121	0.24	22.7
SA20160201_IJJBCCFE_03676	SA20160172_GPHLOGML_02996	27.660	47	29	2	142	184	534	579	1.4	20.0
SA20160201_IJJBCCFE_03676	SA20160172_GPHLOGML_03014	38.889	18	11	0	287	304	210	227	6.2	18.1
SA20160201_IJJBCCFE_03676	SA20160172_GPHLOGML_03005	52.632	19	7	1	190	206	392	410	6.3	18.1
SA20160201_IJJBCCFE_03676	SA20160172_GPHLOGML_02997	37.037	27	16	1	86	111	92	118	9.5	17.3
SA20160201_IJJBCCFE_03677	SA20160172_GPHLOGML_02996	100.000	1169	0	0	1	1169	1	1169	0.0	2421
SA20160201_IJJBCCFE_03677	SA20160172_GPHLOGML_02995	27.660	47	29	2	534	579	142	184	5.2	20.4
SA20160201_IJJBCCFE_03677	SA20160172_GPHLOGML_03014	35.714	56	34	2	968	1022	25	79	5.4	20.0
SA20160201_IJJBCCFE_03677	SA20160172_GPHLOGML_02998	27.500	40	28	1	53	91	375	414	5.6	20.4
SA20160201_IJJBCCFE_03677	SA20160172_GPHLOGML_03010	42.308	26	14	1	134	159	67	91	7.1	19.6
SA20160201_IJJBCCFE_03678	SA20160172_GPHLOGML_02997	100.000	529	0	0	1	529	1	529	0.0	1103
SA20160201_IJJBCCFE_03678	SA20160172_GPHLOGML_03000	26.667	15	11	0	183	197	214	228	8.2	18.5
SA20160201_IJJBCCFE_03679	SA20160172_GPHLOGML_02998	99.787	469	1	0	1	469	1	469	0.0	957
SA20160201_IJJBCCFE_03679	SA20160172_GPHLOGML_03013	36.842	19	12	0	377	395	155	173	2.1	20.0
SA20160201_IJJBCCFE_03679	SA20160172_GPHLOGML_02996	27.500	40	28	1	375	414	53	91	2.2	20.4
SA20160201_IJJBCCFE_03679	SA20160172_GPHLOGML_03014	45.000	20	9	1	417	436	146	163	2.2	20.0
SA20160201_IJJBCCFE_03679	SA20160172_GPHLOGML_03002	41.379	29	10	2	319	341	254	281	3.0	19.6
SA20160201_IJJBCCFE_03679	SA20160172_GPHLOGML_03005	31.111	45	22	3	248	287	333	373	3.4	19.6
SA20160201_IJJBCCFE_03679	SA20160172_GPHLOGML_03011	26.667	60	40	2	156	212	147	205	7.5	18.5
SA20160201_IJJBCCFE_03680	SA20160172_GPHLOGML_02999	100.000	110	0	0	1	110	1	110	2.77e-84	232
SA20160201_IJJBCCFE_03680	SA20160172_GPHLOGML_03002	30.000	50	27	3	15	62	6	49	4.9	16.5
SA20160201_IJJBCCFE_03680	SA20160172_GPHLOGML_02995	60.000	10	4	0	80	89	158	167	7.8	16.2
SA20160201_IJJBCCFE_03681	SA20160172_GPHLOGML_03000	100.000	233	0	0	1	233	1	233	2.39e-173	467
SA20160201_IJJBCCFE_03681	SA20160172_GPHLOGML_03008	41.176	17	9	1	119	135	120	135	1.2	19.6
SA20160201_IJJBCCFE_03681	SA20160172_GPHLOGML_02998	24.242	33	21	1	163	191	285	317	3.5	18.5
SA20160201_IJJBCCFE_03681	SA20160172_GPHLOGML_02997	26.667	15	11	0	214	228	183	197	3.7	18.5
SA20160201_IJJBCCFE_03681	SA20160172_GPHLOGML_03010	25.000	28	21	0	49	76	215	242	8.8	16.9
SA20160201_IJJBCCFE_03682	SA20160172_GPHLOGML_03001	100.000	54	0	0	1	54	1	54	1.43e-37	110
SA20160201_IJJBCCFE_03682	SA20160172_GPHLOGML_03013	83.333	6	1	0	30	35	178	183	3.3	15.8
SA20160201_IJJBCCFE_03682	SA20160172_GPHLOGML_02997	66.667	6	2	0	1	6	68	73	6.1	15.0
SA20160201_IJJBCCFE_03683	SA20160172_GPHLOGML_03002	100.000	456	0	0	1	456	1	456	0.0	943
SA20160201_IJJBCCFE_03683	SA20160172_GPHLOGML_03005	33.333	36	24	0	382	417	179	214	0.61	21.9
SA20160201_IJJBCCFE_03683	SA20160172_GPHLOGML_02995	28.916	83	48	2	50	121	12	94	0.62	21.9
SA20160201_IJJBCCFE_03683	SA20160172_GPHLOGML_03013	29.508	61	41	1	17	77	132	190	0.87	21.2
SA20160201_IJJBCCFE_03683	SA20160172_GPHLOGML_02998	41.379	29	10	2	254	281	319	341	2.7	20.0
SA20160201_IJJBCCFE_03683	SA20160172_GPHLOGML_03009	31.250	32	22	0	232	263	351	382	3.0	19.6
SA20160201_IJJBCCFE_03683	SA20160172_GPHLOGML_02996	24.000	75	44	2	309	381	917	980	4.7	19.2
SA20160201_IJJBCCFE_03683	SA20160172_GPHLOGML_03004	33.333	33	18	1	394	426	351	379	5.0	18.9
SA20160201_IJJBCCFE_03684	SA20160172_GPHLOGML_03003	100.000	170	0	0	1	170	1	170	7.00e-127	344
SA20160201_IJJBCCFE_03684	SA20160172_GPHLOGML_03002	31.429	35	23	1	18	51	35	69	8.0	16.9
SA20160201_IJJBCCFE_03685	SA20160172_GPHLOGML_03004	100.000	413	0	0	1	413	1	413	0.0	816
SA20160201_IJJBCCFE_03685	SA20160172_GPHLOGML_03006	27.397	73	51	1	45	117	48	118	0.40	22.3
SA20160201_IJJBCCFE_03685	SA20160172_GPHLOGML_03002	33.333	33	18	1	351	379	394	426	4.5	18.9
SA20160201_IJJBCCFE_03685	SA20160172_GPHLOGML_03000	24.561	114	49	5	95	193	76	167	7.0	18.1
SA20160201_IJJBCCFE_03686	SA20160172_GPHLOGML_03005	100.000	423	0	0	1	423	1	423	0.0	850
SA20160201_IJJBCCFE_03686	SA20160172_GPHLOGML_03002	33.333	36	24	0	179	214	382	417	0.58	21.9
SA20160201_IJJBCCFE_03686	SA20160172_GPHLOGML_03013	46.667	15	8	0	210	224	243	257	1.0	20.8
SA20160201_IJJBCCFE_03686	SA20160172_GPHLOGML_02998	31.111	45	22	3	333	373	248	287	3.1	19.6
SA20160201_IJJBCCFE_03686	SA20160172_GPHLOGML_02996	58.333	24	8	2	293	316	955	976	4.9	18.9
SA20160201_IJJBCCFE_03687	SA20160172_GPHLOGML_03006	100.000	394	0	0	1	394	1	394	0.0	762
SA20160201_IJJBCCFE_03687	SA20160172_GPHLOGML_03004	27.397	73	51	1	48	118	45	117	0.48	21.9
SA20160201_IJJBCCFE_03687	SA20160172_GPHLOGML_03011	27.660	47	34	0	57	103	115	161	0.67	21.6
SA20160201_IJJBCCFE_03688	SA20160172_GPHLOGML_03007	100.000	223	0	0	1	223	1	223	2.94e-164	443
SA20160201_IJJBCCFE_03688	SA20160172_GPHLOGML_03008	29.213	89	61	2	71	158	16	103	7.42e-06	35.0
SA20160201_IJJBCCFE_03688	SA20160172_GPHLOGML_03013	37.838	37	22	1	143	179	115	150	3.0	18.5
SA20160201_IJJBCCFE_03688	SA20160172_GPHLOGML_03006	44.444	18	10	0	83	100	327	344	7.0	17.3
SA20160201_IJJBCCFE_03688	SA20160172_GPHLOGML_02998	42.857	14	8	0	51	64	134	147	8.4	16.9
SA20160201_IJJBCCFE_03689	SA20160172_GPHLOGML_03008	100.000	153	0	0	1	153	1	153	1.60e-112	306
SA20160201_IJJBCCFE_03689	SA20160172_GPHLOGML_03007	29.213	89	61	2	16	103	71	158	5.09e-06	35.0
SA20160201_IJJBCCFE_03689	SA20160172_GPHLOGML_03000	41.176	17	9	1	120	135	119	135	0.87	19.2
SA20160201_IJJBCCFE_03690	SA20160172_GPHLOGML_03009	100.000	390	0	0	1	390	1	390	0.0	782
SA20160201_IJJBCCFE_03690	SA20160172_GPHLOGML_03002	31.250	32	22	0	351	382	232	263	2.6	19.6
SA20160201_IJJBCCFE_03690	SA20160172_GPHLOGML_03014	20.455	44	35	0	170	213	122	165	4.4	18.9
SA20160201_IJJBCCFE_03690	SA20160172_GPHLOGML_03011	26.667	30	22	0	47	76	46	75	5.1	18.5
SA20160201_IJJBCCFE_03691	SA20160172_GPHLOGML_03010	100.000	302	0	0	1	302	1	302	0.0	628
SA20160201_IJJBCCFE_03691	SA20160172_GPHLOGML_02996	42.308	26	14	1	67	91	134	159	1.9	19.6
SA20160201_IJJBCCFE_03692	SA20160172_GPHLOGML_03011	100.000	244	0	0	1	244	1	244	0.0	496
SA20160201_IJJBCCFE_03692	SA20160172_GPHLOGML_03006	27.660	47	34	0	115	161	57	103	0.40	21.6
SA20160201_IJJBCCFE_03692	SA20160172_GPHLOGML_03009	26.667	30	22	0	46	75	47	76	3.2	18.5
SA20160201_IJJBCCFE_03692	SA20160172_GPHLOGML_02998	26.667	60	40	2	147	205	156	212	3.9	18.5
SA20160201_IJJBCCFE_03692	SA20160172_GPHLOGML_03012	33.333	48	18	2	141	178	48	91	4.5	17.7
SA20160201_IJJBCCFE_03692	SA20160172_GPHLOGML_03002	27.907	43	26	1	157	194	285	327	7.5	17.3
SA20160201_IJJBCCFE_03693	SA20160172_GPHLOGML_03012	100.000	148	0	0	1	148	1	148	3.61e-113	308
SA20160201_IJJBCCFE_03693	SA20160172_GPHLOGML_03011	33.333	48	18	2	48	91	141	178	2.7	17.7
SA20160201_IJJBCCFE_03694	SA20160172_GPHLOGML_03013	100.000	337	0	0	1	337	1	337	0.0	697
SA20160201_IJJBCCFE_03694	SA20160172_GPHLOGML_03002	29.508	61	41	1	132	190	17	77	0.60	21.6
SA20160201_IJJBCCFE_03694	SA20160172_GPHLOGML_03005	46.667	15	8	0	243	257	210	224	0.84	20.8
SA20160201_IJJBCCFE_03694	SA20160172_GPHLOGML_02998	36.842	19	12	0	155	173	377	395	1.6	20.0
SA20160201_IJJBCCFE_03694	SA20160172_GPHLOGML_03014	53.333	15	7	0	320	334	44	58	4.1	18.5
SA20160201_IJJBCCFE_03694	SA20160172_GPHLOGML_03007	28.571	35	20	1	174	203	110	144	7.0	17.7
SA20160201_IJJBCCFE_03695	SA20160172_GPHLOGML_03014	100.000	241	0	0	1	241	1	241	0.0	494
SA20160201_IJJBCCFE_03695	SA20160172_GPHLOGML_02996	35.714	56	34	2	25	79	968	1022	1.0	20.0
SA20160201_IJJBCCFE_03695	SA20160172_GPHLOGML_02998	45.000	20	9	1	146	163	417	436	1.1	20.0
SA20160201_IJJBCCFE_03695	SA20160172_GPHLOGML_03009	20.455	44	35	0	122	165	170	213	2.7	18.9
SA20160201_IJJBCCFE_03695	SA20160172_GPHLOGML_03013	53.333	15	7	0	44	58	320	334	3.0	18.5
SA20160201_IJJBCCFE_03695	SA20160172_GPHLOGML_02995	38.889	18	11	0	210	227	287	304	5.0	17.7
SA20160201_IJJBCCFE_03695	SA20160172_GPHLOGML_03005	33.333	21	14	0	165	185	213	233	9.0	17.3
SA20160172_GPHLOGML_02994	SA20160172_GPHLOGML_02994	100.000	95	0	0	1	95	1	95	2.14e-70	196
SA20160172_GPHLOGML_02994	SA20160172_GPHLOGML_03013	50.000	8	4	0	29	36	223	230	7.4	15.8
SA20160172_GPHLOGML_02995	SA20160172_GPHLOGML_02995	100.000	304	0	0	1	304	1	304	0.0	620
SA20160172_GPHLOGML_02995	SA20160172_GPHLOGML_03002	28.916	83	48	2	12	94	50	121	0.24	22.7
SA20160172_GPHLOGML_02995	SA20160172_GPHLOGML_02996	27.660	47	29	2	142	184	534	579	1.4	20.0
SA20160172_GPHLOGML_02995	SA20160172_GPHLOGML_03014	38.889	18	11	0	287	304	210	227	6.2	18.1
SA20160172_GPHLOGML_02995	SA20160172_GPHLOGML_03005	52.632	19	7	1	190	206	392	410	6.3	18.1
SA20160172_GPHLOGML_02995	SA20160172_GPHLOGML_02997	37.037	27	16	1	86	111	92	118	9.5	17.3
SA20160172_GPHLOGML_02996	SA20160172_GPHLOGML_02996	100.000	1169	0	0	1	1169	1	1169	0.0	2421
SA20160172_GPHLOGML_02996	SA20160172_GPHLOGML_02995	27.660	47	29	2	534	579	142	184	5.2	20.4
SA20160172_GPHLOGML_02996	SA20160172_GPHLOGML_03014	35.714	56	34	2	968	1022	25	79	5.4	20.0
SA20160172_GPHLOGML_02996	SA20160172_GPHLOGML_02998	27.500	40	28	1	53	91	375	414	5.6	20.4
SA20160172_GPHLOGML_02996	SA20160172_GPHLOGML_03010	42.308	26	14	1	134	159	67	91	7.1	19.6
SA20160172_GPHLOGML_02997	SA20160172_GPHLOGML_02997	100.000	529	0	0	1	529	1	529	0.0	1103
SA20160172_GPHLOGML_02997	SA20160172_GPHLOGML_03000	26.667	15	11	0	183	197	214	228	8.2	18.5
SA20160172_GPHLOGML_02998	SA20160172_GPHLOGML_02998	100.000	469	0	0	1	469	1	469	0.0	960
SA20160172_GPHLOGML_02998	SA20160172_GPHLOGML_03014	45.000	20	9	1	417	436	146	163	2.2	20.0
SA20160172_GPHLOGML_02998	SA20160172_GPHLOGML_03013	36.842	19	12	0	377	395	155	173	2.2	20.0
SA20160172_GPHLOGML_02998	SA20160172_GPHLOGML_02996	27.500	40	28	1	375	414	53	91	2.3	20.4
SA20160172_GPHLOGML_02998	SA20160172_GPHLOGML_03002	41.379	29	10	2	319	341	254	281	3.0	19.6
SA20160172_GPHLOGML_02998	SA20160172_GPHLOGML_03005	31.111	45	22	3	248	287	333	373	3.4	19.6
SA20160172_GPHLOGML_02998	SA20160172_GPHLOGML_03011	26.667	60	40	2	156	212	147	205	7.6	18.5
SA20160172_GPHLOGML_02999	SA20160172_GPHLOGML_02999	100.000	110	0	0	1	110	1	110	2.77e-84	232
SA20160172_GPHLOGML_02999	SA20160172_GPHLOGML_03002	30.000	50	27	3	15	62	6	49	4.9	16.5
SA20160172_GPHLOGML_02999	SA20160172_GPHLOGML_02995	60.000	10	4	0	80	89	158	167	7.8	16.2
SA20160172_GPHLOGML_03000	SA20160172_GPHLOGML_03000	100.000	233	0	0	1	233	1	233	2.39e-173	467
SA20160172_GPHLOGML_03000	SA20160172_GPHLOGML_03008	41.176	17	9	1	119	135	120	135	1.2	19.6
SA20160172_GPHLOGML_03000	SA20160172_GPHLOGML_02998	24.242	33	21	1	163	191	285	317	3.5	18.5
SA20160172_GPHLOGML_03000	SA20160172_GPHLOGML_02997	26.667	15	11	0	214	228	183	197	3.7	18.5
SA20160172_GPHLOGML_03000	SA20160172_GPHLOGML_03010	25.000	28	21	0	49	76	215	242	8.8	16.9
SA20160172_GPHLOGML_03001	SA20160172_GPHLOGML_03001	100.000	54	0	0	1	54	1	54	1.43e-37	110
SA20160172_GPHLOGML_03001	SA20160172_GPHLOGML_03013	83.333	6	1	0	30	35	178	183	3.3	15.8
SA20160172_GPHLOGML_03001	SA20160172_GPHLOGML_02997	66.667	6	2	0	1	6	68	73	6.1	15.0
SA20160172_GPHLOGML_03002	SA20160172_GPHLOGML_03002	100.000	456	0	0	1	456	1	456	0.0	943
SA20160172_GPHLOGML_03002	SA20160172_GPHLOGML_03005	33.333	36	24	0	382	417	179	214	0.61	21.9
SA20160172_GPHLOGML_03002	SA20160172_GPHLOGML_02995	28.916	83	48	2	50	121	12	94	0.62	21.9
SA20160172_GPHLOGML_03002	SA20160172_GPHLOGML_03013	29.508	61	41	1	17	77	132	190	0.87	21.2
SA20160172_GPHLOGML_03002	SA20160172_GPHLOGML_02998	41.379	29	10	2	254	281	319	341	2.7	20.0
SA20160172_GPHLOGML_03002	SA20160172_GPHLOGML_03009	31.250	32	22	0	232	263	351	382	3.0	19.6
SA20160172_GPHLOGML_03002	SA20160172_GPHLOGML_02996	24.000	75	44	2	309	381	917	980	4.7	19.2
SA20160172_GPHLOGML_03003	SA20160172_GPHLOGML_03003	100.000	170	0	0	1	170	1	170	7.00e-127	344
SA20160172_GPHLOGML_03003	SA20160172_GPHLOGML_03002	31.429	35	23	1	18	51	35	69	8.0	16.9
SA20160172_GPHLOGML_03004	SA20160172_GPHLOGML_03004	100.000	413	0	0	1	413	1	413	0.0	816
SA20160172_GPHLOGML_03004	SA20160172_GPHLOGML_03006	27.397	73	51	1	45	117	48	118	0.40	22.3
SA20160172_GPHLOGML_03004	SA20160172_GPHLOGML_03000	24.561	114	49	5	95	193	76	167	7.0	18.1
SA20160172_GPHLOGML_03005	SA20160172_GPHLOGML_03005	100.000	423	0	0	1	423	1	423	0.0	850
SA20160172_GPHLOGML_03005	SA20160172_GPHLOGML_03002	33.333	36	24	0	179	214	382	417	0.58	21.9
SA20160172_GPHLOGML_03005	SA20160172_GPHLOGML_03013	46.667	15	8	0	210	224	243	257	1.0	20.8
SA20160172_GPHLOGML_03005	SA20160172_GPHLOGML_02998	31.111	45	22	3	333	373	248	287	3.1	19.6
SA20160172_GPHLOGML_03005	SA20160172_GPHLOGML_02996	58.333	24	8	2	293	316	955	976	4.9	18.9
SA20160172_GPHLOGML_03006	SA20160172_GPHLOGML_03006	100.000	394	0	0	1	394	1	394	0.0	762
SA20160172_GPHLOGML_03006	SA20160172_GPHLOGML_03004	27.397	73	51	1	48	118	45	117	0.48	21.9
SA20160172_GPHLOGML_03006	SA20160172_GPHLOGML_03011	27.660	47	34	0	57	103	115	161	0.67	21.6
SA20160172_GPHLOGML_03007	SA20160172_GPHLOGML_03007	100.000	223	0	0	1	223	1	223	2.94e-164	443
SA20160172_GPHLOGML_03007	SA20160172_GPHLOGML_03008	29.213	89	61	2	71	158	16	103	7.42e-06	35.0
SA20160172_GPHLOGML_03007	SA20160172_GPHLOGML_03013	28.571	35	20	1	110	144	174	203	4.7	17.7
SA20160172_GPHLOGML_03007	SA20160172_GPHLOGML_03006	44.444	18	10	0	83	100	327	344	7.0	17.3
SA20160172_GPHLOGML_03007	SA20160172_GPHLOGML_02998	42.857	14	8	0	51	64	134	147	8.4	16.9
SA20160172_GPHLOGML_03008	SA20160172_GPHLOGML_03008	100.000	153	0	0	1	153	1	153	1.60e-112	306
SA20160172_GPHLOGML_03008	SA20160172_GPHLOGML_03007	29.213	89	61	2	16	103	71	158	5.09e-06	35.0
SA20160172_GPHLOGML_03008	SA20160172_GPHLOGML_03000	41.176	17	9	1	120	135	119	135	0.87	19.2
SA20160172_GPHLOGML_03009	SA20160172_GPHLOGML_03009	100.000	390	0	0	1	390	1	390	0.0	782
SA20160172_GPHLOGML_03009	SA20160172_GPHLOGML_03002	31.250	32	22	0	351	382	232	263	2.6	19.6
SA20160172_GPHLOGML_03009	SA20160172_GPHLOGML_03014	20.455	44	35	0	170	213	122	165	4.4	18.9
SA20160172_GPHLOGML_03009	SA20160172_GPHLOGML_03011	26.667	30	22	0	47	76	46	75	5.1	18.5
SA20160172_GPHLOGML_03010	SA20160172_GPHLOGML_03010	100.000	302	0	0	1	302	1	302	0.0	628
SA20160172_GPHLOGML_03010	SA20160172_GPHLOGML_02996	42.308	26	14	1	67	91	134	159	1.9	19.6
SA20160172_GPHLOGML_03011	SA20160172_GPHLOGML_03011	100.000	244	0	0	1	244	1	244	0.0	496
SA20160172_GPHLOGML_03011	SA20160172_GPHLOGML_03006	27.660	47	34	0	115	161	57	103	0.40	21.6
SA20160172_GPHLOGML_03011	SA20160172_GPHLOGML_03009	26.667	30	22	0	46	75	47	76	3.2	18.5
SA20160172_GPHLOGML_03011	SA20160172_GPHLOGML_02998	26.667	60	40	2	147	205	156	212	3.9	18.5
SA20160172_GPHLOGML_03011	SA20160172_GPHLOGML_03012	33.333	48	18	2	141	178	48	91	4.5	17.7
SA20160172_GPHLOGML_03012	SA20160172_GPHLOGML_03012	100.000	148	0	0	1	148	1	148	3.61e-113	308
SA20160172_GPHLOGML_03012	SA20160172_GPHLOGML_03011	33.333	48	18	2	48	91	141	178	2.7	17.7
SA20160172_GPHLOGML_03013	SA20160172_GPHLOGML_03013	100.000	337	0	0	1	337	1	337	0.0	697
SA20160172_GPHLOGML_03013	SA20160172_GPHLOGML_03002	29.508	61	41	1	132	190	17	77	0.60	21.6
SA20160172_GPHLOGML_03013	SA20160172_GPHLOGML_03005	46.667	15	8	0	243	257	210	224	0.84	20.8
SA20160172_GPHLOGML_03013	SA20160172_GPHLOGML_02998	36.842	19	12	0	155	173	377	395	1.6	20.0
SA20160172_GPHLOGML_03013	SA20160172_GPHLOGML_03014	53.333	15	7	0	320	334	44	58	4.1	18.5
SA20160172_GPHLOGML_03014	SA20160172_GPHLOGML_03014	100.000	241	0	0	1	241	1	241	0.0	494
SA20160172_GPHLOGML_03014	SA20160172_GPHLOGML_02996	35.714	56	34	2	25	79	968	1022	1.0	20.0
SA20160172_GPHLOGML_03014	SA20160172_GPHLOGML_02998	45.000	20	9	1	146	163	417	436	1.1	20.0
SA20160172_GPHLOGML_03014	SA20160172_GPHLOGML_03009	20.455	44	35	0	122	165	170	213	2.7	18.9
SA20160172_GPHLOGML_03014	SA20160172_GPHLOGML_03013	53.333	15	7	0	44	58	320	334	3.0	18.5
SA20160172_GPHLOGML_03014	SA20160172_GPHLOGML_02995	38.889	18	11	0	210	227	287	304	5.0	17.7
SA20160172_GPHLOGML_03014	SA20160172_GPHLOGML_03005	33.333	21	14	0	165	185	213	233	9.0	17.3
SA20160201_IJJBCCFE_03675	SA20160201_IJJBCCFE_03675	100.000	95	0	0	1	95	1	95	2.14e-70	196
SA20160201_IJJBCCFE_03675	SA20160201_IJJBCCFE_03694	50.000	8	4	0	29	36	223	230	7.4	15.8
SA20160201_IJJBCCFE_03676	SA20160201_IJJBCCFE_03676	100.000	304	0	0	1	304	1	304	0.0	620
SA20160201_IJJBCCFE_03676	SA20160201_IJJBCCFE_03683	28.916	83	48	2	12	94	50	121	0.24	22.7
SA20160201_IJJBCCFE_03676	SA20160201_IJJBCCFE_03677	27.660	47	29	2	142	184	534	579	1.4	20.0
SA20160201_IJJBCCFE_03676	SA20160201_IJJBCCFE_03695	38.889	18	11	0	287	304	210	227	6.2	18.1
SA20160201_IJJBCCFE_03676	SA20160201_IJJBCCFE_03686	52.632	19	7	1	190	206	392	410	6.3	18.1
SA20160201_IJJBCCFE_03676	SA20160201_IJJBCCFE_03678	37.037	27	16	1	86	111	92	118	9.5	17.3
SA20160201_IJJBCCFE_03677	SA20160201_IJJBCCFE_03677	100.000	1169	0	0	1	1169	1	1169	0.0	2421
SA20160201_IJJBCCFE_03677	SA20160201_IJJBCCFE_03676	27.660	47	29	2	534	579	142	184	5.2	20.4
SA20160201_IJJBCCFE_03677	SA20160201_IJJBCCFE_03695	35.714	56	34	2	968	1022	25	79	5.4	20.0
SA20160201_IJJBCCFE_03677	SA20160201_IJJBCCFE_03679	27.500	40	28	1	53	91	375	414	5.6	20.4
SA20160201_IJJBCCFE_03677	SA20160201_IJJBCCFE_03691	42.308	26	14	1	134	159	67	91	7.1	19.6
SA20160201_IJJBCCFE_03678	SA20160201_IJJBCCFE_03678	100.000	529	0	0	1	529	1	529	0.0	1103
SA20160201_IJJBCCFE_03678	SA20160201_IJJBCCFE_03681	26.667	15	11	0	183	197	214	228	8.2	18.5
SA20160201_IJJBCCFE_03679	SA20160201_IJJBCCFE_03679	100.000	469	0	0	1	469	1	469	0.0	960
SA20160201_IJJBCCFE_03679	SA20160201_IJJBCCFE_03694	36.842	19	12	0	377	395	155	173	2.1	20.0
SA20160201_IJJBCCFE_03679	SA20160201_IJJBCCFE_03677	27.500	40	28	1	375	414	53	91	2.2	20.4
SA20160201_IJJBCCFE_03679	SA20160201_IJJBCCFE_03695	45.000	20	9	1	417	436	146	163	2.2	20.0
SA20160201_IJJBCCFE_03679	SA20160201_IJJBCCFE_03683	41.379	29	10	2	319	341	254	281	3.0	19.6
SA20160201_IJJBCCFE_03679	SA20160201_IJJBCCFE_03686	31.111	45	22	3	248	287	333	373	3.4	19.6
SA20160201_IJJBCCFE_03679	SA20160201_IJJBCCFE_03692	26.667	60	40	2	156	212	147	205	7.5	18.5
SA20160201_IJJBCCFE_03680	SA20160201_IJJBCCFE_03680	100.000	110	0	0	1	110	1	110	2.77e-84	232
SA20160201_IJJBCCFE_03680	SA20160201_IJJBCCFE_03683	30.000	50	27	3	15	62	6	49	4.9	16.5
SA20160201_IJJBCCFE_03680	SA20160201_IJJBCCFE_03676	60.000	10	4	0	80	89	158	167	7.8	16.2
SA20160201_IJJBCCFE_03681	SA20160201_IJJBCCFE_03681	100.000	233	0	0	1	233	1	233	2.39e-173	467
SA20160201_IJJBCCFE_03681	SA20160201_IJJBCCFE_03689	41.176	17	9	1	119	135	120	135	1.2	19.6
SA20160201_IJJBCCFE_03681	SA20160201_IJJBCCFE_03679	24.242	33	21	1	163	191	285	317	3.7	18.5
SA20160201_IJJBCCFE_03681	SA20160201_IJJBCCFE_03678	26.667	15	11	0	214	228	183	197	3.7	18.5
SA20160201_IJJBCCFE_03681	SA20160201_IJJBCCFE_03691	25.000	28	21	0	49	76	215	242	8.8	16.9
SA20160201_IJJBCCFE_03682	SA20160201_IJJBCCFE_03682	100.000	54	0	0	1	54	1	54	1.43e-37	110
SA20160201_IJJBCCFE_03682	SA20160201_IJJBCCFE_03694	83.333	6	1	0	30	35	178	183	3.3	15.8
SA20160201_IJJBCCFE_03682	SA20160201_IJJBCCFE_03678	66.667	6	2	0	1	6	68	73	6.1	15.0
SA20160201_IJJBCCFE_03683	SA20160201_IJJBCCFE_03683	100.000	456	0	0	1	456	1	456	0.0	943
SA20160201_IJJBCCFE_03683	SA20160201_IJJBCCFE_03686	33.333	36	24	0	382	417	179	214	0.61	21.9
SA20160201_IJJBCCFE_03683	SA20160201_IJJBCCFE_03676	28.916	83	48	2	50	121	12	94	0.62	21.9
SA20160201_IJJBCCFE_03683	SA20160201_IJJBCCFE_03694	29.508	61	41	1	17	77	132	190	0.87	21.2
SA20160201_IJJBCCFE_03683	SA20160201_IJJBCCFE_03679	41.379	29	10	2	254	281	319	341	2.7	20.0
SA20160201_IJJBCCFE_03683	SA20160201_IJJBCCFE_03690	31.250	32	22	0	232	263	351	382	3.0	19.6
SA20160201_IJJBCCFE_03683	SA20160201_IJJBCCFE_03677	24.000	75	44	2	309	381	917	980	4.7	19.2
SA20160201_IJJBCCFE_03684	SA20160201_IJJBCCFE_03684	100.000	170	0	0	1	170	1	170	7.00e-127	344
SA20160201_IJJBCCFE_03684	SA20160201_IJJBCCFE_03683	31.429	35	23	1	18	51	35	69	8.0	16.9
SA20160201_IJJBCCFE_03685	SA20160201_IJJBCCFE_03685	100.000	413	0	0	1	413	1	413	0.0	816
SA20160201_IJJBCCFE_03685	SA20160201_IJJBCCFE_03687	27.397	73	51	1	45	117	48	118	0.40	22.3
SA20160201_IJJBCCFE_03685	SA20160201_IJJBCCFE_03681	24.561	114	49	5	95	193	76	167	7.0	18.1
SA20160201_IJJBCCFE_03686	SA20160201_IJJBCCFE_03686	100.000	423	0	0	1	423	1	423	0.0	850
SA20160201_IJJBCCFE_03686	SA20160201_IJJBCCFE_03683	33.333	36	24	0	179	214	382	417	0.58	21.9
SA20160201_IJJBCCFE_03686	SA20160201_IJJBCCFE_03694	46.667	15	8	0	210	224	243	257	1.0	20.8
SA20160201_IJJBCCFE_03686	SA20160201_IJJBCCFE_03679	31.111	45	22	3	333	373	248	287	3.1	19.6
SA20160201_IJJBCCFE_03686	SA20160201_IJJBCCFE_03677	58.333	24	8	2	293	316	955	976	4.9	18.9
SA20160201_IJJBCCFE_03687	SA20160201_IJJBCCFE_03687	100.000	394	0	0	1	394	1	394	0.0	762
SA20160201_IJJBCCFE_03687	SA20160201_IJJBCCFE_03685	27.397	73	51	1	48	118	45	117	0.48	21.9
SA20160201_IJJBCCFE_03687	SA20160201_IJJBCCFE_03692	27.660	47	34	0	57	103	115	161	0.67	21.6
SA20160201_IJJBCCFE_03688	SA20160201_IJJBCCFE_03688	100.000	223	0	0	1	223	1	223	2.94e-164	443
SA20160201_IJJBCCFE_03688	SA20160201_IJJBCCFE_03689	29.213	89	61	2	71	158	16	103	7.42e-06	35.0
SA20160201_IJJBCCFE_03688	SA20160201_IJJBCCFE_03694	28.571	35	20	1	110	144	174	203	4.7	17.7
SA20160201_IJJBCCFE_03688	SA20160201_IJJBCCFE_03687	44.444	18	10	0	83	100	327	344	7.0	17.3
SA20160201_IJJBCCFE_03688	SA20160201_IJJBCCFE_03679	42.857	14	8	0	51	64	134	147	8.3	17.3
SA20160201_IJJBCCFE_03689	SA20160201_IJJBCCFE_03689	100.000	153	0	0	1	153	1	153	1.60e-112	306
SA20160201_IJJBCCFE_03689	SA20160201_IJJBCCFE_03688	29.213	89	61	2	16	103	71	158	5.09e-06	35.0
SA20160201_IJJBCCFE_03689	SA20160201_IJJBCCFE_03681	41.176	17	9	1	120	135	119	135	0.87	19.2
SA20160201_IJJBCCFE_03690	SA20160201_IJJBCCFE_03690	100.000	390	0	0	1	390	1	390	0.0	782
SA20160201_IJJBCCFE_03690	SA20160201_IJJBCCFE_03683	31.250	32	22	0	351	382	232	263	2.6	19.6
SA20160201_IJJBCCFE_03690	SA20160201_IJJBCCFE_03695	20.455	44	35	0	170	213	122	165	4.4	18.9
SA20160201_IJJBCCFE_03690	SA20160201_IJJBCCFE_03692	26.667	30	22	0	47	76	46	75	5.1	18.5
SA20160201_IJJBCCFE_03691	SA20160201_IJJBCCFE_03691	100.000	302	0	0	1	302	1	302	0.0	628
SA20160201_IJJBCCFE_03691	SA20160201_IJJBCCFE_03677	42.308	26	14	1	67	91	134	159	1.9	19.6
SA20160201_IJJBCCFE_03692	SA20160201_IJJBCCFE_03692	100.000	244	0	0	1	244	1	244	0.0	496
SA20160201_IJJBCCFE_03692	SA20160201_IJJBCCFE_03687	27.660	47	34	0	115	161	57	103	0.40	21.6
SA20160201_IJJBCCFE_03692	SA20160201_IJJBCCFE_03690	26.667	30	22	0	46	75	47	76	3.2	18.5
SA20160201_IJJBCCFE_03692	SA20160201_IJJBCCFE_03679	26.667	60	40	2	147	205	156	212	3.9	18.5
SA20160201_IJJBCCFE_03692	SA20160201_IJJBCCFE_03693	33.333	48	18	2	141	178	48	91	4.5	17.7
SA20160201_IJJBCCFE_03693	SA20160201_IJJBCCFE_03693	100.000	148	0	0	1	148	1	148	3.61e-113	308
SA20160201_IJJBCCFE_03693	SA20160201_IJJBCCFE_03692	33.333	48	18	2	48	91	141	178	2.7	17.7
SA20160201_IJJBCCFE_03694	SA20160201_IJJBCCFE_03694	100.000	337	0	0	1	337	1	337	0.0	697
SA20160201_IJJBCCFE_03694	SA20160201_IJJBCCFE_03683	29.508	61	41	1	132	190	17	77	0.60	21.6
SA20160201_IJJBCCFE_03694	SA20160201_IJJBCCFE_03686	46.667	15	8	0	243	257	210	224	0.84	20.8
SA20160201_IJJBCCFE_03694	SA20160201_IJJBCCFE_03679	36.842	19	12	0	155	173	377	395	1.5	20.0
SA20160201_IJJBCCFE_03694	SA20160201_IJJBCCFE_03695	53.333	15	7	0	320	334	44	58	4.1	18.5
SA20160201_IJJBCCFE_03695	SA20160201_IJJBCCFE_03695	100.000	241	0	0	1	241	1	241	0.0	494
SA20160201_IJJBCCFE_03695	SA20160201_IJJBCCFE_03677	35.714	56	34	2	25	79	968	1022	1.0	20.0
SA20160201_IJJBCCFE_03695	SA20160201_IJJBCCFE_03679	45.000	20	9	1	146	163	417	436	1.1	20.0
SA20160201_IJJBCCFE_03695	SA20160201_IJJBCCFE_03690	20.455	44	35	0	122	165	170	213	2.7	18.9
SA20160201_IJJBCCFE_03695	SA20160201_IJJBCCFE_03694	53.333	15	7	0	44	58	320	334	3.0	18.5
SA20160201_IJJBCCFE_03695	SA20160201_IJJBCCFE_03676	38.889	18	11	0	210	227	287	304	5.0	17.7
SA20160201_IJJBCCFE_03695	SA20160201_IJJBCCFE_03686	33.333	21	14	0	165	185	213	233	9.0	17.3
