SA20160190_KJBEGOPM_02091	SA20160323_HIEPLBCK_00987	100.000	58	0	0	1	58	1	58	2.74e-42	122
SA20160190_KJBEGOPM_02091	SA20160323_HIEPLBCK_00992	96.491	57	2	0	2	58	342	398	4.27e-38	120
SA20160190_KJBEGOPM_02091	SA20160323_HIEPLBCK_00995	25.581	43	21	1	7	49	3	34	0.63	17.7
SA20160190_KJBEGOPM_02091	SA20160323_HIEPLBCK_01007	29.167	24	17	0	17	40	61	84	1.6	16.5
SA20160190_KJBEGOPM_02092	SA20160323_HIEPLBCK_00988	100.000	267	0	0	1	267	1	267	0.0	547
SA20160190_KJBEGOPM_02092	SA20160323_HIEPLBCK_01006	23.333	30	23	0	90	119	251	280	0.89	20.4
SA20160190_KJBEGOPM_02092	SA20160323_HIEPLBCK_00998	37.037	54	20	4	161	200	20	73	0.92	20.4
SA20160190_KJBEGOPM_02092	SA20160323_HIEPLBCK_00989	27.907	43	24	1	180	222	314	349	7.0	17.7
SA20160190_KJBEGOPM_02093	SA20160323_HIEPLBCK_00989	100.000	429	0	0	1	429	1	429	0.0	845
SA20160190_KJBEGOPM_02093	SA20160323_HIEPLBCK_00993	32.500	80	30	4	288	367	55	110	0.022	25.8
SA20160190_KJBEGOPM_02093	SA20160323_HIEPLBCK_01007	43.750	16	9	0	156	171	10	25	8.9	17.7
SA20160190_KJBEGOPM_02094	SA20160323_HIEPLBCK_00990	100.000	401	0	0	1	401	1	401	0.0	838
SA20160190_KJBEGOPM_02094	SA20160323_HIEPLBCK_00999	35.294	17	11	0	234	250	157	173	1.7	20.0
SA20160190_KJBEGOPM_02094	SA20160323_HIEPLBCK_00996	35.714	14	9	0	1	14	279	292	4.0	18.9
SA20160190_KJBEGOPM_02094	SA20160323_HIEPLBCK_00992	25.714	35	26	0	308	342	97	131	4.7	18.9
SA20160190_KJBEGOPM_02094	SA20160323_HIEPLBCK_01002	47.826	23	11	1	1	23	25	46	6.9	17.7
SA20160190_KJBEGOPM_02094	SA20160323_HIEPLBCK_00998	21.622	37	29	0	32	68	322	358	6.9	18.1
SA20160190_KJBEGOPM_02094	SA20160323_HIEPLBCK_01006	34.483	29	18	1	10	38	80	107	8.9	17.7
SA20160190_KJBEGOPM_02095	SA20160323_HIEPLBCK_00991	100.000	260	0	0	1	260	1	260	0.0	532
SA20160190_KJBEGOPM_02095	SA20160323_HIEPLBCK_00996	24.211	95	60	4	170	259	193	280	2.6	18.9
SA20160190_KJBEGOPM_02095	SA20160323_HIEPLBCK_01000	52.632	19	7	1	193	209	482	500	4.1	18.1
SA20160190_KJBEGOPM_02095	SA20160323_HIEPLBCK_00994	25.000	36	27	0	43	78	93	128	8.8	16.9
SA20160190_KJBEGOPM_02096	SA20160323_HIEPLBCK_00992	100.000	398	0	0	1	398	1	398	0.0	814
SA20160190_KJBEGOPM_02096	SA20160323_HIEPLBCK_00987	96.491	57	2	0	342	398	2	58	2.93e-37	120
SA20160190_KJBEGOPM_02096	SA20160323_HIEPLBCK_00998	33.333	21	14	0	141	161	532	552	3.9	18.9
SA20160190_KJBEGOPM_02096	SA20160323_HIEPLBCK_00990	25.714	35	26	0	97	131	308	342	4.6	18.9
SA20160190_KJBEGOPM_02096	SA20160323_HIEPLBCK_01004	44.000	25	13	1	267	290	101	125	6.0	18.5
SA20160190_KJBEGOPM_02096	SA20160323_HIEPLBCK_00996	31.034	29	20	0	211	239	333	361	6.2	18.5
SA20160190_KJBEGOPM_02096	SA20160323_HIEPLBCK_01007	39.130	23	14	0	329	351	114	136	7.2	18.1
SA20160190_KJBEGOPM_02097	SA20160323_HIEPLBCK_00993	100.000	188	0	0	1	188	1	188	3.86e-139	377
SA20160190_KJBEGOPM_02097	SA20160323_HIEPLBCK_00989	32.500	80	30	4	55	110	288	367	0.010	25.8
SA20160190_KJBEGOPM_02097	SA20160323_HIEPLBCK_00998	38.710	31	18	1	125	155	463	492	0.67	20.0
SA20160190_KJBEGOPM_02097	SA20160323_HIEPLBCK_00990	31.915	47	29	2	87	130	182	228	1.3	19.2
SA20160190_KJBEGOPM_02097	SA20160323_HIEPLBCK_00992	20.690	29	23	0	49	77	300	328	8.6	16.5
SA20160190_KJBEGOPM_02098	SA20160323_HIEPLBCK_00994	100.000	141	0	0	1	141	1	141	1.00e-106	291
SA20160190_KJBEGOPM_02098	SA20160323_HIEPLBCK_01004	32.432	37	25	0	19	55	228	264	0.15	21.6
SA20160190_KJBEGOPM_02098	SA20160323_HIEPLBCK_00991	25.000	36	27	0	93	128	43	78	4.8	16.9
SA20160190_KJBEGOPM_02098	SA20160323_HIEPLBCK_01001	23.077	26	20	0	113	138	73	98	5.5	16.5
SA20160190_KJBEGOPM_02098	SA20160323_HIEPLBCK_01002	75.000	8	2	0	131	138	67	74	6.6	16.2
SA20160190_KJBEGOPM_02099	SA20160323_HIEPLBCK_00995	100.000	201	0	0	1	201	1	201	6.40e-155	418
SA20160190_KJBEGOPM_02099	SA20160323_HIEPLBCK_00998	64.286	14	5	0	79	92	284	297	0.42	20.8
SA20160190_KJBEGOPM_02099	SA20160323_HIEPLBCK_00987	25.581	43	21	1	3	34	7	49	2.2	17.7
SA20160190_KJBEGOPM_02099	SA20160323_HIEPLBCK_01005	27.778	36	25	1	64	98	191	226	3.5	18.1
SA20160190_KJBEGOPM_02099	SA20160323_HIEPLBCK_00992	25.581	43	21	1	3	34	347	389	6.2	17.3
SA20160190_KJBEGOPM_02099	SA20160323_HIEPLBCK_00997	28.000	25	18	0	165	189	294	318	7.9	16.9
SA20160190_KJBEGOPM_02099	SA20160323_HIEPLBCK_01007	39.286	28	16	1	24	50	152	179	9.7	16.5
SA20160190_KJBEGOPM_02100	SA20160323_HIEPLBCK_00996	100.000	379	0	0	1	379	1	379	0.0	783
SA20160190_KJBEGOPM_02100	SA20160323_HIEPLBCK_01000	38.889	18	11	0	278	295	367	384	0.67	21.2
SA20160190_KJBEGOPM_02100	SA20160323_HIEPLBCK_00999	52.941	17	8	0	363	379	126	142	2.9	19.2
SA20160190_KJBEGOPM_02100	SA20160323_HIEPLBCK_00991	24.211	95	60	4	193	280	170	259	3.8	18.9
SA20160190_KJBEGOPM_02100	SA20160323_HIEPLBCK_00990	35.714	14	9	0	279	292	1	14	3.8	18.9
SA20160190_KJBEGOPM_02100	SA20160323_HIEPLBCK_00992	31.034	29	20	0	333	361	211	239	5.9	18.5
SA20160190_KJBEGOPM_02101	SA20160323_HIEPLBCK_00997	100.000	327	0	0	1	327	1	327	0.0	673
SA20160190_KJBEGOPM_02101	SA20160323_HIEPLBCK_00998	53.846	13	6	0	165	177	617	629	0.74	21.2
SA20160190_KJBEGOPM_02102	SA20160323_HIEPLBCK_00998	100.000	660	0	0	1	660	1	660	0.0	1362
SA20160190_KJBEGOPM_02102	SA20160323_HIEPLBCK_01001	27.500	40	29	0	284	323	3	42	1.3	20.4
SA20160190_KJBEGOPM_02102	SA20160323_HIEPLBCK_00995	64.286	14	5	0	284	297	79	92	1.4	20.8
SA20160190_KJBEGOPM_02102	SA20160323_HIEPLBCK_00997	53.846	13	6	0	617	629	165	177	1.5	21.2
SA20160190_KJBEGOPM_02102	SA20160323_HIEPLBCK_00988	37.037	54	20	4	20	73	161	200	2.3	20.4
SA20160190_KJBEGOPM_02102	SA20160323_HIEPLBCK_00999	33.333	39	19	1	539	570	128	166	2.3	20.4
SA20160190_KJBEGOPM_02102	SA20160323_HIEPLBCK_00993	38.710	31	18	1	463	492	125	155	2.4	20.0
SA20160190_KJBEGOPM_02102	SA20160323_HIEPLBCK_00992	33.333	21	14	0	532	552	141	161	6.5	18.9
SA20160190_KJBEGOPM_02102	SA20160323_HIEPLBCK_01005	33.333	18	12	0	214	231	289	306	8.6	18.5
SA20160190_KJBEGOPM_02103	SA20160323_HIEPLBCK_00999	100.000	299	0	0	1	299	1	299	0.0	612
SA20160190_KJBEGOPM_02103	SA20160323_HIEPLBCK_00998	33.333	39	19	1	128	166	539	570	1.0	20.4
SA20160190_KJBEGOPM_02103	SA20160323_HIEPLBCK_00990	35.294	17	11	0	157	173	234	250	1.3	20.0
SA20160190_KJBEGOPM_02103	SA20160323_HIEPLBCK_00996	52.941	17	8	0	126	142	363	379	2.3	19.2
SA20160190_KJBEGOPM_02103	SA20160323_HIEPLBCK_01007	60.000	10	4	0	184	193	8	17	3.7	18.5
SA20160190_KJBEGOPM_02103	SA20160323_HIEPLBCK_01000	25.000	36	24	1	182	217	470	502	4.3	18.5
SA20160190_KJBEGOPM_02104	SA20160323_HIEPLBCK_01000	100.000	548	0	0	1	548	1	548	0.0	1108
SA20160190_KJBEGOPM_02104	SA20160323_HIEPLBCK_00996	38.889	18	11	0	367	384	278	295	1.0	21.2
SA20160190_KJBEGOPM_02104	SA20160323_HIEPLBCK_01004	50.000	16	8	0	207	222	66	81	1.5	20.8
SA20160190_KJBEGOPM_02104	SA20160323_HIEPLBCK_01007	32.000	25	14	1	240	264	131	152	6.8	18.5
SA20160190_KJBEGOPM_02104	SA20160323_HIEPLBCK_00999	25.000	36	24	1	470	502	182	217	8.5	18.5
SA20160190_KJBEGOPM_02104	SA20160323_HIEPLBCK_00991	52.632	19	7	1	482	500	193	209	8.5	18.1
SA20160190_KJBEGOPM_02105	SA20160323_HIEPLBCK_01001	100.000	111	0	0	1	111	1	111	1.65e-76	212
SA20160190_KJBEGOPM_02105	SA20160323_HIEPLBCK_00992	37.037	27	17	0	78	104	304	330	0.049	22.3
SA20160190_KJBEGOPM_02105	SA20160323_HIEPLBCK_01005	50.000	20	10	0	86	105	246	265	0.079	21.9
SA20160190_KJBEGOPM_02105	SA20160323_HIEPLBCK_00998	27.500	40	29	0	3	42	284	323	0.21	20.8
SA20160190_KJBEGOPM_02105	SA20160323_HIEPLBCK_01000	33.333	30	19	1	60	88	478	507	1.8	17.7
SA20160190_KJBEGOPM_02105	SA20160323_HIEPLBCK_00994	23.077	26	20	0	73	98	113	138	4.0	16.5
SA20160190_KJBEGOPM_02106	SA20160323_HIEPLBCK_01002	100.000	125	0	0	1	125	1	125	2.86e-85	235
SA20160190_KJBEGOPM_02106	SA20160323_HIEPLBCK_01005	25.926	27	20	0	72	98	264	290	1.9	18.1
SA20160190_KJBEGOPM_02106	SA20160323_HIEPLBCK_00990	47.826	23	11	1	25	46	1	23	2.2	17.7
SA20160190_KJBEGOPM_02106	SA20160323_HIEPLBCK_00992	47.059	17	9	0	87	103	159	175	4.6	16.9
SA20160190_KJBEGOPM_02106	SA20160323_HIEPLBCK_00994	75.000	8	2	0	67	74	131	138	5.8	16.2
SA20160190_KJBEGOPM_02107	SA20160323_HIEPLBCK_01003	100.000	85	0	0	1	85	1	85	1.43e-63	177
SA20160190_KJBEGOPM_02107	SA20160323_HIEPLBCK_01007	25.926	27	20	0	52	78	5	31	2.2	16.9
SA20160190_KJBEGOPM_02107	SA20160323_HIEPLBCK_00996	20.000	50	40	0	31	80	238	287	3.0	16.5
SA20160190_KJBEGOPM_02108	SA20160323_HIEPLBCK_01004	100.000	455	0	0	1	455	1	455	0.0	923
SA20160190_KJBEGOPM_02108	SA20160323_HIEPLBCK_00994	32.432	37	25	0	228	264	19	55	0.50	21.6
SA20160190_KJBEGOPM_02108	SA20160323_HIEPLBCK_01000	50.000	16	8	0	66	81	207	222	1.2	20.8
SA20160190_KJBEGOPM_02108	SA20160323_HIEPLBCK_01005	29.310	116	66	4	144	251	73	180	2.1	20.0
SA20160190_KJBEGOPM_02108	SA20160323_HIEPLBCK_01006	37.931	29	15	1	88	113	243	271	2.6	19.6
SA20160190_KJBEGOPM_02108	SA20160323_HIEPLBCK_00992	44.000	25	13	1	101	125	267	290	6.8	18.5
SA20160190_KJBEGOPM_02109	SA20160323_HIEPLBCK_01005	100.000	320	0	0	1	320	1	320	0.0	647
SA20160190_KJBEGOPM_02109	SA20160323_HIEPLBCK_01004	29.310	116	66	4	73	180	144	251	1.5	20.0
SA20160190_KJBEGOPM_02109	SA20160323_HIEPLBCK_00998	33.333	18	12	0	289	306	214	231	4.2	18.5
SA20160190_KJBEGOPM_02109	SA20160323_HIEPLBCK_01002	25.926	27	20	0	264	290	72	98	4.8	18.1
SA20160190_KJBEGOPM_02109	SA20160323_HIEPLBCK_00995	27.778	36	25	1	191	226	64	98	5.5	18.1
SA20160190_KJBEGOPM_02109	SA20160323_HIEPLBCK_01001	58.333	12	5	0	246	257	86	97	8.3	17.3
SA20160190_KJBEGOPM_02110	SA20160323_HIEPLBCK_01006	100.000	285	0	0	1	285	1	285	0.0	598
SA20160190_KJBEGOPM_02110	SA20160323_HIEPLBCK_00988	23.333	30	23	0	251	280	90	119	0.95	20.4
SA20160190_KJBEGOPM_02110	SA20160323_HIEPLBCK_01004	37.931	29	15	1	243	271	88	113	1.6	19.6
SA20160190_KJBEGOPM_02110	SA20160323_HIEPLBCK_01007	41.667	12	7	0	14	25	36	47	5.2	18.1
SA20160190_KJBEGOPM_02110	SA20160323_HIEPLBCK_00990	34.483	29	18	1	80	107	10	38	6.3	17.7
SA20160190_KJBEGOPM_02110	SA20160323_HIEPLBCK_01000	22.414	58	34	2	115	167	315	366	9.8	17.3
SA20160190_KJBEGOPM_02111	SA20160323_HIEPLBCK_01007	100.000	252	0	0	1	252	1	252	0.0	516
SA20160190_KJBEGOPM_02111	SA20160323_HIEPLBCK_00999	60.000	10	4	0	8	17	184	193	3.1	18.5
SA20160190_KJBEGOPM_02111	SA20160323_HIEPLBCK_01000	32.000	25	14	1	131	152	240	264	3.2	18.5
SA20160190_KJBEGOPM_02111	SA20160323_HIEPLBCK_00992	39.130	23	14	0	114	136	329	351	4.6	18.1
SA20160190_KJBEGOPM_02111	SA20160323_HIEPLBCK_01006	41.667	12	7	0	36	47	14	25	4.6	18.1
SA20160190_KJBEGOPM_02111	SA20160323_HIEPLBCK_00989	43.750	16	9	0	10	25	156	171	5.3	17.7
SA20160190_KJBEGOPM_02111	SA20160323_HIEPLBCK_01003	25.926	27	20	0	5	31	52	78	6.4	16.9
SA20160190_KJBEGOPM_02111	SA20160323_HIEPLBCK_00987	29.167	24	17	0	61	84	17	40	6.7	16.5
SA20160323_HIEPLBCK_00987	SA20160323_HIEPLBCK_00987	100.000	58	0	0	1	58	1	58	2.74e-42	122
SA20160323_HIEPLBCK_00987	SA20160323_HIEPLBCK_00992	96.491	57	2	0	2	58	342	398	4.27e-38	120
SA20160323_HIEPLBCK_00987	SA20160323_HIEPLBCK_00995	25.581	43	21	1	7	49	3	34	0.63	17.7
SA20160323_HIEPLBCK_00987	SA20160323_HIEPLBCK_01007	29.167	24	17	0	17	40	61	84	1.6	16.5
SA20160323_HIEPLBCK_00988	SA20160323_HIEPLBCK_00988	100.000	267	0	0	1	267	1	267	0.0	547
SA20160323_HIEPLBCK_00988	SA20160323_HIEPLBCK_01006	23.333	30	23	0	90	119	251	280	0.89	20.4
SA20160323_HIEPLBCK_00988	SA20160323_HIEPLBCK_00998	37.037	54	20	4	161	200	20	73	0.92	20.4
SA20160323_HIEPLBCK_00988	SA20160323_HIEPLBCK_00989	27.907	43	24	1	180	222	314	349	7.0	17.7
SA20160323_HIEPLBCK_00989	SA20160323_HIEPLBCK_00989	100.000	429	0	0	1	429	1	429	0.0	845
SA20160323_HIEPLBCK_00989	SA20160323_HIEPLBCK_00993	32.500	80	30	4	288	367	55	110	0.022	25.8
SA20160323_HIEPLBCK_00989	SA20160323_HIEPLBCK_01007	43.750	16	9	0	156	171	10	25	8.9	17.7
SA20160323_HIEPLBCK_00990	SA20160323_HIEPLBCK_00990	100.000	401	0	0	1	401	1	401	0.0	838
SA20160323_HIEPLBCK_00990	SA20160323_HIEPLBCK_00999	35.294	17	11	0	234	250	157	173	1.7	20.0
SA20160323_HIEPLBCK_00990	SA20160323_HIEPLBCK_00996	35.714	14	9	0	1	14	279	292	4.0	18.9
SA20160323_HIEPLBCK_00990	SA20160323_HIEPLBCK_00992	25.714	35	26	0	308	342	97	131	4.7	18.9
SA20160323_HIEPLBCK_00990	SA20160323_HIEPLBCK_01002	47.826	23	11	1	1	23	25	46	6.9	17.7
SA20160323_HIEPLBCK_00990	SA20160323_HIEPLBCK_00998	21.622	37	29	0	32	68	322	358	6.9	18.1
SA20160323_HIEPLBCK_00990	SA20160323_HIEPLBCK_01006	34.483	29	18	1	10	38	80	107	8.9	17.7
SA20160323_HIEPLBCK_00991	SA20160323_HIEPLBCK_00991	100.000	260	0	0	1	260	1	260	0.0	532
SA20160323_HIEPLBCK_00991	SA20160323_HIEPLBCK_00996	24.211	95	60	4	170	259	193	280	2.6	18.9
SA20160323_HIEPLBCK_00991	SA20160323_HIEPLBCK_01000	52.632	19	7	1	193	209	482	500	4.1	18.1
SA20160323_HIEPLBCK_00991	SA20160323_HIEPLBCK_00994	25.000	36	27	0	43	78	93	128	8.8	16.9
SA20160323_HIEPLBCK_00992	SA20160323_HIEPLBCK_00992	100.000	398	0	0	1	398	1	398	0.0	814
SA20160323_HIEPLBCK_00992	SA20160323_HIEPLBCK_00987	96.491	57	2	0	342	398	2	58	2.93e-37	120
SA20160323_HIEPLBCK_00992	SA20160323_HIEPLBCK_00998	33.333	21	14	0	141	161	532	552	3.9	18.9
SA20160323_HIEPLBCK_00992	SA20160323_HIEPLBCK_00990	25.714	35	26	0	97	131	308	342	4.6	18.9
SA20160323_HIEPLBCK_00992	SA20160323_HIEPLBCK_01004	44.000	25	13	1	267	290	101	125	6.0	18.5
SA20160323_HIEPLBCK_00992	SA20160323_HIEPLBCK_00996	31.034	29	20	0	211	239	333	361	6.2	18.5
SA20160323_HIEPLBCK_00992	SA20160323_HIEPLBCK_01007	39.130	23	14	0	329	351	114	136	7.2	18.1
SA20160323_HIEPLBCK_00993	SA20160323_HIEPLBCK_00993	100.000	188	0	0	1	188	1	188	3.86e-139	377
SA20160323_HIEPLBCK_00993	SA20160323_HIEPLBCK_00989	32.500	80	30	4	55	110	288	367	0.010	25.8
SA20160323_HIEPLBCK_00993	SA20160323_HIEPLBCK_00998	38.710	31	18	1	125	155	463	492	0.67	20.0
SA20160323_HIEPLBCK_00993	SA20160323_HIEPLBCK_00990	31.915	47	29	2	87	130	182	228	1.3	19.2
SA20160323_HIEPLBCK_00993	SA20160323_HIEPLBCK_00992	20.690	29	23	0	49	77	300	328	8.6	16.5
SA20160323_HIEPLBCK_00994	SA20160323_HIEPLBCK_00994	100.000	141	0	0	1	141	1	141	1.00e-106	291
SA20160323_HIEPLBCK_00994	SA20160323_HIEPLBCK_01004	32.432	37	25	0	19	55	228	264	0.15	21.6
SA20160323_HIEPLBCK_00994	SA20160323_HIEPLBCK_00991	25.000	36	27	0	93	128	43	78	4.8	16.9
SA20160323_HIEPLBCK_00994	SA20160323_HIEPLBCK_01001	23.077	26	20	0	113	138	73	98	5.5	16.5
SA20160323_HIEPLBCK_00994	SA20160323_HIEPLBCK_01002	75.000	8	2	0	131	138	67	74	6.6	16.2
SA20160323_HIEPLBCK_00995	SA20160323_HIEPLBCK_00995	100.000	201	0	0	1	201	1	201	6.40e-155	418
SA20160323_HIEPLBCK_00995	SA20160323_HIEPLBCK_00998	64.286	14	5	0	79	92	284	297	0.42	20.8
SA20160323_HIEPLBCK_00995	SA20160323_HIEPLBCK_00987	25.581	43	21	1	3	34	7	49	2.2	17.7
SA20160323_HIEPLBCK_00995	SA20160323_HIEPLBCK_01005	27.778	36	25	1	64	98	191	226	3.5	18.1
SA20160323_HIEPLBCK_00995	SA20160323_HIEPLBCK_00992	25.581	43	21	1	3	34	347	389	6.2	17.3
SA20160323_HIEPLBCK_00995	SA20160323_HIEPLBCK_00997	28.000	25	18	0	165	189	294	318	7.9	16.9
SA20160323_HIEPLBCK_00995	SA20160323_HIEPLBCK_01007	39.286	28	16	1	24	50	152	179	9.7	16.5
SA20160323_HIEPLBCK_00996	SA20160323_HIEPLBCK_00996	100.000	379	0	0	1	379	1	379	0.0	783
SA20160323_HIEPLBCK_00996	SA20160323_HIEPLBCK_01000	38.889	18	11	0	278	295	367	384	0.67	21.2
SA20160323_HIEPLBCK_00996	SA20160323_HIEPLBCK_00999	52.941	17	8	0	363	379	126	142	2.9	19.2
SA20160323_HIEPLBCK_00996	SA20160323_HIEPLBCK_00990	35.714	14	9	0	279	292	1	14	3.8	18.9
SA20160323_HIEPLBCK_00996	SA20160323_HIEPLBCK_00992	31.034	29	20	0	333	361	211	239	5.9	18.5
SA20160323_HIEPLBCK_00997	SA20160323_HIEPLBCK_00997	100.000	327	0	0	1	327	1	327	0.0	673
SA20160323_HIEPLBCK_00997	SA20160323_HIEPLBCK_00998	53.846	13	6	0	165	177	617	629	0.74	21.2
SA20160323_HIEPLBCK_00998	SA20160323_HIEPLBCK_00998	100.000	660	0	0	1	660	1	660	0.0	1362
SA20160323_HIEPLBCK_00998	SA20160323_HIEPLBCK_01001	27.500	40	29	0	284	323	3	42	1.3	20.4
SA20160323_HIEPLBCK_00998	SA20160323_HIEPLBCK_00995	64.286	14	5	0	284	297	79	92	1.4	20.8
SA20160323_HIEPLBCK_00998	SA20160323_HIEPLBCK_00997	53.846	13	6	0	617	629	165	177	1.5	21.2
SA20160323_HIEPLBCK_00998	SA20160323_HIEPLBCK_00988	37.037	54	20	4	20	73	161	200	2.3	20.4
SA20160323_HIEPLBCK_00998	SA20160323_HIEPLBCK_00999	33.333	39	19	1	539	570	128	166	2.3	20.4
SA20160323_HIEPLBCK_00998	SA20160323_HIEPLBCK_00993	38.710	31	18	1	463	492	125	155	2.4	20.0
SA20160323_HIEPLBCK_00998	SA20160323_HIEPLBCK_00992	33.333	21	14	0	532	552	141	161	6.5	18.9
SA20160323_HIEPLBCK_00998	SA20160323_HIEPLBCK_01005	33.333	18	12	0	214	231	289	306	8.6	18.5
SA20160323_HIEPLBCK_00999	SA20160323_HIEPLBCK_00999	100.000	299	0	0	1	299	1	299	0.0	612
SA20160323_HIEPLBCK_00999	SA20160323_HIEPLBCK_00998	33.333	39	19	1	128	166	539	570	1.0	20.4
SA20160323_HIEPLBCK_00999	SA20160323_HIEPLBCK_00990	35.294	17	11	0	157	173	234	250	1.3	20.0
SA20160323_HIEPLBCK_00999	SA20160323_HIEPLBCK_00996	52.941	17	8	0	126	142	363	379	2.3	19.2
SA20160323_HIEPLBCK_00999	SA20160323_HIEPLBCK_01007	60.000	10	4	0	184	193	8	17	3.7	18.5
SA20160323_HIEPLBCK_00999	SA20160323_HIEPLBCK_01000	25.000	36	24	1	182	217	470	502	4.3	18.5
SA20160323_HIEPLBCK_01000	SA20160323_HIEPLBCK_01000	100.000	548	0	0	1	548	1	548	0.0	1108
SA20160323_HIEPLBCK_01000	SA20160323_HIEPLBCK_00996	38.889	18	11	0	367	384	278	295	1.0	21.2
SA20160323_HIEPLBCK_01000	SA20160323_HIEPLBCK_01004	50.000	16	8	0	207	222	66	81	1.5	20.8
SA20160323_HIEPLBCK_01000	SA20160323_HIEPLBCK_00999	25.000	36	24	1	470	502	182	217	8.5	18.5
SA20160323_HIEPLBCK_01000	SA20160323_HIEPLBCK_00991	52.632	19	7	1	482	500	193	209	8.5	18.1
SA20160323_HIEPLBCK_01001	SA20160323_HIEPLBCK_01001	100.000	111	0	0	1	111	1	111	1.65e-76	212
SA20160323_HIEPLBCK_01001	SA20160323_HIEPLBCK_00992	37.037	27	17	0	78	104	304	330	0.049	22.3
SA20160323_HIEPLBCK_01001	SA20160323_HIEPLBCK_01005	50.000	20	10	0	86	105	246	265	0.079	21.9
SA20160323_HIEPLBCK_01001	SA20160323_HIEPLBCK_00998	27.500	40	29	0	3	42	284	323	0.21	20.8
SA20160323_HIEPLBCK_01001	SA20160323_HIEPLBCK_00994	23.077	26	20	0	73	98	113	138	4.0	16.5
SA20160323_HIEPLBCK_01002	SA20160323_HIEPLBCK_01002	100.000	125	0	0	1	125	1	125	2.86e-85	235
SA20160323_HIEPLBCK_01002	SA20160323_HIEPLBCK_01005	25.926	27	20	0	72	98	264	290	1.9	18.1
SA20160323_HIEPLBCK_01002	SA20160323_HIEPLBCK_00990	47.826	23	11	1	25	46	1	23	2.2	17.7
SA20160323_HIEPLBCK_01002	SA20160323_HIEPLBCK_00992	47.059	17	9	0	87	103	159	175	4.6	16.9
SA20160323_HIEPLBCK_01002	SA20160323_HIEPLBCK_00994	75.000	8	2	0	67	74	131	138	5.8	16.2
SA20160323_HIEPLBCK_01003	SA20160323_HIEPLBCK_01003	100.000	85	0	0	1	85	1	85	1.43e-63	177
SA20160323_HIEPLBCK_01003	SA20160323_HIEPLBCK_01007	25.926	27	20	0	52	78	5	31	2.2	16.9
SA20160323_HIEPLBCK_01003	SA20160323_HIEPLBCK_00996	20.000	50	40	0	31	80	238	287	3.0	16.5
SA20160323_HIEPLBCK_01004	SA20160323_HIEPLBCK_01004	100.000	455	0	0	1	455	1	455	0.0	923
SA20160323_HIEPLBCK_01004	SA20160323_HIEPLBCK_00994	32.432	37	25	0	228	264	19	55	0.50	21.6
SA20160323_HIEPLBCK_01004	SA20160323_HIEPLBCK_01000	50.000	16	8	0	66	81	207	222	1.2	20.8
SA20160323_HIEPLBCK_01004	SA20160323_HIEPLBCK_01005	29.310	116	66	4	144	251	73	180	2.1	20.0
SA20160323_HIEPLBCK_01004	SA20160323_HIEPLBCK_01006	37.931	29	15	1	88	113	243	271	2.6	19.6
SA20160323_HIEPLBCK_01004	SA20160323_HIEPLBCK_00992	44.000	25	13	1	101	125	267	290	6.8	18.5
SA20160323_HIEPLBCK_01005	SA20160323_HIEPLBCK_01005	100.000	320	0	0	1	320	1	320	0.0	647
SA20160323_HIEPLBCK_01005	SA20160323_HIEPLBCK_01004	29.310	116	66	4	73	180	144	251	1.5	20.0
SA20160323_HIEPLBCK_01005	SA20160323_HIEPLBCK_00998	33.333	18	12	0	289	306	214	231	4.2	18.5
SA20160323_HIEPLBCK_01005	SA20160323_HIEPLBCK_01002	25.926	27	20	0	264	290	72	98	4.8	18.1
SA20160323_HIEPLBCK_01005	SA20160323_HIEPLBCK_00995	27.778	36	25	1	191	226	64	98	5.5	18.1
SA20160323_HIEPLBCK_01005	SA20160323_HIEPLBCK_01001	58.333	12	5	0	246	257	86	97	8.3	17.3
SA20160323_HIEPLBCK_01006	SA20160323_HIEPLBCK_01006	100.000	285	0	0	1	285	1	285	0.0	598
SA20160323_HIEPLBCK_01006	SA20160323_HIEPLBCK_00988	23.333	30	23	0	251	280	90	119	0.95	20.4
SA20160323_HIEPLBCK_01006	SA20160323_HIEPLBCK_01004	37.931	29	15	1	243	271	88	113	1.6	19.6
SA20160323_HIEPLBCK_01006	SA20160323_HIEPLBCK_01007	41.667	12	7	0	14	25	36	47	5.2	18.1
SA20160323_HIEPLBCK_01006	SA20160323_HIEPLBCK_00990	34.483	29	18	1	80	107	10	38	6.3	17.7
SA20160323_HIEPLBCK_01006	SA20160323_HIEPLBCK_01000	22.414	58	34	2	115	167	315	366	9.8	17.3
SA20160323_HIEPLBCK_01007	SA20160323_HIEPLBCK_01007	100.000	252	0	0	1	252	1	252	0.0	516
SA20160323_HIEPLBCK_01007	SA20160323_HIEPLBCK_00999	60.000	10	4	0	8	17	184	193	3.1	18.5
SA20160323_HIEPLBCK_01007	SA20160323_HIEPLBCK_01000	32.000	25	14	1	131	152	240	264	3.2	18.5
SA20160323_HIEPLBCK_01007	SA20160323_HIEPLBCK_00992	39.130	23	14	0	114	136	329	351	4.6	18.1
SA20160323_HIEPLBCK_01007	SA20160323_HIEPLBCK_01006	41.667	12	7	0	36	47	14	25	4.6	18.1
SA20160323_HIEPLBCK_01007	SA20160323_HIEPLBCK_00989	43.750	16	9	0	10	25	156	171	5.3	17.7
SA20160323_HIEPLBCK_01007	SA20160323_HIEPLBCK_01003	25.926	27	20	0	5	31	52	78	6.4	16.9
SA20160323_HIEPLBCK_01007	SA20160323_HIEPLBCK_00987	29.167	24	17	0	61	84	17	40	6.7	16.5
SA20160190_KJBEGOPM_02091	SA20160190_KJBEGOPM_02091	100.000	58	0	0	1	58	1	58	2.74e-42	122
SA20160190_KJBEGOPM_02091	SA20160190_KJBEGOPM_02096	96.491	57	2	0	2	58	342	398	4.27e-38	120
SA20160190_KJBEGOPM_02091	SA20160190_KJBEGOPM_02099	25.581	43	21	1	7	49	3	34	0.63	17.7
SA20160190_KJBEGOPM_02091	SA20160190_KJBEGOPM_02111	29.167	24	17	0	17	40	61	84	1.6	16.5
SA20160190_KJBEGOPM_02092	SA20160190_KJBEGOPM_02092	100.000	267	0	0	1	267	1	267	0.0	547
SA20160190_KJBEGOPM_02092	SA20160190_KJBEGOPM_02110	23.333	30	23	0	90	119	251	280	0.89	20.4
SA20160190_KJBEGOPM_02092	SA20160190_KJBEGOPM_02102	37.037	54	20	4	161	200	20	73	0.92	20.4
SA20160190_KJBEGOPM_02092	SA20160190_KJBEGOPM_02093	27.907	43	24	1	180	222	314	349	7.0	17.7
SA20160190_KJBEGOPM_02093	SA20160190_KJBEGOPM_02093	100.000	429	0	0	1	429	1	429	0.0	845
SA20160190_KJBEGOPM_02093	SA20160190_KJBEGOPM_02097	32.500	80	30	4	288	367	55	110	0.022	25.8
SA20160190_KJBEGOPM_02093	SA20160190_KJBEGOPM_02111	43.750	16	9	0	156	171	10	25	8.9	17.7
SA20160190_KJBEGOPM_02094	SA20160190_KJBEGOPM_02094	100.000	401	0	0	1	401	1	401	0.0	838
SA20160190_KJBEGOPM_02094	SA20160190_KJBEGOPM_02103	35.294	17	11	0	234	250	157	173	1.7	20.0
SA20160190_KJBEGOPM_02094	SA20160190_KJBEGOPM_02100	35.714	14	9	0	1	14	279	292	4.0	18.9
SA20160190_KJBEGOPM_02094	SA20160190_KJBEGOPM_02096	25.714	35	26	0	308	342	97	131	4.7	18.9
SA20160190_KJBEGOPM_02094	SA20160190_KJBEGOPM_02106	47.826	23	11	1	1	23	25	46	6.9	17.7
SA20160190_KJBEGOPM_02094	SA20160190_KJBEGOPM_02102	21.622	37	29	0	32	68	322	358	6.9	18.1
SA20160190_KJBEGOPM_02094	SA20160190_KJBEGOPM_02110	34.483	29	18	1	10	38	80	107	8.9	17.7
SA20160190_KJBEGOPM_02095	SA20160190_KJBEGOPM_02095	100.000	260	0	0	1	260	1	260	0.0	532
SA20160190_KJBEGOPM_02095	SA20160190_KJBEGOPM_02100	24.211	95	60	4	170	259	193	280	2.6	18.9
SA20160190_KJBEGOPM_02095	SA20160190_KJBEGOPM_02104	52.632	19	7	1	193	209	482	500	4.1	18.1
SA20160190_KJBEGOPM_02095	SA20160190_KJBEGOPM_02098	25.000	36	27	0	43	78	93	128	8.8	16.9
SA20160190_KJBEGOPM_02096	SA20160190_KJBEGOPM_02096	100.000	398	0	0	1	398	1	398	0.0	814
SA20160190_KJBEGOPM_02096	SA20160190_KJBEGOPM_02091	96.491	57	2	0	342	398	2	58	2.93e-37	120
SA20160190_KJBEGOPM_02096	SA20160190_KJBEGOPM_02102	33.333	21	14	0	141	161	532	552	3.9	18.9
SA20160190_KJBEGOPM_02096	SA20160190_KJBEGOPM_02094	25.714	35	26	0	97	131	308	342	4.6	18.9
SA20160190_KJBEGOPM_02096	SA20160190_KJBEGOPM_02108	44.000	25	13	1	267	290	101	125	6.0	18.5
SA20160190_KJBEGOPM_02096	SA20160190_KJBEGOPM_02100	31.034	29	20	0	211	239	333	361	6.2	18.5
SA20160190_KJBEGOPM_02096	SA20160190_KJBEGOPM_02111	39.130	23	14	0	329	351	114	136	7.2	18.1
SA20160190_KJBEGOPM_02097	SA20160190_KJBEGOPM_02097	100.000	188	0	0	1	188	1	188	3.86e-139	377
SA20160190_KJBEGOPM_02097	SA20160190_KJBEGOPM_02093	32.500	80	30	4	55	110	288	367	0.010	25.8
SA20160190_KJBEGOPM_02097	SA20160190_KJBEGOPM_02102	38.710	31	18	1	125	155	463	492	0.67	20.0
SA20160190_KJBEGOPM_02097	SA20160190_KJBEGOPM_02094	31.915	47	29	2	87	130	182	228	1.3	19.2
SA20160190_KJBEGOPM_02097	SA20160190_KJBEGOPM_02096	20.690	29	23	0	49	77	300	328	8.6	16.5
SA20160190_KJBEGOPM_02098	SA20160190_KJBEGOPM_02098	100.000	141	0	0	1	141	1	141	1.00e-106	291
SA20160190_KJBEGOPM_02098	SA20160190_KJBEGOPM_02108	32.432	37	25	0	19	55	228	264	0.15	21.6
SA20160190_KJBEGOPM_02098	SA20160190_KJBEGOPM_02095	25.000	36	27	0	93	128	43	78	4.8	16.9
SA20160190_KJBEGOPM_02098	SA20160190_KJBEGOPM_02105	23.077	26	20	0	113	138	73	98	5.5	16.5
SA20160190_KJBEGOPM_02098	SA20160190_KJBEGOPM_02106	75.000	8	2	0	131	138	67	74	6.6	16.2
SA20160190_KJBEGOPM_02099	SA20160190_KJBEGOPM_02099	100.000	201	0	0	1	201	1	201	6.40e-155	418
SA20160190_KJBEGOPM_02099	SA20160190_KJBEGOPM_02102	64.286	14	5	0	79	92	284	297	0.42	20.8
SA20160190_KJBEGOPM_02099	SA20160190_KJBEGOPM_02091	25.581	43	21	1	3	34	7	49	2.2	17.7
SA20160190_KJBEGOPM_02099	SA20160190_KJBEGOPM_02109	27.778	36	25	1	64	98	191	226	3.5	18.1
SA20160190_KJBEGOPM_02099	SA20160190_KJBEGOPM_02096	25.581	43	21	1	3	34	347	389	6.2	17.3
SA20160190_KJBEGOPM_02099	SA20160190_KJBEGOPM_02101	28.000	25	18	0	165	189	294	318	7.9	16.9
SA20160190_KJBEGOPM_02099	SA20160190_KJBEGOPM_02111	39.286	28	16	1	24	50	152	179	9.7	16.5
SA20160190_KJBEGOPM_02100	SA20160190_KJBEGOPM_02100	100.000	379	0	0	1	379	1	379	0.0	783
SA20160190_KJBEGOPM_02100	SA20160190_KJBEGOPM_02104	38.889	18	11	0	278	295	367	384	0.67	21.2
SA20160190_KJBEGOPM_02100	SA20160190_KJBEGOPM_02103	52.941	17	8	0	363	379	126	142	2.9	19.2
SA20160190_KJBEGOPM_02100	SA20160190_KJBEGOPM_02094	35.714	14	9	0	279	292	1	14	3.8	18.9
SA20160190_KJBEGOPM_02100	SA20160190_KJBEGOPM_02096	31.034	29	20	0	333	361	211	239	5.9	18.5
SA20160190_KJBEGOPM_02101	SA20160190_KJBEGOPM_02101	100.000	327	0	0	1	327	1	327	0.0	673
SA20160190_KJBEGOPM_02101	SA20160190_KJBEGOPM_02102	53.846	13	6	0	165	177	617	629	0.74	21.2
SA20160190_KJBEGOPM_02102	SA20160190_KJBEGOPM_02102	100.000	660	0	0	1	660	1	660	0.0	1362
SA20160190_KJBEGOPM_02102	SA20160190_KJBEGOPM_02105	27.500	40	29	0	284	323	3	42	1.3	20.4
SA20160190_KJBEGOPM_02102	SA20160190_KJBEGOPM_02099	64.286	14	5	0	284	297	79	92	1.4	20.8
SA20160190_KJBEGOPM_02102	SA20160190_KJBEGOPM_02101	53.846	13	6	0	617	629	165	177	1.5	21.2
SA20160190_KJBEGOPM_02102	SA20160190_KJBEGOPM_02092	37.037	54	20	4	20	73	161	200	2.3	20.4
SA20160190_KJBEGOPM_02102	SA20160190_KJBEGOPM_02103	33.333	39	19	1	539	570	128	166	2.3	20.4
SA20160190_KJBEGOPM_02102	SA20160190_KJBEGOPM_02097	38.710	31	18	1	463	492	125	155	2.4	20.0
SA20160190_KJBEGOPM_02102	SA20160190_KJBEGOPM_02096	33.333	21	14	0	532	552	141	161	6.5	18.9
SA20160190_KJBEGOPM_02102	SA20160190_KJBEGOPM_02109	33.333	18	12	0	214	231	289	306	8.6	18.5
SA20160190_KJBEGOPM_02103	SA20160190_KJBEGOPM_02103	100.000	299	0	0	1	299	1	299	0.0	612
SA20160190_KJBEGOPM_02103	SA20160190_KJBEGOPM_02102	33.333	39	19	1	128	166	539	570	1.0	20.4
SA20160190_KJBEGOPM_02103	SA20160190_KJBEGOPM_02094	35.294	17	11	0	157	173	234	250	1.3	20.0
SA20160190_KJBEGOPM_02103	SA20160190_KJBEGOPM_02100	52.941	17	8	0	126	142	363	379	2.3	19.2
SA20160190_KJBEGOPM_02103	SA20160190_KJBEGOPM_02111	60.000	10	4	0	184	193	8	17	3.7	18.5
SA20160190_KJBEGOPM_02103	SA20160190_KJBEGOPM_02104	25.000	36	24	1	182	217	470	502	4.3	18.5
SA20160190_KJBEGOPM_02104	SA20160190_KJBEGOPM_02104	100.000	548	0	0	1	548	1	548	0.0	1108
SA20160190_KJBEGOPM_02104	SA20160190_KJBEGOPM_02100	38.889	18	11	0	367	384	278	295	1.0	21.2
SA20160190_KJBEGOPM_02104	SA20160190_KJBEGOPM_02108	50.000	16	8	0	207	222	66	81	1.5	20.8
SA20160190_KJBEGOPM_02104	SA20160190_KJBEGOPM_02103	25.000	36	24	1	470	502	182	217	8.5	18.5
SA20160190_KJBEGOPM_02104	SA20160190_KJBEGOPM_02095	52.632	19	7	1	482	500	193	209	8.5	18.1
SA20160190_KJBEGOPM_02105	SA20160190_KJBEGOPM_02105	100.000	111	0	0	1	111	1	111	1.65e-76	212
SA20160190_KJBEGOPM_02105	SA20160190_KJBEGOPM_02096	37.037	27	17	0	78	104	304	330	0.049	22.3
SA20160190_KJBEGOPM_02105	SA20160190_KJBEGOPM_02109	50.000	20	10	0	86	105	246	265	0.079	21.9
SA20160190_KJBEGOPM_02105	SA20160190_KJBEGOPM_02102	27.500	40	29	0	3	42	284	323	0.21	20.8
SA20160190_KJBEGOPM_02105	SA20160190_KJBEGOPM_02098	23.077	26	20	0	73	98	113	138	4.0	16.5
SA20160190_KJBEGOPM_02106	SA20160190_KJBEGOPM_02106	100.000	125	0	0	1	125	1	125	2.86e-85	235
SA20160190_KJBEGOPM_02106	SA20160190_KJBEGOPM_02109	25.926	27	20	0	72	98	264	290	1.9	18.1
SA20160190_KJBEGOPM_02106	SA20160190_KJBEGOPM_02094	47.826	23	11	1	25	46	1	23	2.2	17.7
SA20160190_KJBEGOPM_02106	SA20160190_KJBEGOPM_02096	47.059	17	9	0	87	103	159	175	4.6	16.9
SA20160190_KJBEGOPM_02106	SA20160190_KJBEGOPM_02098	75.000	8	2	0	67	74	131	138	5.8	16.2
SA20160190_KJBEGOPM_02107	SA20160190_KJBEGOPM_02107	100.000	85	0	0	1	85	1	85	1.43e-63	177
SA20160190_KJBEGOPM_02107	SA20160190_KJBEGOPM_02111	25.926	27	20	0	52	78	5	31	2.2	16.9
SA20160190_KJBEGOPM_02107	SA20160190_KJBEGOPM_02100	20.000	50	40	0	31	80	238	287	3.0	16.5
SA20160190_KJBEGOPM_02108	SA20160190_KJBEGOPM_02108	100.000	455	0	0	1	455	1	455	0.0	923
SA20160190_KJBEGOPM_02108	SA20160190_KJBEGOPM_02098	32.432	37	25	0	228	264	19	55	0.50	21.6
SA20160190_KJBEGOPM_02108	SA20160190_KJBEGOPM_02104	50.000	16	8	0	66	81	207	222	1.2	20.8
SA20160190_KJBEGOPM_02108	SA20160190_KJBEGOPM_02109	29.310	116	66	4	144	251	73	180	2.1	20.0
SA20160190_KJBEGOPM_02108	SA20160190_KJBEGOPM_02110	37.931	29	15	1	88	113	243	271	2.6	19.6
SA20160190_KJBEGOPM_02108	SA20160190_KJBEGOPM_02096	44.000	25	13	1	101	125	267	290	6.8	18.5
SA20160190_KJBEGOPM_02109	SA20160190_KJBEGOPM_02109	100.000	320	0	0	1	320	1	320	0.0	647
SA20160190_KJBEGOPM_02109	SA20160190_KJBEGOPM_02108	29.310	116	66	4	73	180	144	251	1.5	20.0
SA20160190_KJBEGOPM_02109	SA20160190_KJBEGOPM_02102	33.333	18	12	0	289	306	214	231	4.2	18.5
SA20160190_KJBEGOPM_02109	SA20160190_KJBEGOPM_02106	25.926	27	20	0	264	290	72	98	4.8	18.1
SA20160190_KJBEGOPM_02109	SA20160190_KJBEGOPM_02099	27.778	36	25	1	191	226	64	98	5.5	18.1
SA20160190_KJBEGOPM_02109	SA20160190_KJBEGOPM_02105	58.333	12	5	0	246	257	86	97	8.3	17.3
SA20160190_KJBEGOPM_02110	SA20160190_KJBEGOPM_02110	100.000	285	0	0	1	285	1	285	0.0	598
SA20160190_KJBEGOPM_02110	SA20160190_KJBEGOPM_02092	23.333	30	23	0	251	280	90	119	0.95	20.4
SA20160190_KJBEGOPM_02110	SA20160190_KJBEGOPM_02108	37.931	29	15	1	243	271	88	113	1.6	19.6
SA20160190_KJBEGOPM_02110	SA20160190_KJBEGOPM_02111	41.667	12	7	0	14	25	36	47	5.2	18.1
SA20160190_KJBEGOPM_02110	SA20160190_KJBEGOPM_02094	34.483	29	18	1	80	107	10	38	6.3	17.7
SA20160190_KJBEGOPM_02110	SA20160190_KJBEGOPM_02104	22.414	58	34	2	115	167	315	366	9.8	17.3
SA20160190_KJBEGOPM_02111	SA20160190_KJBEGOPM_02111	100.000	252	0	0	1	252	1	252	0.0	516
SA20160190_KJBEGOPM_02111	SA20160190_KJBEGOPM_02103	60.000	10	4	0	8	17	184	193	3.1	18.5
SA20160190_KJBEGOPM_02111	SA20160190_KJBEGOPM_02104	32.000	25	14	1	131	152	240	264	3.2	18.5
SA20160190_KJBEGOPM_02111	SA20160190_KJBEGOPM_02096	39.130	23	14	0	114	136	329	351	4.6	18.1
SA20160190_KJBEGOPM_02111	SA20160190_KJBEGOPM_02110	41.667	12	7	0	36	47	14	25	4.6	18.1
SA20160190_KJBEGOPM_02111	SA20160190_KJBEGOPM_02093	43.750	16	9	0	10	25	156	171	5.3	17.7
SA20160190_KJBEGOPM_02111	SA20160190_KJBEGOPM_02107	25.926	27	20	0	5	31	52	78	6.4	16.9
SA20160190_KJBEGOPM_02111	SA20160190_KJBEGOPM_02091	29.167	24	17	0	61	84	17	40	6.7	16.5
