SA20153983_GBAKOBEN_03075	SA20160197_BPNLNKPL_03734	100.000	58	0	0	1	58	1	58	1.85e-42	122
SA20153983_GBAKOBEN_03075	SA20160197_BPNLNKPL_03739	91.228	57	5	0	2	58	342	398	1.35e-35	113
SA20153983_GBAKOBEN_03075	SA20160197_BPNLNKPL_03742	57.143	7	3	0	43	49	28	34	0.89	17.3
SA20153983_GBAKOBEN_03075	SA20160197_BPNLNKPL_03754	29.167	24	17	0	17	40	61	84	2.6	15.8
SA20153983_GBAKOBEN_03075	SA20160197_BPNLNKPL_03738	31.579	19	13	0	40	58	242	260	4.9	15.4
SA20153983_GBAKOBEN_03075	SA20160197_BPNLNKPL_03741	30.435	23	16	0	21	43	54	76	5.2	15.0
SA20153983_GBAKOBEN_03076	SA20160197_BPNLNKPL_03735	100.000	267	0	0	1	267	1	267	0.0	547
SA20153983_GBAKOBEN_03076	SA20160197_BPNLNKPL_03753	23.333	30	23	0	90	119	251	280	0.90	20.4
SA20153983_GBAKOBEN_03076	SA20160197_BPNLNKPL_03745	35.185	54	21	4	161	200	20	73	1.4	19.6
SA20153983_GBAKOBEN_03076	SA20160197_BPNLNKPL_03736	27.907	43	24	1	180	222	314	349	8.1	17.3
SA20153983_GBAKOBEN_03077	SA20160197_BPNLNKPL_03736	99.767	429	1	0	1	429	1	429	0.0	844
SA20153983_GBAKOBEN_03077	SA20160197_BPNLNKPL_03740	32.500	80	30	4	288	367	55	110	0.022	25.8
SA20153983_GBAKOBEN_03077	SA20160197_BPNLNKPL_03745	34.783	23	15	0	298	320	32	54	8.0	18.1
SA20153983_GBAKOBEN_03077	SA20160197_BPNLNKPL_03754	43.750	16	9	0	156	171	10	25	8.9	17.7
SA20153983_GBAKOBEN_03078	SA20160197_BPNLNKPL_03737	99.751	401	1	0	1	401	1	401	0.0	837
SA20153983_GBAKOBEN_03078	SA20160197_BPNLNKPL_03746	35.294	17	11	0	234	250	157	173	1.6	20.0
SA20153983_GBAKOBEN_03078	SA20160197_BPNLNKPL_03743	35.714	14	9	0	1	14	279	292	3.7	18.9
SA20153983_GBAKOBEN_03078	SA20160197_BPNLNKPL_03739	25.714	35	26	0	308	342	97	131	4.3	18.9
SA20153983_GBAKOBEN_03078	SA20160197_BPNLNKPL_03749	47.826	23	11	1	1	23	25	46	6.9	17.7
SA20153983_GBAKOBEN_03078	SA20160197_BPNLNKPL_03745	21.622	37	29	0	32	68	322	358	6.9	18.1
SA20153983_GBAKOBEN_03078	SA20160197_BPNLNKPL_03753	34.483	29	18	1	10	38	80	107	9.5	17.7
SA20153983_GBAKOBEN_03079	SA20160197_BPNLNKPL_03738	100.000	260	0	0	1	260	1	260	0.0	532
SA20153983_GBAKOBEN_03079	SA20160197_BPNLNKPL_03743	24.211	95	60	4	170	259	193	280	2.9	18.9
SA20153983_GBAKOBEN_03079	SA20160197_BPNLNKPL_03747	52.632	19	7	1	193	209	482	500	4.3	18.1
SA20153983_GBAKOBEN_03079	SA20160197_BPNLNKPL_03754	24.051	79	45	3	39	103	149	226	7.2	17.3
SA20153983_GBAKOBEN_03080	SA20160197_BPNLNKPL_03739	99.749	398	1	0	1	398	1	398	0.0	811
SA20153983_GBAKOBEN_03080	SA20160197_BPNLNKPL_03734	92.982	57	4	0	342	398	2	58	1.26e-35	115
SA20153983_GBAKOBEN_03080	SA20160197_BPNLNKPL_03737	25.714	35	26	0	97	131	308	342	4.3	18.9
SA20153983_GBAKOBEN_03080	SA20160197_BPNLNKPL_03745	28.571	21	15	0	141	161	532	552	5.4	18.5
SA20153983_GBAKOBEN_03080	SA20160197_BPNLNKPL_03751	44.000	25	13	1	267	290	101	125	6.0	18.5
SA20153983_GBAKOBEN_03080	SA20160197_BPNLNKPL_03743	31.034	29	20	0	211	239	333	361	6.0	18.5
SA20153983_GBAKOBEN_03080	SA20160197_BPNLNKPL_03754	39.130	23	14	0	329	351	114	136	7.3	18.1
SA20153983_GBAKOBEN_03081	SA20160197_BPNLNKPL_03740	100.000	188	0	0	1	188	1	188	3.86e-139	377
SA20153983_GBAKOBEN_03081	SA20160197_BPNLNKPL_03736	32.500	80	30	4	55	110	288	367	0.009	25.8
SA20153983_GBAKOBEN_03081	SA20160197_BPNLNKPL_03745	38.710	31	18	1	125	155	463	492	0.72	20.0
SA20153983_GBAKOBEN_03081	SA20160197_BPNLNKPL_03737	31.915	47	29	2	87	130	182	228	1.3	19.2
SA20153983_GBAKOBEN_03081	SA20160197_BPNLNKPL_03739	20.690	29	23	0	49	77	300	328	8.2	16.5
SA20153983_GBAKOBEN_03082	SA20160197_BPNLNKPL_03741	99.291	141	1	0	1	141	1	141	4.36e-106	289
SA20153983_GBAKOBEN_03082	SA20160197_BPNLNKPL_03751	32.432	37	25	0	19	55	228	264	0.15	21.6
SA20153983_GBAKOBEN_03082	SA20160197_BPNLNKPL_03748	23.077	26	20	0	113	138	73	98	5.2	16.5
SA20153983_GBAKOBEN_03082	SA20160197_BPNLNKPL_03738	25.000	36	27	0	93	128	43	78	5.6	16.5
SA20153983_GBAKOBEN_03082	SA20160197_BPNLNKPL_03749	75.000	8	2	0	131	138	67	74	6.6	16.2
SA20153983_GBAKOBEN_03083	SA20160197_BPNLNKPL_03742	98.507	201	3	0	1	201	1	201	1.31e-152	412
SA20153983_GBAKOBEN_03083	SA20160197_BPNLNKPL_03745	64.286	14	5	0	79	92	284	297	0.27	21.6
SA20153983_GBAKOBEN_03083	SA20160197_BPNLNKPL_03734	57.143	7	3	0	28	34	43	49	3.1	17.3
SA20153983_GBAKOBEN_03083	SA20160197_BPNLNKPL_03752	27.778	36	25	1	64	98	191	226	3.9	17.7
SA20153983_GBAKOBEN_03083	SA20160197_BPNLNKPL_03754	39.286	28	16	1	24	50	152	179	8.0	16.9
SA20153983_GBAKOBEN_03083	SA20160197_BPNLNKPL_03744	28.000	25	18	0	165	189	294	318	8.2	16.9
SA20153983_GBAKOBEN_03084	SA20160197_BPNLNKPL_03743	99.736	379	1	0	1	379	1	379	0.0	781
SA20153983_GBAKOBEN_03084	SA20160197_BPNLNKPL_03747	38.889	18	11	0	278	295	367	384	0.95	20.8
SA20153983_GBAKOBEN_03084	SA20160197_BPNLNKPL_03746	52.941	17	8	0	363	379	126	142	3.0	19.2
SA20153983_GBAKOBEN_03084	SA20160197_BPNLNKPL_03737	35.714	14	9	0	279	292	1	14	3.6	18.9
SA20153983_GBAKOBEN_03084	SA20160197_BPNLNKPL_03738	24.211	95	60	4	193	280	170	259	4.1	18.9
SA20153983_GBAKOBEN_03084	SA20160197_BPNLNKPL_03739	31.034	29	20	0	333	361	211	239	5.8	18.5
SA20153983_GBAKOBEN_03085	SA20160197_BPNLNKPL_03744	99.694	327	1	0	1	327	1	327	0.0	671
SA20153983_GBAKOBEN_03085	SA20160197_BPNLNKPL_03745	53.846	13	6	0	165	177	617	629	0.73	21.2
SA20153983_GBAKOBEN_03086	SA20160197_BPNLNKPL_03745	99.697	660	2	0	1	660	1	660	0.0	1358
SA20153983_GBAKOBEN_03086	SA20160197_BPNLNKPL_03748	32.500	40	27	0	284	323	3	42	0.18	23.1
SA20153983_GBAKOBEN_03086	SA20160197_BPNLNKPL_03742	64.286	14	5	0	284	297	79	92	1.4	20.8
SA20153983_GBAKOBEN_03086	SA20160197_BPNLNKPL_03744	53.846	13	6	0	617	629	165	177	1.5	21.2
SA20153983_GBAKOBEN_03086	SA20160197_BPNLNKPL_03746	35.897	39	18	1	539	570	128	166	1.6	20.8
SA20153983_GBAKOBEN_03086	SA20160197_BPNLNKPL_03735	37.037	54	20	4	20	73	161	200	2.2	20.4
SA20153983_GBAKOBEN_03086	SA20160197_BPNLNKPL_03740	38.710	31	18	1	463	492	125	155	2.5	20.0
SA20153983_GBAKOBEN_03086	SA20160197_BPNLNKPL_03739	28.571	21	15	0	532	552	141	161	9.0	18.5
SA20153983_GBAKOBEN_03087	SA20160197_BPNLNKPL_03746	99.666	299	1	0	1	299	1	299	0.0	609
SA20153983_GBAKOBEN_03087	SA20160197_BPNLNKPL_03745	35.897	39	18	1	128	166	539	570	0.68	20.8
SA20153983_GBAKOBEN_03087	SA20160197_BPNLNKPL_03737	35.294	17	11	0	157	173	234	250	1.2	20.0
SA20153983_GBAKOBEN_03087	SA20160197_BPNLNKPL_03743	52.941	17	8	0	126	142	363	379	2.3	19.2
SA20153983_GBAKOBEN_03087	SA20160197_BPNLNKPL_03754	60.000	10	4	0	184	193	8	17	3.9	18.5
SA20153983_GBAKOBEN_03087	SA20160197_BPNLNKPL_03747	25.000	36	24	1	182	217	470	502	4.1	18.5
SA20153983_GBAKOBEN_03088	SA20160197_BPNLNKPL_03747	99.088	548	5	0	1	548	1	548	0.0	1103
SA20153983_GBAKOBEN_03088	SA20160197_BPNLNKPL_03743	38.889	18	11	0	367	384	278	295	1.4	20.8
SA20153983_GBAKOBEN_03088	SA20160197_BPNLNKPL_03751	50.000	16	8	0	207	222	66	81	1.5	20.8
SA20153983_GBAKOBEN_03088	SA20160197_BPNLNKPL_03754	32.000	25	14	1	240	264	131	152	6.6	18.5
SA20153983_GBAKOBEN_03088	SA20160197_BPNLNKPL_03752	27.778	36	19	1	331	366	242	270	8.8	18.1
SA20153983_GBAKOBEN_03088	SA20160197_BPNLNKPL_03738	52.632	19	7	1	482	500	193	209	8.8	18.1
SA20153983_GBAKOBEN_03089	SA20160197_BPNLNKPL_03748	96.396	111	4	0	1	111	1	111	4.63e-75	209
SA20153983_GBAKOBEN_03089	SA20160197_BPNLNKPL_03739	37.037	27	17	0	78	104	304	330	0.052	22.3
SA20153983_GBAKOBEN_03089	SA20160197_BPNLNKPL_03745	27.500	40	29	0	3	42	284	323	0.27	20.4
SA20153983_GBAKOBEN_03089	SA20160197_BPNLNKPL_03747	33.333	30	19	1	60	88	478	507	1.6	18.1
SA20153983_GBAKOBEN_03089	SA20160197_BPNLNKPL_03752	40.000	20	12	0	86	105	246	265	2.2	17.7
SA20153983_GBAKOBEN_03089	SA20160197_BPNLNKPL_03741	23.810	21	16	0	73	93	113	133	6.1	16.2
SA20153983_GBAKOBEN_03089	SA20160197_BPNLNKPL_03740	42.857	14	8	0	25	38	152	165	6.3	16.2
SA20153983_GBAKOBEN_03089	SA20160197_BPNLNKPL_03736	54.545	11	5	0	99	109	399	409	7.7	15.8
SA20153983_GBAKOBEN_03090	SA20160197_BPNLNKPL_03749	100.000	125	0	0	1	125	1	125	2.86e-85	235
SA20153983_GBAKOBEN_03090	SA20160197_BPNLNKPL_03752	25.926	27	20	0	72	98	264	290	1.9	18.1
SA20153983_GBAKOBEN_03090	SA20160197_BPNLNKPL_03737	47.826	23	11	1	25	46	1	23	2.2	17.7
SA20153983_GBAKOBEN_03090	SA20160197_BPNLNKPL_03739	47.059	17	9	0	87	103	159	175	4.5	16.9
SA20153983_GBAKOBEN_03090	SA20160197_BPNLNKPL_03741	75.000	8	2	0	67	74	131	138	5.8	16.2
SA20153983_GBAKOBEN_03090	SA20160197_BPNLNKPL_03736	28.235	85	56	3	6	87	324	406	6.6	16.2
SA20153983_GBAKOBEN_03091	SA20160197_BPNLNKPL_03750	100.000	85	0	0	1	85	1	85	1.43e-63	177
SA20153983_GBAKOBEN_03091	SA20160197_BPNLNKPL_03754	25.926	27	20	0	52	78	5	31	2.1	16.9
SA20153983_GBAKOBEN_03091	SA20160197_BPNLNKPL_03743	20.000	50	40	0	31	80	238	287	2.4	16.9
SA20153983_GBAKOBEN_03092	SA20160197_BPNLNKPL_03751	98.681	455	6	0	1	455	1	455	0.0	910
SA20153983_GBAKOBEN_03092	SA20160197_BPNLNKPL_03741	32.432	37	25	0	228	264	19	55	0.24	22.3
SA20153983_GBAKOBEN_03092	SA20160197_BPNLNKPL_03747	50.000	16	8	0	66	81	207	222	1.4	20.4
SA20153983_GBAKOBEN_03092	SA20160197_BPNLNKPL_03752	29.310	116	66	4	144	251	73	180	1.9	20.0
SA20153983_GBAKOBEN_03092	SA20160197_BPNLNKPL_03753	37.931	29	15	1	88	113	243	271	2.7	19.6
SA20153983_GBAKOBEN_03092	SA20160197_BPNLNKPL_03739	44.000	25	13	1	101	125	267	290	6.6	18.5
SA20153983_GBAKOBEN_03093	SA20160197_BPNLNKPL_03752	99.062	320	3	0	1	320	1	320	0.0	642
SA20153983_GBAKOBEN_03093	SA20160197_BPNLNKPL_03751	27.703	148	81	5	51	180	112	251	0.74	20.8
SA20153983_GBAKOBEN_03093	SA20160197_BPNLNKPL_03747	30.556	36	18	1	242	270	331	366	2.3	19.2
SA20153983_GBAKOBEN_03093	SA20160197_BPNLNKPL_03745	33.333	18	12	0	289	306	214	231	4.0	18.5
SA20153983_GBAKOBEN_03093	SA20160197_BPNLNKPL_03749	25.926	27	20	0	264	290	72	98	5.0	18.1
SA20153983_GBAKOBEN_03093	SA20160197_BPNLNKPL_03742	27.778	36	25	1	191	226	64	98	6.1	17.7
SA20153983_GBAKOBEN_03094	SA20160197_BPNLNKPL_03753	100.000	285	0	0	1	285	1	285	0.0	598
SA20153983_GBAKOBEN_03094	SA20160197_BPNLNKPL_03735	23.333	30	23	0	251	280	90	119	0.96	20.4
SA20153983_GBAKOBEN_03094	SA20160197_BPNLNKPL_03751	37.931	29	15	1	243	271	88	113	1.6	19.6
SA20153983_GBAKOBEN_03094	SA20160197_BPNLNKPL_03754	41.667	12	7	0	14	25	36	47	5.4	17.7
SA20153983_GBAKOBEN_03094	SA20160197_BPNLNKPL_03737	34.483	29	18	1	80	107	10	38	6.6	17.7
SA20153983_GBAKOBEN_03095	SA20160197_BPNLNKPL_03754	98.413	252	4	0	1	252	1	252	0.0	511
SA20153983_GBAKOBEN_03095	SA20160197_BPNLNKPL_03739	39.130	23	14	0	114	136	329	351	4.9	18.1
SA20153983_GBAKOBEN_03095	SA20160197_BPNLNKPL_03753	41.667	12	7	0	36	47	14	25	4.9	17.7
SA20153983_GBAKOBEN_03095	SA20160197_BPNLNKPL_03736	43.750	16	9	0	10	25	156	171	5.4	17.7
SA20153983_GBAKOBEN_03095	SA20160197_BPNLNKPL_03750	25.926	27	20	0	5	31	52	78	5.9	16.9
SA20153983_GBAKOBEN_03095	SA20160197_BPNLNKPL_03738	24.051	79	45	3	149	226	39	103	8.3	16.9
SA20160197_BPNLNKPL_03734	SA20160197_BPNLNKPL_03734	100.000	58	0	0	1	58	1	58	1.85e-42	122
SA20160197_BPNLNKPL_03734	SA20160197_BPNLNKPL_03739	91.228	57	5	0	2	58	342	398	1.35e-35	113
SA20160197_BPNLNKPL_03734	SA20160197_BPNLNKPL_03742	57.143	7	3	0	43	49	28	34	0.89	17.3
SA20160197_BPNLNKPL_03734	SA20160197_BPNLNKPL_03754	29.167	24	17	0	17	40	61	84	2.6	15.8
SA20160197_BPNLNKPL_03734	SA20160197_BPNLNKPL_03738	31.579	19	13	0	40	58	242	260	4.9	15.4
SA20160197_BPNLNKPL_03734	SA20160197_BPNLNKPL_03741	30.435	23	16	0	21	43	54	76	5.2	15.0
SA20160197_BPNLNKPL_03735	SA20160197_BPNLNKPL_03735	100.000	267	0	0	1	267	1	267	0.0	547
SA20160197_BPNLNKPL_03735	SA20160197_BPNLNKPL_03753	23.333	30	23	0	90	119	251	280	0.90	20.4
SA20160197_BPNLNKPL_03735	SA20160197_BPNLNKPL_03745	35.185	54	21	4	161	200	20	73	1.4	19.6
SA20160197_BPNLNKPL_03735	SA20160197_BPNLNKPL_03736	27.907	43	24	1	180	222	314	349	8.1	17.3
SA20160197_BPNLNKPL_03736	SA20160197_BPNLNKPL_03736	100.000	429	0	0	1	429	1	429	0.0	845
SA20160197_BPNLNKPL_03736	SA20160197_BPNLNKPL_03740	32.500	80	30	4	288	367	55	110	0.021	25.8
SA20160197_BPNLNKPL_03736	SA20160197_BPNLNKPL_03745	34.783	23	15	0	298	320	32	54	7.9	18.1
SA20160197_BPNLNKPL_03736	SA20160197_BPNLNKPL_03754	43.750	16	9	0	156	171	10	25	8.9	17.7
SA20160197_BPNLNKPL_03737	SA20160197_BPNLNKPL_03737	100.000	401	0	0	1	401	1	401	0.0	838
SA20160197_BPNLNKPL_03737	SA20160197_BPNLNKPL_03746	35.294	17	11	0	234	250	157	173	1.7	20.0
SA20160197_BPNLNKPL_03737	SA20160197_BPNLNKPL_03743	35.714	14	9	0	1	14	279	292	3.7	18.9
SA20160197_BPNLNKPL_03737	SA20160197_BPNLNKPL_03739	25.714	35	26	0	308	342	97	131	4.3	18.9
SA20160197_BPNLNKPL_03737	SA20160197_BPNLNKPL_03749	47.826	23	11	1	1	23	25	46	7.0	17.7
SA20160197_BPNLNKPL_03737	SA20160197_BPNLNKPL_03745	21.622	37	29	0	32	68	322	358	7.0	18.1
SA20160197_BPNLNKPL_03737	SA20160197_BPNLNKPL_03753	34.483	29	18	1	10	38	80	107	9.3	17.7
SA20160197_BPNLNKPL_03738	SA20160197_BPNLNKPL_03738	100.000	260	0	0	1	260	1	260	0.0	532
SA20160197_BPNLNKPL_03738	SA20160197_BPNLNKPL_03743	24.211	95	60	4	170	259	193	280	2.9	18.9
SA20160197_BPNLNKPL_03738	SA20160197_BPNLNKPL_03747	52.632	19	7	1	193	209	482	500	4.3	18.1
SA20160197_BPNLNKPL_03739	SA20160197_BPNLNKPL_03739	100.000	398	0	0	1	398	1	398	0.0	814
SA20160197_BPNLNKPL_03739	SA20160197_BPNLNKPL_03734	91.228	57	5	0	342	398	2	58	9.26e-35	113
SA20160197_BPNLNKPL_03739	SA20160197_BPNLNKPL_03737	25.714	35	26	0	97	131	308	342	4.3	18.9
SA20160197_BPNLNKPL_03739	SA20160197_BPNLNKPL_03745	28.571	21	15	0	141	161	532	552	5.4	18.5
SA20160197_BPNLNKPL_03739	SA20160197_BPNLNKPL_03751	44.000	25	13	1	267	290	101	125	5.9	18.5
SA20160197_BPNLNKPL_03739	SA20160197_BPNLNKPL_03743	31.034	29	20	0	211	239	333	361	6.0	18.5
SA20160197_BPNLNKPL_03739	SA20160197_BPNLNKPL_03754	39.130	23	14	0	329	351	114	136	7.3	18.1
SA20160197_BPNLNKPL_03740	SA20160197_BPNLNKPL_03740	100.000	188	0	0	1	188	1	188	3.86e-139	377
SA20160197_BPNLNKPL_03740	SA20160197_BPNLNKPL_03736	32.500	80	30	4	55	110	288	367	0.009	25.8
SA20160197_BPNLNKPL_03740	SA20160197_BPNLNKPL_03745	38.710	31	18	1	125	155	463	492	0.72	20.0
SA20160197_BPNLNKPL_03740	SA20160197_BPNLNKPL_03737	31.915	47	29	2	87	130	182	228	1.3	19.2
SA20160197_BPNLNKPL_03740	SA20160197_BPNLNKPL_03739	20.690	29	23	0	49	77	300	328	8.2	16.5
SA20160197_BPNLNKPL_03741	SA20160197_BPNLNKPL_03741	100.000	141	0	0	1	141	1	141	1.44e-106	290
SA20160197_BPNLNKPL_03741	SA20160197_BPNLNKPL_03751	32.432	37	25	0	19	55	228	264	0.074	22.3
SA20160197_BPNLNKPL_03741	SA20160197_BPNLNKPL_03748	23.077	26	20	0	113	138	73	98	5.4	16.5
SA20160197_BPNLNKPL_03741	SA20160197_BPNLNKPL_03738	25.000	36	27	0	93	128	43	78	5.6	16.5
SA20160197_BPNLNKPL_03741	SA20160197_BPNLNKPL_03749	75.000	8	2	0	131	138	67	74	6.6	16.2
SA20160197_BPNLNKPL_03742	SA20160197_BPNLNKPL_03742	100.000	201	0	0	1	201	1	201	6.40e-155	418
SA20160197_BPNLNKPL_03742	SA20160197_BPNLNKPL_03745	64.286	14	5	0	79	92	284	297	0.43	20.8
SA20160197_BPNLNKPL_03742	SA20160197_BPNLNKPL_03734	57.143	7	3	0	28	34	43	49	3.1	17.3
SA20160197_BPNLNKPL_03742	SA20160197_BPNLNKPL_03752	27.778	36	25	1	64	98	191	226	3.7	17.7
SA20160197_BPNLNKPL_03742	SA20160197_BPNLNKPL_03744	28.000	25	18	0	165	189	294	318	7.8	16.9
SA20160197_BPNLNKPL_03742	SA20160197_BPNLNKPL_03754	39.286	28	16	1	24	50	152	179	8.9	16.5
SA20160197_BPNLNKPL_03743	SA20160197_BPNLNKPL_03743	100.000	379	0	0	1	379	1	379	0.0	783
SA20160197_BPNLNKPL_03743	SA20160197_BPNLNKPL_03747	38.889	18	11	0	278	295	367	384	0.94	20.8
SA20160197_BPNLNKPL_03743	SA20160197_BPNLNKPL_03746	52.941	17	8	0	363	379	126	142	3.1	19.2
SA20160197_BPNLNKPL_03743	SA20160197_BPNLNKPL_03737	35.714	14	9	0	279	292	1	14	3.5	18.9
SA20160197_BPNLNKPL_03743	SA20160197_BPNLNKPL_03739	31.034	29	20	0	333	361	211	239	5.7	18.5
SA20160197_BPNLNKPL_03744	SA20160197_BPNLNKPL_03744	100.000	327	0	0	1	327	1	327	0.0	673
SA20160197_BPNLNKPL_03744	SA20160197_BPNLNKPL_03745	53.846	13	6	0	165	177	617	629	0.73	21.2
SA20160197_BPNLNKPL_03745	SA20160197_BPNLNKPL_03745	100.000	660	0	0	1	660	1	660	0.0	1361
SA20160197_BPNLNKPL_03745	SA20160197_BPNLNKPL_03748	32.500	40	27	0	284	323	3	42	0.18	23.1
SA20160197_BPNLNKPL_03745	SA20160197_BPNLNKPL_03742	64.286	14	5	0	284	297	79	92	1.4	20.8
SA20160197_BPNLNKPL_03745	SA20160197_BPNLNKPL_03744	53.846	13	6	0	617	629	165	177	1.5	21.2
SA20160197_BPNLNKPL_03745	SA20160197_BPNLNKPL_03746	35.897	39	18	1	539	570	128	166	1.7	20.8
SA20160197_BPNLNKPL_03745	SA20160197_BPNLNKPL_03740	38.710	31	18	1	463	492	125	155	2.5	20.0
SA20160197_BPNLNKPL_03745	SA20160197_BPNLNKPL_03735	35.185	54	21	4	20	73	161	200	3.5	19.6
SA20160197_BPNLNKPL_03745	SA20160197_BPNLNKPL_03739	28.571	21	15	0	532	552	141	161	9.0	18.5
SA20160197_BPNLNKPL_03746	SA20160197_BPNLNKPL_03746	100.000	299	0	0	1	299	1	299	0.0	612
SA20160197_BPNLNKPL_03746	SA20160197_BPNLNKPL_03745	35.897	39	18	1	128	166	539	570	0.75	20.8
SA20160197_BPNLNKPL_03746	SA20160197_BPNLNKPL_03737	35.294	17	11	0	157	173	234	250	1.2	20.0
SA20160197_BPNLNKPL_03746	SA20160197_BPNLNKPL_03743	52.941	17	8	0	126	142	363	379	2.4	19.2
SA20160197_BPNLNKPL_03746	SA20160197_BPNLNKPL_03747	31.579	19	13	0	199	217	484	502	9.3	17.3
SA20160197_BPNLNKPL_03747	SA20160197_BPNLNKPL_03747	100.000	548	0	0	1	548	1	548	0.0	1107
SA20160197_BPNLNKPL_03747	SA20160197_BPNLNKPL_03743	38.889	18	11	0	367	384	278	295	1.4	20.8
SA20160197_BPNLNKPL_03747	SA20160197_BPNLNKPL_03751	50.000	16	8	0	207	222	66	81	1.9	20.4
SA20160197_BPNLNKPL_03747	SA20160197_BPNLNKPL_03738	52.632	19	7	1	482	500	193	209	8.7	18.1
SA20160197_BPNLNKPL_03748	SA20160197_BPNLNKPL_03748	100.000	111	0	0	1	111	1	111	1.38e-76	213
SA20160197_BPNLNKPL_03748	SA20160197_BPNLNKPL_03745	32.500	40	27	0	3	42	284	323	0.030	23.1
SA20160197_BPNLNKPL_03748	SA20160197_BPNLNKPL_03739	37.037	27	17	0	78	104	304	330	0.049	22.3
SA20160197_BPNLNKPL_03748	SA20160197_BPNLNKPL_03752	45.000	20	11	0	86	105	246	265	0.84	18.9
SA20160197_BPNLNKPL_03748	SA20160197_BPNLNKPL_03741	23.077	26	20	0	73	98	113	138	3.9	16.5
SA20160197_BPNLNKPL_03748	SA20160197_BPNLNKPL_03736	54.545	11	5	0	99	109	399	409	8.0	15.8
SA20160197_BPNLNKPL_03749	SA20160197_BPNLNKPL_03749	100.000	125	0	0	1	125	1	125	2.86e-85	235
SA20160197_BPNLNKPL_03749	SA20160197_BPNLNKPL_03752	25.926	27	20	0	72	98	264	290	1.9	18.1
SA20160197_BPNLNKPL_03749	SA20160197_BPNLNKPL_03737	47.826	23	11	1	25	46	1	23	2.2	17.7
SA20160197_BPNLNKPL_03749	SA20160197_BPNLNKPL_03739	47.059	17	9	0	87	103	159	175	4.5	16.9
SA20160197_BPNLNKPL_03749	SA20160197_BPNLNKPL_03741	75.000	8	2	0	67	74	131	138	5.8	16.2
SA20160197_BPNLNKPL_03749	SA20160197_BPNLNKPL_03736	28.235	85	56	3	6	87	324	406	6.6	16.2
SA20160197_BPNLNKPL_03750	SA20160197_BPNLNKPL_03750	100.000	85	0	0	1	85	1	85	1.43e-63	177
SA20160197_BPNLNKPL_03750	SA20160197_BPNLNKPL_03754	25.926	27	20	0	52	78	5	31	2.1	16.9
SA20160197_BPNLNKPL_03750	SA20160197_BPNLNKPL_03743	20.000	50	40	0	31	80	238	287	2.4	16.9
SA20160197_BPNLNKPL_03751	SA20160197_BPNLNKPL_03751	100.000	455	0	0	1	455	1	455	0.0	923
SA20160197_BPNLNKPL_03751	SA20160197_BPNLNKPL_03741	32.432	37	25	0	228	264	19	55	0.24	22.3
SA20160197_BPNLNKPL_03751	SA20160197_BPNLNKPL_03752	27.703	148	81	5	112	251	51	180	1.1	20.8
SA20160197_BPNLNKPL_03751	SA20160197_BPNLNKPL_03747	50.000	16	8	0	66	81	207	222	1.5	20.4
SA20160197_BPNLNKPL_03751	SA20160197_BPNLNKPL_03753	37.931	29	15	1	88	113	243	271	2.5	19.6
SA20160197_BPNLNKPL_03751	SA20160197_BPNLNKPL_03739	44.000	25	13	1	101	125	267	290	6.8	18.5
SA20160197_BPNLNKPL_03752	SA20160197_BPNLNKPL_03752	100.000	320	0	0	1	320	1	320	0.0	645
SA20160197_BPNLNKPL_03752	SA20160197_BPNLNKPL_03751	27.703	148	81	5	51	180	112	251	0.74	20.8
SA20160197_BPNLNKPL_03752	SA20160197_BPNLNKPL_03747	30.556	36	18	1	242	270	331	366	2.3	19.2
SA20160197_BPNLNKPL_03752	SA20160197_BPNLNKPL_03749	25.926	27	20	0	264	290	72	98	4.9	18.1
SA20160197_BPNLNKPL_03752	SA20160197_BPNLNKPL_03745	33.333	18	12	0	289	306	214	231	5.7	18.1
SA20160197_BPNLNKPL_03752	SA20160197_BPNLNKPL_03742	27.778	36	25	1	191	226	64	98	5.9	17.7
SA20160197_BPNLNKPL_03753	SA20160197_BPNLNKPL_03753	100.000	285	0	0	1	285	1	285	0.0	598
SA20160197_BPNLNKPL_03753	SA20160197_BPNLNKPL_03735	23.333	30	23	0	251	280	90	119	0.96	20.4
SA20160197_BPNLNKPL_03753	SA20160197_BPNLNKPL_03751	37.931	29	15	1	243	271	88	113	1.6	19.6
SA20160197_BPNLNKPL_03753	SA20160197_BPNLNKPL_03754	41.667	12	7	0	14	25	36	47	5.4	17.7
SA20160197_BPNLNKPL_03753	SA20160197_BPNLNKPL_03737	34.483	29	18	1	80	107	10	38	6.6	17.7
SA20160197_BPNLNKPL_03754	SA20160197_BPNLNKPL_03754	100.000	252	0	0	1	252	1	252	0.0	519
SA20160197_BPNLNKPL_03754	SA20160197_BPNLNKPL_03747	32.000	25	14	1	131	152	240	264	3.1	18.5
SA20160197_BPNLNKPL_03754	SA20160197_BPNLNKPL_03739	39.130	23	14	0	114	136	329	351	4.6	18.1
SA20160197_BPNLNKPL_03754	SA20160197_BPNLNKPL_03753	41.667	12	7	0	36	47	14	25	4.8	17.7
SA20160197_BPNLNKPL_03754	SA20160197_BPNLNKPL_03736	43.750	16	9	0	10	25	156	171	5.2	17.7
SA20160197_BPNLNKPL_03754	SA20160197_BPNLNKPL_03750	25.926	27	20	0	5	31	52	78	6.2	16.9
SA20160197_BPNLNKPL_03754	SA20160197_BPNLNKPL_03738	24.051	79	45	3	149	226	39	103	7.0	17.3
SA20153983_GBAKOBEN_03075	SA20153983_GBAKOBEN_03075	100.000	58	0	0	1	58	1	58	1.85e-42	122
SA20153983_GBAKOBEN_03075	SA20153983_GBAKOBEN_03080	92.982	57	4	0	2	58	342	398	1.84e-36	115
SA20153983_GBAKOBEN_03075	SA20153983_GBAKOBEN_03083	57.143	7	3	0	43	49	28	34	0.89	17.3
SA20153983_GBAKOBEN_03075	SA20153983_GBAKOBEN_03095	38.462	13	8	0	28	40	72	84	2.6	15.8
SA20153983_GBAKOBEN_03075	SA20153983_GBAKOBEN_03079	31.579	19	13	0	40	58	242	260	4.9	15.4
SA20153983_GBAKOBEN_03075	SA20153983_GBAKOBEN_03082	30.435	23	16	0	21	43	54	76	5.1	15.0
SA20153983_GBAKOBEN_03076	SA20153983_GBAKOBEN_03076	100.000	267	0	0	1	267	1	267	0.0	547
SA20153983_GBAKOBEN_03076	SA20153983_GBAKOBEN_03086	37.037	54	20	4	161	200	20	73	0.88	20.4
SA20153983_GBAKOBEN_03076	SA20153983_GBAKOBEN_03094	23.333	30	23	0	90	119	251	280	0.90	20.4
SA20153983_GBAKOBEN_03076	SA20153983_GBAKOBEN_03077	27.907	43	24	1	180	222	314	349	7.9	17.3
SA20153983_GBAKOBEN_03077	SA20153983_GBAKOBEN_03077	100.000	429	0	0	1	429	1	429	0.0	845
SA20153983_GBAKOBEN_03077	SA20153983_GBAKOBEN_03081	32.500	80	30	4	288	367	55	110	0.022	25.8
SA20153983_GBAKOBEN_03077	SA20153983_GBAKOBEN_03095	43.750	16	9	0	156	171	10	25	9.0	17.7
SA20153983_GBAKOBEN_03078	SA20153983_GBAKOBEN_03078	100.000	401	0	0	1	401	1	401	0.0	838
SA20153983_GBAKOBEN_03078	SA20153983_GBAKOBEN_03087	35.294	17	11	0	234	250	157	173	1.6	20.0
SA20153983_GBAKOBEN_03078	SA20153983_GBAKOBEN_03084	35.714	14	9	0	1	14	279	292	3.7	18.9
SA20153983_GBAKOBEN_03078	SA20153983_GBAKOBEN_03080	25.714	35	26	0	308	342	97	131	4.4	18.9
SA20153983_GBAKOBEN_03078	SA20153983_GBAKOBEN_03086	21.622	37	29	0	32	68	322	358	6.9	18.1
SA20153983_GBAKOBEN_03078	SA20153983_GBAKOBEN_03090	47.826	23	11	1	1	23	25	46	6.9	17.7
SA20153983_GBAKOBEN_03078	SA20153983_GBAKOBEN_03094	34.483	29	18	1	10	38	80	107	9.5	17.7
SA20153983_GBAKOBEN_03079	SA20153983_GBAKOBEN_03079	100.000	260	0	0	1	260	1	260	0.0	532
SA20153983_GBAKOBEN_03079	SA20153983_GBAKOBEN_03084	24.211	95	60	4	170	259	193	280	2.8	18.9
SA20153983_GBAKOBEN_03079	SA20153983_GBAKOBEN_03088	52.632	19	7	1	193	209	482	500	4.3	18.1
SA20153983_GBAKOBEN_03080	SA20153983_GBAKOBEN_03080	100.000	398	0	0	1	398	1	398	0.0	813
SA20153983_GBAKOBEN_03080	SA20153983_GBAKOBEN_03075	92.982	57	4	0	342	398	2	58	1.26e-35	115
SA20153983_GBAKOBEN_03080	SA20153983_GBAKOBEN_03078	25.714	35	26	0	97	131	308	342	4.4	18.9
SA20153983_GBAKOBEN_03080	SA20153983_GBAKOBEN_03086	28.571	21	15	0	141	161	532	552	5.4	18.5
SA20153983_GBAKOBEN_03080	SA20153983_GBAKOBEN_03092	44.000	25	13	1	267	290	101	125	5.8	18.5
SA20153983_GBAKOBEN_03080	SA20153983_GBAKOBEN_03083	25.581	43	21	1	347	389	3	34	6.0	18.1
SA20153983_GBAKOBEN_03080	SA20153983_GBAKOBEN_03084	31.034	29	20	0	211	239	333	361	6.3	18.1
SA20153983_GBAKOBEN_03080	SA20153983_GBAKOBEN_03095	39.130	23	14	0	329	351	114	136	7.7	18.1
SA20153983_GBAKOBEN_03081	SA20153983_GBAKOBEN_03081	100.000	188	0	0	1	188	1	188	3.86e-139	377
SA20153983_GBAKOBEN_03081	SA20153983_GBAKOBEN_03077	32.500	80	30	4	55	110	288	367	0.010	25.8
SA20153983_GBAKOBEN_03081	SA20153983_GBAKOBEN_03086	38.710	31	18	1	125	155	463	492	0.72	20.0
SA20153983_GBAKOBEN_03081	SA20153983_GBAKOBEN_03078	31.915	47	29	2	87	130	182	228	1.3	19.2
SA20153983_GBAKOBEN_03081	SA20153983_GBAKOBEN_03080	20.690	29	23	0	49	77	300	328	8.3	16.5
SA20153983_GBAKOBEN_03082	SA20153983_GBAKOBEN_03082	100.000	141	0	0	1	141	1	141	1.00e-106	291
SA20153983_GBAKOBEN_03082	SA20153983_GBAKOBEN_03092	32.432	37	25	0	19	55	228	264	0.16	21.6
SA20153983_GBAKOBEN_03082	SA20153983_GBAKOBEN_03079	25.000	36	27	0	93	128	43	78	5.6	16.5
SA20153983_GBAKOBEN_03082	SA20153983_GBAKOBEN_03090	75.000	8	2	0	131	138	67	74	6.6	16.2
SA20153983_GBAKOBEN_03082	SA20153983_GBAKOBEN_03095	29.730	74	39	5	19	90	91	153	6.6	16.5
SA20153983_GBAKOBEN_03082	SA20153983_GBAKOBEN_03089	23.810	21	16	0	113	133	73	93	8.3	15.8
SA20153983_GBAKOBEN_03083	SA20153983_GBAKOBEN_03083	100.000	201	0	0	1	201	1	201	5.86e-155	418
SA20153983_GBAKOBEN_03083	SA20153983_GBAKOBEN_03086	64.286	14	5	0	79	92	284	297	0.27	21.6
SA20153983_GBAKOBEN_03083	SA20153983_GBAKOBEN_03080	25.581	43	21	1	3	34	347	389	3.0	18.1
SA20153983_GBAKOBEN_03083	SA20153983_GBAKOBEN_03075	57.143	7	3	0	28	34	43	49	3.1	17.3
SA20153983_GBAKOBEN_03083	SA20153983_GBAKOBEN_03093	27.778	36	25	1	64	98	191	226	4.1	17.7
SA20153983_GBAKOBEN_03083	SA20153983_GBAKOBEN_03085	28.000	25	18	0	165	189	294	318	8.4	16.9
SA20153983_GBAKOBEN_03083	SA20153983_GBAKOBEN_03095	39.286	28	16	1	24	50	152	179	9.2	16.5
SA20153983_GBAKOBEN_03084	SA20153983_GBAKOBEN_03084	100.000	379	0	0	1	379	1	379	0.0	783
SA20153983_GBAKOBEN_03084	SA20153983_GBAKOBEN_03088	38.889	18	11	0	278	295	367	384	0.95	20.8
SA20153983_GBAKOBEN_03084	SA20153983_GBAKOBEN_03087	52.941	17	8	0	363	379	126	142	3.0	19.2
SA20153983_GBAKOBEN_03084	SA20153983_GBAKOBEN_03078	35.714	14	9	0	279	292	1	14	3.5	18.9
SA20153983_GBAKOBEN_03084	SA20153983_GBAKOBEN_03080	31.034	29	20	0	333	361	211	239	6.0	18.1
SA20153983_GBAKOBEN_03085	SA20153983_GBAKOBEN_03085	100.000	327	0	0	1	327	1	327	0.0	673
SA20153983_GBAKOBEN_03085	SA20153983_GBAKOBEN_03086	53.846	13	6	0	165	177	617	629	0.73	21.2
SA20153983_GBAKOBEN_03086	SA20153983_GBAKOBEN_03086	100.000	660	0	0	1	660	1	660	0.0	1362
SA20153983_GBAKOBEN_03086	SA20153983_GBAKOBEN_03083	64.286	14	5	0	284	297	79	92	0.89	21.6
SA20153983_GBAKOBEN_03086	SA20153983_GBAKOBEN_03085	53.846	13	6	0	617	629	165	177	1.5	21.2
SA20153983_GBAKOBEN_03086	SA20153983_GBAKOBEN_03087	35.897	39	18	1	539	570	128	166	1.5	20.8
SA20153983_GBAKOBEN_03086	SA20153983_GBAKOBEN_03089	27.500	40	29	0	284	323	3	42	1.6	20.4
SA20153983_GBAKOBEN_03086	SA20153983_GBAKOBEN_03076	37.037	54	20	4	20	73	161	200	2.2	20.4
SA20153983_GBAKOBEN_03086	SA20153983_GBAKOBEN_03081	38.710	31	18	1	463	492	125	155	2.5	20.0
SA20153983_GBAKOBEN_03086	SA20153983_GBAKOBEN_03093	33.333	18	12	0	214	231	289	306	8.2	18.5
SA20153983_GBAKOBEN_03086	SA20153983_GBAKOBEN_03080	28.571	21	15	0	532	552	141	161	8.9	18.5
SA20153983_GBAKOBEN_03087	SA20153983_GBAKOBEN_03087	100.000	299	0	0	1	299	1	299	0.0	612
SA20153983_GBAKOBEN_03087	SA20153983_GBAKOBEN_03086	35.897	39	18	1	128	166	539	570	0.70	20.8
SA20153983_GBAKOBEN_03087	SA20153983_GBAKOBEN_03078	35.294	17	11	0	157	173	234	250	1.2	20.0
SA20153983_GBAKOBEN_03087	SA20153983_GBAKOBEN_03084	52.941	17	8	0	126	142	363	379	2.4	19.2
SA20153983_GBAKOBEN_03087	SA20153983_GBAKOBEN_03095	60.000	10	4	0	184	193	8	17	3.7	18.5
SA20153983_GBAKOBEN_03087	SA20153983_GBAKOBEN_03088	25.000	36	24	1	182	217	470	502	4.2	18.5
SA20153983_GBAKOBEN_03088	SA20153983_GBAKOBEN_03088	100.000	548	0	0	1	548	1	548	0.0	1107
SA20153983_GBAKOBEN_03088	SA20153983_GBAKOBEN_03084	38.889	18	11	0	367	384	278	295	1.4	20.8
SA20153983_GBAKOBEN_03088	SA20153983_GBAKOBEN_03092	50.000	16	8	0	207	222	66	81	1.5	20.8
SA20153983_GBAKOBEN_03088	SA20153983_GBAKOBEN_03087	25.000	36	24	1	470	502	182	217	8.5	18.5
SA20153983_GBAKOBEN_03088	SA20153983_GBAKOBEN_03079	52.632	19	7	1	482	500	193	209	8.8	18.1
SA20153983_GBAKOBEN_03089	SA20153983_GBAKOBEN_03089	100.000	111	0	0	1	111	1	111	5.67e-77	213
SA20153983_GBAKOBEN_03089	SA20153983_GBAKOBEN_03080	37.037	27	17	0	78	104	304	330	0.051	22.3
SA20153983_GBAKOBEN_03089	SA20153983_GBAKOBEN_03086	27.500	40	29	0	3	42	284	323	0.27	20.4
SA20153983_GBAKOBEN_03089	SA20153983_GBAKOBEN_03093	40.000	20	12	0	86	105	246	265	2.1	17.7
SA20153983_GBAKOBEN_03089	SA20153983_GBAKOBEN_03082	23.810	21	16	0	73	93	113	133	6.1	16.2
SA20153983_GBAKOBEN_03089	SA20153983_GBAKOBEN_03081	42.857	14	8	0	25	38	152	165	6.3	16.2
SA20153983_GBAKOBEN_03090	SA20153983_GBAKOBEN_03090	100.000	125	0	0	1	125	1	125	2.86e-85	235
SA20153983_GBAKOBEN_03090	SA20153983_GBAKOBEN_03093	25.926	27	20	0	72	98	264	290	2.0	18.1
SA20153983_GBAKOBEN_03090	SA20153983_GBAKOBEN_03078	47.826	23	11	1	25	46	1	23	2.2	17.7
SA20153983_GBAKOBEN_03090	SA20153983_GBAKOBEN_03080	47.059	17	9	0	87	103	159	175	4.6	16.9
SA20153983_GBAKOBEN_03090	SA20153983_GBAKOBEN_03082	75.000	8	2	0	67	74	131	138	5.8	16.2
SA20153983_GBAKOBEN_03091	SA20153983_GBAKOBEN_03091	100.000	85	0	0	1	85	1	85	1.43e-63	177
SA20153983_GBAKOBEN_03091	SA20153983_GBAKOBEN_03095	25.926	27	20	0	52	78	5	31	2.0	16.9
SA20153983_GBAKOBEN_03091	SA20153983_GBAKOBEN_03084	20.000	50	40	0	31	80	238	287	2.4	16.9
SA20153983_GBAKOBEN_03092	SA20153983_GBAKOBEN_03092	100.000	455	0	0	1	455	1	455	0.0	923
SA20153983_GBAKOBEN_03092	SA20153983_GBAKOBEN_03082	32.432	37	25	0	228	264	19	55	0.50	21.6
SA20153983_GBAKOBEN_03092	SA20153983_GBAKOBEN_03088	50.000	16	8	0	66	81	207	222	1.2	20.8
SA20153983_GBAKOBEN_03092	SA20153983_GBAKOBEN_03093	29.310	116	66	4	144	251	73	180	1.9	20.0
SA20153983_GBAKOBEN_03092	SA20153983_GBAKOBEN_03094	37.931	29	15	1	88	113	243	271	2.7	19.6
SA20153983_GBAKOBEN_03092	SA20153983_GBAKOBEN_03080	44.000	25	13	1	101	125	267	290	6.6	18.5
SA20153983_GBAKOBEN_03093	SA20153983_GBAKOBEN_03093	100.000	320	0	0	1	320	1	320	0.0	645
SA20153983_GBAKOBEN_03093	SA20153983_GBAKOBEN_03092	29.310	116	66	4	73	180	144	251	1.3	20.0
SA20153983_GBAKOBEN_03093	SA20153983_GBAKOBEN_03086	33.333	18	12	0	289	306	214	231	4.0	18.5
SA20153983_GBAKOBEN_03093	SA20153983_GBAKOBEN_03088	27.778	36	19	1	242	270	331	366	4.9	18.5
SA20153983_GBAKOBEN_03093	SA20153983_GBAKOBEN_03090	25.926	27	20	0	264	290	72	98	5.0	18.1
SA20153983_GBAKOBEN_03093	SA20153983_GBAKOBEN_03083	27.778	36	25	1	191	226	64	98	6.5	17.7
SA20153983_GBAKOBEN_03094	SA20153983_GBAKOBEN_03094	100.000	285	0	0	1	285	1	285	0.0	598
SA20153983_GBAKOBEN_03094	SA20153983_GBAKOBEN_03076	23.333	30	23	0	251	280	90	119	0.96	20.4
SA20153983_GBAKOBEN_03094	SA20153983_GBAKOBEN_03092	37.931	29	15	1	243	271	88	113	1.7	19.6
SA20153983_GBAKOBEN_03094	SA20153983_GBAKOBEN_03095	41.667	12	7	0	14	25	36	47	5.5	17.7
SA20153983_GBAKOBEN_03094	SA20153983_GBAKOBEN_03078	34.483	29	18	1	80	107	10	38	6.7	17.7
SA20153983_GBAKOBEN_03095	SA20153983_GBAKOBEN_03095	100.000	252	0	0	1	252	1	252	0.0	518
SA20153983_GBAKOBEN_03095	SA20153983_GBAKOBEN_03087	60.000	10	4	0	8	17	184	193	3.1	18.5
SA20153983_GBAKOBEN_03095	SA20153983_GBAKOBEN_03080	39.130	23	14	0	114	136	329	351	4.9	18.1
SA20153983_GBAKOBEN_03095	SA20153983_GBAKOBEN_03094	41.667	12	7	0	36	47	14	25	4.9	17.7
SA20153983_GBAKOBEN_03095	SA20153983_GBAKOBEN_03077	43.750	16	9	0	10	25	156	171	5.3	17.7
SA20153983_GBAKOBEN_03095	SA20153983_GBAKOBEN_03091	25.926	27	20	0	5	31	52	78	5.9	16.9
SA20153983_GBAKOBEN_03095	SA20153983_GBAKOBEN_03079	24.051	79	45	3	149	226	39	103	8.3	16.9
