SA20160201_IJJBCCFE_03925	SA20160323_HIEPLBCK_00987	93.103	58	4	0	1	58	1	58	2.36e-39	114
SA20160201_IJJBCCFE_03925	SA20160323_HIEPLBCK_00992	92.982	57	4	0	2	58	342	398	1.86e-36	115
SA20160201_IJJBCCFE_03925	SA20160323_HIEPLBCK_00995	57.143	7	3	0	43	49	28	34	0.89	17.3
SA20160201_IJJBCCFE_03925	SA20160323_HIEPLBCK_01007	38.462	13	8	0	28	40	72	84	2.8	15.8
SA20160201_IJJBCCFE_03925	SA20160323_HIEPLBCK_00991	31.579	19	13	0	40	58	242	260	4.7	15.4
SA20160201_IJJBCCFE_03925	SA20160323_HIEPLBCK_00994	30.435	23	16	0	21	43	54	76	5.1	15.0
SA20160201_IJJBCCFE_03926	SA20160323_HIEPLBCK_00988	99.251	267	2	0	1	267	1	267	0.0	545
SA20160201_IJJBCCFE_03926	SA20160323_HIEPLBCK_00998	37.037	54	20	4	161	200	20	73	0.89	20.4
SA20160201_IJJBCCFE_03926	SA20160323_HIEPLBCK_01006	23.333	30	23	0	90	119	251	280	0.90	20.4
SA20160201_IJJBCCFE_03926	SA20160323_HIEPLBCK_00989	27.907	43	24	1	180	222	314	349	7.9	17.3
SA20160201_IJJBCCFE_03927	SA20160323_HIEPLBCK_00989	99.767	429	1	0	1	429	1	429	0.0	844
SA20160201_IJJBCCFE_03927	SA20160323_HIEPLBCK_00993	32.500	80	30	4	288	367	55	110	0.021	25.8
SA20160201_IJJBCCFE_03927	SA20160323_HIEPLBCK_01007	43.750	16	9	0	156	171	10	25	9.0	17.7
SA20160201_IJJBCCFE_03928	SA20160323_HIEPLBCK_00990	99.501	401	2	0	1	401	1	401	0.0	834
SA20160201_IJJBCCFE_03928	SA20160323_HIEPLBCK_00999	35.294	17	11	0	234	250	157	173	1.6	20.0
SA20160201_IJJBCCFE_03928	SA20160323_HIEPLBCK_00992	25.714	35	26	0	308	342	97	131	4.3	18.9
SA20160201_IJJBCCFE_03928	SA20160323_HIEPLBCK_00996	35.714	14	9	0	1	14	279	292	4.3	18.9
SA20160201_IJJBCCFE_03928	SA20160323_HIEPLBCK_01002	47.826	23	11	1	1	23	25	46	7.0	17.7
SA20160201_IJJBCCFE_03928	SA20160323_HIEPLBCK_00998	21.622	37	29	0	32	68	322	358	7.1	18.1
SA20160201_IJJBCCFE_03928	SA20160323_HIEPLBCK_01006	34.483	29	18	1	10	38	80	107	9.3	17.7
SA20160201_IJJBCCFE_03929	SA20160323_HIEPLBCK_00991	98.846	260	3	0	1	260	1	260	0.0	528
SA20160201_IJJBCCFE_03929	SA20160323_HIEPLBCK_00996	24.211	95	60	4	170	259	193	280	2.7	18.9
SA20160201_IJJBCCFE_03929	SA20160323_HIEPLBCK_01000	52.632	19	7	1	193	209	482	500	4.3	18.1
SA20160201_IJJBCCFE_03929	SA20160323_HIEPLBCK_01007	24.051	79	45	3	39	103	149	226	8.5	16.9
SA20160201_IJJBCCFE_03930	SA20160323_HIEPLBCK_00992	99.246	398	3	0	1	398	1	398	0.0	808
SA20160201_IJJBCCFE_03930	SA20160323_HIEPLBCK_00987	94.737	57	3	0	342	398	2	58	2.25e-36	118
SA20160201_IJJBCCFE_03930	SA20160323_HIEPLBCK_00998	33.333	21	14	0	141	161	532	552	3.9	18.9
SA20160201_IJJBCCFE_03930	SA20160323_HIEPLBCK_00990	25.714	35	26	0	97	131	308	342	4.7	18.9
SA20160201_IJJBCCFE_03930	SA20160323_HIEPLBCK_01004	44.000	25	13	1	267	290	101	125	6.1	18.5
SA20160201_IJJBCCFE_03930	SA20160323_HIEPLBCK_00996	31.034	29	20	0	211	239	333	361	6.1	18.5
SA20160201_IJJBCCFE_03930	SA20160323_HIEPLBCK_01007	39.130	23	14	0	329	351	114	136	7.3	18.1
SA20160201_IJJBCCFE_03931	SA20160323_HIEPLBCK_00993	100.000	188	0	0	1	188	1	188	3.86e-139	377
SA20160201_IJJBCCFE_03931	SA20160323_HIEPLBCK_00989	32.500	80	30	4	55	110	288	367	0.010	25.8
SA20160201_IJJBCCFE_03931	SA20160323_HIEPLBCK_00998	38.710	31	18	1	125	155	463	492	0.67	20.0
SA20160201_IJJBCCFE_03931	SA20160323_HIEPLBCK_00990	31.915	47	29	2	87	130	182	228	1.3	19.2
SA20160201_IJJBCCFE_03931	SA20160323_HIEPLBCK_00992	20.690	29	23	0	49	77	300	328	8.6	16.5
SA20160201_IJJBCCFE_03932	SA20160323_HIEPLBCK_00994	99.291	141	1	0	1	141	1	141	4.36e-106	289
SA20160201_IJJBCCFE_03932	SA20160323_HIEPLBCK_01004	32.432	37	25	0	19	55	228	264	0.073	22.7
SA20160201_IJJBCCFE_03932	SA20160323_HIEPLBCK_00991	25.000	36	27	0	93	128	43	78	4.7	16.9
SA20160201_IJJBCCFE_03932	SA20160323_HIEPLBCK_01001	23.077	26	20	0	113	138	73	98	5.6	16.5
SA20160201_IJJBCCFE_03932	SA20160323_HIEPLBCK_01002	75.000	8	2	0	131	138	67	74	6.6	16.2
SA20160201_IJJBCCFE_03933	SA20160323_HIEPLBCK_00995	100.000	201	0	0	1	201	1	201	6.40e-155	418
SA20160201_IJJBCCFE_03933	SA20160323_HIEPLBCK_00998	64.286	14	5	0	79	92	284	297	0.42	20.8
SA20160201_IJJBCCFE_03933	SA20160323_HIEPLBCK_00987	25.581	43	21	1	3	34	7	49	2.2	17.7
SA20160201_IJJBCCFE_03933	SA20160323_HIEPLBCK_01005	27.778	36	25	1	64	98	191	226	3.5	18.1
SA20160201_IJJBCCFE_03933	SA20160323_HIEPLBCK_00992	25.581	43	21	1	3	34	347	389	6.2	17.3
SA20160201_IJJBCCFE_03933	SA20160323_HIEPLBCK_00997	28.000	25	18	0	165	189	294	318	7.9	16.9
SA20160201_IJJBCCFE_03933	SA20160323_HIEPLBCK_01007	39.286	28	16	1	24	50	152	179	9.7	16.5
SA20160201_IJJBCCFE_03934	SA20160323_HIEPLBCK_00996	99.472	379	2	0	1	379	1	379	0.0	778
SA20160201_IJJBCCFE_03934	SA20160323_HIEPLBCK_00987	27.273	44	31	1	44	87	11	53	0.34	20.8
SA20160201_IJJBCCFE_03934	SA20160323_HIEPLBCK_01000	38.889	18	11	0	278	295	367	384	0.95	20.8
SA20160201_IJJBCCFE_03934	SA20160323_HIEPLBCK_00999	52.941	17	8	0	363	379	126	142	3.0	19.2
SA20160201_IJJBCCFE_03934	SA20160323_HIEPLBCK_00990	35.714	14	9	0	279	292	1	14	3.2	19.2
SA20160201_IJJBCCFE_03934	SA20160323_HIEPLBCK_00991	24.211	95	60	4	193	280	170	259	3.8	18.9
SA20160201_IJJBCCFE_03934	SA20160323_HIEPLBCK_00992	31.034	29	20	0	333	361	211	239	5.7	18.5
SA20160201_IJJBCCFE_03935	SA20160323_HIEPLBCK_00997	99.694	327	1	0	1	327	1	327	0.0	671
SA20160201_IJJBCCFE_03935	SA20160323_HIEPLBCK_00998	53.846	13	6	0	165	177	617	629	0.73	21.2
SA20160201_IJJBCCFE_03936	SA20160323_HIEPLBCK_00998	98.939	660	7	0	1	660	1	660	0.0	1352
SA20160201_IJJBCCFE_03936	SA20160323_HIEPLBCK_01001	27.500	40	29	0	284	323	3	42	1.3	20.4
SA20160201_IJJBCCFE_03936	SA20160323_HIEPLBCK_00995	64.286	14	5	0	284	297	79	92	1.4	20.8
SA20160201_IJJBCCFE_03936	SA20160323_HIEPLBCK_00997	53.846	13	6	0	617	629	165	177	1.5	21.2
SA20160201_IJJBCCFE_03936	SA20160323_HIEPLBCK_00999	35.897	39	18	1	539	570	128	166	1.5	20.8
SA20160201_IJJBCCFE_03936	SA20160323_HIEPLBCK_00993	38.710	31	18	1	463	492	125	155	2.5	20.0
SA20160201_IJJBCCFE_03936	SA20160323_HIEPLBCK_00988	35.185	54	21	4	20	73	161	200	3.6	19.6
SA20160201_IJJBCCFE_03936	SA20160323_HIEPLBCK_01005	33.333	18	12	0	214	231	289	306	8.4	18.5
SA20160201_IJJBCCFE_03936	SA20160323_HIEPLBCK_00992	28.571	21	15	0	532	552	141	161	8.9	18.5
SA20160201_IJJBCCFE_03937	SA20160323_HIEPLBCK_00999	99.666	299	1	0	1	299	1	299	0.0	609
SA20160201_IJJBCCFE_03937	SA20160323_HIEPLBCK_00998	33.333	39	19	1	128	166	539	570	1.1	20.4
SA20160201_IJJBCCFE_03937	SA20160323_HIEPLBCK_00990	35.294	17	11	0	157	173	234	250	1.2	20.0
SA20160201_IJJBCCFE_03937	SA20160323_HIEPLBCK_00996	52.941	17	8	0	126	142	363	379	2.4	19.2
SA20160201_IJJBCCFE_03937	SA20160323_HIEPLBCK_01000	27.869	61	38	2	77	131	459	519	9.1	17.3
SA20160201_IJJBCCFE_03938	SA20160323_HIEPLBCK_01000	99.088	548	5	0	1	548	1	548	0.0	1101
SA20160201_IJJBCCFE_03938	SA20160323_HIEPLBCK_00996	38.889	18	11	0	367	384	278	295	0.98	21.2
SA20160201_IJJBCCFE_03938	SA20160323_HIEPLBCK_01004	50.000	16	8	0	207	222	66	81	1.9	20.4
SA20160201_IJJBCCFE_03938	SA20160323_HIEPLBCK_01007	32.000	25	14	1	240	264	131	152	6.7	18.5
SA20160201_IJJBCCFE_03938	SA20160323_HIEPLBCK_00999	25.000	36	24	1	470	502	182	217	8.2	18.5
SA20160201_IJJBCCFE_03938	SA20160323_HIEPLBCK_00991	52.632	19	7	1	482	500	193	209	8.3	18.5
SA20160201_IJJBCCFE_03939	SA20160323_HIEPLBCK_01001	98.198	111	2	0	1	111	1	111	1.12e-75	210
SA20160201_IJJBCCFE_03939	SA20160323_HIEPLBCK_00998	32.500	40	27	0	3	42	284	323	0.030	23.1
SA20160201_IJJBCCFE_03939	SA20160323_HIEPLBCK_00992	37.037	27	17	0	78	104	304	330	0.048	22.3
SA20160201_IJJBCCFE_03939	SA20160323_HIEPLBCK_01005	50.000	20	10	0	86	105	246	265	0.076	21.9
SA20160201_IJJBCCFE_03939	SA20160323_HIEPLBCK_01000	33.333	30	19	1	60	88	478	507	1.7	18.1
SA20160201_IJJBCCFE_03939	SA20160323_HIEPLBCK_00994	23.077	26	20	0	73	98	113	138	3.9	16.5
SA20160201_IJJBCCFE_03940	SA20160323_HIEPLBCK_01002	100.000	125	0	0	1	125	1	125	2.86e-85	235
SA20160201_IJJBCCFE_03940	SA20160323_HIEPLBCK_01005	25.926	27	20	0	72	98	264	290	1.9	18.1
SA20160201_IJJBCCFE_03940	SA20160323_HIEPLBCK_00990	47.826	23	11	1	25	46	1	23	2.2	17.7
SA20160201_IJJBCCFE_03940	SA20160323_HIEPLBCK_00992	47.059	17	9	0	87	103	159	175	4.6	16.9
SA20160201_IJJBCCFE_03940	SA20160323_HIEPLBCK_00994	75.000	8	2	0	67	74	131	138	5.8	16.2
SA20160201_IJJBCCFE_03941	SA20160323_HIEPLBCK_01003	100.000	85	0	0	1	85	1	85	1.43e-63	177
SA20160201_IJJBCCFE_03941	SA20160323_HIEPLBCK_01007	25.926	27	20	0	52	78	5	31	2.2	16.9
SA20160201_IJJBCCFE_03941	SA20160323_HIEPLBCK_00996	20.000	50	40	0	31	80	238	287	3.0	16.5
SA20160201_IJJBCCFE_03942	SA20160323_HIEPLBCK_01004	98.681	455	6	0	1	455	1	455	0.0	909
SA20160201_IJJBCCFE_03942	SA20160323_HIEPLBCK_00994	32.432	37	25	0	228	264	19	55	0.50	21.6
SA20160201_IJJBCCFE_03942	SA20160323_HIEPLBCK_01000	50.000	16	8	0	66	81	207	222	1.2	20.8
SA20160201_IJJBCCFE_03942	SA20160323_HIEPLBCK_01006	37.931	29	15	1	88	113	243	271	2.5	19.6
SA20160201_IJJBCCFE_03942	SA20160323_HIEPLBCK_01005	29.310	116	66	4	144	251	73	180	2.6	19.6
SA20160201_IJJBCCFE_03942	SA20160323_HIEPLBCK_00992	44.000	25	13	1	101	125	267	290	6.8	18.5
SA20160201_IJJBCCFE_03943	SA20160323_HIEPLBCK_01005	98.125	320	6	0	1	320	1	320	0.0	636
SA20160201_IJJBCCFE_03943	SA20160323_HIEPLBCK_01004	29.310	116	66	4	73	180	144	251	1.2	20.4
SA20160201_IJJBCCFE_03943	SA20160323_HIEPLBCK_01002	25.926	27	20	0	264	290	72	98	4.9	18.1
SA20160201_IJJBCCFE_03943	SA20160323_HIEPLBCK_00998	33.333	18	12	0	289	306	214	231	5.7	18.1
SA20160201_IJJBCCFE_03943	SA20160323_HIEPLBCK_00995	27.778	36	25	1	191	226	64	98	5.9	17.7
SA20160201_IJJBCCFE_03943	SA20160323_HIEPLBCK_01000	32.143	28	15	1	72	95	152	179	9.9	17.3
SA20160201_IJJBCCFE_03944	SA20160323_HIEPLBCK_01006	100.000	285	0	0	1	285	1	285	0.0	598
SA20160201_IJJBCCFE_03944	SA20160323_HIEPLBCK_00988	23.333	30	23	0	251	280	90	119	0.95	20.4
SA20160201_IJJBCCFE_03944	SA20160323_HIEPLBCK_01004	37.931	29	15	1	243	271	88	113	1.6	19.6
SA20160201_IJJBCCFE_03944	SA20160323_HIEPLBCK_01007	41.667	12	7	0	14	25	36	47	5.2	18.1
SA20160201_IJJBCCFE_03944	SA20160323_HIEPLBCK_00990	34.483	29	18	1	80	107	10	38	6.3	17.7
SA20160201_IJJBCCFE_03944	SA20160323_HIEPLBCK_01000	22.414	58	34	2	115	167	315	366	9.8	17.3
SA20160201_IJJBCCFE_03945	SA20160323_HIEPLBCK_01007	98.810	252	3	0	1	252	1	252	0.0	511
SA20160201_IJJBCCFE_03945	SA20160323_HIEPLBCK_01000	32.000	25	14	1	131	152	240	264	3.3	18.5
SA20160201_IJJBCCFE_03945	SA20160323_HIEPLBCK_00999	60.000	10	4	0	8	17	184	193	3.3	18.5
SA20160201_IJJBCCFE_03945	SA20160323_HIEPLBCK_00992	39.130	23	14	0	114	136	329	351	4.6	18.1
SA20160201_IJJBCCFE_03945	SA20160323_HIEPLBCK_01006	41.667	12	7	0	36	47	14	25	4.8	17.7
SA20160201_IJJBCCFE_03945	SA20160323_HIEPLBCK_00989	43.750	16	9	0	10	25	156	171	5.2	17.7
SA20160201_IJJBCCFE_03945	SA20160323_HIEPLBCK_01003	25.926	27	20	0	5	31	52	78	6.2	16.9
SA20160201_IJJBCCFE_03945	SA20160323_HIEPLBCK_00987	29.167	24	17	0	61	84	17	40	6.2	16.5
SA20160323_HIEPLBCK_00987	SA20160323_HIEPLBCK_00987	100.000	58	0	0	1	58	1	58	2.74e-42	122
SA20160323_HIEPLBCK_00987	SA20160323_HIEPLBCK_00992	96.491	57	2	0	2	58	342	398	4.27e-38	120
SA20160323_HIEPLBCK_00987	SA20160323_HIEPLBCK_00995	25.581	43	21	1	7	49	3	34	0.63	17.7
SA20160323_HIEPLBCK_00987	SA20160323_HIEPLBCK_01007	29.167	24	17	0	17	40	61	84	1.6	16.5
SA20160323_HIEPLBCK_00988	SA20160323_HIEPLBCK_00988	100.000	267	0	0	1	267	1	267	0.0	547
SA20160323_HIEPLBCK_00988	SA20160323_HIEPLBCK_01006	23.333	30	23	0	90	119	251	280	0.89	20.4
SA20160323_HIEPLBCK_00988	SA20160323_HIEPLBCK_00998	37.037	54	20	4	161	200	20	73	0.92	20.4
SA20160323_HIEPLBCK_00988	SA20160323_HIEPLBCK_00989	27.907	43	24	1	180	222	314	349	7.0	17.7
SA20160323_HIEPLBCK_00989	SA20160323_HIEPLBCK_00989	100.000	429	0	0	1	429	1	429	0.0	845
SA20160323_HIEPLBCK_00989	SA20160323_HIEPLBCK_00993	32.500	80	30	4	288	367	55	110	0.022	25.8
SA20160323_HIEPLBCK_00989	SA20160323_HIEPLBCK_01007	43.750	16	9	0	156	171	10	25	8.9	17.7
SA20160323_HIEPLBCK_00990	SA20160323_HIEPLBCK_00990	100.000	401	0	0	1	401	1	401	0.0	838
SA20160323_HIEPLBCK_00990	SA20160323_HIEPLBCK_00999	35.294	17	11	0	234	250	157	173	1.7	20.0
SA20160323_HIEPLBCK_00990	SA20160323_HIEPLBCK_00996	35.714	14	9	0	1	14	279	292	4.0	18.9
SA20160323_HIEPLBCK_00990	SA20160323_HIEPLBCK_00992	25.714	35	26	0	308	342	97	131	4.7	18.9
SA20160323_HIEPLBCK_00990	SA20160323_HIEPLBCK_01002	47.826	23	11	1	1	23	25	46	6.9	17.7
SA20160323_HIEPLBCK_00990	SA20160323_HIEPLBCK_00998	21.622	37	29	0	32	68	322	358	6.9	18.1
SA20160323_HIEPLBCK_00990	SA20160323_HIEPLBCK_01006	34.483	29	18	1	10	38	80	107	8.9	17.7
SA20160323_HIEPLBCK_00991	SA20160323_HIEPLBCK_00991	100.000	260	0	0	1	260	1	260	0.0	532
SA20160323_HIEPLBCK_00991	SA20160323_HIEPLBCK_00996	24.211	95	60	4	170	259	193	280	2.6	18.9
SA20160323_HIEPLBCK_00991	SA20160323_HIEPLBCK_01000	52.632	19	7	1	193	209	482	500	4.1	18.1
SA20160323_HIEPLBCK_00991	SA20160323_HIEPLBCK_00994	25.000	36	27	0	43	78	93	128	8.8	16.9
SA20160323_HIEPLBCK_00992	SA20160323_HIEPLBCK_00992	100.000	398	0	0	1	398	1	398	0.0	814
SA20160323_HIEPLBCK_00992	SA20160323_HIEPLBCK_00987	96.491	57	2	0	342	398	2	58	2.93e-37	120
SA20160323_HIEPLBCK_00992	SA20160323_HIEPLBCK_00998	33.333	21	14	0	141	161	532	552	3.9	18.9
SA20160323_HIEPLBCK_00992	SA20160323_HIEPLBCK_00990	25.714	35	26	0	97	131	308	342	4.6	18.9
SA20160323_HIEPLBCK_00992	SA20160323_HIEPLBCK_01004	44.000	25	13	1	267	290	101	125	6.0	18.5
SA20160323_HIEPLBCK_00992	SA20160323_HIEPLBCK_00996	31.034	29	20	0	211	239	333	361	6.2	18.5
SA20160323_HIEPLBCK_00992	SA20160323_HIEPLBCK_01007	39.130	23	14	0	329	351	114	136	7.2	18.1
SA20160323_HIEPLBCK_00993	SA20160323_HIEPLBCK_00993	100.000	188	0	0	1	188	1	188	3.86e-139	377
SA20160323_HIEPLBCK_00993	SA20160323_HIEPLBCK_00989	32.500	80	30	4	55	110	288	367	0.010	25.8
SA20160323_HIEPLBCK_00993	SA20160323_HIEPLBCK_00998	38.710	31	18	1	125	155	463	492	0.67	20.0
SA20160323_HIEPLBCK_00993	SA20160323_HIEPLBCK_00990	31.915	47	29	2	87	130	182	228	1.3	19.2
SA20160323_HIEPLBCK_00993	SA20160323_HIEPLBCK_00992	20.690	29	23	0	49	77	300	328	8.6	16.5
SA20160323_HIEPLBCK_00994	SA20160323_HIEPLBCK_00994	100.000	141	0	0	1	141	1	141	1.00e-106	291
SA20160323_HIEPLBCK_00994	SA20160323_HIEPLBCK_01004	32.432	37	25	0	19	55	228	264	0.15	21.6
SA20160323_HIEPLBCK_00994	SA20160323_HIEPLBCK_00991	25.000	36	27	0	93	128	43	78	4.8	16.9
SA20160323_HIEPLBCK_00994	SA20160323_HIEPLBCK_01001	23.077	26	20	0	113	138	73	98	5.5	16.5
SA20160323_HIEPLBCK_00994	SA20160323_HIEPLBCK_01002	75.000	8	2	0	131	138	67	74	6.6	16.2
SA20160323_HIEPLBCK_00995	SA20160323_HIEPLBCK_00995	100.000	201	0	0	1	201	1	201	6.40e-155	418
SA20160323_HIEPLBCK_00995	SA20160323_HIEPLBCK_00998	64.286	14	5	0	79	92	284	297	0.42	20.8
SA20160323_HIEPLBCK_00995	SA20160323_HIEPLBCK_00987	25.581	43	21	1	3	34	7	49	2.2	17.7
SA20160323_HIEPLBCK_00995	SA20160323_HIEPLBCK_01005	27.778	36	25	1	64	98	191	226	3.5	18.1
SA20160323_HIEPLBCK_00995	SA20160323_HIEPLBCK_00992	25.581	43	21	1	3	34	347	389	6.2	17.3
SA20160323_HIEPLBCK_00995	SA20160323_HIEPLBCK_00997	28.000	25	18	0	165	189	294	318	7.9	16.9
SA20160323_HIEPLBCK_00995	SA20160323_HIEPLBCK_01007	39.286	28	16	1	24	50	152	179	9.7	16.5
SA20160323_HIEPLBCK_00996	SA20160323_HIEPLBCK_00996	100.000	379	0	0	1	379	1	379	0.0	783
SA20160323_HIEPLBCK_00996	SA20160323_HIEPLBCK_01000	38.889	18	11	0	278	295	367	384	0.67	21.2
SA20160323_HIEPLBCK_00996	SA20160323_HIEPLBCK_00999	52.941	17	8	0	363	379	126	142	2.9	19.2
SA20160323_HIEPLBCK_00996	SA20160323_HIEPLBCK_00990	35.714	14	9	0	279	292	1	14	3.8	18.9
SA20160323_HIEPLBCK_00996	SA20160323_HIEPLBCK_00992	31.034	29	20	0	333	361	211	239	5.9	18.5
SA20160323_HIEPLBCK_00997	SA20160323_HIEPLBCK_00997	100.000	327	0	0	1	327	1	327	0.0	673
SA20160323_HIEPLBCK_00997	SA20160323_HIEPLBCK_00998	53.846	13	6	0	165	177	617	629	0.74	21.2
SA20160323_HIEPLBCK_00998	SA20160323_HIEPLBCK_00998	100.000	660	0	0	1	660	1	660	0.0	1362
SA20160323_HIEPLBCK_00998	SA20160323_HIEPLBCK_01001	27.500	40	29	0	284	323	3	42	1.3	20.4
SA20160323_HIEPLBCK_00998	SA20160323_HIEPLBCK_00995	64.286	14	5	0	284	297	79	92	1.4	20.8
SA20160323_HIEPLBCK_00998	SA20160323_HIEPLBCK_00997	53.846	13	6	0	617	629	165	177	1.5	21.2
SA20160323_HIEPLBCK_00998	SA20160323_HIEPLBCK_00988	37.037	54	20	4	20	73	161	200	2.3	20.4
SA20160323_HIEPLBCK_00998	SA20160323_HIEPLBCK_00999	33.333	39	19	1	539	570	128	166	2.3	20.4
SA20160323_HIEPLBCK_00998	SA20160323_HIEPLBCK_00993	38.710	31	18	1	463	492	125	155	2.4	20.0
SA20160323_HIEPLBCK_00998	SA20160323_HIEPLBCK_00992	33.333	21	14	0	532	552	141	161	6.5	18.9
SA20160323_HIEPLBCK_00998	SA20160323_HIEPLBCK_01005	33.333	18	12	0	214	231	289	306	8.6	18.5
SA20160323_HIEPLBCK_00999	SA20160323_HIEPLBCK_00999	100.000	299	0	0	1	299	1	299	0.0	612
SA20160323_HIEPLBCK_00999	SA20160323_HIEPLBCK_00998	33.333	39	19	1	128	166	539	570	1.0	20.4
SA20160323_HIEPLBCK_00999	SA20160323_HIEPLBCK_00990	35.294	17	11	0	157	173	234	250	1.3	20.0
SA20160323_HIEPLBCK_00999	SA20160323_HIEPLBCK_00996	52.941	17	8	0	126	142	363	379	2.3	19.2
SA20160323_HIEPLBCK_00999	SA20160323_HIEPLBCK_01007	60.000	10	4	0	184	193	8	17	3.7	18.5
SA20160323_HIEPLBCK_00999	SA20160323_HIEPLBCK_01000	25.000	36	24	1	182	217	470	502	4.3	18.5
SA20160323_HIEPLBCK_01000	SA20160323_HIEPLBCK_01000	100.000	548	0	0	1	548	1	548	0.0	1108
SA20160323_HIEPLBCK_01000	SA20160323_HIEPLBCK_00996	38.889	18	11	0	367	384	278	295	1.0	21.2
SA20160323_HIEPLBCK_01000	SA20160323_HIEPLBCK_01004	50.000	16	8	0	207	222	66	81	1.5	20.8
SA20160323_HIEPLBCK_01000	SA20160323_HIEPLBCK_00999	25.000	36	24	1	470	502	182	217	8.5	18.5
SA20160323_HIEPLBCK_01000	SA20160323_HIEPLBCK_00991	52.632	19	7	1	482	500	193	209	8.5	18.1
SA20160323_HIEPLBCK_01001	SA20160323_HIEPLBCK_01001	100.000	111	0	0	1	111	1	111	1.65e-76	212
SA20160323_HIEPLBCK_01001	SA20160323_HIEPLBCK_00992	37.037	27	17	0	78	104	304	330	0.049	22.3
SA20160323_HIEPLBCK_01001	SA20160323_HIEPLBCK_01005	50.000	20	10	0	86	105	246	265	0.079	21.9
SA20160323_HIEPLBCK_01001	SA20160323_HIEPLBCK_00998	27.500	40	29	0	3	42	284	323	0.21	20.8
SA20160323_HIEPLBCK_01001	SA20160323_HIEPLBCK_00994	23.077	26	20	0	73	98	113	138	4.0	16.5
SA20160323_HIEPLBCK_01002	SA20160323_HIEPLBCK_01002	100.000	125	0	0	1	125	1	125	2.86e-85	235
SA20160323_HIEPLBCK_01002	SA20160323_HIEPLBCK_01005	25.926	27	20	0	72	98	264	290	1.9	18.1
SA20160323_HIEPLBCK_01002	SA20160323_HIEPLBCK_00990	47.826	23	11	1	25	46	1	23	2.2	17.7
SA20160323_HIEPLBCK_01002	SA20160323_HIEPLBCK_00992	47.059	17	9	0	87	103	159	175	4.6	16.9
SA20160323_HIEPLBCK_01002	SA20160323_HIEPLBCK_00994	75.000	8	2	0	67	74	131	138	5.8	16.2
SA20160323_HIEPLBCK_01003	SA20160323_HIEPLBCK_01003	100.000	85	0	0	1	85	1	85	1.43e-63	177
SA20160323_HIEPLBCK_01003	SA20160323_HIEPLBCK_01007	25.926	27	20	0	52	78	5	31	2.2	16.9
SA20160323_HIEPLBCK_01003	SA20160323_HIEPLBCK_00996	20.000	50	40	0	31	80	238	287	3.0	16.5
SA20160323_HIEPLBCK_01004	SA20160323_HIEPLBCK_01004	100.000	455	0	0	1	455	1	455	0.0	923
SA20160323_HIEPLBCK_01004	SA20160323_HIEPLBCK_00994	32.432	37	25	0	228	264	19	55	0.50	21.6
SA20160323_HIEPLBCK_01004	SA20160323_HIEPLBCK_01000	50.000	16	8	0	66	81	207	222	1.2	20.8
SA20160323_HIEPLBCK_01004	SA20160323_HIEPLBCK_01005	29.310	116	66	4	144	251	73	180	2.1	20.0
SA20160323_HIEPLBCK_01004	SA20160323_HIEPLBCK_01006	37.931	29	15	1	88	113	243	271	2.6	19.6
SA20160323_HIEPLBCK_01004	SA20160323_HIEPLBCK_00992	44.000	25	13	1	101	125	267	290	6.8	18.5
SA20160323_HIEPLBCK_01005	SA20160323_HIEPLBCK_01005	100.000	320	0	0	1	320	1	320	0.0	647
SA20160323_HIEPLBCK_01005	SA20160323_HIEPLBCK_01004	29.310	116	66	4	73	180	144	251	1.5	20.0
SA20160323_HIEPLBCK_01005	SA20160323_HIEPLBCK_00998	33.333	18	12	0	289	306	214	231	4.2	18.5
SA20160323_HIEPLBCK_01005	SA20160323_HIEPLBCK_01002	25.926	27	20	0	264	290	72	98	4.8	18.1
SA20160323_HIEPLBCK_01005	SA20160323_HIEPLBCK_00995	27.778	36	25	1	191	226	64	98	5.5	18.1
SA20160323_HIEPLBCK_01005	SA20160323_HIEPLBCK_01001	58.333	12	5	0	246	257	86	97	8.3	17.3
SA20160323_HIEPLBCK_01006	SA20160323_HIEPLBCK_01006	100.000	285	0	0	1	285	1	285	0.0	598
SA20160323_HIEPLBCK_01006	SA20160323_HIEPLBCK_00988	23.333	30	23	0	251	280	90	119	0.95	20.4
SA20160323_HIEPLBCK_01006	SA20160323_HIEPLBCK_01004	37.931	29	15	1	243	271	88	113	1.6	19.6
SA20160323_HIEPLBCK_01006	SA20160323_HIEPLBCK_01007	41.667	12	7	0	14	25	36	47	5.2	18.1
SA20160323_HIEPLBCK_01006	SA20160323_HIEPLBCK_00990	34.483	29	18	1	80	107	10	38	6.3	17.7
SA20160323_HIEPLBCK_01006	SA20160323_HIEPLBCK_01000	22.414	58	34	2	115	167	315	366	9.8	17.3
SA20160323_HIEPLBCK_01007	SA20160323_HIEPLBCK_01007	100.000	252	0	0	1	252	1	252	0.0	516
SA20160323_HIEPLBCK_01007	SA20160323_HIEPLBCK_00999	60.000	10	4	0	8	17	184	193	3.1	18.5
SA20160323_HIEPLBCK_01007	SA20160323_HIEPLBCK_01000	32.000	25	14	1	131	152	240	264	3.2	18.5
SA20160323_HIEPLBCK_01007	SA20160323_HIEPLBCK_00992	39.130	23	14	0	114	136	329	351	4.6	18.1
SA20160323_HIEPLBCK_01007	SA20160323_HIEPLBCK_01006	41.667	12	7	0	36	47	14	25	4.6	18.1
SA20160323_HIEPLBCK_01007	SA20160323_HIEPLBCK_00989	43.750	16	9	0	10	25	156	171	5.3	17.7
SA20160323_HIEPLBCK_01007	SA20160323_HIEPLBCK_01003	25.926	27	20	0	5	31	52	78	6.4	16.9
SA20160323_HIEPLBCK_01007	SA20160323_HIEPLBCK_00987	29.167	24	17	0	61	84	17	40	6.7	16.5
SA20160201_IJJBCCFE_03925	SA20160201_IJJBCCFE_03925	100.000	58	0	0	1	58	1	58	1.85e-42	122
SA20160201_IJJBCCFE_03925	SA20160201_IJJBCCFE_03930	91.228	57	5	0	2	58	342	398	1.35e-35	113
SA20160201_IJJBCCFE_03925	SA20160201_IJJBCCFE_03933	57.143	7	3	0	43	49	28	34	0.89	17.3
SA20160201_IJJBCCFE_03925	SA20160201_IJJBCCFE_03945	29.167	24	17	0	17	40	61	84	2.6	15.8
SA20160201_IJJBCCFE_03925	SA20160201_IJJBCCFE_03929	31.579	19	13	0	40	58	242	260	4.9	15.4
SA20160201_IJJBCCFE_03925	SA20160201_IJJBCCFE_03932	30.435	23	16	0	21	43	54	76	5.2	15.0
SA20160201_IJJBCCFE_03926	SA20160201_IJJBCCFE_03926	100.000	267	0	0	1	267	1	267	0.0	547
SA20160201_IJJBCCFE_03926	SA20160201_IJJBCCFE_03944	23.333	30	23	0	90	119	251	280	0.90	20.4
SA20160201_IJJBCCFE_03926	SA20160201_IJJBCCFE_03936	35.185	54	21	4	161	200	20	73	1.4	19.6
SA20160201_IJJBCCFE_03926	SA20160201_IJJBCCFE_03927	27.907	43	24	1	180	222	314	349	8.1	17.3
SA20160201_IJJBCCFE_03927	SA20160201_IJJBCCFE_03927	100.000	429	0	0	1	429	1	429	0.0	845
SA20160201_IJJBCCFE_03927	SA20160201_IJJBCCFE_03931	32.500	80	30	4	288	367	55	110	0.021	25.8
SA20160201_IJJBCCFE_03927	SA20160201_IJJBCCFE_03936	34.783	23	15	0	298	320	32	54	8.0	18.1
SA20160201_IJJBCCFE_03927	SA20160201_IJJBCCFE_03945	43.750	16	9	0	156	171	10	25	8.9	17.7
SA20160201_IJJBCCFE_03928	SA20160201_IJJBCCFE_03928	100.000	401	0	0	1	401	1	401	0.0	838
SA20160201_IJJBCCFE_03928	SA20160201_IJJBCCFE_03937	35.294	17	11	0	234	250	157	173	1.7	20.0
SA20160201_IJJBCCFE_03928	SA20160201_IJJBCCFE_03934	35.714	14	9	0	1	14	279	292	3.7	18.9
SA20160201_IJJBCCFE_03928	SA20160201_IJJBCCFE_03930	25.714	35	26	0	308	342	97	131	4.3	18.9
SA20160201_IJJBCCFE_03928	SA20160201_IJJBCCFE_03936	21.622	37	29	0	32	68	322	358	7.0	18.1
SA20160201_IJJBCCFE_03928	SA20160201_IJJBCCFE_03940	47.826	23	11	1	1	23	25	46	7.0	17.7
SA20160201_IJJBCCFE_03928	SA20160201_IJJBCCFE_03944	34.483	29	18	1	10	38	80	107	9.3	17.7
SA20160201_IJJBCCFE_03929	SA20160201_IJJBCCFE_03929	100.000	260	0	0	1	260	1	260	0.0	532
SA20160201_IJJBCCFE_03929	SA20160201_IJJBCCFE_03934	24.211	95	60	4	170	259	193	280	2.9	18.9
SA20160201_IJJBCCFE_03929	SA20160201_IJJBCCFE_03938	52.632	19	7	1	193	209	482	500	4.3	18.1
SA20160201_IJJBCCFE_03930	SA20160201_IJJBCCFE_03930	100.000	398	0	0	1	398	1	398	0.0	814
SA20160201_IJJBCCFE_03930	SA20160201_IJJBCCFE_03925	91.228	57	5	0	342	398	2	58	9.26e-35	113
SA20160201_IJJBCCFE_03930	SA20160201_IJJBCCFE_03928	25.714	35	26	0	97	131	308	342	4.3	18.9
SA20160201_IJJBCCFE_03930	SA20160201_IJJBCCFE_03936	28.571	21	15	0	141	161	532	552	5.4	18.5
SA20160201_IJJBCCFE_03930	SA20160201_IJJBCCFE_03942	44.000	25	13	1	267	290	101	125	5.9	18.5
SA20160201_IJJBCCFE_03930	SA20160201_IJJBCCFE_03934	31.034	29	20	0	211	239	333	361	6.0	18.5
SA20160201_IJJBCCFE_03930	SA20160201_IJJBCCFE_03945	39.130	23	14	0	329	351	114	136	7.3	18.1
SA20160201_IJJBCCFE_03931	SA20160201_IJJBCCFE_03931	100.000	188	0	0	1	188	1	188	3.86e-139	377
SA20160201_IJJBCCFE_03931	SA20160201_IJJBCCFE_03927	32.500	80	30	4	55	110	288	367	0.009	25.8
SA20160201_IJJBCCFE_03931	SA20160201_IJJBCCFE_03936	38.710	31	18	1	125	155	463	492	0.72	20.0
SA20160201_IJJBCCFE_03931	SA20160201_IJJBCCFE_03928	31.915	47	29	2	87	130	182	228	1.3	19.2
SA20160201_IJJBCCFE_03931	SA20160201_IJJBCCFE_03930	20.690	29	23	0	49	77	300	328	8.2	16.5
SA20160201_IJJBCCFE_03932	SA20160201_IJJBCCFE_03932	100.000	141	0	0	1	141	1	141	1.44e-106	290
SA20160201_IJJBCCFE_03932	SA20160201_IJJBCCFE_03942	32.432	37	25	0	19	55	228	264	0.074	22.3
SA20160201_IJJBCCFE_03932	SA20160201_IJJBCCFE_03939	23.077	26	20	0	113	138	73	98	5.4	16.5
SA20160201_IJJBCCFE_03932	SA20160201_IJJBCCFE_03929	25.000	36	27	0	93	128	43	78	5.6	16.5
SA20160201_IJJBCCFE_03932	SA20160201_IJJBCCFE_03940	75.000	8	2	0	131	138	67	74	6.6	16.2
SA20160201_IJJBCCFE_03933	SA20160201_IJJBCCFE_03933	100.000	201	0	0	1	201	1	201	6.40e-155	418
SA20160201_IJJBCCFE_03933	SA20160201_IJJBCCFE_03936	64.286	14	5	0	79	92	284	297	0.42	20.8
SA20160201_IJJBCCFE_03933	SA20160201_IJJBCCFE_03925	57.143	7	3	0	28	34	43	49	3.1	17.3
SA20160201_IJJBCCFE_03933	SA20160201_IJJBCCFE_03943	27.778	36	25	1	64	98	191	226	3.7	17.7
SA20160201_IJJBCCFE_03933	SA20160201_IJJBCCFE_03935	28.000	25	18	0	165	189	294	318	7.8	16.9
SA20160201_IJJBCCFE_03933	SA20160201_IJJBCCFE_03945	39.286	28	16	1	24	50	152	179	8.9	16.5
SA20160201_IJJBCCFE_03934	SA20160201_IJJBCCFE_03934	100.000	379	0	0	1	379	1	379	0.0	783
SA20160201_IJJBCCFE_03934	SA20160201_IJJBCCFE_03938	38.889	18	11	0	278	295	367	384	0.94	20.8
SA20160201_IJJBCCFE_03934	SA20160201_IJJBCCFE_03937	52.941	17	8	0	363	379	126	142	3.1	19.2
SA20160201_IJJBCCFE_03934	SA20160201_IJJBCCFE_03928	35.714	14	9	0	279	292	1	14	3.5	18.9
SA20160201_IJJBCCFE_03934	SA20160201_IJJBCCFE_03930	31.034	29	20	0	333	361	211	239	5.7	18.5
SA20160201_IJJBCCFE_03935	SA20160201_IJJBCCFE_03935	100.000	327	0	0	1	327	1	327	0.0	673
SA20160201_IJJBCCFE_03935	SA20160201_IJJBCCFE_03936	53.846	13	6	0	165	177	617	629	0.72	21.2
SA20160201_IJJBCCFE_03936	SA20160201_IJJBCCFE_03936	100.000	660	0	0	1	660	1	660	0.0	1360
SA20160201_IJJBCCFE_03936	SA20160201_IJJBCCFE_03939	32.500	40	27	0	284	323	3	42	0.18	23.1
SA20160201_IJJBCCFE_03936	SA20160201_IJJBCCFE_03933	64.286	14	5	0	284	297	79	92	1.4	20.8
SA20160201_IJJBCCFE_03936	SA20160201_IJJBCCFE_03935	53.846	13	6	0	617	629	165	177	1.5	21.2
SA20160201_IJJBCCFE_03936	SA20160201_IJJBCCFE_03937	35.897	39	18	1	539	570	128	166	1.6	20.8
SA20160201_IJJBCCFE_03936	SA20160201_IJJBCCFE_03931	38.710	31	18	1	463	492	125	155	2.5	20.0
SA20160201_IJJBCCFE_03936	SA20160201_IJJBCCFE_03926	35.185	54	21	4	20	73	161	200	3.5	19.6
SA20160201_IJJBCCFE_03936	SA20160201_IJJBCCFE_03930	28.571	21	15	0	532	552	141	161	8.9	18.5
SA20160201_IJJBCCFE_03937	SA20160201_IJJBCCFE_03937	100.000	299	0	0	1	299	1	299	0.0	612
SA20160201_IJJBCCFE_03937	SA20160201_IJJBCCFE_03936	35.897	39	18	1	128	166	539	570	0.74	20.8
SA20160201_IJJBCCFE_03937	SA20160201_IJJBCCFE_03928	35.294	17	11	0	157	173	234	250	1.2	20.0
SA20160201_IJJBCCFE_03937	SA20160201_IJJBCCFE_03934	52.941	17	8	0	126	142	363	379	2.4	19.2
SA20160201_IJJBCCFE_03937	SA20160201_IJJBCCFE_03938	31.579	19	13	0	199	217	484	502	9.3	17.3
SA20160201_IJJBCCFE_03938	SA20160201_IJJBCCFE_03938	100.000	548	0	0	1	548	1	548	0.0	1107
SA20160201_IJJBCCFE_03938	SA20160201_IJJBCCFE_03934	38.889	18	11	0	367	384	278	295	1.4	20.8
SA20160201_IJJBCCFE_03938	SA20160201_IJJBCCFE_03942	50.000	16	8	0	207	222	66	81	1.9	20.4
SA20160201_IJJBCCFE_03938	SA20160201_IJJBCCFE_03929	52.632	19	7	1	482	500	193	209	8.7	18.1
SA20160201_IJJBCCFE_03939	SA20160201_IJJBCCFE_03939	100.000	111	0	0	1	111	1	111	1.38e-76	213
SA20160201_IJJBCCFE_03939	SA20160201_IJJBCCFE_03936	32.500	40	27	0	3	42	284	323	0.030	23.1
SA20160201_IJJBCCFE_03939	SA20160201_IJJBCCFE_03930	37.037	27	17	0	78	104	304	330	0.049	22.3
SA20160201_IJJBCCFE_03939	SA20160201_IJJBCCFE_03943	45.000	20	11	0	86	105	246	265	0.84	18.9
SA20160201_IJJBCCFE_03939	SA20160201_IJJBCCFE_03932	23.077	26	20	0	73	98	113	138	3.9	16.5
SA20160201_IJJBCCFE_03939	SA20160201_IJJBCCFE_03927	54.545	11	5	0	99	109	399	409	8.0	15.8
SA20160201_IJJBCCFE_03940	SA20160201_IJJBCCFE_03940	100.000	125	0	0	1	125	1	125	2.86e-85	235
SA20160201_IJJBCCFE_03940	SA20160201_IJJBCCFE_03943	25.926	27	20	0	72	98	264	290	1.9	18.1
SA20160201_IJJBCCFE_03940	SA20160201_IJJBCCFE_03928	47.826	23	11	1	25	46	1	23	2.2	17.7
SA20160201_IJJBCCFE_03940	SA20160201_IJJBCCFE_03930	47.059	17	9	0	87	103	159	175	4.5	16.9
SA20160201_IJJBCCFE_03940	SA20160201_IJJBCCFE_03932	75.000	8	2	0	67	74	131	138	5.8	16.2
SA20160201_IJJBCCFE_03940	SA20160201_IJJBCCFE_03927	28.235	85	56	3	6	87	324	406	6.6	16.2
SA20160201_IJJBCCFE_03941	SA20160201_IJJBCCFE_03941	100.000	85	0	0	1	85	1	85	1.43e-63	177
SA20160201_IJJBCCFE_03941	SA20160201_IJJBCCFE_03945	25.926	27	20	0	52	78	5	31	2.1	16.9
SA20160201_IJJBCCFE_03941	SA20160201_IJJBCCFE_03934	20.000	50	40	0	31	80	238	287	2.4	16.9
SA20160201_IJJBCCFE_03942	SA20160201_IJJBCCFE_03942	100.000	455	0	0	1	455	1	455	0.0	923
SA20160201_IJJBCCFE_03942	SA20160201_IJJBCCFE_03932	32.432	37	25	0	228	264	19	55	0.24	22.3
SA20160201_IJJBCCFE_03942	SA20160201_IJJBCCFE_03943	27.703	148	81	5	112	251	51	180	1.1	20.8
SA20160201_IJJBCCFE_03942	SA20160201_IJJBCCFE_03938	50.000	16	8	0	66	81	207	222	1.5	20.4
SA20160201_IJJBCCFE_03942	SA20160201_IJJBCCFE_03944	37.931	29	15	1	88	113	243	271	2.5	19.6
SA20160201_IJJBCCFE_03942	SA20160201_IJJBCCFE_03930	44.000	25	13	1	101	125	267	290	6.8	18.5
SA20160201_IJJBCCFE_03943	SA20160201_IJJBCCFE_03943	100.000	320	0	0	1	320	1	320	0.0	645
SA20160201_IJJBCCFE_03943	SA20160201_IJJBCCFE_03942	27.703	148	81	5	51	180	112	251	0.74	20.8
SA20160201_IJJBCCFE_03943	SA20160201_IJJBCCFE_03938	30.556	36	18	1	242	270	331	366	2.3	19.2
SA20160201_IJJBCCFE_03943	SA20160201_IJJBCCFE_03940	25.926	27	20	0	264	290	72	98	4.9	18.1
SA20160201_IJJBCCFE_03943	SA20160201_IJJBCCFE_03936	33.333	18	12	0	289	306	214	231	5.7	18.1
SA20160201_IJJBCCFE_03943	SA20160201_IJJBCCFE_03933	27.778	36	25	1	191	226	64	98	5.9	17.7
SA20160201_IJJBCCFE_03944	SA20160201_IJJBCCFE_03944	100.000	285	0	0	1	285	1	285	0.0	598
SA20160201_IJJBCCFE_03944	SA20160201_IJJBCCFE_03926	23.333	30	23	0	251	280	90	119	0.96	20.4
SA20160201_IJJBCCFE_03944	SA20160201_IJJBCCFE_03942	37.931	29	15	1	243	271	88	113	1.6	19.6
SA20160201_IJJBCCFE_03944	SA20160201_IJJBCCFE_03945	41.667	12	7	0	14	25	36	47	5.4	17.7
SA20160201_IJJBCCFE_03944	SA20160201_IJJBCCFE_03928	34.483	29	18	1	80	107	10	38	6.6	17.7
SA20160201_IJJBCCFE_03945	SA20160201_IJJBCCFE_03945	100.000	252	0	0	1	252	1	252	0.0	519
SA20160201_IJJBCCFE_03945	SA20160201_IJJBCCFE_03938	32.000	25	14	1	131	152	240	264	3.1	18.5
SA20160201_IJJBCCFE_03945	SA20160201_IJJBCCFE_03930	39.130	23	14	0	114	136	329	351	4.6	18.1
SA20160201_IJJBCCFE_03945	SA20160201_IJJBCCFE_03944	41.667	12	7	0	36	47	14	25	4.8	17.7
SA20160201_IJJBCCFE_03945	SA20160201_IJJBCCFE_03927	43.750	16	9	0	10	25	156	171	5.2	17.7
SA20160201_IJJBCCFE_03945	SA20160201_IJJBCCFE_03941	25.926	27	20	0	5	31	52	78	6.2	16.9
SA20160201_IJJBCCFE_03945	SA20160201_IJJBCCFE_03929	24.051	79	45	3	149	226	39	103	7.0	17.3
