SA20160170_CHGPAPHK_03924	SA20160209_CPEIOPNK_03971	100.000	58	0	0	1	58	1	58	1.85e-42	122
SA20160170_CHGPAPHK_03924	SA20160209_CPEIOPNK_03966	91.228	57	5	0	2	58	342	398	1.35e-35	113
SA20160170_CHGPAPHK_03924	SA20160209_CPEIOPNK_03963	57.143	7	3	0	43	49	28	34	0.89	17.3
SA20160170_CHGPAPHK_03924	SA20160209_CPEIOPNK_03951	29.167	24	17	0	17	40	61	84	2.6	15.8
SA20160170_CHGPAPHK_03924	SA20160209_CPEIOPNK_03967	31.579	19	13	0	40	58	242	260	4.9	15.4
SA20160170_CHGPAPHK_03924	SA20160209_CPEIOPNK_03964	30.435	23	16	0	21	43	54	76	5.2	15.0
SA20160170_CHGPAPHK_03925	SA20160209_CPEIOPNK_03970	100.000	267	0	0	1	267	1	267	0.0	547
SA20160170_CHGPAPHK_03925	SA20160209_CPEIOPNK_03952	23.333	30	23	0	90	119	251	280	0.90	20.4
SA20160170_CHGPAPHK_03925	SA20160209_CPEIOPNK_03960	35.185	54	21	4	161	200	20	73	1.4	19.6
SA20160170_CHGPAPHK_03925	SA20160209_CPEIOPNK_03969	27.907	43	24	1	180	222	314	349	8.1	17.3
SA20160170_CHGPAPHK_03926	SA20160209_CPEIOPNK_03969	100.000	429	0	0	1	429	1	429	0.0	845
SA20160170_CHGPAPHK_03926	SA20160209_CPEIOPNK_03965	32.500	80	30	4	288	367	55	110	0.021	25.8
SA20160170_CHGPAPHK_03926	SA20160209_CPEIOPNK_03960	34.783	23	15	0	298	320	32	54	8.0	18.1
SA20160170_CHGPAPHK_03926	SA20160209_CPEIOPNK_03951	43.750	16	9	0	156	171	10	25	8.9	17.7
SA20160170_CHGPAPHK_03927	SA20160209_CPEIOPNK_03968	100.000	401	0	0	1	401	1	401	0.0	838
SA20160170_CHGPAPHK_03927	SA20160209_CPEIOPNK_03959	35.294	17	11	0	234	250	157	173	1.7	20.0
SA20160170_CHGPAPHK_03927	SA20160209_CPEIOPNK_03962	35.714	14	9	0	1	14	279	292	3.7	18.9
SA20160170_CHGPAPHK_03927	SA20160209_CPEIOPNK_03966	25.714	35	26	0	308	342	97	131	4.3	18.9
SA20160170_CHGPAPHK_03927	SA20160209_CPEIOPNK_03960	21.622	37	29	0	32	68	322	358	7.0	18.1
SA20160170_CHGPAPHK_03927	SA20160209_CPEIOPNK_03956	47.826	23	11	1	1	23	25	46	7.0	17.7
SA20160170_CHGPAPHK_03927	SA20160209_CPEIOPNK_03952	34.483	29	18	1	10	38	80	107	9.3	17.7
SA20160170_CHGPAPHK_03928	SA20160209_CPEIOPNK_03967	100.000	260	0	0	1	260	1	260	0.0	532
SA20160170_CHGPAPHK_03928	SA20160209_CPEIOPNK_03962	24.211	95	60	4	170	259	193	280	2.9	18.9
SA20160170_CHGPAPHK_03928	SA20160209_CPEIOPNK_03958	52.632	19	7	1	193	209	482	500	4.3	18.1
SA20160170_CHGPAPHK_03928	SA20160209_CPEIOPNK_03951	24.051	79	45	3	39	103	149	226	7.2	17.3
SA20160170_CHGPAPHK_03929	SA20160209_CPEIOPNK_03966	100.000	398	0	0	1	398	1	398	0.0	814
SA20160170_CHGPAPHK_03929	SA20160209_CPEIOPNK_03971	91.228	57	5	0	342	398	2	58	9.26e-35	113
SA20160170_CHGPAPHK_03929	SA20160209_CPEIOPNK_03968	25.714	35	26	0	97	131	308	342	4.3	18.9
SA20160170_CHGPAPHK_03929	SA20160209_CPEIOPNK_03960	28.571	21	15	0	141	161	532	552	5.4	18.5
SA20160170_CHGPAPHK_03929	SA20160209_CPEIOPNK_03954	44.000	25	13	1	267	290	101	125	5.9	18.5
SA20160170_CHGPAPHK_03929	SA20160209_CPEIOPNK_03962	31.034	29	20	0	211	239	333	361	6.0	18.5
SA20160170_CHGPAPHK_03929	SA20160209_CPEIOPNK_03951	39.130	23	14	0	329	351	114	136	7.3	18.1
SA20160170_CHGPAPHK_03930	SA20160209_CPEIOPNK_03965	100.000	188	0	0	1	188	1	188	3.86e-139	377
SA20160170_CHGPAPHK_03930	SA20160209_CPEIOPNK_03969	32.500	80	30	4	55	110	288	367	0.009	25.8
SA20160170_CHGPAPHK_03930	SA20160209_CPEIOPNK_03960	38.710	31	18	1	125	155	463	492	0.72	20.0
SA20160170_CHGPAPHK_03930	SA20160209_CPEIOPNK_03968	31.915	47	29	2	87	130	182	228	1.3	19.2
SA20160170_CHGPAPHK_03930	SA20160209_CPEIOPNK_03966	20.690	29	23	0	49	77	300	328	8.2	16.5
SA20160170_CHGPAPHK_03931	SA20160209_CPEIOPNK_03964	100.000	141	0	0	1	141	1	141	1.44e-106	290
SA20160170_CHGPAPHK_03931	SA20160209_CPEIOPNK_03954	32.432	37	25	0	19	55	228	264	0.074	22.3
SA20160170_CHGPAPHK_03931	SA20160209_CPEIOPNK_03957	23.077	26	20	0	113	138	73	98	5.4	16.5
SA20160170_CHGPAPHK_03931	SA20160209_CPEIOPNK_03967	25.000	36	27	0	93	128	43	78	5.6	16.5
SA20160170_CHGPAPHK_03931	SA20160209_CPEIOPNK_03956	75.000	8	2	0	131	138	67	74	6.6	16.2
SA20160170_CHGPAPHK_03932	SA20160209_CPEIOPNK_03963	100.000	201	0	0	1	201	1	201	6.40e-155	418
SA20160170_CHGPAPHK_03932	SA20160209_CPEIOPNK_03960	64.286	14	5	0	79	92	284	297	0.42	20.8
SA20160170_CHGPAPHK_03932	SA20160209_CPEIOPNK_03971	57.143	7	3	0	28	34	43	49	3.1	17.3
SA20160170_CHGPAPHK_03932	SA20160209_CPEIOPNK_03953	27.778	36	25	1	64	98	191	226	3.7	17.7
SA20160170_CHGPAPHK_03932	SA20160209_CPEIOPNK_03961	28.000	25	18	0	165	189	294	318	7.8	16.9
SA20160170_CHGPAPHK_03932	SA20160209_CPEIOPNK_03951	39.286	28	16	1	24	50	152	179	8.9	16.5
SA20160170_CHGPAPHK_03933	SA20160209_CPEIOPNK_03962	100.000	379	0	0	1	379	1	379	0.0	783
SA20160170_CHGPAPHK_03933	SA20160209_CPEIOPNK_03958	38.889	18	11	0	278	295	367	384	0.94	20.8
SA20160170_CHGPAPHK_03933	SA20160209_CPEIOPNK_03959	52.941	17	8	0	363	379	126	142	3.1	19.2
SA20160170_CHGPAPHK_03933	SA20160209_CPEIOPNK_03968	35.714	14	9	0	279	292	1	14	3.5	18.9
SA20160170_CHGPAPHK_03933	SA20160209_CPEIOPNK_03967	24.211	95	60	4	193	280	170	259	4.2	18.9
SA20160170_CHGPAPHK_03933	SA20160209_CPEIOPNK_03966	31.034	29	20	0	333	361	211	239	5.7	18.5
SA20160170_CHGPAPHK_03934	SA20160209_CPEIOPNK_03961	100.000	327	0	0	1	327	1	327	0.0	673
SA20160170_CHGPAPHK_03934	SA20160209_CPEIOPNK_03960	53.846	13	6	0	165	177	617	629	0.72	21.2
SA20160170_CHGPAPHK_03935	SA20160209_CPEIOPNK_03960	100.000	660	0	0	1	660	1	660	0.0	1360
SA20160170_CHGPAPHK_03935	SA20160209_CPEIOPNK_03957	32.500	40	27	0	284	323	3	42	0.18	23.1
SA20160170_CHGPAPHK_03935	SA20160209_CPEIOPNK_03963	64.286	14	5	0	284	297	79	92	1.4	20.8
SA20160170_CHGPAPHK_03935	SA20160209_CPEIOPNK_03961	53.846	13	6	0	617	629	165	177	1.5	21.2
SA20160170_CHGPAPHK_03935	SA20160209_CPEIOPNK_03959	35.897	39	18	1	539	570	128	166	1.6	20.8
SA20160170_CHGPAPHK_03935	SA20160209_CPEIOPNK_03965	38.710	31	18	1	463	492	125	155	2.5	20.0
SA20160170_CHGPAPHK_03935	SA20160209_CPEIOPNK_03970	35.185	54	21	4	20	73	161	200	3.5	19.6
SA20160170_CHGPAPHK_03935	SA20160209_CPEIOPNK_03966	28.571	21	15	0	532	552	141	161	8.9	18.5
SA20160170_CHGPAPHK_03936	SA20160209_CPEIOPNK_03959	100.000	299	0	0	1	299	1	299	0.0	612
SA20160170_CHGPAPHK_03936	SA20160209_CPEIOPNK_03960	35.897	39	18	1	128	166	539	570	0.74	20.8
SA20160170_CHGPAPHK_03936	SA20160209_CPEIOPNK_03968	35.294	17	11	0	157	173	234	250	1.2	20.0
SA20160170_CHGPAPHK_03936	SA20160209_CPEIOPNK_03962	52.941	17	8	0	126	142	363	379	2.4	19.2
SA20160170_CHGPAPHK_03936	SA20160209_CPEIOPNK_03958	27.869	61	38	2	77	131	459	519	8.9	17.3
SA20160170_CHGPAPHK_03937	SA20160209_CPEIOPNK_03958	100.000	548	0	0	1	548	1	548	0.0	1107
SA20160170_CHGPAPHK_03937	SA20160209_CPEIOPNK_03962	38.889	18	11	0	367	384	278	295	1.4	20.8
SA20160170_CHGPAPHK_03937	SA20160209_CPEIOPNK_03954	50.000	16	8	0	207	222	66	81	1.9	20.4
SA20160170_CHGPAPHK_03937	SA20160209_CPEIOPNK_03953	30.556	36	18	1	331	366	242	270	4.2	19.2
SA20160170_CHGPAPHK_03937	SA20160209_CPEIOPNK_03951	32.000	25	14	1	240	264	131	152	6.7	18.5
SA20160170_CHGPAPHK_03937	SA20160209_CPEIOPNK_03967	52.632	19	7	1	482	500	193	209	8.7	18.1
SA20160170_CHGPAPHK_03938	SA20160209_CPEIOPNK_03957	100.000	111	0	0	1	111	1	111	1.38e-76	213
SA20160170_CHGPAPHK_03938	SA20160209_CPEIOPNK_03960	32.500	40	27	0	3	42	284	323	0.030	23.1
SA20160170_CHGPAPHK_03938	SA20160209_CPEIOPNK_03966	37.037	27	17	0	78	104	304	330	0.049	22.3
SA20160170_CHGPAPHK_03938	SA20160209_CPEIOPNK_03953	45.000	20	11	0	86	105	246	265	0.84	18.9
SA20160170_CHGPAPHK_03938	SA20160209_CPEIOPNK_03958	33.333	30	19	1	60	88	478	507	1.7	17.7
SA20160170_CHGPAPHK_03938	SA20160209_CPEIOPNK_03964	23.077	26	20	0	73	98	113	138	3.9	16.5
SA20160170_CHGPAPHK_03938	SA20160209_CPEIOPNK_03969	54.545	11	5	0	99	109	399	409	8.0	15.8
SA20160170_CHGPAPHK_03939	SA20160209_CPEIOPNK_03956	100.000	125	0	0	1	125	1	125	2.86e-85	235
SA20160170_CHGPAPHK_03939	SA20160209_CPEIOPNK_03953	25.926	27	20	0	72	98	264	290	1.9	18.1
SA20160170_CHGPAPHK_03939	SA20160209_CPEIOPNK_03968	47.826	23	11	1	25	46	1	23	2.2	17.7
SA20160170_CHGPAPHK_03939	SA20160209_CPEIOPNK_03966	47.059	17	9	0	87	103	159	175	4.5	16.9
SA20160170_CHGPAPHK_03939	SA20160209_CPEIOPNK_03964	75.000	8	2	0	67	74	131	138	5.8	16.2
SA20160170_CHGPAPHK_03939	SA20160209_CPEIOPNK_03969	28.235	85	56	3	6	87	324	406	6.6	16.2
SA20160170_CHGPAPHK_03940	SA20160209_CPEIOPNK_03955	100.000	85	0	0	1	85	1	85	1.43e-63	177
SA20160170_CHGPAPHK_03940	SA20160209_CPEIOPNK_03951	25.926	27	20	0	52	78	5	31	2.1	16.9
SA20160170_CHGPAPHK_03940	SA20160209_CPEIOPNK_03962	20.000	50	40	0	31	80	238	287	2.4	16.9
SA20160170_CHGPAPHK_03941	SA20160209_CPEIOPNK_03954	100.000	455	0	0	1	455	1	455	0.0	923
SA20160170_CHGPAPHK_03941	SA20160209_CPEIOPNK_03964	32.432	37	25	0	228	264	19	55	0.24	22.3
SA20160170_CHGPAPHK_03941	SA20160209_CPEIOPNK_03953	27.703	148	81	5	112	251	51	180	1.1	20.8
SA20160170_CHGPAPHK_03941	SA20160209_CPEIOPNK_03958	50.000	16	8	0	66	81	207	222	1.5	20.4
SA20160170_CHGPAPHK_03941	SA20160209_CPEIOPNK_03952	37.931	29	15	1	88	113	243	271	2.5	19.6
SA20160170_CHGPAPHK_03941	SA20160209_CPEIOPNK_03966	44.000	25	13	1	101	125	267	290	6.8	18.5
SA20160170_CHGPAPHK_03942	SA20160209_CPEIOPNK_03953	100.000	320	0	0	1	320	1	320	0.0	645
SA20160170_CHGPAPHK_03942	SA20160209_CPEIOPNK_03954	27.703	148	81	5	51	180	112	251	0.74	20.8
SA20160170_CHGPAPHK_03942	SA20160209_CPEIOPNK_03958	30.556	36	18	1	242	270	331	366	2.3	19.2
SA20160170_CHGPAPHK_03942	SA20160209_CPEIOPNK_03956	25.926	27	20	0	264	290	72	98	4.9	18.1
SA20160170_CHGPAPHK_03942	SA20160209_CPEIOPNK_03960	33.333	18	12	0	289	306	214	231	5.7	18.1
SA20160170_CHGPAPHK_03942	SA20160209_CPEIOPNK_03963	27.778	36	25	1	191	226	64	98	5.9	17.7
SA20160170_CHGPAPHK_03943	SA20160209_CPEIOPNK_03952	100.000	285	0	0	1	285	1	285	0.0	598
SA20160170_CHGPAPHK_03943	SA20160209_CPEIOPNK_03970	23.333	30	23	0	251	280	90	119	0.96	20.4
SA20160170_CHGPAPHK_03943	SA20160209_CPEIOPNK_03954	37.931	29	15	1	243	271	88	113	1.6	19.6
SA20160170_CHGPAPHK_03943	SA20160209_CPEIOPNK_03951	41.667	12	7	0	14	25	36	47	5.4	17.7
SA20160170_CHGPAPHK_03943	SA20160209_CPEIOPNK_03968	34.483	29	18	1	80	107	10	38	6.6	17.7
SA20160170_CHGPAPHK_03944	SA20160209_CPEIOPNK_03951	100.000	252	0	0	1	252	1	252	0.0	519
SA20160170_CHGPAPHK_03944	SA20160209_CPEIOPNK_03958	32.000	25	14	1	131	152	240	264	3.1	18.5
SA20160170_CHGPAPHK_03944	SA20160209_CPEIOPNK_03966	39.130	23	14	0	114	136	329	351	4.6	18.1
SA20160170_CHGPAPHK_03944	SA20160209_CPEIOPNK_03952	41.667	12	7	0	36	47	14	25	4.8	17.7
SA20160170_CHGPAPHK_03944	SA20160209_CPEIOPNK_03969	43.750	16	9	0	10	25	156	171	5.2	17.7
SA20160170_CHGPAPHK_03944	SA20160209_CPEIOPNK_03955	25.926	27	20	0	5	31	52	78	6.2	16.9
SA20160170_CHGPAPHK_03944	SA20160209_CPEIOPNK_03967	24.051	79	45	3	149	226	39	103	7.0	17.3
SA20160209_CPEIOPNK_03951	SA20160209_CPEIOPNK_03951	100.000	252	0	0	1	252	1	252	0.0	519
SA20160209_CPEIOPNK_03951	SA20160209_CPEIOPNK_03958	32.000	25	14	1	131	152	240	264	3.1	18.5
SA20160209_CPEIOPNK_03951	SA20160209_CPEIOPNK_03966	39.130	23	14	0	114	136	329	351	4.6	18.1
SA20160209_CPEIOPNK_03951	SA20160209_CPEIOPNK_03952	41.667	12	7	0	36	47	14	25	4.8	17.7
SA20160209_CPEIOPNK_03951	SA20160209_CPEIOPNK_03969	43.750	16	9	0	10	25	156	171	5.2	17.7
SA20160209_CPEIOPNK_03951	SA20160209_CPEIOPNK_03955	25.926	27	20	0	5	31	52	78	6.2	16.9
SA20160209_CPEIOPNK_03951	SA20160209_CPEIOPNK_03967	24.051	79	45	3	149	226	39	103	7.0	17.3
SA20160209_CPEIOPNK_03952	SA20160209_CPEIOPNK_03952	100.000	285	0	0	1	285	1	285	0.0	598
SA20160209_CPEIOPNK_03952	SA20160209_CPEIOPNK_03970	23.333	30	23	0	251	280	90	119	0.96	20.4
SA20160209_CPEIOPNK_03952	SA20160209_CPEIOPNK_03954	37.931	29	15	1	243	271	88	113	1.6	19.6
SA20160209_CPEIOPNK_03952	SA20160209_CPEIOPNK_03951	41.667	12	7	0	14	25	36	47	5.4	17.7
SA20160209_CPEIOPNK_03952	SA20160209_CPEIOPNK_03968	34.483	29	18	1	80	107	10	38	6.6	17.7
SA20160209_CPEIOPNK_03953	SA20160209_CPEIOPNK_03953	100.000	320	0	0	1	320	1	320	0.0	645
SA20160209_CPEIOPNK_03953	SA20160209_CPEIOPNK_03954	27.703	148	81	5	51	180	112	251	0.74	20.8
SA20160209_CPEIOPNK_03953	SA20160209_CPEIOPNK_03958	30.556	36	18	1	242	270	331	366	2.3	19.2
SA20160209_CPEIOPNK_03953	SA20160209_CPEIOPNK_03956	25.926	27	20	0	264	290	72	98	4.9	18.1
SA20160209_CPEIOPNK_03953	SA20160209_CPEIOPNK_03960	33.333	18	12	0	289	306	214	231	5.7	18.1
SA20160209_CPEIOPNK_03953	SA20160209_CPEIOPNK_03963	27.778	36	25	1	191	226	64	98	5.9	17.7
SA20160209_CPEIOPNK_03954	SA20160209_CPEIOPNK_03954	100.000	455	0	0	1	455	1	455	0.0	923
SA20160209_CPEIOPNK_03954	SA20160209_CPEIOPNK_03964	32.432	37	25	0	228	264	19	55	0.24	22.3
SA20160209_CPEIOPNK_03954	SA20160209_CPEIOPNK_03953	27.703	148	81	5	112	251	51	180	1.1	20.8
SA20160209_CPEIOPNK_03954	SA20160209_CPEIOPNK_03958	50.000	16	8	0	66	81	207	222	1.5	20.4
SA20160209_CPEIOPNK_03954	SA20160209_CPEIOPNK_03952	37.931	29	15	1	88	113	243	271	2.5	19.6
SA20160209_CPEIOPNK_03954	SA20160209_CPEIOPNK_03966	44.000	25	13	1	101	125	267	290	6.8	18.5
SA20160209_CPEIOPNK_03955	SA20160209_CPEIOPNK_03955	100.000	85	0	0	1	85	1	85	1.43e-63	177
SA20160209_CPEIOPNK_03955	SA20160209_CPEIOPNK_03951	25.926	27	20	0	52	78	5	31	2.1	16.9
SA20160209_CPEIOPNK_03955	SA20160209_CPEIOPNK_03962	20.000	50	40	0	31	80	238	287	2.4	16.9
SA20160209_CPEIOPNK_03956	SA20160209_CPEIOPNK_03956	100.000	125	0	0	1	125	1	125	2.86e-85	235
SA20160209_CPEIOPNK_03956	SA20160209_CPEIOPNK_03953	25.926	27	20	0	72	98	264	290	1.9	18.1
SA20160209_CPEIOPNK_03956	SA20160209_CPEIOPNK_03968	47.826	23	11	1	25	46	1	23	2.2	17.7
SA20160209_CPEIOPNK_03956	SA20160209_CPEIOPNK_03966	47.059	17	9	0	87	103	159	175	4.5	16.9
SA20160209_CPEIOPNK_03956	SA20160209_CPEIOPNK_03964	75.000	8	2	0	67	74	131	138	5.8	16.2
SA20160209_CPEIOPNK_03956	SA20160209_CPEIOPNK_03969	28.235	85	56	3	6	87	324	406	6.6	16.2
SA20160209_CPEIOPNK_03957	SA20160209_CPEIOPNK_03957	100.000	111	0	0	1	111	1	111	1.38e-76	213
SA20160209_CPEIOPNK_03957	SA20160209_CPEIOPNK_03960	32.500	40	27	0	3	42	284	323	0.030	23.1
SA20160209_CPEIOPNK_03957	SA20160209_CPEIOPNK_03966	37.037	27	17	0	78	104	304	330	0.049	22.3
SA20160209_CPEIOPNK_03957	SA20160209_CPEIOPNK_03953	45.000	20	11	0	86	105	246	265	0.84	18.9
SA20160209_CPEIOPNK_03957	SA20160209_CPEIOPNK_03964	23.077	26	20	0	73	98	113	138	3.9	16.5
SA20160209_CPEIOPNK_03957	SA20160209_CPEIOPNK_03969	54.545	11	5	0	99	109	399	409	8.0	15.8
SA20160209_CPEIOPNK_03958	SA20160209_CPEIOPNK_03958	100.000	548	0	0	1	548	1	548	0.0	1107
SA20160209_CPEIOPNK_03958	SA20160209_CPEIOPNK_03962	38.889	18	11	0	367	384	278	295	1.4	20.8
SA20160209_CPEIOPNK_03958	SA20160209_CPEIOPNK_03954	50.000	16	8	0	207	222	66	81	1.9	20.4
SA20160209_CPEIOPNK_03958	SA20160209_CPEIOPNK_03967	52.632	19	7	1	482	500	193	209	8.7	18.1
SA20160209_CPEIOPNK_03959	SA20160209_CPEIOPNK_03959	100.000	299	0	0	1	299	1	299	0.0	612
SA20160209_CPEIOPNK_03959	SA20160209_CPEIOPNK_03960	35.897	39	18	1	128	166	539	570	0.74	20.8
SA20160209_CPEIOPNK_03959	SA20160209_CPEIOPNK_03968	35.294	17	11	0	157	173	234	250	1.2	20.0
SA20160209_CPEIOPNK_03959	SA20160209_CPEIOPNK_03962	52.941	17	8	0	126	142	363	379	2.4	19.2
SA20160209_CPEIOPNK_03959	SA20160209_CPEIOPNK_03958	31.579	19	13	0	199	217	484	502	9.3	17.3
SA20160209_CPEIOPNK_03960	SA20160209_CPEIOPNK_03960	100.000	660	0	0	1	660	1	660	0.0	1360
SA20160209_CPEIOPNK_03960	SA20160209_CPEIOPNK_03957	32.500	40	27	0	284	323	3	42	0.18	23.1
SA20160209_CPEIOPNK_03960	SA20160209_CPEIOPNK_03963	64.286	14	5	0	284	297	79	92	1.4	20.8
SA20160209_CPEIOPNK_03960	SA20160209_CPEIOPNK_03961	53.846	13	6	0	617	629	165	177	1.5	21.2
SA20160209_CPEIOPNK_03960	SA20160209_CPEIOPNK_03959	35.897	39	18	1	539	570	128	166	1.6	20.8
SA20160209_CPEIOPNK_03960	SA20160209_CPEIOPNK_03965	38.710	31	18	1	463	492	125	155	2.5	20.0
SA20160209_CPEIOPNK_03960	SA20160209_CPEIOPNK_03970	35.185	54	21	4	20	73	161	200	3.5	19.6
SA20160209_CPEIOPNK_03960	SA20160209_CPEIOPNK_03966	28.571	21	15	0	532	552	141	161	8.9	18.5
SA20160209_CPEIOPNK_03961	SA20160209_CPEIOPNK_03961	100.000	327	0	0	1	327	1	327	0.0	673
SA20160209_CPEIOPNK_03961	SA20160209_CPEIOPNK_03960	53.846	13	6	0	165	177	617	629	0.72	21.2
SA20160209_CPEIOPNK_03962	SA20160209_CPEIOPNK_03962	100.000	379	0	0	1	379	1	379	0.0	783
SA20160209_CPEIOPNK_03962	SA20160209_CPEIOPNK_03958	38.889	18	11	0	278	295	367	384	0.94	20.8
SA20160209_CPEIOPNK_03962	SA20160209_CPEIOPNK_03959	52.941	17	8	0	363	379	126	142	3.1	19.2
SA20160209_CPEIOPNK_03962	SA20160209_CPEIOPNK_03968	35.714	14	9	0	279	292	1	14	3.5	18.9
SA20160209_CPEIOPNK_03962	SA20160209_CPEIOPNK_03966	31.034	29	20	0	333	361	211	239	5.7	18.5
SA20160209_CPEIOPNK_03963	SA20160209_CPEIOPNK_03963	100.000	201	0	0	1	201	1	201	6.40e-155	418
SA20160209_CPEIOPNK_03963	SA20160209_CPEIOPNK_03960	64.286	14	5	0	79	92	284	297	0.42	20.8
SA20160209_CPEIOPNK_03963	SA20160209_CPEIOPNK_03971	57.143	7	3	0	28	34	43	49	3.1	17.3
SA20160209_CPEIOPNK_03963	SA20160209_CPEIOPNK_03953	27.778	36	25	1	64	98	191	226	3.7	17.7
SA20160209_CPEIOPNK_03963	SA20160209_CPEIOPNK_03961	28.000	25	18	0	165	189	294	318	7.8	16.9
SA20160209_CPEIOPNK_03963	SA20160209_CPEIOPNK_03951	39.286	28	16	1	24	50	152	179	8.9	16.5
SA20160209_CPEIOPNK_03964	SA20160209_CPEIOPNK_03964	100.000	141	0	0	1	141	1	141	1.44e-106	290
SA20160209_CPEIOPNK_03964	SA20160209_CPEIOPNK_03954	32.432	37	25	0	19	55	228	264	0.074	22.3
SA20160209_CPEIOPNK_03964	SA20160209_CPEIOPNK_03957	23.077	26	20	0	113	138	73	98	5.4	16.5
SA20160209_CPEIOPNK_03964	SA20160209_CPEIOPNK_03967	25.000	36	27	0	93	128	43	78	5.6	16.5
SA20160209_CPEIOPNK_03964	SA20160209_CPEIOPNK_03956	75.000	8	2	0	131	138	67	74	6.6	16.2
SA20160209_CPEIOPNK_03965	SA20160209_CPEIOPNK_03965	100.000	188	0	0	1	188	1	188	3.86e-139	377
SA20160209_CPEIOPNK_03965	SA20160209_CPEIOPNK_03969	32.500	80	30	4	55	110	288	367	0.009	25.8
SA20160209_CPEIOPNK_03965	SA20160209_CPEIOPNK_03960	38.710	31	18	1	125	155	463	492	0.72	20.0
SA20160209_CPEIOPNK_03965	SA20160209_CPEIOPNK_03968	31.915	47	29	2	87	130	182	228	1.3	19.2
SA20160209_CPEIOPNK_03965	SA20160209_CPEIOPNK_03966	20.690	29	23	0	49	77	300	328	8.2	16.5
SA20160209_CPEIOPNK_03966	SA20160209_CPEIOPNK_03966	100.000	398	0	0	1	398	1	398	0.0	814
SA20160209_CPEIOPNK_03966	SA20160209_CPEIOPNK_03971	91.228	57	5	0	342	398	2	58	9.26e-35	113
SA20160209_CPEIOPNK_03966	SA20160209_CPEIOPNK_03968	25.714	35	26	0	97	131	308	342	4.3	18.9
SA20160209_CPEIOPNK_03966	SA20160209_CPEIOPNK_03960	28.571	21	15	0	141	161	532	552	5.4	18.5
SA20160209_CPEIOPNK_03966	SA20160209_CPEIOPNK_03954	44.000	25	13	1	267	290	101	125	5.9	18.5
SA20160209_CPEIOPNK_03966	SA20160209_CPEIOPNK_03962	31.034	29	20	0	211	239	333	361	6.0	18.5
SA20160209_CPEIOPNK_03966	SA20160209_CPEIOPNK_03951	39.130	23	14	0	329	351	114	136	7.3	18.1
SA20160209_CPEIOPNK_03967	SA20160209_CPEIOPNK_03967	100.000	260	0	0	1	260	1	260	0.0	532
SA20160209_CPEIOPNK_03967	SA20160209_CPEIOPNK_03962	24.211	95	60	4	170	259	193	280	2.9	18.9
SA20160209_CPEIOPNK_03967	SA20160209_CPEIOPNK_03958	52.632	19	7	1	193	209	482	500	4.3	18.1
SA20160209_CPEIOPNK_03968	SA20160209_CPEIOPNK_03968	100.000	401	0	0	1	401	1	401	0.0	838
SA20160209_CPEIOPNK_03968	SA20160209_CPEIOPNK_03959	35.294	17	11	0	234	250	157	173	1.7	20.0
SA20160209_CPEIOPNK_03968	SA20160209_CPEIOPNK_03962	35.714	14	9	0	1	14	279	292	3.7	18.9
SA20160209_CPEIOPNK_03968	SA20160209_CPEIOPNK_03966	25.714	35	26	0	308	342	97	131	4.3	18.9
SA20160209_CPEIOPNK_03968	SA20160209_CPEIOPNK_03960	21.622	37	29	0	32	68	322	358	7.0	18.1
SA20160209_CPEIOPNK_03968	SA20160209_CPEIOPNK_03956	47.826	23	11	1	1	23	25	46	7.0	17.7
SA20160209_CPEIOPNK_03968	SA20160209_CPEIOPNK_03952	34.483	29	18	1	10	38	80	107	9.3	17.7
SA20160209_CPEIOPNK_03969	SA20160209_CPEIOPNK_03969	100.000	429	0	0	1	429	1	429	0.0	845
SA20160209_CPEIOPNK_03969	SA20160209_CPEIOPNK_03965	32.500	80	30	4	288	367	55	110	0.021	25.8
SA20160209_CPEIOPNK_03969	SA20160209_CPEIOPNK_03960	34.783	23	15	0	298	320	32	54	8.0	18.1
SA20160209_CPEIOPNK_03969	SA20160209_CPEIOPNK_03951	43.750	16	9	0	156	171	10	25	8.9	17.7
SA20160209_CPEIOPNK_03970	SA20160209_CPEIOPNK_03970	100.000	267	0	0	1	267	1	267	0.0	547
SA20160209_CPEIOPNK_03970	SA20160209_CPEIOPNK_03952	23.333	30	23	0	90	119	251	280	0.90	20.4
SA20160209_CPEIOPNK_03970	SA20160209_CPEIOPNK_03960	35.185	54	21	4	161	200	20	73	1.4	19.6
SA20160209_CPEIOPNK_03970	SA20160209_CPEIOPNK_03969	27.907	43	24	1	180	222	314	349	8.1	17.3
SA20160209_CPEIOPNK_03971	SA20160209_CPEIOPNK_03971	100.000	58	0	0	1	58	1	58	1.85e-42	122
SA20160209_CPEIOPNK_03971	SA20160209_CPEIOPNK_03966	91.228	57	5	0	2	58	342	398	1.35e-35	113
SA20160209_CPEIOPNK_03971	SA20160209_CPEIOPNK_03963	57.143	7	3	0	43	49	28	34	0.89	17.3
SA20160209_CPEIOPNK_03971	SA20160209_CPEIOPNK_03951	29.167	24	17	0	17	40	61	84	2.6	15.8
SA20160209_CPEIOPNK_03971	SA20160209_CPEIOPNK_03967	31.579	19	13	0	40	58	242	260	4.9	15.4
SA20160209_CPEIOPNK_03971	SA20160209_CPEIOPNK_03964	30.435	23	16	0	21	43	54	76	5.2	15.0
SA20160170_CHGPAPHK_03924	SA20160170_CHGPAPHK_03924	100.000	58	0	0	1	58	1	58	1.85e-42	122
SA20160170_CHGPAPHK_03924	SA20160170_CHGPAPHK_03929	91.228	57	5	0	2	58	342	398	1.35e-35	113
SA20160170_CHGPAPHK_03924	SA20160170_CHGPAPHK_03932	57.143	7	3	0	43	49	28	34	0.89	17.3
SA20160170_CHGPAPHK_03924	SA20160170_CHGPAPHK_03944	29.167	24	17	0	17	40	61	84	2.6	15.8
SA20160170_CHGPAPHK_03924	SA20160170_CHGPAPHK_03928	31.579	19	13	0	40	58	242	260	4.9	15.4
SA20160170_CHGPAPHK_03924	SA20160170_CHGPAPHK_03931	30.435	23	16	0	21	43	54	76	5.2	15.0
SA20160170_CHGPAPHK_03925	SA20160170_CHGPAPHK_03925	100.000	267	0	0	1	267	1	267	0.0	547
SA20160170_CHGPAPHK_03925	SA20160170_CHGPAPHK_03943	23.333	30	23	0	90	119	251	280	0.90	20.4
SA20160170_CHGPAPHK_03925	SA20160170_CHGPAPHK_03935	35.185	54	21	4	161	200	20	73	1.4	19.6
SA20160170_CHGPAPHK_03925	SA20160170_CHGPAPHK_03926	27.907	43	24	1	180	222	314	349	8.1	17.3
SA20160170_CHGPAPHK_03926	SA20160170_CHGPAPHK_03926	100.000	429	0	0	1	429	1	429	0.0	845
SA20160170_CHGPAPHK_03926	SA20160170_CHGPAPHK_03930	32.500	80	30	4	288	367	55	110	0.021	25.8
SA20160170_CHGPAPHK_03926	SA20160170_CHGPAPHK_03935	34.783	23	15	0	298	320	32	54	8.0	18.1
SA20160170_CHGPAPHK_03926	SA20160170_CHGPAPHK_03944	43.750	16	9	0	156	171	10	25	8.9	17.7
SA20160170_CHGPAPHK_03927	SA20160170_CHGPAPHK_03927	100.000	401	0	0	1	401	1	401	0.0	838
SA20160170_CHGPAPHK_03927	SA20160170_CHGPAPHK_03936	35.294	17	11	0	234	250	157	173	1.7	20.0
SA20160170_CHGPAPHK_03927	SA20160170_CHGPAPHK_03933	35.714	14	9	0	1	14	279	292	3.7	18.9
SA20160170_CHGPAPHK_03927	SA20160170_CHGPAPHK_03929	25.714	35	26	0	308	342	97	131	4.3	18.9
SA20160170_CHGPAPHK_03927	SA20160170_CHGPAPHK_03935	21.622	37	29	0	32	68	322	358	7.0	18.1
SA20160170_CHGPAPHK_03927	SA20160170_CHGPAPHK_03939	47.826	23	11	1	1	23	25	46	7.0	17.7
SA20160170_CHGPAPHK_03927	SA20160170_CHGPAPHK_03943	34.483	29	18	1	10	38	80	107	9.3	17.7
SA20160170_CHGPAPHK_03928	SA20160170_CHGPAPHK_03928	100.000	260	0	0	1	260	1	260	0.0	532
SA20160170_CHGPAPHK_03928	SA20160170_CHGPAPHK_03933	24.211	95	60	4	170	259	193	280	2.9	18.9
SA20160170_CHGPAPHK_03928	SA20160170_CHGPAPHK_03937	52.632	19	7	1	193	209	482	500	4.3	18.1
SA20160170_CHGPAPHK_03929	SA20160170_CHGPAPHK_03929	100.000	398	0	0	1	398	1	398	0.0	814
SA20160170_CHGPAPHK_03929	SA20160170_CHGPAPHK_03924	91.228	57	5	0	342	398	2	58	9.26e-35	113
SA20160170_CHGPAPHK_03929	SA20160170_CHGPAPHK_03927	25.714	35	26	0	97	131	308	342	4.3	18.9
SA20160170_CHGPAPHK_03929	SA20160170_CHGPAPHK_03935	28.571	21	15	0	141	161	532	552	5.4	18.5
SA20160170_CHGPAPHK_03929	SA20160170_CHGPAPHK_03941	44.000	25	13	1	267	290	101	125	5.9	18.5
SA20160170_CHGPAPHK_03929	SA20160170_CHGPAPHK_03933	31.034	29	20	0	211	239	333	361	6.0	18.5
SA20160170_CHGPAPHK_03929	SA20160170_CHGPAPHK_03944	39.130	23	14	0	329	351	114	136	7.3	18.1
SA20160170_CHGPAPHK_03930	SA20160170_CHGPAPHK_03930	100.000	188	0	0	1	188	1	188	3.86e-139	377
SA20160170_CHGPAPHK_03930	SA20160170_CHGPAPHK_03926	32.500	80	30	4	55	110	288	367	0.009	25.8
SA20160170_CHGPAPHK_03930	SA20160170_CHGPAPHK_03935	38.710	31	18	1	125	155	463	492	0.72	20.0
SA20160170_CHGPAPHK_03930	SA20160170_CHGPAPHK_03927	31.915	47	29	2	87	130	182	228	1.3	19.2
SA20160170_CHGPAPHK_03930	SA20160170_CHGPAPHK_03929	20.690	29	23	0	49	77	300	328	8.2	16.5
SA20160170_CHGPAPHK_03931	SA20160170_CHGPAPHK_03931	100.000	141	0	0	1	141	1	141	1.44e-106	290
SA20160170_CHGPAPHK_03931	SA20160170_CHGPAPHK_03941	32.432	37	25	0	19	55	228	264	0.074	22.3
SA20160170_CHGPAPHK_03931	SA20160170_CHGPAPHK_03938	23.077	26	20	0	113	138	73	98	5.4	16.5
SA20160170_CHGPAPHK_03931	SA20160170_CHGPAPHK_03928	25.000	36	27	0	93	128	43	78	5.6	16.5
SA20160170_CHGPAPHK_03931	SA20160170_CHGPAPHK_03939	75.000	8	2	0	131	138	67	74	6.6	16.2
SA20160170_CHGPAPHK_03932	SA20160170_CHGPAPHK_03932	100.000	201	0	0	1	201	1	201	6.40e-155	418
SA20160170_CHGPAPHK_03932	SA20160170_CHGPAPHK_03935	64.286	14	5	0	79	92	284	297	0.42	20.8
SA20160170_CHGPAPHK_03932	SA20160170_CHGPAPHK_03924	57.143	7	3	0	28	34	43	49	3.1	17.3
SA20160170_CHGPAPHK_03932	SA20160170_CHGPAPHK_03942	27.778	36	25	1	64	98	191	226	3.7	17.7
SA20160170_CHGPAPHK_03932	SA20160170_CHGPAPHK_03934	28.000	25	18	0	165	189	294	318	7.8	16.9
SA20160170_CHGPAPHK_03932	SA20160170_CHGPAPHK_03944	39.286	28	16	1	24	50	152	179	8.9	16.5
SA20160170_CHGPAPHK_03933	SA20160170_CHGPAPHK_03933	100.000	379	0	0	1	379	1	379	0.0	783
SA20160170_CHGPAPHK_03933	SA20160170_CHGPAPHK_03937	38.889	18	11	0	278	295	367	384	0.94	20.8
SA20160170_CHGPAPHK_03933	SA20160170_CHGPAPHK_03936	52.941	17	8	0	363	379	126	142	3.1	19.2
SA20160170_CHGPAPHK_03933	SA20160170_CHGPAPHK_03927	35.714	14	9	0	279	292	1	14	3.5	18.9
SA20160170_CHGPAPHK_03933	SA20160170_CHGPAPHK_03929	31.034	29	20	0	333	361	211	239	5.7	18.5
SA20160170_CHGPAPHK_03934	SA20160170_CHGPAPHK_03934	100.000	327	0	0	1	327	1	327	0.0	673
SA20160170_CHGPAPHK_03934	SA20160170_CHGPAPHK_03935	53.846	13	6	0	165	177	617	629	0.72	21.2
SA20160170_CHGPAPHK_03935	SA20160170_CHGPAPHK_03935	100.000	660	0	0	1	660	1	660	0.0	1360
SA20160170_CHGPAPHK_03935	SA20160170_CHGPAPHK_03938	32.500	40	27	0	284	323	3	42	0.18	23.1
SA20160170_CHGPAPHK_03935	SA20160170_CHGPAPHK_03932	64.286	14	5	0	284	297	79	92	1.4	20.8
SA20160170_CHGPAPHK_03935	SA20160170_CHGPAPHK_03934	53.846	13	6	0	617	629	165	177	1.5	21.2
SA20160170_CHGPAPHK_03935	SA20160170_CHGPAPHK_03936	35.897	39	18	1	539	570	128	166	1.6	20.8
SA20160170_CHGPAPHK_03935	SA20160170_CHGPAPHK_03930	38.710	31	18	1	463	492	125	155	2.5	20.0
SA20160170_CHGPAPHK_03935	SA20160170_CHGPAPHK_03925	35.185	54	21	4	20	73	161	200	3.5	19.6
SA20160170_CHGPAPHK_03935	SA20160170_CHGPAPHK_03929	28.571	21	15	0	532	552	141	161	8.9	18.5
SA20160170_CHGPAPHK_03936	SA20160170_CHGPAPHK_03936	100.000	299	0	0	1	299	1	299	0.0	612
SA20160170_CHGPAPHK_03936	SA20160170_CHGPAPHK_03935	35.897	39	18	1	128	166	539	570	0.74	20.8
SA20160170_CHGPAPHK_03936	SA20160170_CHGPAPHK_03927	35.294	17	11	0	157	173	234	250	1.2	20.0
SA20160170_CHGPAPHK_03936	SA20160170_CHGPAPHK_03933	52.941	17	8	0	126	142	363	379	2.4	19.2
SA20160170_CHGPAPHK_03936	SA20160170_CHGPAPHK_03937	31.579	19	13	0	199	217	484	502	9.3	17.3
SA20160170_CHGPAPHK_03937	SA20160170_CHGPAPHK_03937	100.000	548	0	0	1	548	1	548	0.0	1107
SA20160170_CHGPAPHK_03937	SA20160170_CHGPAPHK_03933	38.889	18	11	0	367	384	278	295	1.4	20.8
SA20160170_CHGPAPHK_03937	SA20160170_CHGPAPHK_03941	50.000	16	8	0	207	222	66	81	1.9	20.4
SA20160170_CHGPAPHK_03937	SA20160170_CHGPAPHK_03928	52.632	19	7	1	482	500	193	209	8.7	18.1
SA20160170_CHGPAPHK_03938	SA20160170_CHGPAPHK_03938	100.000	111	0	0	1	111	1	111	1.38e-76	213
SA20160170_CHGPAPHK_03938	SA20160170_CHGPAPHK_03935	32.500	40	27	0	3	42	284	323	0.030	23.1
SA20160170_CHGPAPHK_03938	SA20160170_CHGPAPHK_03929	37.037	27	17	0	78	104	304	330	0.049	22.3
SA20160170_CHGPAPHK_03938	SA20160170_CHGPAPHK_03942	45.000	20	11	0	86	105	246	265	0.84	18.9
SA20160170_CHGPAPHK_03938	SA20160170_CHGPAPHK_03931	23.077	26	20	0	73	98	113	138	3.9	16.5
SA20160170_CHGPAPHK_03938	SA20160170_CHGPAPHK_03926	54.545	11	5	0	99	109	399	409	8.0	15.8
SA20160170_CHGPAPHK_03939	SA20160170_CHGPAPHK_03939	100.000	125	0	0	1	125	1	125	2.86e-85	235
SA20160170_CHGPAPHK_03939	SA20160170_CHGPAPHK_03942	25.926	27	20	0	72	98	264	290	1.9	18.1
SA20160170_CHGPAPHK_03939	SA20160170_CHGPAPHK_03927	47.826	23	11	1	25	46	1	23	2.2	17.7
SA20160170_CHGPAPHK_03939	SA20160170_CHGPAPHK_03929	47.059	17	9	0	87	103	159	175	4.5	16.9
SA20160170_CHGPAPHK_03939	SA20160170_CHGPAPHK_03931	75.000	8	2	0	67	74	131	138	5.8	16.2
SA20160170_CHGPAPHK_03939	SA20160170_CHGPAPHK_03926	28.235	85	56	3	6	87	324	406	6.6	16.2
SA20160170_CHGPAPHK_03940	SA20160170_CHGPAPHK_03940	100.000	85	0	0	1	85	1	85	1.43e-63	177
SA20160170_CHGPAPHK_03940	SA20160170_CHGPAPHK_03944	25.926	27	20	0	52	78	5	31	2.1	16.9
SA20160170_CHGPAPHK_03940	SA20160170_CHGPAPHK_03933	20.000	50	40	0	31	80	238	287	2.4	16.9
SA20160170_CHGPAPHK_03941	SA20160170_CHGPAPHK_03941	100.000	455	0	0	1	455	1	455	0.0	923
SA20160170_CHGPAPHK_03941	SA20160170_CHGPAPHK_03931	32.432	37	25	0	228	264	19	55	0.24	22.3
SA20160170_CHGPAPHK_03941	SA20160170_CHGPAPHK_03942	27.703	148	81	5	112	251	51	180	1.1	20.8
SA20160170_CHGPAPHK_03941	SA20160170_CHGPAPHK_03937	50.000	16	8	0	66	81	207	222	1.5	20.4
SA20160170_CHGPAPHK_03941	SA20160170_CHGPAPHK_03943	37.931	29	15	1	88	113	243	271	2.5	19.6
SA20160170_CHGPAPHK_03941	SA20160170_CHGPAPHK_03929	44.000	25	13	1	101	125	267	290	6.8	18.5
SA20160170_CHGPAPHK_03942	SA20160170_CHGPAPHK_03942	100.000	320	0	0	1	320	1	320	0.0	645
SA20160170_CHGPAPHK_03942	SA20160170_CHGPAPHK_03941	27.703	148	81	5	51	180	112	251	0.74	20.8
SA20160170_CHGPAPHK_03942	SA20160170_CHGPAPHK_03937	30.556	36	18	1	242	270	331	366	2.3	19.2
SA20160170_CHGPAPHK_03942	SA20160170_CHGPAPHK_03939	25.926	27	20	0	264	290	72	98	4.9	18.1
SA20160170_CHGPAPHK_03942	SA20160170_CHGPAPHK_03935	33.333	18	12	0	289	306	214	231	5.7	18.1
SA20160170_CHGPAPHK_03942	SA20160170_CHGPAPHK_03932	27.778	36	25	1	191	226	64	98	5.9	17.7
SA20160170_CHGPAPHK_03943	SA20160170_CHGPAPHK_03943	100.000	285	0	0	1	285	1	285	0.0	598
SA20160170_CHGPAPHK_03943	SA20160170_CHGPAPHK_03925	23.333	30	23	0	251	280	90	119	0.96	20.4
SA20160170_CHGPAPHK_03943	SA20160170_CHGPAPHK_03941	37.931	29	15	1	243	271	88	113	1.6	19.6
SA20160170_CHGPAPHK_03943	SA20160170_CHGPAPHK_03944	41.667	12	7	0	14	25	36	47	5.4	17.7
SA20160170_CHGPAPHK_03943	SA20160170_CHGPAPHK_03927	34.483	29	18	1	80	107	10	38	6.6	17.7
SA20160170_CHGPAPHK_03944	SA20160170_CHGPAPHK_03944	100.000	252	0	0	1	252	1	252	0.0	519
SA20160170_CHGPAPHK_03944	SA20160170_CHGPAPHK_03937	32.000	25	14	1	131	152	240	264	3.1	18.5
SA20160170_CHGPAPHK_03944	SA20160170_CHGPAPHK_03929	39.130	23	14	0	114	136	329	351	4.6	18.1
SA20160170_CHGPAPHK_03944	SA20160170_CHGPAPHK_03943	41.667	12	7	0	36	47	14	25	4.8	17.7
SA20160170_CHGPAPHK_03944	SA20160170_CHGPAPHK_03926	43.750	16	9	0	10	25	156	171	5.2	17.7
SA20160170_CHGPAPHK_03944	SA20160170_CHGPAPHK_03940	25.926	27	20	0	5	31	52	78	6.2	16.9
SA20160170_CHGPAPHK_03944	SA20160170_CHGPAPHK_03928	24.051	79	45	3	149	226	39	103	7.0	17.3
