SA20160228_MPFEEIDI_02707	SA20153983_GBAKOBEN_00117	99.430	526	3	0	1	526	1	526	0.0	1058
SA20160228_MPFEEIDI_02707	SA20153983_GBAKOBEN_00111	30.000	50	31	1	314	359	53	102	1.1	21.9
SA20160228_MPFEEIDI_02707	SA20153983_GBAKOBEN_00107	42.308	26	15	0	98	123	194	219	1.6	21.2
SA20160228_MPFEEIDI_02707	SA20153983_GBAKOBEN_00108	55.556	9	4	0	205	213	818	826	2.6	20.8
SA20160228_MPFEEIDI_02707	SA20153983_GBAKOBEN_00112	37.143	35	15	3	420	449	189	221	3.5	20.0
SA20160228_MPFEEIDI_02707	SA20153983_GBAKOBEN_00106	32.692	52	31	3	178	228	167	215	4.5	19.6
SA20160228_MPFEEIDI_02707	SA20153983_GBAKOBEN_00103	31.250	32	17	1	495	526	207	233	5.1	19.6
SA20160228_MPFEEIDI_02708	SA20153983_GBAKOBEN_00116	99.353	618	4	0	1	618	1	618	0.0	1253
SA20160228_MPFEEIDI_02708	SA20153983_GBAKOBEN_00107	45.455	22	12	0	245	266	782	803	0.31	23.9
SA20160228_MPFEEIDI_02708	SA20153983_GBAKOBEN_00112	26.316	38	28	0	570	607	228	265	1.5	21.6
SA20160228_MPFEEIDI_02708	SA20153983_GBAKOBEN_00100	40.000	30	17	1	103	131	390	419	1.5	21.6
SA20160228_MPFEEIDI_02708	SA20153983_GBAKOBEN_00104	57.143	14	6	0	439	452	145	158	1.7	21.2
SA20160228_MPFEEIDI_02708	SA20153983_GBAKOBEN_00105	33.333	30	13	1	95	117	248	277	5.4	19.6
SA20160228_MPFEEIDI_02708	SA20153983_GBAKOBEN_00101	33.333	18	12	0	125	142	225	242	8.9	19.2
SA20160228_MPFEEIDI_02709	SA20153983_GBAKOBEN_00115	100.000	193	0	0	1	193	1	193	1.49e-144	391
SA20160228_MPFEEIDI_02709	SA20153983_GBAKOBEN_00108	31.034	29	19	1	59	87	635	662	1.5	19.6
SA20160228_MPFEEIDI_02709	SA20153983_GBAKOBEN_00113	36.000	25	16	0	91	115	344	368	1.9	19.2
SA20160228_MPFEEIDI_02709	SA20153983_GBAKOBEN_00117	41.176	17	10	0	40	56	390	406	8.0	17.3
SA20160228_MPFEEIDI_02710	SA20153983_GBAKOBEN_00114	100.000	213	0	0	1	213	1	213	1.72e-163	441
SA20160228_MPFEEIDI_02710	SA20153983_GBAKOBEN_00113	33.333	39	24	1	24	62	484	520	0.57	21.2
SA20160228_MPFEEIDI_02710	SA20153983_GBAKOBEN_00117	44.444	18	10	0	148	165	289	306	2.1	19.2
SA20160228_MPFEEIDI_02710	SA20153983_GBAKOBEN_00103	46.154	13	7	0	195	207	240	252	6.6	17.7
SA20160228_MPFEEIDI_02711	SA20153983_GBAKOBEN_00113	99.799	996	2	0	1	996	1	996	0.0	2036
SA20160228_MPFEEIDI_02711	SA20153983_GBAKOBEN_00114	33.333	39	24	1	484	520	24	62	2.6	21.2
SA20160228_MPFEEIDI_02711	SA20153983_GBAKOBEN_00107	60.000	10	4	0	963	972	711	720	5.9	20.4
SA20160228_MPFEEIDI_02711	SA20153983_GBAKOBEN_00106	31.081	74	44	2	134	204	145	214	7.6	20.0
SA20160228_MPFEEIDI_02712	SA20153983_GBAKOBEN_00112	98.616	289	4	0	1	289	1	289	0.0	578
SA20160228_MPFEEIDI_02712	SA20153983_GBAKOBEN_00116	26.316	38	28	0	228	265	570	607	0.76	21.2
SA20160228_MPFEEIDI_02712	SA20153983_GBAKOBEN_00117	37.143	35	15	3	189	221	420	449	1.8	20.0
SA20160228_MPFEEIDI_02712	SA20153983_GBAKOBEN_00113	33.333	27	16	1	233	259	866	890	3.2	19.2
SA20160228_MPFEEIDI_02712	SA20153983_GBAKOBEN_00101	36.364	33	18	2	70	99	138	170	4.2	18.9
SA20160228_MPFEEIDI_02712	SA20153983_GBAKOBEN_00111	40.000	25	15	0	201	225	256	280	5.7	18.5
SA20160228_MPFEEIDI_02712	SA20153983_GBAKOBEN_00103	45.000	20	11	0	184	203	364	383	6.2	18.5
SA20160228_MPFEEIDI_02712	SA20153983_GBAKOBEN_00106	24.390	41	30	1	63	102	275	315	6.6	18.5
SA20160228_MPFEEIDI_02713	SA20153983_GBAKOBEN_00111	99.778	450	1	0	1	450	1	450	0.0	919
SA20160228_MPFEEIDI_02713	SA20153983_GBAKOBEN_00117	30.000	50	31	1	53	102	314	359	0.95	21.6
SA20160228_MPFEEIDI_02713	SA20153983_GBAKOBEN_00107	22.034	118	71	4	44	161	222	318	1.4	21.2
SA20160228_MPFEEIDI_02713	SA20153983_GBAKOBEN_00113	42.308	26	13	1	27	50	753	778	2.9	20.4
SA20160228_MPFEEIDI_02713	SA20153983_GBAKOBEN_00100	38.889	18	11	0	259	276	221	238	3.7	19.6
SA20160228_MPFEEIDI_02713	SA20153983_GBAKOBEN_00102	40.000	15	9	0	90	104	210	224	9.0	18.5
SA20160228_MPFEEIDI_02713	SA20153983_GBAKOBEN_00112	40.000	25	15	0	256	280	201	225	9.3	18.5
SA20160228_MPFEEIDI_02714	SA20153983_GBAKOBEN_00110	98.462	65	1	0	1	65	1	65	7.53e-46	132
SA20160228_MPFEEIDI_02714	SA20153983_GBAKOBEN_00113	28.125	32	23	0	29	60	711	742	1.9	17.3
SA20160228_MPFEEIDI_02714	SA20153983_GBAKOBEN_00116	27.660	47	27	2	12	58	91	130	3.4	16.5
SA20160228_MPFEEIDI_02714	SA20153983_GBAKOBEN_00101	55.556	9	4	0	57	65	270	278	5.0	16.2
SA20160228_MPFEEIDI_02714	SA20153983_GBAKOBEN_00106	53.333	15	7	0	19	33	336	350	5.1	15.8
SA20160228_MPFEEIDI_02715	SA20153983_GBAKOBEN_00109	99.031	413	4	0	1	413	1	413	0.0	824
SA20160228_MPFEEIDI_02715	SA20153983_GBAKOBEN_00108	28.571	35	25	0	223	257	882	916	0.46	22.7
SA20160228_MPFEEIDI_02715	SA20153983_GBAKOBEN_00107	26.923	26	19	0	223	248	868	893	0.71	21.9
SA20160228_MPFEEIDI_02715	SA20153983_GBAKOBEN_00105	31.944	72	35	4	106	168	201	267	2.0	20.4
SA20160228_MPFEEIDI_02715	SA20153983_GBAKOBEN_00113	31.579	38	25	1	107	143	638	675	6.5	18.9
SA20160228_MPFEEIDI_02715	SA20153983_GBAKOBEN_00116	31.818	44	29	1	134	177	450	492	7.3	18.9
SA20160228_MPFEEIDI_02716	SA20153983_GBAKOBEN_00108	99.712	1040	3	0	1	1040	1	1040	0.0	2073
SA20160228_MPFEEIDI_02716	SA20153983_GBAKOBEN_00107	49.659	1025	507	3	15	1039	6	1021	0.0	927
SA20160228_MPFEEIDI_02716	SA20153983_GBAKOBEN_00109	28.571	35	25	0	882	916	223	257	1.0	22.7
SA20160228_MPFEEIDI_02716	SA20153983_GBAKOBEN_00117	55.556	9	4	0	818	826	205	213	5.1	20.8
SA20160228_MPFEEIDI_02717	SA20153983_GBAKOBEN_00107	99.318	1026	7	0	1	1026	1	1026	0.0	2050
SA20160228_MPFEEIDI_02717	SA20153983_GBAKOBEN_00108	49.756	1025	506	3	6	1021	15	1039	0.0	919
SA20160228_MPFEEIDI_02717	SA20153983_GBAKOBEN_00116	45.455	22	12	0	782	803	245	266	0.47	23.9
SA20160228_MPFEEIDI_02717	SA20153983_GBAKOBEN_00109	24.074	54	32	1	868	912	223	276	1.4	22.3
SA20160228_MPFEEIDI_02717	SA20153983_GBAKOBEN_00103	24.000	50	31	2	156	205	208	250	1.6	22.3
SA20160228_MPFEEIDI_02717	SA20153983_GBAKOBEN_00101	36.000	25	16	0	795	819	215	239	2.7	21.6
SA20160228_MPFEEIDI_02717	SA20153983_GBAKOBEN_00111	22.034	118	71	4	222	318	44	161	2.9	21.6
SA20160228_MPFEEIDI_02717	SA20153983_GBAKOBEN_00117	42.308	26	15	0	194	219	98	123	3.0	21.6
SA20160228_MPFEEIDI_02717	SA20153983_GBAKOBEN_00113	60.000	10	4	0	711	720	963	972	6.5	20.4
SA20160228_MPFEEIDI_02717	SA20153983_GBAKOBEN_00106	45.000	20	11	0	890	909	250	269	9.4	19.6
SA20160228_MPFEEIDI_02718	SA20153983_GBAKOBEN_00106	99.362	470	3	0	1	470	1	470	0.0	922
SA20160228_MPFEEIDI_02718	SA20153983_GBAKOBEN_00113	35.714	42	24	1	169	210	96	134	1.9	20.8
SA20160228_MPFEEIDI_02718	SA20153983_GBAKOBEN_00105	26.923	52	29	3	148	199	53	95	2.2	20.8
SA20160228_MPFEEIDI_02718	SA20153983_GBAKOBEN_00103	33.333	36	20	1	48	79	55	90	4.3	19.6
SA20160228_MPFEEIDI_02718	SA20153983_GBAKOBEN_00107	45.000	20	11	0	250	269	890	909	5.1	19.6
SA20160228_MPFEEIDI_02718	SA20153983_GBAKOBEN_00101	36.364	22	14	0	236	257	626	647	5.3	19.2
SA20160228_MPFEEIDI_02718	SA20153983_GBAKOBEN_00117	36.842	38	21	2	181	215	191	228	5.9	19.2
SA20160228_MPFEEIDI_02718	SA20153983_GBAKOBEN_00102	30.645	62	29	2	340	387	145	206	10.0	18.5
SA20160228_MPFEEIDI_02719	SA20153983_GBAKOBEN_00105	99.572	467	2	0	1	467	1	467	0.0	951
SA20160228_MPFEEIDI_02719	SA20153983_GBAKOBEN_00106	26.923	52	29	3	53	95	148	199	3.2	20.0
SA20160228_MPFEEIDI_02719	SA20153983_GBAKOBEN_00116	33.333	30	13	1	248	277	95	117	4.0	19.6
SA20160228_MPFEEIDI_02719	SA20153983_GBAKOBEN_00097	38.889	18	11	0	203	220	138	155	7.0	18.9
SA20160228_MPFEEIDI_02719	SA20153983_GBAKOBEN_00109	32.836	67	41	3	201	267	106	168	7.9	18.9
SA20160228_MPFEEIDI_02719	SA20153983_GBAKOBEN_00113	25.000	36	27	0	396	431	799	834	9.1	18.9
SA20160228_MPFEEIDI_02720	SA20153983_GBAKOBEN_00104	100.000	240	0	0	1	240	1	240	1.23e-180	486
SA20160228_MPFEEIDI_02720	SA20153983_GBAKOBEN_00116	57.143	14	6	0	145	158	439	452	0.67	21.2
SA20160228_MPFEEIDI_02720	SA20153983_GBAKOBEN_00100	30.303	33	21	1	102	134	58	88	2.6	19.2
SA20160228_MPFEEIDI_02720	SA20153983_GBAKOBEN_00107	45.455	11	6	0	81	91	41	51	4.7	18.5
SA20160228_MPFEEIDI_02721	SA20153983_GBAKOBEN_00103	98.750	400	5	0	1	400	1	400	0.0	829
SA20160228_MPFEEIDI_02721	SA20153983_GBAKOBEN_00106	33.333	36	20	1	55	90	48	79	4.1	19.6
SA20160228_MPFEEIDI_02721	SA20153983_GBAKOBEN_00112	34.884	43	23	1	346	383	161	203	4.6	19.2
SA20160228_MPFEEIDI_02721	SA20153983_GBAKOBEN_00113	43.478	23	13	0	300	322	407	429	6.2	18.9
SA20160228_MPFEEIDI_02721	SA20153983_GBAKOBEN_00109	40.000	20	12	0	346	365	387	406	7.8	18.5
SA20160228_MPFEEIDI_02721	SA20153983_GBAKOBEN_00100	42.105	19	11	0	278	296	17	35	9.8	18.1
SA20160228_MPFEEIDI_02722	SA20153983_GBAKOBEN_00102	100.000	238	0	0	1	238	1	238	7.85e-180	484
SA20160228_MPFEEIDI_02722	SA20153983_GBAKOBEN_00107	34.146	41	20	3	199	234	710	748	2.0	19.6
SA20160228_MPFEEIDI_02722	SA20153983_GBAKOBEN_00100	50.000	20	10	0	93	112	322	341	2.3	19.6
SA20160228_MPFEEIDI_02722	SA20153983_GBAKOBEN_00111	40.000	15	9	0	210	224	90	104	4.8	18.5
SA20160228_MPFEEIDI_02722	SA20153983_GBAKOBEN_00116	39.130	23	14	0	77	99	29	51	8.5	17.7
SA20160228_MPFEEIDI_02723	SA20153983_GBAKOBEN_00101	98.009	703	14	0	1	703	1	703	0.0	1436
SA20160228_MPFEEIDI_02723	SA20153983_GBAKOBEN_00116	25.000	44	32	1	418	461	183	225	1.5	21.9
SA20160228_MPFEEIDI_02723	SA20153983_GBAKOBEN_00107	36.000	25	16	0	215	239	795	819	1.8	21.6
SA20160228_MPFEEIDI_02723	SA20153983_GBAKOBEN_00113	45.455	11	6	0	233	243	656	666	8.4	19.2
SA20160228_MPFEEIDI_02724	SA20153983_GBAKOBEN_00100	100.000	453	0	0	1	453	1	453	0.0	952
SA20160228_MPFEEIDI_02724	SA20153983_GBAKOBEN_00116	17.730	141	84	4	27	163	275	387	0.60	22.3
SA20160228_MPFEEIDI_02724	SA20153983_GBAKOBEN_00111	38.889	18	11	0	221	238	259	276	3.8	19.6
SA20160228_MPFEEIDI_02724	SA20153983_GBAKOBEN_00104	30.303	33	21	1	58	88	102	134	4.5	19.2
SA20160228_MPFEEIDI_02724	SA20153983_GBAKOBEN_00102	50.000	20	10	0	322	341	93	112	4.7	19.2
SA20160228_MPFEEIDI_02724	SA20153983_GBAKOBEN_00108	46.667	15	8	0	220	234	891	905	5.2	19.2
SA20160228_MPFEEIDI_02724	SA20153983_GBAKOBEN_00097	30.000	40	25	1	409	445	190	229	6.3	18.9
SA20160228_MPFEEIDI_02724	SA20153983_GBAKOBEN_00113	42.857	21	12	0	146	166	503	523	7.3	18.9
SA20160228_MPFEEIDI_02724	SA20153983_GBAKOBEN_00098	28.000	25	18	0	362	386	51	75	9.6	18.1
SA20160228_MPFEEIDI_02725	SA20153983_GBAKOBEN_00107	34.615	26	16	1	44	68	999	1024	0.90	21.6
SA20160228_MPFEEIDI_02725	SA20153983_GBAKOBEN_00116	31.111	45	29	1	124	166	572	616	1.5	20.8
SA20160228_MPFEEIDI_02725	SA20153983_GBAKOBEN_00108	56.250	16	7	0	60	75	745	760	1.6	20.8
SA20160228_MPFEEIDI_02725	SA20153983_GBAKOBEN_00105	24.490	49	37	0	118	166	150	198	2.9	19.6
SA20160228_MPFEEIDI_02725	SA20153983_GBAKOBEN_00113	41.379	29	16	1	166	194	481	508	3.4	19.6
SA20160228_MPFEEIDI_02725	SA20153983_GBAKOBEN_00111	25.490	51	34	1	33	79	376	426	6.6	18.5
SA20160228_MPFEEIDI_02726	SA20153983_GBAKOBEN_00099	97.826	138	3	0	1	138	1	138	2.78e-101	277
SA20160228_MPFEEIDI_02726	SA20153983_GBAKOBEN_00111	27.273	22	16	0	16	37	118	139	2.5	18.5
SA20160228_MPFEEIDI_02727	SA20153983_GBAKOBEN_00098	93.694	111	7	0	1	111	1	111	1.99e-67	190
SA20160228_MPFEEIDI_02727	SA20153983_GBAKOBEN_00108	50.000	14	7	0	2	15	116	129	4.1	17.3
SA20160228_MPFEEIDI_02727	SA20153983_GBAKOBEN_00107	42.857	14	8	0	2	15	107	120	5.6	16.9
SA20160228_MPFEEIDI_02727	SA20153983_GBAKOBEN_00101	38.462	13	8	0	23	35	367	379	6.0	16.9
SA20153983_GBAKOBEN_00097	SA20153983_GBAKOBEN_00097	100.000	299	0	0	1	299	1	299	0.0	606
SA20153983_GBAKOBEN_00097	SA20153983_GBAKOBEN_00100	30.000	40	25	1	190	229	409	445	4.3	18.9
SA20153983_GBAKOBEN_00097	SA20153983_GBAKOBEN_00105	38.889	18	11	0	138	155	203	220	4.6	18.9
SA20153983_GBAKOBEN_00098	SA20153983_GBAKOBEN_00098	100.000	111	0	0	1	111	1	111	7.35e-81	224
SA20153983_GBAKOBEN_00098	SA20153983_GBAKOBEN_00100	28.000	25	18	0	51	75	362	386	2.4	18.1
SA20153983_GBAKOBEN_00098	SA20153983_GBAKOBEN_00108	50.000	14	7	0	2	15	116	129	3.8	17.3
SA20153983_GBAKOBEN_00098	SA20153983_GBAKOBEN_00107	42.857	14	8	0	2	15	107	120	5.6	16.9
SA20153983_GBAKOBEN_00099	SA20153983_GBAKOBEN_00099	100.000	138	0	0	1	138	1	138	8.58e-103	281
SA20153983_GBAKOBEN_00100	SA20153983_GBAKOBEN_00100	100.000	453	0	0	1	453	1	453	0.0	952
SA20153983_GBAKOBEN_00100	SA20153983_GBAKOBEN_00116	17.730	141	84	4	27	163	275	387	0.60	22.3
SA20153983_GBAKOBEN_00100	SA20153983_GBAKOBEN_00111	38.889	18	11	0	221	238	259	276	3.8	19.6
SA20153983_GBAKOBEN_00100	SA20153983_GBAKOBEN_00104	30.303	33	21	1	58	88	102	134	4.5	19.2
SA20153983_GBAKOBEN_00100	SA20153983_GBAKOBEN_00102	50.000	20	10	0	322	341	93	112	4.7	19.2
SA20153983_GBAKOBEN_00100	SA20153983_GBAKOBEN_00108	46.667	15	8	0	220	234	891	905	5.2	19.2
SA20153983_GBAKOBEN_00100	SA20153983_GBAKOBEN_00097	30.000	40	25	1	409	445	190	229	6.3	18.9
SA20153983_GBAKOBEN_00100	SA20153983_GBAKOBEN_00113	42.857	21	12	0	146	166	503	523	7.3	18.9
SA20153983_GBAKOBEN_00100	SA20153983_GBAKOBEN_00098	28.000	25	18	0	362	386	51	75	9.6	18.1
SA20153983_GBAKOBEN_00101	SA20153983_GBAKOBEN_00101	100.000	703	0	0	1	703	1	703	0.0	1464
SA20153983_GBAKOBEN_00101	SA20153983_GBAKOBEN_00107	36.000	25	16	0	215	239	795	819	1.8	21.6
SA20153983_GBAKOBEN_00101	SA20153983_GBAKOBEN_00113	45.455	11	6	0	233	243	656	666	8.2	19.6
SA20153983_GBAKOBEN_00101	SA20153983_GBAKOBEN_00116	33.333	18	12	0	225	242	125	142	9.9	19.2
SA20153983_GBAKOBEN_00102	SA20153983_GBAKOBEN_00102	100.000	238	0	0	1	238	1	238	7.85e-180	484
SA20153983_GBAKOBEN_00102	SA20153983_GBAKOBEN_00100	50.000	20	10	0	93	112	322	341	2.3	19.6
SA20153983_GBAKOBEN_00102	SA20153983_GBAKOBEN_00111	40.000	15	9	0	210	224	90	104	4.8	18.5
SA20153983_GBAKOBEN_00102	SA20153983_GBAKOBEN_00107	33.333	24	13	1	93	113	204	227	5.3	18.5
SA20153983_GBAKOBEN_00102	SA20153983_GBAKOBEN_00116	39.130	23	14	0	77	99	29	51	8.5	17.7
SA20153983_GBAKOBEN_00103	SA20153983_GBAKOBEN_00103	100.000	400	0	0	1	400	1	400	0.0	839
SA20153983_GBAKOBEN_00103	SA20153983_GBAKOBEN_00106	33.333	36	20	1	55	90	48	79	3.8	19.6
SA20153983_GBAKOBEN_00103	SA20153983_GBAKOBEN_00113	43.478	23	13	0	300	322	407	429	6.8	18.9
SA20153983_GBAKOBEN_00103	SA20153983_GBAKOBEN_00112	45.000	20	11	0	364	383	184	203	8.9	18.5
SA20153983_GBAKOBEN_00104	SA20153983_GBAKOBEN_00104	100.000	240	0	0	1	240	1	240	1.23e-180	486
SA20153983_GBAKOBEN_00104	SA20153983_GBAKOBEN_00116	57.143	14	6	0	145	158	439	452	0.67	21.2
SA20153983_GBAKOBEN_00104	SA20153983_GBAKOBEN_00100	30.303	33	21	1	102	134	58	88	2.6	19.2
SA20153983_GBAKOBEN_00104	SA20153983_GBAKOBEN_00107	45.455	11	6	0	81	91	41	51	4.7	18.5
SA20153983_GBAKOBEN_00105	SA20153983_GBAKOBEN_00105	100.000	467	0	0	1	467	1	467	0.0	954
SA20153983_GBAKOBEN_00105	SA20153983_GBAKOBEN_00106	26.923	52	29	3	53	95	148	199	3.2	20.0
SA20153983_GBAKOBEN_00105	SA20153983_GBAKOBEN_00116	33.333	30	13	1	248	277	95	117	4.0	19.6
SA20153983_GBAKOBEN_00105	SA20153983_GBAKOBEN_00097	38.889	18	11	0	203	220	138	155	7.0	18.9
SA20153983_GBAKOBEN_00105	SA20153983_GBAKOBEN_00113	25.000	36	27	0	396	431	799	834	9.0	18.9
SA20153983_GBAKOBEN_00106	SA20153983_GBAKOBEN_00106	100.000	470	0	0	1	470	1	470	0.0	928
SA20153983_GBAKOBEN_00106	SA20153983_GBAKOBEN_00105	26.923	52	29	3	148	199	53	95	2.3	20.4
SA20153983_GBAKOBEN_00106	SA20153983_GBAKOBEN_00117	32.692	52	31	3	167	215	178	228	3.8	20.0
SA20153983_GBAKOBEN_00106	SA20153983_GBAKOBEN_00113	35.714	42	24	1	169	210	96	134	3.8	20.0
SA20153983_GBAKOBEN_00106	SA20153983_GBAKOBEN_00103	33.333	36	20	1	48	79	55	90	4.7	19.6
SA20153983_GBAKOBEN_00106	SA20153983_GBAKOBEN_00107	45.000	20	11	0	250	269	890	909	4.9	19.6
SA20153983_GBAKOBEN_00106	SA20153983_GBAKOBEN_00108	43.750	16	9	0	165	180	359	374	8.5	18.9
SA20153983_GBAKOBEN_00106	SA20153983_GBAKOBEN_00102	30.645	62	29	2	340	387	145	206	9.0	18.5
SA20153983_GBAKOBEN_00106	SA20153983_GBAKOBEN_00101	36.842	19	12	0	367	385	377	395	9.1	18.5
SA20153983_GBAKOBEN_00107	SA20153983_GBAKOBEN_00107	100.000	1026	0	0	1	1026	1	1026	0.0	2065
SA20153983_GBAKOBEN_00107	SA20153983_GBAKOBEN_00108	49.659	1025	507	3	6	1021	15	1039	0.0	919
SA20153983_GBAKOBEN_00107	SA20153983_GBAKOBEN_00116	45.455	22	12	0	782	803	245	266	0.46	23.9
SA20153983_GBAKOBEN_00107	SA20153983_GBAKOBEN_00109	24.074	54	32	1	868	912	223	276	1.4	22.3
SA20153983_GBAKOBEN_00107	SA20153983_GBAKOBEN_00103	24.000	50	31	2	156	205	208	250	1.6	22.3
SA20153983_GBAKOBEN_00107	SA20153983_GBAKOBEN_00101	36.000	25	16	0	795	819	215	239	2.7	21.6
SA20153983_GBAKOBEN_00107	SA20153983_GBAKOBEN_00117	42.308	26	15	0	194	219	98	123	3.1	21.2
SA20153983_GBAKOBEN_00107	SA20153983_GBAKOBEN_00112	50.000	20	10	0	922	941	233	252	3.3	21.2
SA20153983_GBAKOBEN_00107	SA20153983_GBAKOBEN_00113	60.000	10	4	0	711	720	963	972	6.4	20.4
SA20153983_GBAKOBEN_00107	SA20153983_GBAKOBEN_00106	45.000	20	11	0	890	909	250	269	9.3	19.6
SA20153983_GBAKOBEN_00108	SA20153983_GBAKOBEN_00108	100.000	1040	0	0	1	1040	1	1040	0.0	2080
SA20153983_GBAKOBEN_00108	SA20153983_GBAKOBEN_00107	49.659	1025	507	3	15	1039	6	1021	0.0	929
SA20153983_GBAKOBEN_00108	SA20153983_GBAKOBEN_00109	28.571	35	25	0	882	916	223	257	1.0	22.7
SA20153983_GBAKOBEN_00108	SA20153983_GBAKOBEN_00117	55.556	9	4	0	818	826	205	213	5.1	20.8
SA20153983_GBAKOBEN_00109	SA20153983_GBAKOBEN_00109	100.000	413	0	0	1	413	1	413	0.0	830
SA20153983_GBAKOBEN_00109	SA20153983_GBAKOBEN_00108	28.571	35	25	0	223	257	882	916	0.44	22.7
SA20153983_GBAKOBEN_00109	SA20153983_GBAKOBEN_00107	24.074	54	32	1	223	276	868	912	0.73	21.9
SA20153983_GBAKOBEN_00109	SA20153983_GBAKOBEN_00113	31.579	38	25	1	107	143	638	675	6.3	18.9
SA20153983_GBAKOBEN_00109	SA20153983_GBAKOBEN_00116	31.818	44	29	1	134	177	450	492	7.2	18.9
SA20153983_GBAKOBEN_00110	SA20153983_GBAKOBEN_00110	100.000	65	0	0	1	65	1	65	1.87e-46	133
SA20153983_GBAKOBEN_00110	SA20153983_GBAKOBEN_00113	28.125	32	23	0	29	60	711	742	1.7	17.3
SA20153983_GBAKOBEN_00110	SA20153983_GBAKOBEN_00116	27.660	47	27	2	12	58	91	130	3.4	16.5
SA20153983_GBAKOBEN_00110	SA20153983_GBAKOBEN_00106	53.333	15	7	0	19	33	336	350	5.1	15.8
SA20153983_GBAKOBEN_00111	SA20153983_GBAKOBEN_00111	100.000	450	0	0	1	450	1	450	0.0	920
SA20153983_GBAKOBEN_00111	SA20153983_GBAKOBEN_00117	30.000	50	31	1	53	102	314	359	0.96	21.6
SA20153983_GBAKOBEN_00111	SA20153983_GBAKOBEN_00107	22.034	118	71	4	44	161	222	318	1.4	21.2
SA20153983_GBAKOBEN_00111	SA20153983_GBAKOBEN_00100	38.889	18	11	0	259	276	221	238	3.7	19.6
SA20153983_GBAKOBEN_00111	SA20153983_GBAKOBEN_00102	40.000	15	9	0	90	104	210	224	9.0	18.5
SA20153983_GBAKOBEN_00111	SA20153983_GBAKOBEN_00112	40.000	25	15	0	256	280	201	225	9.4	18.5
SA20153983_GBAKOBEN_00112	SA20153983_GBAKOBEN_00112	100.000	289	0	0	1	289	1	289	0.0	584
SA20153983_GBAKOBEN_00112	SA20153983_GBAKOBEN_00116	26.316	38	28	0	228	265	570	607	0.69	21.6
SA20153983_GBAKOBEN_00112	SA20153983_GBAKOBEN_00107	50.000	20	10	0	233	252	922	941	0.93	21.2
SA20153983_GBAKOBEN_00112	SA20153983_GBAKOBEN_00117	37.143	35	15	3	189	221	420	449	1.9	20.0
SA20153983_GBAKOBEN_00112	SA20153983_GBAKOBEN_00111	40.000	25	15	0	201	225	256	280	6.0	18.5
SA20153983_GBAKOBEN_00112	SA20153983_GBAKOBEN_00103	45.000	20	11	0	184	203	364	383	6.4	18.5
SA20153983_GBAKOBEN_00113	SA20153983_GBAKOBEN_00113	100.000	996	0	0	1	996	1	996	0.0	2038
SA20153983_GBAKOBEN_00113	SA20153983_GBAKOBEN_00114	33.333	39	24	1	484	520	24	62	2.6	21.2
SA20153983_GBAKOBEN_00113	SA20153983_GBAKOBEN_00107	60.000	10	4	0	963	972	711	720	5.8	20.4
SA20153983_GBAKOBEN_00113	SA20153983_GBAKOBEN_00106	31.081	74	44	2	134	204	145	214	7.6	20.0
SA20153983_GBAKOBEN_00114	SA20153983_GBAKOBEN_00114	100.000	213	0	0	1	213	1	213	1.72e-163	441
SA20153983_GBAKOBEN_00114	SA20153983_GBAKOBEN_00113	33.333	39	24	1	24	62	484	520	0.57	21.2
SA20153983_GBAKOBEN_00114	SA20153983_GBAKOBEN_00117	44.444	18	10	0	148	165	289	306	2.1	19.2
SA20153983_GBAKOBEN_00114	SA20153983_GBAKOBEN_00103	46.154	13	7	0	195	207	240	252	6.6	17.7
SA20153983_GBAKOBEN_00115	SA20153983_GBAKOBEN_00115	100.000	193	0	0	1	193	1	193	1.49e-144	391
SA20153983_GBAKOBEN_00115	SA20153983_GBAKOBEN_00108	31.034	29	19	1	59	87	635	662	1.5	19.6
SA20153983_GBAKOBEN_00115	SA20153983_GBAKOBEN_00113	36.000	25	16	0	91	115	344	368	1.9	19.2
SA20153983_GBAKOBEN_00115	SA20153983_GBAKOBEN_00117	41.176	17	10	0	40	56	390	406	8.0	17.3
SA20153983_GBAKOBEN_00116	SA20153983_GBAKOBEN_00116	100.000	618	0	0	1	618	1	618	0.0	1260
SA20153983_GBAKOBEN_00116	SA20153983_GBAKOBEN_00107	45.455	22	12	0	245	266	782	803	0.30	23.9
SA20153983_GBAKOBEN_00116	SA20153983_GBAKOBEN_00112	26.316	38	28	0	570	607	228	265	1.5	21.6
SA20153983_GBAKOBEN_00116	SA20153983_GBAKOBEN_00100	40.000	30	17	1	103	131	390	419	1.5	21.6
SA20153983_GBAKOBEN_00116	SA20153983_GBAKOBEN_00104	57.143	14	6	0	439	452	145	158	1.7	21.2
SA20153983_GBAKOBEN_00116	SA20153983_GBAKOBEN_00105	33.333	30	13	1	95	117	248	277	5.2	19.6
SA20153983_GBAKOBEN_00116	SA20153983_GBAKOBEN_00101	33.333	18	12	0	125	142	225	242	8.7	19.2
SA20153983_GBAKOBEN_00117	SA20153983_GBAKOBEN_00117	100.000	526	0	0	1	526	1	526	0.0	1066
SA20153983_GBAKOBEN_00117	SA20153983_GBAKOBEN_00111	30.000	50	31	1	314	359	53	102	1.1	21.6
SA20153983_GBAKOBEN_00117	SA20153983_GBAKOBEN_00107	42.308	26	15	0	98	123	194	219	1.5	21.6
SA20153983_GBAKOBEN_00117	SA20153983_GBAKOBEN_00108	55.556	9	4	0	205	213	818	826	2.6	20.8
SA20153983_GBAKOBEN_00117	SA20153983_GBAKOBEN_00112	37.143	35	15	3	420	449	189	221	3.4	20.0
SA20153983_GBAKOBEN_00117	SA20153983_GBAKOBEN_00106	32.692	52	31	3	178	228	167	215	4.2	20.0
SA20153983_GBAKOBEN_00117	SA20153983_GBAKOBEN_00114	44.444	18	10	0	289	306	148	165	5.3	19.2
SA20160228_MPFEEIDI_02707	SA20160228_MPFEEIDI_02707	100.000	526	0	0	1	526	1	526	0.0	1065
SA20160228_MPFEEIDI_02707	SA20160228_MPFEEIDI_02713	30.000	50	31	1	314	359	53	102	1.1	21.9
SA20160228_MPFEEIDI_02707	SA20160228_MPFEEIDI_02717	42.308	26	15	0	98	123	194	219	1.5	21.6
SA20160228_MPFEEIDI_02707	SA20160228_MPFEEIDI_02716	55.556	9	4	0	205	213	818	826	2.6	20.8
SA20160228_MPFEEIDI_02707	SA20160228_MPFEEIDI_02712	37.143	35	15	3	420	449	189	221	3.5	20.0
SA20160228_MPFEEIDI_02707	SA20160228_MPFEEIDI_02721	37.500	32	15	2	495	526	207	233	4.1	20.0
SA20160228_MPFEEIDI_02707	SA20160228_MPFEEIDI_02718	36.842	38	21	2	191	228	181	215	6.6	19.2
SA20160228_MPFEEIDI_02708	SA20160228_MPFEEIDI_02708	100.000	618	0	0	1	618	1	618	0.0	1259
SA20160228_MPFEEIDI_02708	SA20160228_MPFEEIDI_02717	45.455	22	12	0	245	266	782	803	0.31	23.9
SA20160228_MPFEEIDI_02708	SA20160228_MPFEEIDI_02723	25.000	44	32	1	183	225	418	461	1.3	21.9
SA20160228_MPFEEIDI_02708	SA20160228_MPFEEIDI_02724	40.000	30	17	1	103	131	390	419	1.5	21.6
SA20160228_MPFEEIDI_02708	SA20160228_MPFEEIDI_02712	26.316	38	28	0	570	607	228	265	1.7	21.2
SA20160228_MPFEEIDI_02708	SA20160228_MPFEEIDI_02720	57.143	14	6	0	439	452	145	158	1.7	21.2
SA20160228_MPFEEIDI_02708	SA20160228_MPFEEIDI_02725	31.111	45	29	1	572	616	124	166	2.8	20.8
SA20160228_MPFEEIDI_02708	SA20160228_MPFEEIDI_02719	33.333	30	13	1	95	117	248	277	5.4	19.6
SA20160228_MPFEEIDI_02709	SA20160228_MPFEEIDI_02709	100.000	193	0	0	1	193	1	193	1.50e-144	391
SA20160228_MPFEEIDI_02709	SA20160228_MPFEEIDI_02716	31.034	29	19	1	59	87	635	662	1.5	19.6
SA20160228_MPFEEIDI_02709	SA20160228_MPFEEIDI_02711	36.000	25	16	0	91	115	344	368	1.9	19.2
SA20160228_MPFEEIDI_02709	SA20160228_MPFEEIDI_02707	41.176	17	10	0	40	56	390	406	7.9	17.3
SA20160228_MPFEEIDI_02710	SA20160228_MPFEEIDI_02710	100.000	213	0	0	1	213	1	213	1.73e-163	441
SA20160228_MPFEEIDI_02710	SA20160228_MPFEEIDI_02711	33.333	39	24	1	24	62	484	520	0.59	21.2
SA20160228_MPFEEIDI_02710	SA20160228_MPFEEIDI_02721	46.154	13	7	0	195	207	240	252	7.0	17.7
SA20160228_MPFEEIDI_02711	SA20160228_MPFEEIDI_02711	100.000	996	0	0	1	996	1	996	0.0	2039
SA20160228_MPFEEIDI_02711	SA20160228_MPFEEIDI_02710	33.333	39	24	1	484	520	24	62	2.6	21.2
SA20160228_MPFEEIDI_02711	SA20160228_MPFEEIDI_02718	35.714	42	24	1	96	134	169	210	4.0	20.8
SA20160228_MPFEEIDI_02711	SA20160228_MPFEEIDI_02717	60.000	10	4	0	963	972	711	720	5.9	20.4
SA20160228_MPFEEIDI_02711	SA20160228_MPFEEIDI_02725	41.379	29	16	1	481	508	166	194	9.8	19.6
SA20160228_MPFEEIDI_02712	SA20160228_MPFEEIDI_02712	100.000	289	0	0	1	289	1	289	0.0	585
SA20160228_MPFEEIDI_02712	SA20160228_MPFEEIDI_02708	26.316	38	28	0	228	265	570	607	0.78	21.2
SA20160228_MPFEEIDI_02712	SA20160228_MPFEEIDI_02707	37.143	35	15	3	189	221	420	449	1.9	20.0
SA20160228_MPFEEIDI_02712	SA20160228_MPFEEIDI_02721	34.884	43	23	1	161	203	346	383	3.3	19.2
SA20160228_MPFEEIDI_02712	SA20160228_MPFEEIDI_02711	33.333	27	16	1	233	259	866	890	3.3	19.2
SA20160228_MPFEEIDI_02712	SA20160228_MPFEEIDI_02723	36.364	33	18	2	70	99	138	170	3.5	19.2
SA20160228_MPFEEIDI_02712	SA20160228_MPFEEIDI_02713	40.000	25	15	0	201	225	256	280	5.7	18.5
SA20160228_MPFEEIDI_02712	SA20160228_MPFEEIDI_02718	24.390	41	30	1	63	102	275	315	7.0	18.1
SA20160228_MPFEEIDI_02713	SA20160228_MPFEEIDI_02713	100.000	450	0	0	1	450	1	450	0.0	920
SA20160228_MPFEEIDI_02713	SA20160228_MPFEEIDI_02707	30.000	50	31	1	53	102	314	359	0.92	21.9
SA20160228_MPFEEIDI_02713	SA20160228_MPFEEIDI_02717	22.034	118	71	4	44	161	222	318	1.4	21.2
SA20160228_MPFEEIDI_02713	SA20160228_MPFEEIDI_02711	42.308	26	13	1	27	50	753	778	2.9	20.4
SA20160228_MPFEEIDI_02713	SA20160228_MPFEEIDI_02724	38.889	18	11	0	259	276	221	238	3.7	19.6
SA20160228_MPFEEIDI_02713	SA20160228_MPFEEIDI_02726	27.273	22	16	0	118	139	16	37	8.3	18.5
SA20160228_MPFEEIDI_02713	SA20160228_MPFEEIDI_02725	25.490	51	34	1	376	426	33	79	8.7	18.5
SA20160228_MPFEEIDI_02713	SA20160228_MPFEEIDI_02712	40.000	25	15	0	256	280	201	225	8.9	18.5
SA20160228_MPFEEIDI_02713	SA20160228_MPFEEIDI_02722	40.000	15	9	0	90	104	210	224	9.0	18.5
SA20160228_MPFEEIDI_02714	SA20160228_MPFEEIDI_02714	100.000	65	0	0	1	65	1	65	1.01e-46	134
SA20160228_MPFEEIDI_02714	SA20160228_MPFEEIDI_02711	28.125	32	23	0	29	60	711	742	1.9	17.3
SA20160228_MPFEEIDI_02714	SA20160228_MPFEEIDI_02708	27.660	47	27	2	12	58	91	130	3.4	16.5
SA20160228_MPFEEIDI_02714	SA20160228_MPFEEIDI_02718	53.333	15	7	0	19	33	336	350	5.0	16.2
SA20160228_MPFEEIDI_02714	SA20160228_MPFEEIDI_02723	55.556	9	4	0	57	65	270	278	8.6	15.4
SA20160228_MPFEEIDI_02715	SA20160228_MPFEEIDI_02715	100.000	413	0	0	1	413	1	413	0.0	832
SA20160228_MPFEEIDI_02715	SA20160228_MPFEEIDI_02716	28.571	35	25	0	223	257	882	916	0.45	22.7
SA20160228_MPFEEIDI_02715	SA20160228_MPFEEIDI_02717	26.923	26	19	0	223	248	868	893	0.76	21.9
SA20160228_MPFEEIDI_02715	SA20160228_MPFEEIDI_02711	31.579	38	25	1	107	143	638	675	6.5	18.9
SA20160228_MPFEEIDI_02715	SA20160228_MPFEEIDI_02708	31.818	44	29	1	134	177	450	492	7.5	18.9
SA20160228_MPFEEIDI_02716	SA20160228_MPFEEIDI_02716	100.000	1040	0	0	1	1040	1	1040	0.0	2078
SA20160228_MPFEEIDI_02716	SA20160228_MPFEEIDI_02717	49.756	1025	506	3	15	1039	6	1021	0.0	927
SA20160228_MPFEEIDI_02716	SA20160228_MPFEEIDI_02715	28.571	35	25	0	882	916	223	257	1.0	22.7
SA20160228_MPFEEIDI_02716	SA20160228_MPFEEIDI_02725	56.250	16	7	0	745	760	60	75	4.9	20.8
SA20160228_MPFEEIDI_02716	SA20160228_MPFEEIDI_02707	55.556	9	4	0	818	826	205	213	5.2	20.8
SA20160228_MPFEEIDI_02717	SA20160228_MPFEEIDI_02717	100.000	1026	0	0	1	1026	1	1026	0.0	2064
SA20160228_MPFEEIDI_02717	SA20160228_MPFEEIDI_02716	49.756	1025	506	3	6	1021	15	1039	0.0	916
SA20160228_MPFEEIDI_02717	SA20160228_MPFEEIDI_02708	45.455	22	12	0	782	803	245	266	0.47	23.9
SA20160228_MPFEEIDI_02717	SA20160228_MPFEEIDI_02715	24.074	54	32	1	868	912	223	276	1.5	22.3
SA20160228_MPFEEIDI_02717	SA20160228_MPFEEIDI_02721	24.000	50	31	2	156	205	208	250	1.7	21.9
SA20160228_MPFEEIDI_02717	SA20160228_MPFEEIDI_02725	34.615	26	16	1	999	1024	44	68	2.8	21.6
SA20160228_MPFEEIDI_02717	SA20160228_MPFEEIDI_02723	36.000	25	16	0	795	819	215	239	2.8	21.6
SA20160228_MPFEEIDI_02717	SA20160228_MPFEEIDI_02707	42.308	26	15	0	194	219	98	123	3.1	21.2
SA20160228_MPFEEIDI_02717	SA20160228_MPFEEIDI_02711	60.000	10	4	0	711	720	963	972	6.5	20.4
SA20160228_MPFEEIDI_02717	SA20160228_MPFEEIDI_02718	45.000	20	11	0	890	909	250	269	9.0	19.6
SA20160228_MPFEEIDI_02718	SA20160228_MPFEEIDI_02718	100.000	470	0	0	1	470	1	470	0.0	929
SA20160228_MPFEEIDI_02718	SA20160228_MPFEEIDI_02711	35.714	42	24	1	169	210	96	134	1.9	20.8
SA20160228_MPFEEIDI_02718	SA20160228_MPFEEIDI_02719	26.923	52	29	3	148	199	53	95	2.2	20.8
SA20160228_MPFEEIDI_02718	SA20160228_MPFEEIDI_02721	33.333	36	20	1	48	79	55	90	4.5	19.6
SA20160228_MPFEEIDI_02718	SA20160228_MPFEEIDI_02717	45.000	20	11	0	250	269	890	909	5.0	19.6
SA20160228_MPFEEIDI_02718	SA20160228_MPFEEIDI_02723	36.364	22	14	0	236	257	626	647	5.5	19.2
SA20160228_MPFEEIDI_02718	SA20160228_MPFEEIDI_02707	36.842	38	21	2	181	215	191	228	6.3	19.2
SA20160228_MPFEEIDI_02718	SA20160228_MPFEEIDI_02722	30.645	62	29	2	340	387	145	206	10.0	18.5
SA20160228_MPFEEIDI_02719	SA20160228_MPFEEIDI_02719	100.000	467	0	0	1	467	1	467	0.0	954
SA20160228_MPFEEIDI_02719	SA20160228_MPFEEIDI_02718	26.923	52	29	3	53	95	148	199	3.0	20.0
SA20160228_MPFEEIDI_02719	SA20160228_MPFEEIDI_02708	33.333	30	13	1	248	277	95	117	4.1	19.6
SA20160228_MPFEEIDI_02719	SA20160228_MPFEEIDI_02725	22.449	49	38	0	150	198	118	166	5.8	19.2
SA20160228_MPFEEIDI_02719	SA20160228_MPFEEIDI_02711	25.000	36	27	0	396	431	799	834	9.1	18.9
SA20160228_MPFEEIDI_02720	SA20160228_MPFEEIDI_02720	100.000	240	0	0	1	240	1	240	1.24e-180	486
SA20160228_MPFEEIDI_02720	SA20160228_MPFEEIDI_02708	57.143	14	6	0	145	158	439	452	0.66	21.2
SA20160228_MPFEEIDI_02720	SA20160228_MPFEEIDI_02724	30.303	33	21	1	102	134	58	88	2.6	19.2
SA20160228_MPFEEIDI_02720	SA20160228_MPFEEIDI_02717	45.455	11	6	0	81	91	41	51	4.8	18.5
SA20160228_MPFEEIDI_02720	SA20160228_MPFEEIDI_02712	62.500	8	3	0	104	111	149	156	10.0	17.3
SA20160228_MPFEEIDI_02721	SA20160228_MPFEEIDI_02721	100.000	400	0	0	1	400	1	400	0.0	838
SA20160228_MPFEEIDI_02721	SA20160228_MPFEEIDI_02707	37.500	32	15	2	207	233	495	526	3.1	20.0
SA20160228_MPFEEIDI_02721	SA20160228_MPFEEIDI_02718	33.333	36	20	1	55	90	48	79	3.9	19.6
SA20160228_MPFEEIDI_02721	SA20160228_MPFEEIDI_02712	34.884	43	23	1	346	383	161	203	4.5	19.2
SA20160228_MPFEEIDI_02721	SA20160228_MPFEEIDI_02711	43.478	23	13	0	300	322	407	429	6.2	18.9
SA20160228_MPFEEIDI_02721	SA20160228_MPFEEIDI_02724	42.105	19	11	0	278	296	17	35	9.8	18.1
SA20160228_MPFEEIDI_02722	SA20160228_MPFEEIDI_02722	100.000	238	0	0	1	238	1	238	7.88e-180	484
SA20160228_MPFEEIDI_02722	SA20160228_MPFEEIDI_02724	50.000	20	10	0	93	112	322	341	2.3	19.6
SA20160228_MPFEEIDI_02722	SA20160228_MPFEEIDI_02713	40.000	15	9	0	210	224	90	104	4.8	18.5
SA20160228_MPFEEIDI_02722	SA20160228_MPFEEIDI_02717	33.333	24	13	1	93	113	204	227	5.5	18.5
SA20160228_MPFEEIDI_02722	SA20160228_MPFEEIDI_02708	39.130	23	14	0	77	99	29	51	8.4	17.7
SA20160228_MPFEEIDI_02723	SA20160228_MPFEEIDI_02723	100.000	703	0	0	1	703	1	703	0.0	1462
SA20160228_MPFEEIDI_02723	SA20160228_MPFEEIDI_02708	25.000	44	32	1	418	461	183	225	1.5	21.9
SA20160228_MPFEEIDI_02723	SA20160228_MPFEEIDI_02717	36.000	25	16	0	215	239	795	819	1.8	21.6
SA20160228_MPFEEIDI_02723	SA20160228_MPFEEIDI_02711	45.455	11	6	0	233	243	656	666	8.4	19.2
SA20160228_MPFEEIDI_02723	SA20160228_MPFEEIDI_02712	36.364	33	18	2	138	170	70	99	8.5	19.2
SA20160228_MPFEEIDI_02724	SA20160228_MPFEEIDI_02724	100.000	453	0	0	1	453	1	453	0.0	952
SA20160228_MPFEEIDI_02724	SA20160228_MPFEEIDI_02708	19.149	141	82	4	27	163	275	387	0.15	24.3
SA20160228_MPFEEIDI_02724	SA20160228_MPFEEIDI_02713	38.889	18	11	0	221	238	259	276	3.9	19.6
SA20160228_MPFEEIDI_02724	SA20160228_MPFEEIDI_02720	30.303	33	21	1	58	88	102	134	4.5	19.2
SA20160228_MPFEEIDI_02724	SA20160228_MPFEEIDI_02722	50.000	20	10	0	322	341	93	112	4.8	19.2
SA20160228_MPFEEIDI_02724	SA20160228_MPFEEIDI_02716	46.667	15	8	0	220	234	891	905	5.2	19.2
SA20160228_MPFEEIDI_02724	SA20160228_MPFEEIDI_02711	42.857	21	12	0	146	166	503	523	7.2	18.9
SA20160228_MPFEEIDI_02725	SA20160228_MPFEEIDI_02725	100.000	335	0	0	1	335	1	335	0.0	694
SA20160228_MPFEEIDI_02725	SA20160228_MPFEEIDI_02717	34.615	26	16	1	44	68	999	1024	0.90	21.6
SA20160228_MPFEEIDI_02725	SA20160228_MPFEEIDI_02708	31.111	45	29	1	124	166	572	616	1.5	20.8
SA20160228_MPFEEIDI_02725	SA20160228_MPFEEIDI_02716	56.250	16	7	0	60	75	745	760	1.6	20.8
SA20160228_MPFEEIDI_02725	SA20160228_MPFEEIDI_02711	41.379	29	16	1	166	194	481	508	3.4	19.6
SA20160228_MPFEEIDI_02725	SA20160228_MPFEEIDI_02713	25.490	51	34	1	33	79	376	426	6.5	18.5
SA20160228_MPFEEIDI_02726	SA20160228_MPFEEIDI_02726	100.000	138	0	0	1	138	1	138	3.39e-103	282
SA20160228_MPFEEIDI_02726	SA20160228_MPFEEIDI_02713	27.273	22	16	0	16	37	118	139	2.5	18.5
SA20160228_MPFEEIDI_02727	SA20160228_MPFEEIDI_02727	100.000	111	0	0	1	111	1	111	1.56e-80	223
SA20160228_MPFEEIDI_02727	SA20160228_MPFEEIDI_02716	50.000	14	7	0	2	15	116	129	4.1	17.3
SA20160228_MPFEEIDI_02727	SA20160228_MPFEEIDI_02717	42.857	14	8	0	2	15	107	120	5.7	16.9
