SA20153983_GBAKOBEN_00097	SA20160323_HIEPLBCK_00644	53.846	13	6	0	276	288	26	38	3.1	19.2
SA20153983_GBAKOBEN_00097	SA20160323_HIEPLBCK_00648	38.889	18	11	0	138	155	203	220	4.5	18.9
SA20153983_GBAKOBEN_00098	SA20160323_HIEPLBCK_00651	50.000	14	7	0	2	15	116	129	3.7	17.3
SA20153983_GBAKOBEN_00098	SA20160323_HIEPLBCK_00650	42.857	14	8	0	2	15	107	120	5.6	16.9
SA20153983_GBAKOBEN_00100	SA20160323_HIEPLBCK_00659	18.440	141	83	4	27	163	275	387	0.11	24.6
SA20153983_GBAKOBEN_00100	SA20160323_HIEPLBCK_00654	38.889	18	11	0	221	238	259	276	3.8	19.6
SA20153983_GBAKOBEN_00100	SA20160323_HIEPLBCK_00645	50.000	20	10	0	322	341	93	112	4.3	19.2
SA20153983_GBAKOBEN_00100	SA20160323_HIEPLBCK_00647	30.303	33	21	1	58	88	102	134	4.4	19.2
SA20153983_GBAKOBEN_00100	SA20160323_HIEPLBCK_00651	46.667	15	8	0	220	234	891	905	5.0	19.2
SA20153983_GBAKOBEN_00100	SA20160323_HIEPLBCK_00656	42.857	21	12	0	146	166	503	523	7.1	18.9
SA20153983_GBAKOBEN_00101	SA20160323_HIEPLBCK_00644	97.440	703	18	0	1	703	1	703	0.0	1429
SA20153983_GBAKOBEN_00101	SA20160323_HIEPLBCK_00650	36.000	25	16	0	215	239	795	819	1.8	21.6
SA20153983_GBAKOBEN_00101	SA20160323_HIEPLBCK_00656	45.455	11	6	0	233	243	656	666	8.0	19.6
SA20153983_GBAKOBEN_00101	SA20160323_HIEPLBCK_00659	33.333	18	12	0	225	242	125	142	10.0	19.2
SA20153983_GBAKOBEN_00102	SA20160323_HIEPLBCK_00645	97.059	238	7	0	1	238	1	238	4.55e-174	469
SA20153983_GBAKOBEN_00102	SA20160323_HIEPLBCK_00650	34.146	41	20	3	199	234	710	748	2.0	19.6
SA20153983_GBAKOBEN_00102	SA20160323_HIEPLBCK_00654	40.000	15	9	0	210	224	90	104	4.6	18.5
SA20153983_GBAKOBEN_00102	SA20160323_HIEPLBCK_00644	38.235	34	20	1	44	76	155	188	6.6	18.1
SA20153983_GBAKOBEN_00102	SA20160323_HIEPLBCK_00640	35.714	14	9	0	53	66	37	50	6.9	17.7
SA20153983_GBAKOBEN_00102	SA20160323_HIEPLBCK_00659	39.130	23	14	0	77	99	29	51	8.1	17.7
SA20153983_GBAKOBEN_00103	SA20160323_HIEPLBCK_00646	98.492	398	6	0	1	398	1	398	0.0	823
SA20153983_GBAKOBEN_00103	SA20160323_HIEPLBCK_00649	33.333	36	20	1	55	90	48	79	3.7	19.6
SA20153983_GBAKOBEN_00103	SA20160323_HIEPLBCK_00643	31.250	32	21	1	207	238	177	207	4.0	19.2
SA20153983_GBAKOBEN_00103	SA20160323_HIEPLBCK_00656	43.478	23	13	0	300	322	407	429	6.6	18.9
SA20153983_GBAKOBEN_00103	SA20160323_HIEPLBCK_00655	45.000	20	11	0	364	383	184	203	8.9	18.1
SA20153983_GBAKOBEN_00104	SA20160323_HIEPLBCK_00647	100.000	240	0	0	1	240	1	240	1.20e-180	486
SA20153983_GBAKOBEN_00104	SA20160323_HIEPLBCK_00659	57.143	14	6	0	145	158	439	452	0.63	21.2
SA20153983_GBAKOBEN_00104	SA20160323_HIEPLBCK_00650	45.455	11	6	0	81	91	41	51	4.6	18.5
SA20153983_GBAKOBEN_00104	SA20160323_HIEPLBCK_00641	33.333	15	10	0	57	71	48	62	8.2	17.3
SA20153983_GBAKOBEN_00104	SA20160323_HIEPLBCK_00655	62.500	8	3	0	104	111	149	156	9.3	17.3
SA20153983_GBAKOBEN_00105	SA20160323_HIEPLBCK_00648	100.000	467	0	0	1	467	1	467	0.0	954
SA20153983_GBAKOBEN_00105	SA20160323_HIEPLBCK_00649	26.923	52	29	3	53	95	148	199	3.1	20.0
SA20153983_GBAKOBEN_00105	SA20160323_HIEPLBCK_00659	33.333	30	13	1	248	277	95	117	3.8	19.6
SA20153983_GBAKOBEN_00105	SA20160323_HIEPLBCK_00644	58.333	12	5	0	347	358	173	184	4.6	19.6
SA20153983_GBAKOBEN_00105	SA20160323_HIEPLBCK_00652	32.836	67	41	3	201	267	106	168	7.5	18.9
SA20153983_GBAKOBEN_00105	SA20160323_HIEPLBCK_00656	25.000	36	27	0	396	431	799	834	8.8	18.9
SA20153983_GBAKOBEN_00106	SA20160323_HIEPLBCK_00649	100.000	470	0	0	1	470	1	470	0.0	928
SA20153983_GBAKOBEN_00106	SA20160323_HIEPLBCK_00643	26.866	67	37	3	248	304	106	170	0.14	24.3
SA20153983_GBAKOBEN_00106	SA20160323_HIEPLBCK_00648	26.923	52	29	3	148	199	53	95	2.3	20.4
SA20153983_GBAKOBEN_00106	SA20160323_HIEPLBCK_00656	35.714	42	24	1	169	210	96	134	3.6	20.0
SA20153983_GBAKOBEN_00106	SA20160323_HIEPLBCK_00660	32.692	52	31	3	167	215	178	228	3.8	20.0
SA20153983_GBAKOBEN_00106	SA20160323_HIEPLBCK_00646	33.333	36	20	1	48	79	55	90	4.4	19.6
SA20153983_GBAKOBEN_00106	SA20160323_HIEPLBCK_00650	45.000	20	11	0	250	269	890	909	4.8	19.6
SA20153983_GBAKOBEN_00106	SA20160323_HIEPLBCK_00651	43.750	16	9	0	165	180	359	374	8.2	18.9
SA20153983_GBAKOBEN_00107	SA20160323_HIEPLBCK_00650	99.513	1026	5	0	1	1026	1	1026	0.0	2058
SA20153983_GBAKOBEN_00107	SA20160323_HIEPLBCK_00651	49.659	1025	507	3	6	1021	15	1039	0.0	919
SA20153983_GBAKOBEN_00107	SA20160323_HIEPLBCK_00659	45.455	22	12	0	782	803	245	266	0.45	23.9
SA20153983_GBAKOBEN_00107	SA20160323_HIEPLBCK_00652	24.074	54	32	1	868	912	223	276	1.5	22.3
SA20153983_GBAKOBEN_00107	SA20160323_HIEPLBCK_00646	24.000	50	31	2	156	205	208	250	1.6	22.3
SA20153983_GBAKOBEN_00107	SA20160323_HIEPLBCK_00654	22.034	118	71	4	222	318	44	161	2.7	21.6
SA20153983_GBAKOBEN_00107	SA20160323_HIEPLBCK_00655	37.931	29	17	1	913	941	225	252	2.9	21.2
SA20153983_GBAKOBEN_00107	SA20160323_HIEPLBCK_00660	42.308	26	15	0	194	219	98	123	3.1	21.2
SA20153983_GBAKOBEN_00107	SA20160323_HIEPLBCK_00644	36.000	25	16	0	795	819	215	239	3.5	21.2
SA20153983_GBAKOBEN_00107	SA20160323_HIEPLBCK_00640	31.818	44	29	1	686	728	82	125	5.8	20.0
SA20153983_GBAKOBEN_00107	SA20160323_HIEPLBCK_00656	60.000	10	4	0	711	720	963	972	6.3	20.4
SA20153983_GBAKOBEN_00107	SA20160323_HIEPLBCK_00649	45.000	20	11	0	890	909	250	269	9.1	19.6
SA20153983_GBAKOBEN_00108	SA20160323_HIEPLBCK_00651	100.000	1040	0	0	1	1040	1	1040	0.0	2080
SA20153983_GBAKOBEN_00108	SA20160323_HIEPLBCK_00650	49.659	1025	507	3	15	1039	6	1021	0.0	927
SA20153983_GBAKOBEN_00108	SA20160323_HIEPLBCK_00652	28.571	35	25	0	882	916	223	257	1.0	22.7
SA20153983_GBAKOBEN_00108	SA20160323_HIEPLBCK_00660	55.556	9	4	0	818	826	205	213	5.0	20.8
SA20153983_GBAKOBEN_00109	SA20160323_HIEPLBCK_00652	99.031	413	4	0	1	413	1	413	0.0	822
SA20153983_GBAKOBEN_00109	SA20160323_HIEPLBCK_00651	28.571	35	25	0	223	257	882	916	0.43	22.7
SA20153983_GBAKOBEN_00109	SA20160323_HIEPLBCK_00650	24.074	54	32	1	223	276	868	912	0.72	21.9
SA20153983_GBAKOBEN_00109	SA20160323_HIEPLBCK_00648	31.944	72	35	4	106	168	201	267	1.9	20.4
SA20153983_GBAKOBEN_00109	SA20160323_HIEPLBCK_00656	31.579	38	25	1	107	143	638	675	6.3	18.9
SA20153983_GBAKOBEN_00109	SA20160323_HIEPLBCK_00659	31.818	44	29	1	134	177	450	492	6.8	18.9
SA20153983_GBAKOBEN_00110	SA20160323_HIEPLBCK_00653	98.462	65	1	0	1	65	1	65	7.33e-46	132
SA20153983_GBAKOBEN_00110	SA20160323_HIEPLBCK_00656	28.125	32	23	0	29	60	711	742	1.7	17.3
SA20153983_GBAKOBEN_00110	SA20160323_HIEPLBCK_00659	27.660	47	27	2	12	58	91	130	3.3	16.5
SA20153983_GBAKOBEN_00110	SA20160323_HIEPLBCK_00649	53.333	15	7	0	19	33	336	350	5.0	15.8
SA20153983_GBAKOBEN_00111	SA20160323_HIEPLBCK_00654	99.556	450	2	0	1	450	1	450	0.0	917
SA20153983_GBAKOBEN_00111	SA20160323_HIEPLBCK_00660	30.000	50	31	1	53	102	314	359	0.92	21.6
SA20153983_GBAKOBEN_00111	SA20160323_HIEPLBCK_00650	22.034	118	71	4	44	161	222	318	1.4	21.2
SA20153983_GBAKOBEN_00111	SA20160323_HIEPLBCK_00645	46.667	15	8	0	90	104	210	224	3.4	19.6
SA20153983_GBAKOBEN_00111	SA20160323_HIEPLBCK_00659	25.000	80	51	3	379	449	278	357	4.9	19.2
SA20153983_GBAKOBEN_00111	SA20160323_HIEPLBCK_00656	42.308	26	13	1	27	50	753	778	5.3	19.2
SA20153983_GBAKOBEN_00111	SA20160323_HIEPLBCK_00655	40.000	25	15	0	256	280	201	225	8.9	18.5
SA20153983_GBAKOBEN_00112	SA20160323_HIEPLBCK_00655	98.962	289	3	0	1	289	1	289	0.0	580
SA20153983_GBAKOBEN_00112	SA20160323_HIEPLBCK_00659	23.684	38	29	0	228	265	570	607	1.8	20.0
SA20153983_GBAKOBEN_00112	SA20160323_HIEPLBCK_00660	37.143	35	15	3	189	221	420	449	1.8	20.0
SA20153983_GBAKOBEN_00112	SA20160323_HIEPLBCK_00646	34.884	43	23	1	161	203	346	383	3.3	19.2
SA20153983_GBAKOBEN_00112	SA20160323_HIEPLBCK_00650	45.000	20	11	0	233	252	922	941	3.4	19.2
SA20153983_GBAKOBEN_00112	SA20160323_HIEPLBCK_00654	40.000	25	15	0	201	225	256	280	5.9	18.5
SA20153983_GBAKOBEN_00112	SA20160323_HIEPLBCK_00644	37.931	29	15	2	70	95	138	166	9.2	17.7
SA20153983_GBAKOBEN_00113	SA20160323_HIEPLBCK_00656	99.900	996	1	0	1	996	1	996	0.0	2037
SA20153983_GBAKOBEN_00113	SA20160323_HIEPLBCK_00657	33.333	39	24	1	484	520	24	62	2.5	21.2
SA20153983_GBAKOBEN_00113	SA20160323_HIEPLBCK_00650	60.000	10	4	0	963	972	711	720	5.7	20.4
SA20153983_GBAKOBEN_00113	SA20160323_HIEPLBCK_00649	31.081	74	44	2	134	204	145	214	7.4	20.0
SA20153983_GBAKOBEN_00114	SA20160323_HIEPLBCK_00657	100.000	213	0	0	1	213	1	213	1.68e-163	441
SA20153983_GBAKOBEN_00114	SA20160323_HIEPLBCK_00656	33.333	39	24	1	24	62	484	520	0.57	21.2
SA20153983_GBAKOBEN_00114	SA20160323_HIEPLBCK_00640	47.826	23	9	1	187	209	72	91	1.4	19.6
SA20153983_GBAKOBEN_00114	SA20160323_HIEPLBCK_00646	46.154	13	7	0	195	207	240	252	6.3	17.7
SA20153983_GBAKOBEN_00115	SA20160323_HIEPLBCK_00658	100.000	193	0	0	1	193	1	193	1.46e-144	391
SA20153983_GBAKOBEN_00115	SA20160323_HIEPLBCK_00651	31.034	29	19	1	59	87	635	662	1.4	19.6
SA20153983_GBAKOBEN_00115	SA20160323_HIEPLBCK_00656	36.000	25	16	0	91	115	344	368	1.9	19.2
SA20153983_GBAKOBEN_00115	SA20160323_HIEPLBCK_00660	41.176	17	10	0	40	56	390	406	7.7	17.3
SA20153983_GBAKOBEN_00116	SA20160323_HIEPLBCK_00659	99.191	618	5	0	1	618	1	618	0.0	1249
SA20153983_GBAKOBEN_00116	SA20160323_HIEPLBCK_00644	27.273	44	31	1	183	225	418	461	0.28	23.9
SA20153983_GBAKOBEN_00116	SA20160323_HIEPLBCK_00650	45.455	22	12	0	245	266	782	803	0.29	23.9
SA20153983_GBAKOBEN_00116	SA20160323_HIEPLBCK_00655	26.316	38	28	0	570	607	228	265	1.0	21.9
SA20153983_GBAKOBEN_00116	SA20160323_HIEPLBCK_00647	57.143	14	6	0	439	452	145	158	1.7	21.2
SA20153983_GBAKOBEN_00116	SA20160323_HIEPLBCK_00648	33.333	30	13	1	95	117	248	277	5.1	19.6
SA20153983_GBAKOBEN_00117	SA20160323_HIEPLBCK_00660	99.620	526	2	0	1	526	1	526	0.0	1062
SA20153983_GBAKOBEN_00117	SA20160323_HIEPLBCK_00640	42.308	26	15	0	447	472	32	57	0.14	24.3
SA20153983_GBAKOBEN_00117	SA20160323_HIEPLBCK_00654	30.000	50	31	1	314	359	53	102	1.0	21.9
SA20153983_GBAKOBEN_00117	SA20160323_HIEPLBCK_00650	42.308	26	15	0	98	123	194	219	1.6	21.2
SA20153983_GBAKOBEN_00117	SA20160323_HIEPLBCK_00651	55.556	9	4	0	205	213	818	826	2.5	20.8
SA20153983_GBAKOBEN_00117	SA20160323_HIEPLBCK_00655	37.143	35	15	3	420	449	189	221	3.3	20.0
SA20153983_GBAKOBEN_00117	SA20160323_HIEPLBCK_00649	32.692	52	31	3	178	228	167	215	4.1	20.0
SA20153983_GBAKOBEN_00117	SA20160323_HIEPLBCK_00657	44.444	18	10	0	289	306	148	165	5.2	19.2
SA20160323_HIEPLBCK_00640	SA20160323_HIEPLBCK_00640	100.000	165	0	0	1	165	1	165	1.41e-126	343
SA20160323_HIEPLBCK_00640	SA20160323_HIEPLBCK_00660	42.308	26	15	0	32	57	447	472	0.043	24.3
SA20160323_HIEPLBCK_00640	SA20160323_HIEPLBCK_00650	31.818	44	29	1	82	125	686	728	0.93	20.0
SA20160323_HIEPLBCK_00640	SA20160323_HIEPLBCK_00657	47.826	23	9	1	72	91	187	209	1.1	19.6
SA20160323_HIEPLBCK_00640	SA20160323_HIEPLBCK_00643	25.424	59	41	2	2	60	107	162	1.5	19.2
SA20160323_HIEPLBCK_00640	SA20160323_HIEPLBCK_00656	61.538	13	5	0	31	43	540	552	5.4	17.7
SA20160323_HIEPLBCK_00640	SA20160323_HIEPLBCK_00645	38.462	13	8	0	37	49	53	65	7.5	16.9
SA20160323_HIEPLBCK_00641	SA20160323_HIEPLBCK_00641	100.000	103	0	0	1	103	1	103	5.77e-77	213
SA20160323_HIEPLBCK_00641	SA20160323_HIEPLBCK_00643	28.571	21	15	0	70	90	67	87	1.6	18.1
SA20160323_HIEPLBCK_00641	SA20160323_HIEPLBCK_00642	29.032	31	16	1	27	57	49	73	3.0	17.3
SA20160323_HIEPLBCK_00641	SA20160323_HIEPLBCK_00660	100.000	5	0	0	10	14	39	43	3.1	17.3
SA20160323_HIEPLBCK_00641	SA20160323_HIEPLBCK_00647	33.333	15	10	0	48	62	57	71	3.5	17.3
SA20160323_HIEPLBCK_00641	SA20160323_HIEPLBCK_00650	25.000	40	21	2	46	79	1	37	5.3	16.9
SA20160323_HIEPLBCK_00641	SA20160323_HIEPLBCK_00651	36.364	11	7	0	69	79	958	968	6.4	16.5
SA20160323_HIEPLBCK_00641	SA20160323_HIEPLBCK_00656	20.833	24	19	0	21	44	111	134	7.3	16.5
SA20160323_HIEPLBCK_00641	SA20160323_HIEPLBCK_00648	42.105	19	8	1	11	29	395	410	8.4	16.2
SA20160323_HIEPLBCK_00642	SA20160323_HIEPLBCK_00642	100.000	247	0	0	1	247	1	247	0.0	507
SA20160323_HIEPLBCK_00642	SA20160323_HIEPLBCK_00651	35.000	20	13	0	124	143	741	760	5.6	18.5
SA20160323_HIEPLBCK_00642	SA20160323_HIEPLBCK_00641	29.032	31	16	1	49	73	27	57	7.3	17.3
SA20160323_HIEPLBCK_00643	SA20160323_HIEPLBCK_00643	100.000	239	0	0	1	239	1	239	0.0	496
SA20160323_HIEPLBCK_00643	SA20160323_HIEPLBCK_00649	26.471	68	38	3	105	170	247	304	0.096	23.9
SA20160323_HIEPLBCK_00643	SA20160323_HIEPLBCK_00640	25.424	59	41	2	107	162	2	60	2.2	19.2
SA20160323_HIEPLBCK_00643	SA20160323_HIEPLBCK_00646	31.250	32	21	1	177	207	207	238	2.4	19.2
SA20160323_HIEPLBCK_00643	SA20160323_HIEPLBCK_00641	28.571	21	15	0	67	87	70	90	3.8	18.1
SA20160323_HIEPLBCK_00643	SA20160323_HIEPLBCK_00644	42.857	14	8	0	87	100	108	121	6.3	18.1
SA20160323_HIEPLBCK_00644	SA20160323_HIEPLBCK_00644	100.000	703	0	0	1	703	1	703	0.0	1462
SA20160323_HIEPLBCK_00644	SA20160323_HIEPLBCK_00659	27.273	44	31	1	418	461	183	225	0.32	23.9
SA20160323_HIEPLBCK_00644	SA20160323_HIEPLBCK_00650	36.000	25	16	0	215	239	795	819	2.2	21.2
SA20160323_HIEPLBCK_00644	SA20160323_HIEPLBCK_00648	58.333	12	5	0	173	184	347	358	6.8	19.6
SA20160323_HIEPLBCK_00645	SA20160323_HIEPLBCK_00645	100.000	238	0	0	1	238	1	238	1.63e-179	483
SA20160323_HIEPLBCK_00645	SA20160323_HIEPLBCK_00654	46.667	15	8	0	210	224	90	104	1.8	19.6
SA20160323_HIEPLBCK_00645	SA20160323_HIEPLBCK_00644	38.235	34	20	1	44	76	155	188	4.1	18.5
SA20160323_HIEPLBCK_00645	SA20160323_HIEPLBCK_00650	33.333	24	13	1	93	113	204	227	5.2	18.5
SA20160323_HIEPLBCK_00645	SA20160323_HIEPLBCK_00659	39.130	23	14	0	77	99	29	51	8.8	17.7
SA20160323_HIEPLBCK_00646	SA20160323_HIEPLBCK_00646	100.000	400	0	0	1	400	1	400	0.0	838
SA20160323_HIEPLBCK_00646	SA20160323_HIEPLBCK_00649	33.333	36	20	1	55	90	48	79	3.7	19.6
SA20160323_HIEPLBCK_00646	SA20160323_HIEPLBCK_00643	31.250	32	21	1	207	238	177	207	3.9	19.2
SA20160323_HIEPLBCK_00646	SA20160323_HIEPLBCK_00655	34.884	43	23	1	346	383	161	203	4.6	19.2
SA20160323_HIEPLBCK_00646	SA20160323_HIEPLBCK_00656	43.478	23	13	0	300	322	407	429	6.6	18.9
SA20160323_HIEPLBCK_00646	SA20160323_HIEPLBCK_00652	40.000	20	12	0	346	365	387	406	8.1	18.5
SA20160323_HIEPLBCK_00647	SA20160323_HIEPLBCK_00647	100.000	240	0	0	1	240	1	240	1.20e-180	486
SA20160323_HIEPLBCK_00647	SA20160323_HIEPLBCK_00659	57.143	14	6	0	145	158	439	452	0.63	21.2
SA20160323_HIEPLBCK_00647	SA20160323_HIEPLBCK_00650	45.455	11	6	0	81	91	41	51	4.6	18.5
SA20160323_HIEPLBCK_00647	SA20160323_HIEPLBCK_00641	33.333	15	10	0	57	71	48	62	8.2	17.3
SA20160323_HIEPLBCK_00647	SA20160323_HIEPLBCK_00655	62.500	8	3	0	104	111	149	156	9.3	17.3
SA20160323_HIEPLBCK_00648	SA20160323_HIEPLBCK_00648	100.000	467	0	0	1	467	1	467	0.0	954
SA20160323_HIEPLBCK_00648	SA20160323_HIEPLBCK_00649	26.923	52	29	3	53	95	148	199	3.1	20.0
SA20160323_HIEPLBCK_00648	SA20160323_HIEPLBCK_00659	33.333	30	13	1	248	277	95	117	3.8	19.6
SA20160323_HIEPLBCK_00648	SA20160323_HIEPLBCK_00644	58.333	12	5	0	347	358	173	184	4.6	19.6
SA20160323_HIEPLBCK_00648	SA20160323_HIEPLBCK_00656	25.000	36	27	0	396	431	799	834	8.8	18.9
SA20160323_HIEPLBCK_00649	SA20160323_HIEPLBCK_00649	100.000	470	0	0	1	470	1	470	0.0	928
SA20160323_HIEPLBCK_00649	SA20160323_HIEPLBCK_00643	26.866	67	37	3	248	304	106	170	0.14	24.3
SA20160323_HIEPLBCK_00649	SA20160323_HIEPLBCK_00648	26.923	52	29	3	148	199	53	95	2.3	20.4
SA20160323_HIEPLBCK_00649	SA20160323_HIEPLBCK_00656	35.714	42	24	1	169	210	96	134	3.6	20.0
SA20160323_HIEPLBCK_00649	SA20160323_HIEPLBCK_00660	32.692	52	31	3	167	215	178	228	3.8	20.0
SA20160323_HIEPLBCK_00649	SA20160323_HIEPLBCK_00646	33.333	36	20	1	48	79	55	90	4.4	19.6
SA20160323_HIEPLBCK_00649	SA20160323_HIEPLBCK_00650	45.000	20	11	0	250	269	890	909	4.8	19.6
SA20160323_HIEPLBCK_00649	SA20160323_HIEPLBCK_00651	43.750	16	9	0	165	180	359	374	8.2	18.9
SA20160323_HIEPLBCK_00650	SA20160323_HIEPLBCK_00650	100.000	1026	0	0	1	1026	1	1026	0.0	2066
SA20160323_HIEPLBCK_00650	SA20160323_HIEPLBCK_00651	49.659	1025	507	3	6	1021	15	1039	0.0	916
SA20160323_HIEPLBCK_00650	SA20160323_HIEPLBCK_00659	45.455	22	12	0	782	803	245	266	0.44	24.3
SA20160323_HIEPLBCK_00650	SA20160323_HIEPLBCK_00646	24.000	50	31	2	156	205	208	250	1.5	22.3
SA20160323_HIEPLBCK_00650	SA20160323_HIEPLBCK_00652	24.074	54	32	1	868	912	223	276	1.6	22.3
SA20160323_HIEPLBCK_00650	SA20160323_HIEPLBCK_00660	42.308	26	15	0	194	219	98	123	3.0	21.2
SA20160323_HIEPLBCK_00650	SA20160323_HIEPLBCK_00644	36.000	25	16	0	795	819	215	239	3.5	21.2
SA20160323_HIEPLBCK_00650	SA20160323_HIEPLBCK_00640	31.818	44	29	1	686	728	82	125	5.8	20.0
SA20160323_HIEPLBCK_00650	SA20160323_HIEPLBCK_00656	60.000	10	4	0	711	720	963	972	6.2	20.4
SA20160323_HIEPLBCK_00650	SA20160323_HIEPLBCK_00649	45.000	20	11	0	890	909	250	269	9.1	19.6
SA20160323_HIEPLBCK_00651	SA20160323_HIEPLBCK_00651	100.000	1040	0	0	1	1040	1	1040	0.0	2080
SA20160323_HIEPLBCK_00651	SA20160323_HIEPLBCK_00650	49.659	1025	507	3	15	1039	6	1021	0.0	927
SA20160323_HIEPLBCK_00651	SA20160323_HIEPLBCK_00652	28.571	35	25	0	882	916	223	257	1.0	22.7
SA20160323_HIEPLBCK_00651	SA20160323_HIEPLBCK_00660	55.556	9	4	0	818	826	205	213	5.0	20.8
SA20160323_HIEPLBCK_00652	SA20160323_HIEPLBCK_00652	100.000	413	0	0	1	413	1	413	0.0	830
SA20160323_HIEPLBCK_00652	SA20160323_HIEPLBCK_00651	28.571	35	25	0	223	257	882	916	0.43	22.7
SA20160323_HIEPLBCK_00652	SA20160323_HIEPLBCK_00650	26.923	26	19	0	223	248	868	893	0.75	21.9
SA20160323_HIEPLBCK_00652	SA20160323_HIEPLBCK_00656	31.579	38	25	1	107	143	638	675	6.1	18.9
SA20160323_HIEPLBCK_00652	SA20160323_HIEPLBCK_00659	31.818	44	29	1	134	177	450	492	6.9	18.9
SA20160323_HIEPLBCK_00653	SA20160323_HIEPLBCK_00653	100.000	65	0	0	1	65	1	65	9.82e-47	134
SA20160323_HIEPLBCK_00653	SA20160323_HIEPLBCK_00656	28.125	32	23	0	29	60	711	742	1.8	17.3
SA20160323_HIEPLBCK_00653	SA20160323_HIEPLBCK_00659	27.660	47	27	2	12	58	91	130	3.3	16.5
SA20160323_HIEPLBCK_00653	SA20160323_HIEPLBCK_00649	53.333	15	7	0	19	33	336	350	5.0	15.8
SA20160323_HIEPLBCK_00653	SA20160323_HIEPLBCK_00644	55.556	9	4	0	57	65	270	278	8.3	15.4
SA20160323_HIEPLBCK_00654	SA20160323_HIEPLBCK_00654	100.000	450	0	0	1	450	1	450	0.0	921
SA20160323_HIEPLBCK_00654	SA20160323_HIEPLBCK_00660	30.000	50	31	1	53	102	314	359	0.91	21.9
SA20160323_HIEPLBCK_00654	SA20160323_HIEPLBCK_00650	22.034	118	71	4	44	161	222	318	1.3	21.2
SA20160323_HIEPLBCK_00654	SA20160323_HIEPLBCK_00645	46.667	15	8	0	90	104	210	224	3.3	19.6
SA20160323_HIEPLBCK_00654	SA20160323_HIEPLBCK_00655	40.000	25	15	0	256	280	201	225	9.0	18.5
SA20160323_HIEPLBCK_00655	SA20160323_HIEPLBCK_00655	100.000	289	0	0	1	289	1	289	0.0	585
SA20160323_HIEPLBCK_00655	SA20160323_HIEPLBCK_00659	23.684	38	29	0	228	265	570	607	1.3	20.8
SA20160323_HIEPLBCK_00655	SA20160323_HIEPLBCK_00660	37.143	35	15	3	189	221	420	449	1.8	20.0
SA20160323_HIEPLBCK_00655	SA20160323_HIEPLBCK_00650	34.483	29	18	1	225	252	913	941	3.1	19.2
SA20160323_HIEPLBCK_00655	SA20160323_HIEPLBCK_00646	34.884	43	23	1	161	203	346	383	3.3	19.2
SA20160323_HIEPLBCK_00655	SA20160323_HIEPLBCK_00654	40.000	25	15	0	201	225	256	280	5.8	18.5
SA20160323_HIEPLBCK_00655	SA20160323_HIEPLBCK_00649	24.390	41	30	1	63	102	275	315	7.9	18.1
SA20160323_HIEPLBCK_00655	SA20160323_HIEPLBCK_00644	34.615	26	15	1	70	93	138	163	8.5	18.1
SA20160323_HIEPLBCK_00655	SA20160323_HIEPLBCK_00656	29.630	27	17	1	233	259	866	890	8.8	18.1
SA20160323_HIEPLBCK_00656	SA20160323_HIEPLBCK_00656	100.000	996	0	0	1	996	1	996	0.0	2038
SA20160323_HIEPLBCK_00656	SA20160323_HIEPLBCK_00657	33.333	39	24	1	484	520	24	62	2.5	21.2
SA20160323_HIEPLBCK_00656	SA20160323_HIEPLBCK_00650	60.000	10	4	0	963	972	711	720	5.7	20.4
SA20160323_HIEPLBCK_00656	SA20160323_HIEPLBCK_00649	31.081	74	44	2	134	204	145	214	6.9	20.0
SA20160323_HIEPLBCK_00657	SA20160323_HIEPLBCK_00657	100.000	213	0	0	1	213	1	213	1.68e-163	441
SA20160323_HIEPLBCK_00657	SA20160323_HIEPLBCK_00656	33.333	39	24	1	24	62	484	520	0.57	21.2
SA20160323_HIEPLBCK_00657	SA20160323_HIEPLBCK_00640	47.826	23	9	1	187	209	72	91	1.4	19.6
SA20160323_HIEPLBCK_00657	SA20160323_HIEPLBCK_00646	46.154	13	7	0	195	207	240	252	6.3	17.7
SA20160323_HIEPLBCK_00658	SA20160323_HIEPLBCK_00658	100.000	193	0	0	1	193	1	193	1.46e-144	391
SA20160323_HIEPLBCK_00658	SA20160323_HIEPLBCK_00651	31.034	29	19	1	59	87	635	662	1.4	19.6
SA20160323_HIEPLBCK_00658	SA20160323_HIEPLBCK_00656	36.000	25	16	0	91	115	344	368	1.9	19.2
SA20160323_HIEPLBCK_00658	SA20160323_HIEPLBCK_00660	41.176	17	10	0	40	56	390	406	7.7	17.3
SA20160323_HIEPLBCK_00659	SA20160323_HIEPLBCK_00659	100.000	618	0	0	1	618	1	618	0.0	1259
SA20160323_HIEPLBCK_00659	SA20160323_HIEPLBCK_00644	27.273	44	31	1	183	225	418	461	0.28	23.9
SA20160323_HIEPLBCK_00659	SA20160323_HIEPLBCK_00650	45.455	22	12	0	245	266	782	803	0.30	23.9
SA20160323_HIEPLBCK_00659	SA20160323_HIEPLBCK_00647	57.143	14	6	0	439	452	145	158	1.6	21.2
SA20160323_HIEPLBCK_00659	SA20160323_HIEPLBCK_00655	23.684	38	29	0	570	607	228	265	2.7	20.8
SA20160323_HIEPLBCK_00659	SA20160323_HIEPLBCK_00648	33.333	30	13	1	95	117	248	277	5.2	19.6
SA20160323_HIEPLBCK_00660	SA20160323_HIEPLBCK_00660	100.000	526	0	0	1	526	1	526	0.0	1066
SA20160323_HIEPLBCK_00660	SA20160323_HIEPLBCK_00640	42.308	26	15	0	447	472	32	57	0.14	24.3
SA20160323_HIEPLBCK_00660	SA20160323_HIEPLBCK_00654	30.000	50	31	1	314	359	53	102	1.1	21.9
SA20160323_HIEPLBCK_00660	SA20160323_HIEPLBCK_00650	42.308	26	15	0	98	123	194	219	1.5	21.2
SA20160323_HIEPLBCK_00660	SA20160323_HIEPLBCK_00651	55.556	9	4	0	205	213	818	826	2.5	20.8
SA20160323_HIEPLBCK_00660	SA20160323_HIEPLBCK_00655	37.143	35	15	3	420	449	189	221	3.2	20.0
SA20160323_HIEPLBCK_00660	SA20160323_HIEPLBCK_00649	32.692	52	31	3	178	228	167	215	4.1	20.0
SA20153983_GBAKOBEN_00097	SA20153983_GBAKOBEN_00097	100.000	299	0	0	1	299	1	299	0.0	606
SA20153983_GBAKOBEN_00097	SA20153983_GBAKOBEN_00100	30.000	40	25	1	190	229	409	445	4.3	18.9
SA20153983_GBAKOBEN_00097	SA20153983_GBAKOBEN_00105	38.889	18	11	0	138	155	203	220	4.6	18.9
SA20153983_GBAKOBEN_00098	SA20153983_GBAKOBEN_00098	100.000	111	0	0	1	111	1	111	7.35e-81	224
SA20153983_GBAKOBEN_00098	SA20153983_GBAKOBEN_00100	28.000	25	18	0	51	75	362	386	2.4	18.1
SA20153983_GBAKOBEN_00098	SA20153983_GBAKOBEN_00108	50.000	14	7	0	2	15	116	129	3.8	17.3
SA20153983_GBAKOBEN_00098	SA20153983_GBAKOBEN_00107	42.857	14	8	0	2	15	107	120	5.6	16.9
SA20153983_GBAKOBEN_00099	SA20153983_GBAKOBEN_00099	100.000	138	0	0	1	138	1	138	8.58e-103	281
SA20153983_GBAKOBEN_00100	SA20153983_GBAKOBEN_00100	100.000	453	0	0	1	453	1	453	0.0	952
SA20153983_GBAKOBEN_00100	SA20153983_GBAKOBEN_00116	17.730	141	84	4	27	163	275	387	0.60	22.3
SA20153983_GBAKOBEN_00100	SA20153983_GBAKOBEN_00111	38.889	18	11	0	221	238	259	276	3.8	19.6
SA20153983_GBAKOBEN_00100	SA20153983_GBAKOBEN_00104	30.303	33	21	1	58	88	102	134	4.5	19.2
SA20153983_GBAKOBEN_00100	SA20153983_GBAKOBEN_00102	50.000	20	10	0	322	341	93	112	4.7	19.2
SA20153983_GBAKOBEN_00100	SA20153983_GBAKOBEN_00108	46.667	15	8	0	220	234	891	905	5.2	19.2
SA20153983_GBAKOBEN_00100	SA20153983_GBAKOBEN_00097	30.000	40	25	1	409	445	190	229	6.3	18.9
SA20153983_GBAKOBEN_00100	SA20153983_GBAKOBEN_00113	42.857	21	12	0	146	166	503	523	7.3	18.9
SA20153983_GBAKOBEN_00100	SA20153983_GBAKOBEN_00098	28.000	25	18	0	362	386	51	75	9.6	18.1
SA20153983_GBAKOBEN_00101	SA20153983_GBAKOBEN_00101	100.000	703	0	0	1	703	1	703	0.0	1464
SA20153983_GBAKOBEN_00101	SA20153983_GBAKOBEN_00107	36.000	25	16	0	215	239	795	819	1.8	21.6
SA20153983_GBAKOBEN_00101	SA20153983_GBAKOBEN_00113	45.455	11	6	0	233	243	656	666	8.2	19.6
SA20153983_GBAKOBEN_00101	SA20153983_GBAKOBEN_00116	33.333	18	12	0	225	242	125	142	9.9	19.2
SA20153983_GBAKOBEN_00102	SA20153983_GBAKOBEN_00102	100.000	238	0	0	1	238	1	238	7.85e-180	484
SA20153983_GBAKOBEN_00102	SA20153983_GBAKOBEN_00100	50.000	20	10	0	93	112	322	341	2.3	19.6
SA20153983_GBAKOBEN_00102	SA20153983_GBAKOBEN_00111	40.000	15	9	0	210	224	90	104	4.8	18.5
SA20153983_GBAKOBEN_00102	SA20153983_GBAKOBEN_00107	33.333	24	13	1	93	113	204	227	5.3	18.5
SA20153983_GBAKOBEN_00102	SA20153983_GBAKOBEN_00116	39.130	23	14	0	77	99	29	51	8.5	17.7
SA20153983_GBAKOBEN_00103	SA20153983_GBAKOBEN_00103	100.000	400	0	0	1	400	1	400	0.0	839
SA20153983_GBAKOBEN_00103	SA20153983_GBAKOBEN_00106	33.333	36	20	1	55	90	48	79	3.8	19.6
SA20153983_GBAKOBEN_00103	SA20153983_GBAKOBEN_00113	43.478	23	13	0	300	322	407	429	6.8	18.9
SA20153983_GBAKOBEN_00103	SA20153983_GBAKOBEN_00112	45.000	20	11	0	364	383	184	203	8.9	18.5
SA20153983_GBAKOBEN_00104	SA20153983_GBAKOBEN_00104	100.000	240	0	0	1	240	1	240	1.23e-180	486
SA20153983_GBAKOBEN_00104	SA20153983_GBAKOBEN_00116	57.143	14	6	0	145	158	439	452	0.67	21.2
SA20153983_GBAKOBEN_00104	SA20153983_GBAKOBEN_00100	30.303	33	21	1	102	134	58	88	2.6	19.2
SA20153983_GBAKOBEN_00104	SA20153983_GBAKOBEN_00107	45.455	11	6	0	81	91	41	51	4.7	18.5
SA20153983_GBAKOBEN_00105	SA20153983_GBAKOBEN_00105	100.000	467	0	0	1	467	1	467	0.0	954
SA20153983_GBAKOBEN_00105	SA20153983_GBAKOBEN_00106	26.923	52	29	3	53	95	148	199	3.2	20.0
SA20153983_GBAKOBEN_00105	SA20153983_GBAKOBEN_00116	33.333	30	13	1	248	277	95	117	4.0	19.6
SA20153983_GBAKOBEN_00105	SA20153983_GBAKOBEN_00097	38.889	18	11	0	203	220	138	155	7.0	18.9
SA20153983_GBAKOBEN_00105	SA20153983_GBAKOBEN_00113	25.000	36	27	0	396	431	799	834	9.0	18.9
SA20153983_GBAKOBEN_00106	SA20153983_GBAKOBEN_00106	100.000	470	0	0	1	470	1	470	0.0	928
SA20153983_GBAKOBEN_00106	SA20153983_GBAKOBEN_00105	26.923	52	29	3	148	199	53	95	2.3	20.4
SA20153983_GBAKOBEN_00106	SA20153983_GBAKOBEN_00117	32.692	52	31	3	167	215	178	228	3.8	20.0
SA20153983_GBAKOBEN_00106	SA20153983_GBAKOBEN_00113	35.714	42	24	1	169	210	96	134	3.8	20.0
SA20153983_GBAKOBEN_00106	SA20153983_GBAKOBEN_00103	33.333	36	20	1	48	79	55	90	4.7	19.6
SA20153983_GBAKOBEN_00106	SA20153983_GBAKOBEN_00107	45.000	20	11	0	250	269	890	909	4.9	19.6
SA20153983_GBAKOBEN_00106	SA20153983_GBAKOBEN_00108	43.750	16	9	0	165	180	359	374	8.5	18.9
SA20153983_GBAKOBEN_00106	SA20153983_GBAKOBEN_00102	30.645	62	29	2	340	387	145	206	9.0	18.5
SA20153983_GBAKOBEN_00106	SA20153983_GBAKOBEN_00101	36.842	19	12	0	367	385	377	395	9.1	18.5
SA20153983_GBAKOBEN_00107	SA20153983_GBAKOBEN_00107	100.000	1026	0	0	1	1026	1	1026	0.0	2065
SA20153983_GBAKOBEN_00107	SA20153983_GBAKOBEN_00108	49.659	1025	507	3	6	1021	15	1039	0.0	919
SA20153983_GBAKOBEN_00107	SA20153983_GBAKOBEN_00116	45.455	22	12	0	782	803	245	266	0.46	23.9
SA20153983_GBAKOBEN_00107	SA20153983_GBAKOBEN_00109	24.074	54	32	1	868	912	223	276	1.4	22.3
SA20153983_GBAKOBEN_00107	SA20153983_GBAKOBEN_00103	24.000	50	31	2	156	205	208	250	1.6	22.3
SA20153983_GBAKOBEN_00107	SA20153983_GBAKOBEN_00101	36.000	25	16	0	795	819	215	239	2.7	21.6
SA20153983_GBAKOBEN_00107	SA20153983_GBAKOBEN_00117	42.308	26	15	0	194	219	98	123	3.1	21.2
SA20153983_GBAKOBEN_00107	SA20153983_GBAKOBEN_00112	50.000	20	10	0	922	941	233	252	3.3	21.2
SA20153983_GBAKOBEN_00107	SA20153983_GBAKOBEN_00113	60.000	10	4	0	711	720	963	972	6.4	20.4
SA20153983_GBAKOBEN_00107	SA20153983_GBAKOBEN_00106	45.000	20	11	0	890	909	250	269	9.3	19.6
SA20153983_GBAKOBEN_00108	SA20153983_GBAKOBEN_00108	100.000	1040	0	0	1	1040	1	1040	0.0	2080
SA20153983_GBAKOBEN_00108	SA20153983_GBAKOBEN_00107	49.659	1025	507	3	15	1039	6	1021	0.0	929
SA20153983_GBAKOBEN_00108	SA20153983_GBAKOBEN_00109	28.571	35	25	0	882	916	223	257	1.0	22.7
SA20153983_GBAKOBEN_00108	SA20153983_GBAKOBEN_00117	55.556	9	4	0	818	826	205	213	5.1	20.8
SA20153983_GBAKOBEN_00109	SA20153983_GBAKOBEN_00109	100.000	413	0	0	1	413	1	413	0.0	830
SA20153983_GBAKOBEN_00109	SA20153983_GBAKOBEN_00108	28.571	35	25	0	223	257	882	916	0.44	22.7
SA20153983_GBAKOBEN_00109	SA20153983_GBAKOBEN_00107	24.074	54	32	1	223	276	868	912	0.73	21.9
SA20153983_GBAKOBEN_00109	SA20153983_GBAKOBEN_00113	31.579	38	25	1	107	143	638	675	6.3	18.9
SA20153983_GBAKOBEN_00109	SA20153983_GBAKOBEN_00116	31.818	44	29	1	134	177	450	492	7.2	18.9
SA20153983_GBAKOBEN_00110	SA20153983_GBAKOBEN_00110	100.000	65	0	0	1	65	1	65	1.87e-46	133
SA20153983_GBAKOBEN_00110	SA20153983_GBAKOBEN_00113	28.125	32	23	0	29	60	711	742	1.7	17.3
SA20153983_GBAKOBEN_00110	SA20153983_GBAKOBEN_00116	27.660	47	27	2	12	58	91	130	3.4	16.5
SA20153983_GBAKOBEN_00110	SA20153983_GBAKOBEN_00106	53.333	15	7	0	19	33	336	350	5.1	15.8
SA20153983_GBAKOBEN_00111	SA20153983_GBAKOBEN_00111	100.000	450	0	0	1	450	1	450	0.0	920
SA20153983_GBAKOBEN_00111	SA20153983_GBAKOBEN_00117	30.000	50	31	1	53	102	314	359	0.96	21.6
SA20153983_GBAKOBEN_00111	SA20153983_GBAKOBEN_00107	22.034	118	71	4	44	161	222	318	1.4	21.2
SA20153983_GBAKOBEN_00111	SA20153983_GBAKOBEN_00100	38.889	18	11	0	259	276	221	238	3.7	19.6
SA20153983_GBAKOBEN_00111	SA20153983_GBAKOBEN_00102	40.000	15	9	0	90	104	210	224	9.0	18.5
SA20153983_GBAKOBEN_00111	SA20153983_GBAKOBEN_00112	40.000	25	15	0	256	280	201	225	9.4	18.5
SA20153983_GBAKOBEN_00112	SA20153983_GBAKOBEN_00112	100.000	289	0	0	1	289	1	289	0.0	584
SA20153983_GBAKOBEN_00112	SA20153983_GBAKOBEN_00116	26.316	38	28	0	228	265	570	607	0.69	21.6
SA20153983_GBAKOBEN_00112	SA20153983_GBAKOBEN_00107	50.000	20	10	0	233	252	922	941	0.93	21.2
SA20153983_GBAKOBEN_00112	SA20153983_GBAKOBEN_00117	37.143	35	15	3	189	221	420	449	1.9	20.0
SA20153983_GBAKOBEN_00112	SA20153983_GBAKOBEN_00111	40.000	25	15	0	201	225	256	280	6.0	18.5
SA20153983_GBAKOBEN_00112	SA20153983_GBAKOBEN_00103	45.000	20	11	0	184	203	364	383	6.4	18.5
SA20153983_GBAKOBEN_00113	SA20153983_GBAKOBEN_00113	100.000	996	0	0	1	996	1	996	0.0	2038
SA20153983_GBAKOBEN_00113	SA20153983_GBAKOBEN_00114	33.333	39	24	1	484	520	24	62	2.6	21.2
SA20153983_GBAKOBEN_00113	SA20153983_GBAKOBEN_00107	60.000	10	4	0	963	972	711	720	5.8	20.4
SA20153983_GBAKOBEN_00113	SA20153983_GBAKOBEN_00106	31.081	74	44	2	134	204	145	214	7.6	20.0
SA20153983_GBAKOBEN_00114	SA20153983_GBAKOBEN_00114	100.000	213	0	0	1	213	1	213	1.72e-163	441
SA20153983_GBAKOBEN_00114	SA20153983_GBAKOBEN_00113	33.333	39	24	1	24	62	484	520	0.57	21.2
SA20153983_GBAKOBEN_00114	SA20153983_GBAKOBEN_00117	44.444	18	10	0	148	165	289	306	2.1	19.2
SA20153983_GBAKOBEN_00114	SA20153983_GBAKOBEN_00103	46.154	13	7	0	195	207	240	252	6.6	17.7
SA20153983_GBAKOBEN_00115	SA20153983_GBAKOBEN_00115	100.000	193	0	0	1	193	1	193	1.49e-144	391
SA20153983_GBAKOBEN_00115	SA20153983_GBAKOBEN_00108	31.034	29	19	1	59	87	635	662	1.5	19.6
SA20153983_GBAKOBEN_00115	SA20153983_GBAKOBEN_00113	36.000	25	16	0	91	115	344	368	1.9	19.2
SA20153983_GBAKOBEN_00115	SA20153983_GBAKOBEN_00117	41.176	17	10	0	40	56	390	406	8.0	17.3
SA20153983_GBAKOBEN_00116	SA20153983_GBAKOBEN_00116	100.000	618	0	0	1	618	1	618	0.0	1260
SA20153983_GBAKOBEN_00116	SA20153983_GBAKOBEN_00107	45.455	22	12	0	245	266	782	803	0.30	23.9
SA20153983_GBAKOBEN_00116	SA20153983_GBAKOBEN_00112	26.316	38	28	0	570	607	228	265	1.5	21.6
SA20153983_GBAKOBEN_00116	SA20153983_GBAKOBEN_00100	40.000	30	17	1	103	131	390	419	1.5	21.6
SA20153983_GBAKOBEN_00116	SA20153983_GBAKOBEN_00104	57.143	14	6	0	439	452	145	158	1.7	21.2
SA20153983_GBAKOBEN_00116	SA20153983_GBAKOBEN_00105	33.333	30	13	1	95	117	248	277	5.2	19.6
SA20153983_GBAKOBEN_00116	SA20153983_GBAKOBEN_00101	33.333	18	12	0	125	142	225	242	8.7	19.2
SA20153983_GBAKOBEN_00117	SA20153983_GBAKOBEN_00117	100.000	526	0	0	1	526	1	526	0.0	1066
SA20153983_GBAKOBEN_00117	SA20153983_GBAKOBEN_00111	30.000	50	31	1	314	359	53	102	1.1	21.6
SA20153983_GBAKOBEN_00117	SA20153983_GBAKOBEN_00107	42.308	26	15	0	98	123	194	219	1.5	21.6
SA20153983_GBAKOBEN_00117	SA20153983_GBAKOBEN_00108	55.556	9	4	0	205	213	818	826	2.6	20.8
SA20153983_GBAKOBEN_00117	SA20153983_GBAKOBEN_00112	37.143	35	15	3	420	449	189	221	3.4	20.0
SA20153983_GBAKOBEN_00117	SA20153983_GBAKOBEN_00106	32.692	52	31	3	178	228	167	215	4.2	20.0
SA20153983_GBAKOBEN_00117	SA20153983_GBAKOBEN_00114	44.444	18	10	0	289	306	148	165	5.3	19.2
