SA20160190_KJBEGOPM_01230	SA20160323_HIEPLBCK_01834	100.000	285	0	0	1	285	1	285	0.0	591
SA20160190_KJBEGOPM_01230	SA20160323_HIEPLBCK_01852	24.510	102	56	4	6	94	6	99	0.15	22.3
SA20160190_KJBEGOPM_01230	SA20160323_HIEPLBCK_01848	27.273	55	35	2	25	74	40	94	0.25	22.3
SA20160190_KJBEGOPM_01230	SA20160323_HIEPLBCK_01843	28.261	46	28	1	231	276	1128	1168	0.70	21.2
SA20160190_KJBEGOPM_01230	SA20160323_HIEPLBCK_01851	33.333	63	37	3	212	270	100	161	0.91	20.4
SA20160190_KJBEGOPM_01230	SA20160323_HIEPLBCK_01838	27.586	58	39	2	154	210	53	108	3.3	18.9
SA20160190_KJBEGOPM_01230	SA20160323_HIEPLBCK_01835	31.034	29	20	0	34	62	416	444	3.7	18.9
SA20160190_KJBEGOPM_01230	SA20160323_HIEPLBCK_01846	34.783	23	14	1	3	24	585	607	6.0	18.1
SA20160190_KJBEGOPM_01230	SA20160323_HIEPLBCK_01845	27.119	59	32	4	40	95	28	78	6.3	18.1
SA20160190_KJBEGOPM_01230	SA20160323_HIEPLBCK_01841	38.710	31	18	1	233	262	66	96	7.0	17.7
SA20160190_KJBEGOPM_01231	SA20160323_HIEPLBCK_01835	99.813	536	1	0	1	536	1	536	0.0	1104
SA20160190_KJBEGOPM_01231	SA20160323_HIEPLBCK_01843	22.785	553	346	16	27	535	457	972	7.80e-20	83.2
SA20160190_KJBEGOPM_01231	SA20160323_HIEPLBCK_01846	30.303	33	19	1	372	400	160	192	1.6	20.8
SA20160190_KJBEGOPM_01231	SA20160323_HIEPLBCK_01854	22.642	106	78	1	158	263	37	138	1.7	20.4
SA20160190_KJBEGOPM_01231	SA20160323_HIEPLBCK_01845	42.105	19	11	0	91	109	209	227	5.8	19.2
SA20160190_KJBEGOPM_01232	SA20160323_HIEPLBCK_01836	100.000	391	0	0	1	391	1	391	0.0	803
SA20160190_KJBEGOPM_01232	SA20160323_HIEPLBCK_01845	32.143	28	16	1	46	73	109	133	3.4	19.2
SA20160190_KJBEGOPM_01232	SA20160323_HIEPLBCK_01843	27.083	48	27	2	108	147	626	673	7.3	18.5
SA20160190_KJBEGOPM_01232	SA20160323_HIEPLBCK_01835	25.000	76	45	3	103	177	472	536	7.5	18.1
SA20160190_KJBEGOPM_01232	SA20160323_HIEPLBCK_01838	42.105	19	11	0	127	145	120	138	7.7	18.1
SA20160190_KJBEGOPM_01233	SA20160323_HIEPLBCK_01837	100.000	318	0	0	1	318	1	318	0.0	641
SA20160190_KJBEGOPM_01233	SA20160323_HIEPLBCK_01843	34.694	49	22	2	50	91	29	74	0.18	23.1
SA20160190_KJBEGOPM_01233	SA20160323_HIEPLBCK_01854	53.333	15	7	0	251	265	51	65	0.99	20.4
SA20160190_KJBEGOPM_01233	SA20160323_HIEPLBCK_01846	33.333	24	16	0	72	95	565	588	7.5	18.1
SA20160190_KJBEGOPM_01233	SA20160323_HIEPLBCK_01838	32.258	62	35	2	103	164	296	350	7.8	17.7
SA20160190_KJBEGOPM_01233	SA20160323_HIEPLBCK_01852	29.032	31	14	1	221	251	16	38	9.2	17.3
SA20160190_KJBEGOPM_01234	SA20160323_HIEPLBCK_01838	100.000	414	0	0	1	414	1	414	0.0	791
SA20160190_KJBEGOPM_01234	SA20160323_HIEPLBCK_01836	25.490	102	66	3	143	244	71	162	0.49	21.9
SA20160190_KJBEGOPM_01234	SA20160323_HIEPLBCK_01846	42.857	21	12	0	30	50	11	31	0.58	21.9
SA20160190_KJBEGOPM_01234	SA20160323_HIEPLBCK_01845	42.105	38	15	2	276	313	189	219	0.85	21.2
SA20160190_KJBEGOPM_01234	SA20160323_HIEPLBCK_01834	27.586	58	39	2	53	108	154	210	5.2	18.9
SA20160190_KJBEGOPM_01234	SA20160323_HIEPLBCK_01842	33.333	60	31	2	197	255	326	377	6.3	18.5
SA20160190_KJBEGOPM_01234	SA20160323_HIEPLBCK_01854	50.000	12	6	0	339	350	48	59	7.1	18.1
SA20160190_KJBEGOPM_01234	SA20160323_HIEPLBCK_01848	21.429	28	22	0	269	296	38	65	8.8	18.1
SA20160190_KJBEGOPM_01235	SA20160323_HIEPLBCK_01839	100.000	335	0	0	1	335	1	335	0.0	634
SA20160190_KJBEGOPM_01235	SA20160323_HIEPLBCK_01840	35.599	309	187	9	27	330	25	326	3.72e-30	108
SA20160190_KJBEGOPM_01235	SA20160323_HIEPLBCK_01842	30.159	63	32	3	57	119	232	282	2.1	19.6
SA20160190_KJBEGOPM_01235	SA20160323_HIEPLBCK_01843	26.667	30	22	0	245	274	572	601	4.0	18.9
SA20160190_KJBEGOPM_01235	SA20160323_HIEPLBCK_01838	35.088	57	31	2	210	266	21	71	6.4	18.1
SA20160190_KJBEGOPM_01235	SA20160323_HIEPLBCK_01848	23.077	26	20	0	34	59	194	219	9.8	17.7
SA20160190_KJBEGOPM_01236	SA20160323_HIEPLBCK_01840	100.000	329	0	0	1	329	1	329	0.0	632
SA20160190_KJBEGOPM_01236	SA20160323_HIEPLBCK_01839	35.855	304	185	8	29	326	31	330	1.74e-29	106
SA20160190_KJBEGOPM_01236	SA20160323_HIEPLBCK_01853	32.353	34	23	0	65	98	169	202	0.27	22.3
SA20160190_KJBEGOPM_01236	SA20160323_HIEPLBCK_01846	38.462	13	8	0	131	143	317	329	9.2	17.7
SA20160190_KJBEGOPM_01237	SA20160323_HIEPLBCK_01841	100.000	264	0	0	1	264	1	264	0.0	539
SA20160190_KJBEGOPM_01237	SA20160323_HIEPLBCK_01842	44.000	25	14	0	177	201	24	48	0.48	21.6
SA20160190_KJBEGOPM_01237	SA20160323_HIEPLBCK_01848	29.730	37	23	1	200	236	150	183	2.0	19.2
SA20160190_KJBEGOPM_01237	SA20160323_HIEPLBCK_01843	34.694	49	27	3	18	66	1196	1239	2.8	19.2
SA20160190_KJBEGOPM_01237	SA20160323_HIEPLBCK_01834	38.710	31	18	1	66	96	233	262	6.5	17.7
SA20160190_KJBEGOPM_01238	SA20160323_HIEPLBCK_01842	100.000	378	0	0	1	378	1	378	0.0	777
SA20160190_KJBEGOPM_01238	SA20160323_HIEPLBCK_01841	44.000	25	14	0	24	48	177	201	0.69	21.6
SA20160190_KJBEGOPM_01238	SA20160323_HIEPLBCK_01854	57.143	14	6	0	284	297	27	40	0.96	20.8
SA20160190_KJBEGOPM_01238	SA20160323_HIEPLBCK_01846	31.818	22	15	0	161	182	173	194	3.8	19.2
SA20160190_KJBEGOPM_01238	SA20160323_HIEPLBCK_01845	33.333	36	21	2	68	100	127	162	8.5	18.1
SA20160190_KJBEGOPM_01238	SA20160323_HIEPLBCK_01838	37.500	32	19	1	346	377	225	255	8.9	18.1
SA20160190_KJBEGOPM_01239	SA20160323_HIEPLBCK_01843	100.000	1294	0	0	1	1294	1	1294	0.0	2640
SA20160190_KJBEGOPM_01239	SA20160323_HIEPLBCK_01835	22.785	553	346	16	457	972	27	535	4.55e-20	85.5
SA20160190_KJBEGOPM_01239	SA20160323_HIEPLBCK_01837	34.694	49	22	2	29	74	50	91	0.75	23.1
SA20160190_KJBEGOPM_01239	SA20160323_HIEPLBCK_01846	36.667	30	17	1	194	221	392	421	1.9	21.9
SA20160190_KJBEGOPM_01239	SA20160323_HIEPLBCK_01834	28.261	46	28	1	1128	1168	231	276	3.2	21.2
SA20160190_KJBEGOPM_01239	SA20160323_HIEPLBCK_01852	23.636	55	35	1	653	700	21	75	8.5	19.2
SA20160190_KJBEGOPM_01239	SA20160323_HIEPLBCK_01845	25.714	35	26	0	590	624	296	330	9.0	19.6
SA20160190_KJBEGOPM_01240	SA20160323_HIEPLBCK_01844	100.000	72	0	0	1	72	1	72	2.04e-53	151
SA20160190_KJBEGOPM_01240	SA20160323_HIEPLBCK_01845	37.500	24	15	0	33	56	156	179	2.9	16.5
SA20160190_KJBEGOPM_01240	SA20160323_HIEPLBCK_01843	50.000	8	4	0	10	17	1129	1136	6.5	15.8
SA20160190_KJBEGOPM_01240	SA20160323_HIEPLBCK_01836	18.182	44	36	0	28	71	85	128	8.3	15.4
SA20160190_KJBEGOPM_01241	SA20160323_HIEPLBCK_01845	100.000	404	0	0	1	404	1	404	0.0	823
SA20160190_KJBEGOPM_01241	SA20160323_HIEPLBCK_01838	42.105	38	15	2	189	219	276	313	0.72	21.6
SA20160190_KJBEGOPM_01241	SA20160323_HIEPLBCK_01847	28.986	69	41	2	206	271	82	145	0.88	21.2
SA20160190_KJBEGOPM_01241	SA20160323_HIEPLBCK_01843	25.714	35	26	0	296	330	590	624	2.8	19.6
SA20160190_KJBEGOPM_01241	SA20160323_HIEPLBCK_01836	32.143	28	16	1	109	133	46	73	3.5	19.2
SA20160190_KJBEGOPM_01241	SA20160323_HIEPLBCK_01835	42.105	19	11	0	209	227	91	109	4.3	19.2
SA20160190_KJBEGOPM_01241	SA20160323_HIEPLBCK_01846	66.667	9	3	0	114	122	120	128	7.4	18.5
SA20160190_KJBEGOPM_01241	SA20160323_HIEPLBCK_01834	27.119	59	32	4	28	78	40	95	8.9	18.1
SA20160190_KJBEGOPM_01241	SA20160323_HIEPLBCK_01842	33.333	36	21	2	127	162	68	100	9.1	18.1
SA20160190_KJBEGOPM_01242	SA20160323_HIEPLBCK_01846	99.867	751	1	0	1	751	1	751	0.0	1541
SA20160190_KJBEGOPM_01242	SA20160323_HIEPLBCK_01838	42.857	21	12	0	11	31	30	50	0.93	22.3
SA20160190_KJBEGOPM_01242	SA20160323_HIEPLBCK_01843	36.667	30	17	1	392	421	194	221	1.1	21.9
SA20160190_KJBEGOPM_01242	SA20160323_HIEPLBCK_01848	36.000	25	16	0	154	178	320	344	2.0	21.2
SA20160190_KJBEGOPM_01242	SA20160323_HIEPLBCK_01835	30.303	33	19	1	160	192	372	400	2.3	20.8
SA20160190_KJBEGOPM_01242	SA20160323_HIEPLBCK_01842	31.818	22	15	0	173	194	161	182	7.7	19.2
SA20160190_KJBEGOPM_01243	SA20160323_HIEPLBCK_01847	100.000	234	0	0	1	234	1	234	1.17e-173	468
SA20160190_KJBEGOPM_01243	SA20160323_HIEPLBCK_01845	28.986	69	41	2	82	145	206	271	0.51	21.2
SA20160190_KJBEGOPM_01243	SA20160323_HIEPLBCK_01843	52.941	17	6	1	55	71	491	505	4.5	18.1
SA20160190_KJBEGOPM_01244	SA20160323_HIEPLBCK_01848	100.000	372	0	0	1	372	1	372	0.0	780
SA20160190_KJBEGOPM_01244	SA20160323_HIEPLBCK_01843	32.609	46	27	1	106	151	865	906	0.24	23.1
SA20160190_KJBEGOPM_01244	SA20160323_HIEPLBCK_01834	27.273	55	35	2	40	94	25	74	0.32	22.3
SA20160190_KJBEGOPM_01244	SA20160323_HIEPLBCK_01846	36.000	25	16	0	320	344	154	178	1.0	21.2
SA20160190_KJBEGOPM_01244	SA20160323_HIEPLBCK_01841	29.730	37	23	1	150	183	200	236	2.8	19.2
SA20160190_KJBEGOPM_01244	SA20160323_HIEPLBCK_01838	21.429	28	22	0	38	65	269	296	7.6	18.1
SA20160190_KJBEGOPM_01244	SA20160323_HIEPLBCK_01836	66.667	9	3	0	352	360	185	193	9.8	17.7
SA20160190_KJBEGOPM_01245	SA20160323_HIEPLBCK_01849	100.000	82	0	0	1	82	1	82	1.40e-56	160
SA20160190_KJBEGOPM_01245	SA20160323_HIEPLBCK_01838	50.000	18	9	0	13	30	93	110	1.7	17.3
SA20160190_KJBEGOPM_01245	SA20160323_HIEPLBCK_01840	33.333	21	14	0	55	75	160	180	3.1	16.5
SA20160190_KJBEGOPM_01245	SA20160323_HIEPLBCK_01837	30.435	23	16	0	31	53	20	42	7.3	15.8
SA20160190_KJBEGOPM_01246	SA20160323_HIEPLBCK_01850	100.000	113	0	0	1	113	1	113	2.74e-86	237
SA20160190_KJBEGOPM_01246	SA20160323_HIEPLBCK_01843	40.000	20	11	1	19	38	119	137	2.0	18.1
SA20160190_KJBEGOPM_01246	SA20160323_HIEPLBCK_01851	50.000	16	8	0	28	43	33	48	2.4	17.7
SA20160190_KJBEGOPM_01246	SA20160323_HIEPLBCK_01841	27.083	48	31	2	48	91	68	115	5.1	16.5
SA20160190_KJBEGOPM_01246	SA20160323_HIEPLBCK_01840	62.500	8	3	0	40	47	296	303	6.7	16.2
SA20160190_KJBEGOPM_01246	SA20160323_HIEPLBCK_01835	35.294	17	11	0	14	30	366	382	8.0	16.2
SA20160190_KJBEGOPM_01246	SA20160323_HIEPLBCK_01846	34.615	26	17	0	87	112	717	742	8.2	16.2
SA20160190_KJBEGOPM_01246	SA20160323_HIEPLBCK_01845	57.143	7	3	0	36	42	174	180	8.5	16.2
SA20160190_KJBEGOPM_01247	SA20160323_HIEPLBCK_01851	100.000	193	0	0	1	193	1	193	1.44e-147	399
SA20160190_KJBEGOPM_01247	SA20160323_HIEPLBCK_01834	33.333	63	37	3	100	161	212	270	0.61	20.4
SA20160190_KJBEGOPM_01247	SA20160323_HIEPLBCK_01850	50.000	16	8	0	33	48	28	43	4.1	17.7
SA20160190_KJBEGOPM_01247	SA20160323_HIEPLBCK_01846	35.294	17	11	0	69	85	433	449	6.9	17.3
SA20160190_KJBEGOPM_01247	SA20160323_HIEPLBCK_01848	47.059	17	9	0	153	169	206	222	9.7	16.9
SA20160190_KJBEGOPM_01248	SA20160323_HIEPLBCK_01852	100.000	122	0	0	1	122	1	122	2.89e-94	258
SA20160190_KJBEGOPM_01248	SA20160323_HIEPLBCK_01834	24.510	102	56	4	6	99	6	94	0.063	22.3
SA20160190_KJBEGOPM_01248	SA20160323_HIEPLBCK_01843	23.636	55	35	1	21	75	653	700	0.80	19.2
SA20160190_KJBEGOPM_01248	SA20160323_HIEPLBCK_01837	29.032	31	14	1	16	38	221	251	3.5	17.3
SA20160190_KJBEGOPM_01248	SA20160323_HIEPLBCK_01838	27.273	22	16	0	67	88	245	266	4.4	16.9
SA20160190_KJBEGOPM_01249	SA20160323_HIEPLBCK_01853	100.000	217	0	0	1	217	1	217	6.24e-167	449
SA20160190_KJBEGOPM_01249	SA20160323_HIEPLBCK_01840	32.353	34	23	0	169	202	65	98	0.17	22.3
SA20160190_KJBEGOPM_01249	SA20160323_HIEPLBCK_01846	60.000	10	4	0	63	72	729	738	3.2	18.5
SA20160190_KJBEGOPM_01249	SA20160323_HIEPLBCK_01834	43.750	16	9	0	22	37	112	127	8.5	16.9
SA20160190_KJBEGOPM_01249	SA20160323_HIEPLBCK_01835	29.167	24	17	0	117	140	345	368	9.0	16.9
SA20160190_KJBEGOPM_01250	SA20160323_HIEPLBCK_01854	100.000	149	0	0	1	149	1	149	1.86e-111	304
SA20160190_KJBEGOPM_01250	SA20160323_HIEPLBCK_01842	43.333	30	15	1	87	116	47	74	0.27	21.2
SA20160190_KJBEGOPM_01250	SA20160323_HIEPLBCK_01835	24.324	111	70	4	37	138	158	263	0.53	20.4
SA20160190_KJBEGOPM_01250	SA20160323_HIEPLBCK_01837	53.333	15	7	0	51	65	251	265	0.60	20.0
SA20160190_KJBEGOPM_01250	SA20160323_HIEPLBCK_01845	23.256	86	58	3	4	84	293	375	2.2	18.5
SA20160190_KJBEGOPM_01250	SA20160323_HIEPLBCK_01838	50.000	12	6	0	48	59	339	350	2.5	18.1
SA20160190_KJBEGOPM_01250	SA20160323_HIEPLBCK_01853	35.000	20	13	0	128	147	12	31	9.6	16.2
SA20160190_KJBEGOPM_01250	SA20160323_HIEPLBCK_01841	41.667	12	7	0	52	63	221	232	10.0	16.2
SA20160323_HIEPLBCK_01834	SA20160323_HIEPLBCK_01834	100.000	285	0	0	1	285	1	285	0.0	591
SA20160323_HIEPLBCK_01834	SA20160323_HIEPLBCK_01852	24.510	102	56	4	6	94	6	99	0.15	22.3
SA20160323_HIEPLBCK_01834	SA20160323_HIEPLBCK_01848	27.273	55	35	2	25	74	40	94	0.25	22.3
SA20160323_HIEPLBCK_01834	SA20160323_HIEPLBCK_01843	28.261	46	28	1	231	276	1128	1168	0.70	21.2
SA20160323_HIEPLBCK_01834	SA20160323_HIEPLBCK_01835	31.034	29	20	0	34	62	416	444	3.7	18.9
SA20160323_HIEPLBCK_01834	SA20160323_HIEPLBCK_01845	27.119	59	32	4	40	95	28	78	6.3	18.1
SA20160323_HIEPLBCK_01834	SA20160323_HIEPLBCK_01841	38.710	31	18	1	233	262	66	96	7.0	17.7
SA20160323_HIEPLBCK_01835	SA20160323_HIEPLBCK_01835	100.000	536	0	0	1	536	1	536	0.0	1107
SA20160323_HIEPLBCK_01835	SA20160323_HIEPLBCK_01843	22.785	553	346	16	27	535	457	972	1.88e-20	85.5
SA20160323_HIEPLBCK_01835	SA20160323_HIEPLBCK_01846	30.303	33	19	1	372	400	160	192	1.6	20.8
SA20160323_HIEPLBCK_01835	SA20160323_HIEPLBCK_01854	22.642	106	78	1	158	263	37	138	1.9	20.4
SA20160323_HIEPLBCK_01835	SA20160323_HIEPLBCK_01845	42.105	19	11	0	91	109	209	227	5.7	19.2
SA20160323_HIEPLBCK_01835	SA20160323_HIEPLBCK_01834	31.034	29	20	0	416	444	34	62	7.0	18.9
SA20160323_HIEPLBCK_01836	SA20160323_HIEPLBCK_01836	100.000	391	0	0	1	391	1	391	0.0	803
SA20160323_HIEPLBCK_01836	SA20160323_HIEPLBCK_01845	32.143	28	16	1	46	73	109	133	3.4	19.2
SA20160323_HIEPLBCK_01836	SA20160323_HIEPLBCK_01843	27.083	48	27	2	108	147	626	673	7.3	18.5
SA20160323_HIEPLBCK_01836	SA20160323_HIEPLBCK_01835	25.000	76	45	3	103	177	472	536	7.5	18.1
SA20160323_HIEPLBCK_01836	SA20160323_HIEPLBCK_01838	42.105	19	11	0	127	145	120	138	7.7	18.1
SA20160323_HIEPLBCK_01837	SA20160323_HIEPLBCK_01837	100.000	318	0	0	1	318	1	318	0.0	641
SA20160323_HIEPLBCK_01837	SA20160323_HIEPLBCK_01843	34.694	49	22	2	50	91	29	74	0.18	23.1
SA20160323_HIEPLBCK_01837	SA20160323_HIEPLBCK_01854	53.333	15	7	0	251	265	51	65	0.99	20.4
SA20160323_HIEPLBCK_01837	SA20160323_HIEPLBCK_01846	33.333	24	16	0	72	95	565	588	7.5	18.1
SA20160323_HIEPLBCK_01837	SA20160323_HIEPLBCK_01838	32.258	62	35	2	103	164	296	350	7.8	17.7
SA20160323_HIEPLBCK_01837	SA20160323_HIEPLBCK_01852	29.032	31	14	1	221	251	16	38	9.2	17.3
SA20160323_HIEPLBCK_01838	SA20160323_HIEPLBCK_01838	100.000	414	0	0	1	414	1	414	0.0	791
SA20160323_HIEPLBCK_01838	SA20160323_HIEPLBCK_01836	25.490	102	66	3	143	244	71	162	0.49	21.9
SA20160323_HIEPLBCK_01838	SA20160323_HIEPLBCK_01846	42.857	21	12	0	30	50	11	31	0.58	21.9
SA20160323_HIEPLBCK_01838	SA20160323_HIEPLBCK_01845	42.105	38	15	2	276	313	189	219	0.85	21.2
SA20160323_HIEPLBCK_01838	SA20160323_HIEPLBCK_01842	33.333	60	31	2	197	255	326	377	6.3	18.5
SA20160323_HIEPLBCK_01838	SA20160323_HIEPLBCK_01854	50.000	12	6	0	339	350	48	59	7.1	18.1
SA20160323_HIEPLBCK_01838	SA20160323_HIEPLBCK_01848	21.429	28	22	0	269	296	38	65	8.8	18.1
SA20160323_HIEPLBCK_01839	SA20160323_HIEPLBCK_01839	100.000	335	0	0	1	335	1	335	0.0	634
SA20160323_HIEPLBCK_01839	SA20160323_HIEPLBCK_01840	35.599	309	187	9	27	330	25	326	3.72e-30	108
SA20160323_HIEPLBCK_01839	SA20160323_HIEPLBCK_01842	30.159	63	32	3	57	119	232	282	2.1	19.6
SA20160323_HIEPLBCK_01839	SA20160323_HIEPLBCK_01843	26.667	30	22	0	245	274	572	601	4.0	18.9
SA20160323_HIEPLBCK_01839	SA20160323_HIEPLBCK_01838	35.088	57	31	2	210	266	21	71	6.4	18.1
SA20160323_HIEPLBCK_01839	SA20160323_HIEPLBCK_01848	23.077	26	20	0	34	59	194	219	9.8	17.7
SA20160323_HIEPLBCK_01840	SA20160323_HIEPLBCK_01840	100.000	329	0	0	1	329	1	329	0.0	632
SA20160323_HIEPLBCK_01840	SA20160323_HIEPLBCK_01839	35.855	304	185	8	29	326	31	330	1.74e-29	106
SA20160323_HIEPLBCK_01840	SA20160323_HIEPLBCK_01853	32.353	34	23	0	65	98	169	202	0.27	22.3
SA20160323_HIEPLBCK_01840	SA20160323_HIEPLBCK_01846	38.462	13	8	0	131	143	317	329	9.2	17.7
SA20160323_HIEPLBCK_01841	SA20160323_HIEPLBCK_01841	100.000	264	0	0	1	264	1	264	0.0	539
SA20160323_HIEPLBCK_01841	SA20160323_HIEPLBCK_01842	44.000	25	14	0	177	201	24	48	0.48	21.6
SA20160323_HIEPLBCK_01841	SA20160323_HIEPLBCK_01848	29.730	37	23	1	200	236	150	183	2.0	19.2
SA20160323_HIEPLBCK_01841	SA20160323_HIEPLBCK_01843	34.694	49	27	3	18	66	1196	1239	2.8	19.2
SA20160323_HIEPLBCK_01841	SA20160323_HIEPLBCK_01834	38.710	31	18	1	66	96	233	262	6.5	17.7
SA20160323_HIEPLBCK_01842	SA20160323_HIEPLBCK_01842	100.000	378	0	0	1	378	1	378	0.0	777
SA20160323_HIEPLBCK_01842	SA20160323_HIEPLBCK_01841	44.000	25	14	0	24	48	177	201	0.69	21.6
SA20160323_HIEPLBCK_01842	SA20160323_HIEPLBCK_01854	57.143	14	6	0	284	297	27	40	0.96	20.8
SA20160323_HIEPLBCK_01842	SA20160323_HIEPLBCK_01846	31.818	22	15	0	161	182	173	194	3.8	19.2
SA20160323_HIEPLBCK_01842	SA20160323_HIEPLBCK_01845	33.333	36	21	2	68	100	127	162	8.5	18.1
SA20160323_HIEPLBCK_01842	SA20160323_HIEPLBCK_01838	37.500	32	19	1	346	377	225	255	8.9	18.1
SA20160323_HIEPLBCK_01843	SA20160323_HIEPLBCK_01843	100.000	1294	0	0	1	1294	1	1294	0.0	2640
SA20160323_HIEPLBCK_01843	SA20160323_HIEPLBCK_01835	22.785	553	346	16	457	972	27	535	4.55e-20	85.5
SA20160323_HIEPLBCK_01843	SA20160323_HIEPLBCK_01837	34.694	49	22	2	29	74	50	91	0.75	23.1
SA20160323_HIEPLBCK_01843	SA20160323_HIEPLBCK_01846	36.667	30	17	1	194	221	392	421	1.9	21.9
SA20160323_HIEPLBCK_01843	SA20160323_HIEPLBCK_01834	28.261	46	28	1	1128	1168	231	276	3.2	21.2
SA20160323_HIEPLBCK_01843	SA20160323_HIEPLBCK_01852	23.636	55	35	1	653	700	21	75	8.5	19.2
SA20160323_HIEPLBCK_01843	SA20160323_HIEPLBCK_01845	25.714	35	26	0	590	624	296	330	9.0	19.6
SA20160323_HIEPLBCK_01844	SA20160323_HIEPLBCK_01844	100.000	72	0	0	1	72	1	72	2.04e-53	151
SA20160323_HIEPLBCK_01844	SA20160323_HIEPLBCK_01845	37.500	24	15	0	33	56	156	179	2.9	16.5
SA20160323_HIEPLBCK_01844	SA20160323_HIEPLBCK_01843	50.000	8	4	0	10	17	1129	1136	6.5	15.8
SA20160323_HIEPLBCK_01844	SA20160323_HIEPLBCK_01836	18.182	44	36	0	28	71	85	128	8.3	15.4
SA20160323_HIEPLBCK_01845	SA20160323_HIEPLBCK_01845	100.000	404	0	0	1	404	1	404	0.0	823
SA20160323_HIEPLBCK_01845	SA20160323_HIEPLBCK_01838	42.105	38	15	2	189	219	276	313	0.72	21.6
SA20160323_HIEPLBCK_01845	SA20160323_HIEPLBCK_01847	28.986	69	41	2	206	271	82	145	0.88	21.2
SA20160323_HIEPLBCK_01845	SA20160323_HIEPLBCK_01843	25.714	35	26	0	296	330	590	624	2.8	19.6
SA20160323_HIEPLBCK_01845	SA20160323_HIEPLBCK_01836	32.143	28	16	1	109	133	46	73	3.5	19.2
SA20160323_HIEPLBCK_01845	SA20160323_HIEPLBCK_01835	42.105	19	11	0	209	227	91	109	4.3	19.2
SA20160323_HIEPLBCK_01845	SA20160323_HIEPLBCK_01846	66.667	9	3	0	114	122	120	128	7.4	18.5
SA20160323_HIEPLBCK_01845	SA20160323_HIEPLBCK_01834	27.119	59	32	4	28	78	40	95	8.9	18.1
SA20160323_HIEPLBCK_01845	SA20160323_HIEPLBCK_01842	33.333	36	21	2	127	162	68	100	9.1	18.1
SA20160323_HIEPLBCK_01846	SA20160323_HIEPLBCK_01846	100.000	751	0	0	1	751	1	751	0.0	1542
SA20160323_HIEPLBCK_01846	SA20160323_HIEPLBCK_01838	42.857	21	12	0	11	31	30	50	0.93	22.3
SA20160323_HIEPLBCK_01846	SA20160323_HIEPLBCK_01843	36.667	30	17	1	392	421	194	221	1.1	21.9
SA20160323_HIEPLBCK_01846	SA20160323_HIEPLBCK_01848	36.000	25	16	0	154	178	320	344	2.0	21.2
SA20160323_HIEPLBCK_01846	SA20160323_HIEPLBCK_01835	30.303	33	19	1	160	192	372	400	2.3	20.8
SA20160323_HIEPLBCK_01846	SA20160323_HIEPLBCK_01842	31.818	22	15	0	173	194	161	182	7.6	19.2
SA20160323_HIEPLBCK_01847	SA20160323_HIEPLBCK_01847	100.000	234	0	0	1	234	1	234	1.17e-173	468
SA20160323_HIEPLBCK_01847	SA20160323_HIEPLBCK_01845	28.986	69	41	2	82	145	206	271	0.51	21.2
SA20160323_HIEPLBCK_01847	SA20160323_HIEPLBCK_01843	52.941	17	6	1	55	71	491	505	4.5	18.1
SA20160323_HIEPLBCK_01848	SA20160323_HIEPLBCK_01848	100.000	372	0	0	1	372	1	372	0.0	780
SA20160323_HIEPLBCK_01848	SA20160323_HIEPLBCK_01834	27.273	55	35	2	40	94	25	74	0.32	22.3
SA20160323_HIEPLBCK_01848	SA20160323_HIEPLBCK_01846	36.000	25	16	0	320	344	154	178	1.0	21.2
SA20160323_HIEPLBCK_01848	SA20160323_HIEPLBCK_01841	29.730	37	23	1	150	183	200	236	2.8	19.2
SA20160323_HIEPLBCK_01848	SA20160323_HIEPLBCK_01838	21.429	28	22	0	38	65	269	296	7.6	18.1
SA20160323_HIEPLBCK_01848	SA20160323_HIEPLBCK_01843	23.636	55	41	1	210	264	480	533	8.7	18.1
SA20160323_HIEPLBCK_01848	SA20160323_HIEPLBCK_01836	66.667	9	3	0	352	360	185	193	9.8	17.7
SA20160323_HIEPLBCK_01849	SA20160323_HIEPLBCK_01849	100.000	82	0	0	1	82	1	82	1.40e-56	160
SA20160323_HIEPLBCK_01849	SA20160323_HIEPLBCK_01838	50.000	18	9	0	13	30	93	110	1.7	17.3
SA20160323_HIEPLBCK_01849	SA20160323_HIEPLBCK_01840	33.333	21	14	0	55	75	160	180	3.1	16.5
SA20160323_HIEPLBCK_01849	SA20160323_HIEPLBCK_01837	30.435	23	16	0	31	53	20	42	7.3	15.8
SA20160323_HIEPLBCK_01850	SA20160323_HIEPLBCK_01850	100.000	113	0	0	1	113	1	113	2.74e-86	237
SA20160323_HIEPLBCK_01850	SA20160323_HIEPLBCK_01843	40.000	20	11	1	19	38	119	137	2.0	18.1
SA20160323_HIEPLBCK_01850	SA20160323_HIEPLBCK_01851	50.000	16	8	0	28	43	33	48	2.4	17.7
SA20160323_HIEPLBCK_01850	SA20160323_HIEPLBCK_01841	27.083	48	31	2	48	91	68	115	5.1	16.5
SA20160323_HIEPLBCK_01850	SA20160323_HIEPLBCK_01840	62.500	8	3	0	40	47	296	303	6.7	16.2
SA20160323_HIEPLBCK_01850	SA20160323_HIEPLBCK_01835	35.294	17	11	0	14	30	366	382	8.0	16.2
SA20160323_HIEPLBCK_01850	SA20160323_HIEPLBCK_01846	34.615	26	17	0	87	112	717	742	8.2	16.2
SA20160323_HIEPLBCK_01850	SA20160323_HIEPLBCK_01845	57.143	7	3	0	36	42	174	180	8.5	16.2
SA20160323_HIEPLBCK_01851	SA20160323_HIEPLBCK_01851	100.000	193	0	0	1	193	1	193	1.44e-147	399
SA20160323_HIEPLBCK_01851	SA20160323_HIEPLBCK_01834	33.333	63	37	3	100	161	212	270	0.61	20.4
SA20160323_HIEPLBCK_01851	SA20160323_HIEPLBCK_01850	50.000	16	8	0	33	48	28	43	4.1	17.7
SA20160323_HIEPLBCK_01851	SA20160323_HIEPLBCK_01846	35.294	17	11	0	69	85	433	449	6.9	17.3
SA20160323_HIEPLBCK_01851	SA20160323_HIEPLBCK_01848	47.059	17	9	0	153	169	206	222	9.7	16.9
SA20160323_HIEPLBCK_01852	SA20160323_HIEPLBCK_01852	100.000	122	0	0	1	122	1	122	2.89e-94	258
SA20160323_HIEPLBCK_01852	SA20160323_HIEPLBCK_01834	24.510	102	56	4	6	99	6	94	0.063	22.3
SA20160323_HIEPLBCK_01852	SA20160323_HIEPLBCK_01843	23.636	55	35	1	21	75	653	700	0.80	19.2
SA20160323_HIEPLBCK_01852	SA20160323_HIEPLBCK_01837	29.032	31	14	1	16	38	221	251	3.5	17.3
SA20160323_HIEPLBCK_01852	SA20160323_HIEPLBCK_01838	27.273	22	16	0	67	88	245	266	4.4	16.9
SA20160323_HIEPLBCK_01853	SA20160323_HIEPLBCK_01853	100.000	217	0	0	1	217	1	217	6.24e-167	449
SA20160323_HIEPLBCK_01853	SA20160323_HIEPLBCK_01840	32.353	34	23	0	169	202	65	98	0.17	22.3
SA20160323_HIEPLBCK_01853	SA20160323_HIEPLBCK_01846	60.000	10	4	0	63	72	729	738	3.2	18.5
SA20160323_HIEPLBCK_01853	SA20160323_HIEPLBCK_01834	43.750	16	9	0	22	37	112	127	8.5	16.9
SA20160323_HIEPLBCK_01853	SA20160323_HIEPLBCK_01835	29.167	24	17	0	117	140	345	368	9.0	16.9
SA20160323_HIEPLBCK_01854	SA20160323_HIEPLBCK_01854	100.000	149	0	0	1	149	1	149	1.86e-111	304
SA20160323_HIEPLBCK_01854	SA20160323_HIEPLBCK_01842	43.333	30	15	1	87	116	47	74	0.27	21.2
SA20160323_HIEPLBCK_01854	SA20160323_HIEPLBCK_01835	24.324	111	70	4	37	138	158	263	0.53	20.4
SA20160323_HIEPLBCK_01854	SA20160323_HIEPLBCK_01837	53.333	15	7	0	51	65	251	265	0.60	20.0
SA20160323_HIEPLBCK_01854	SA20160323_HIEPLBCK_01845	23.256	86	58	3	4	84	293	375	2.2	18.5
SA20160323_HIEPLBCK_01854	SA20160323_HIEPLBCK_01838	50.000	12	6	0	48	59	339	350	2.5	18.1
SA20160323_HIEPLBCK_01854	SA20160323_HIEPLBCK_01853	35.000	20	13	0	128	147	12	31	9.6	16.2
SA20160323_HIEPLBCK_01854	SA20160323_HIEPLBCK_01841	41.667	12	7	0	52	63	221	232	10.0	16.2
SA20160190_KJBEGOPM_01230	SA20160190_KJBEGOPM_01230	100.000	285	0	0	1	285	1	285	0.0	591
SA20160190_KJBEGOPM_01230	SA20160190_KJBEGOPM_01248	24.510	102	56	4	6	94	6	99	0.15	22.3
SA20160190_KJBEGOPM_01230	SA20160190_KJBEGOPM_01244	27.273	55	35	2	25	74	40	94	0.25	22.3
SA20160190_KJBEGOPM_01230	SA20160190_KJBEGOPM_01239	28.261	46	28	1	231	276	1128	1168	0.70	21.2
SA20160190_KJBEGOPM_01230	SA20160190_KJBEGOPM_01241	27.119	59	32	4	40	95	28	78	6.3	18.1
SA20160190_KJBEGOPM_01230	SA20160190_KJBEGOPM_01237	38.710	31	18	1	233	262	66	96	7.0	17.7
SA20160190_KJBEGOPM_01231	SA20160190_KJBEGOPM_01231	100.000	536	0	0	1	536	1	536	0.0	1107
SA20160190_KJBEGOPM_01231	SA20160190_KJBEGOPM_01239	22.785	553	346	16	27	535	457	972	7.80e-20	83.2
SA20160190_KJBEGOPM_01231	SA20160190_KJBEGOPM_01242	30.303	33	19	1	372	400	160	192	1.6	20.8
SA20160190_KJBEGOPM_01231	SA20160190_KJBEGOPM_01250	22.642	106	78	1	158	263	37	138	1.7	20.4
SA20160190_KJBEGOPM_01231	SA20160190_KJBEGOPM_01241	42.105	19	11	0	91	109	209	227	5.8	19.2
SA20160190_KJBEGOPM_01232	SA20160190_KJBEGOPM_01232	100.000	391	0	0	1	391	1	391	0.0	803
SA20160190_KJBEGOPM_01232	SA20160190_KJBEGOPM_01241	32.143	28	16	1	46	73	109	133	3.4	19.2
SA20160190_KJBEGOPM_01232	SA20160190_KJBEGOPM_01239	27.083	48	27	2	108	147	626	673	7.3	18.5
SA20160190_KJBEGOPM_01232	SA20160190_KJBEGOPM_01234	42.105	19	11	0	127	145	120	138	7.7	18.1
SA20160190_KJBEGOPM_01232	SA20160190_KJBEGOPM_01231	25.000	76	45	3	103	177	472	536	7.8	18.1
SA20160190_KJBEGOPM_01233	SA20160190_KJBEGOPM_01233	100.000	318	0	0	1	318	1	318	0.0	641
SA20160190_KJBEGOPM_01233	SA20160190_KJBEGOPM_01239	34.694	49	22	2	50	91	29	74	0.18	23.1
SA20160190_KJBEGOPM_01233	SA20160190_KJBEGOPM_01250	53.333	15	7	0	251	265	51	65	0.99	20.4
SA20160190_KJBEGOPM_01233	SA20160190_KJBEGOPM_01242	33.333	24	16	0	72	95	565	588	7.5	18.1
SA20160190_KJBEGOPM_01233	SA20160190_KJBEGOPM_01234	32.258	62	35	2	103	164	296	350	7.8	17.7
SA20160190_KJBEGOPM_01233	SA20160190_KJBEGOPM_01248	29.032	31	14	1	221	251	16	38	9.2	17.3
SA20160190_KJBEGOPM_01234	SA20160190_KJBEGOPM_01234	100.000	414	0	0	1	414	1	414	0.0	791
SA20160190_KJBEGOPM_01234	SA20160190_KJBEGOPM_01232	25.490	102	66	3	143	244	71	162	0.49	21.9
SA20160190_KJBEGOPM_01234	SA20160190_KJBEGOPM_01242	42.857	21	12	0	30	50	11	31	0.58	21.9
SA20160190_KJBEGOPM_01234	SA20160190_KJBEGOPM_01241	42.105	38	15	2	276	313	189	219	0.85	21.2
SA20160190_KJBEGOPM_01234	SA20160190_KJBEGOPM_01238	33.333	60	31	2	197	255	326	377	6.3	18.5
SA20160190_KJBEGOPM_01234	SA20160190_KJBEGOPM_01250	50.000	12	6	0	339	350	48	59	7.1	18.1
SA20160190_KJBEGOPM_01234	SA20160190_KJBEGOPM_01244	21.429	28	22	0	269	296	38	65	8.8	18.1
SA20160190_KJBEGOPM_01235	SA20160190_KJBEGOPM_01235	100.000	335	0	0	1	335	1	335	0.0	634
SA20160190_KJBEGOPM_01235	SA20160190_KJBEGOPM_01236	35.599	309	187	9	27	330	25	326	3.72e-30	108
SA20160190_KJBEGOPM_01235	SA20160190_KJBEGOPM_01238	30.159	63	32	3	57	119	232	282	2.1	19.6
SA20160190_KJBEGOPM_01235	SA20160190_KJBEGOPM_01239	26.667	30	22	0	245	274	572	601	4.0	18.9
SA20160190_KJBEGOPM_01235	SA20160190_KJBEGOPM_01234	35.088	57	31	2	210	266	21	71	6.4	18.1
SA20160190_KJBEGOPM_01235	SA20160190_KJBEGOPM_01244	23.077	26	20	0	34	59	194	219	9.8	17.7
SA20160190_KJBEGOPM_01236	SA20160190_KJBEGOPM_01236	100.000	329	0	0	1	329	1	329	0.0	632
SA20160190_KJBEGOPM_01236	SA20160190_KJBEGOPM_01235	35.855	304	185	8	29	326	31	330	1.74e-29	106
SA20160190_KJBEGOPM_01236	SA20160190_KJBEGOPM_01249	32.353	34	23	0	65	98	169	202	0.27	22.3
SA20160190_KJBEGOPM_01236	SA20160190_KJBEGOPM_01242	38.462	13	8	0	131	143	317	329	9.2	17.7
SA20160190_KJBEGOPM_01237	SA20160190_KJBEGOPM_01237	100.000	264	0	0	1	264	1	264	0.0	539
SA20160190_KJBEGOPM_01237	SA20160190_KJBEGOPM_01238	44.000	25	14	0	177	201	24	48	0.48	21.6
SA20160190_KJBEGOPM_01237	SA20160190_KJBEGOPM_01244	29.730	37	23	1	200	236	150	183	2.0	19.2
SA20160190_KJBEGOPM_01237	SA20160190_KJBEGOPM_01239	34.694	49	27	3	18	66	1196	1239	2.8	19.2
SA20160190_KJBEGOPM_01237	SA20160190_KJBEGOPM_01230	38.710	31	18	1	66	96	233	262	6.5	17.7
SA20160190_KJBEGOPM_01238	SA20160190_KJBEGOPM_01238	100.000	378	0	0	1	378	1	378	0.0	777
SA20160190_KJBEGOPM_01238	SA20160190_KJBEGOPM_01237	44.000	25	14	0	24	48	177	201	0.69	21.6
SA20160190_KJBEGOPM_01238	SA20160190_KJBEGOPM_01250	57.143	14	6	0	284	297	27	40	0.96	20.8
SA20160190_KJBEGOPM_01238	SA20160190_KJBEGOPM_01242	31.818	22	15	0	161	182	173	194	3.9	19.2
SA20160190_KJBEGOPM_01238	SA20160190_KJBEGOPM_01241	33.333	36	21	2	68	100	127	162	8.5	18.1
SA20160190_KJBEGOPM_01238	SA20160190_KJBEGOPM_01234	37.500	32	19	1	346	377	225	255	8.9	18.1
SA20160190_KJBEGOPM_01239	SA20160190_KJBEGOPM_01239	100.000	1294	0	0	1	1294	1	1294	0.0	2640
SA20160190_KJBEGOPM_01239	SA20160190_KJBEGOPM_01231	22.785	553	346	16	457	972	27	535	1.88e-19	83.2
SA20160190_KJBEGOPM_01239	SA20160190_KJBEGOPM_01233	34.694	49	22	2	29	74	50	91	0.75	23.1
SA20160190_KJBEGOPM_01239	SA20160190_KJBEGOPM_01242	36.667	30	17	1	194	221	392	421	1.9	21.9
SA20160190_KJBEGOPM_01239	SA20160190_KJBEGOPM_01230	28.261	46	28	1	1128	1168	231	276	3.2	21.2
SA20160190_KJBEGOPM_01239	SA20160190_KJBEGOPM_01248	23.636	55	35	1	653	700	21	75	8.5	19.2
SA20160190_KJBEGOPM_01239	SA20160190_KJBEGOPM_01241	25.714	35	26	0	590	624	296	330	9.0	19.6
SA20160190_KJBEGOPM_01240	SA20160190_KJBEGOPM_01240	100.000	72	0	0	1	72	1	72	2.04e-53	151
SA20160190_KJBEGOPM_01240	SA20160190_KJBEGOPM_01241	37.500	24	15	0	33	56	156	179	2.9	16.5
SA20160190_KJBEGOPM_01240	SA20160190_KJBEGOPM_01239	50.000	8	4	0	10	17	1129	1136	6.5	15.8
SA20160190_KJBEGOPM_01240	SA20160190_KJBEGOPM_01232	18.182	44	36	0	28	71	85	128	8.3	15.4
SA20160190_KJBEGOPM_01241	SA20160190_KJBEGOPM_01241	100.000	404	0	0	1	404	1	404	0.0	823
SA20160190_KJBEGOPM_01241	SA20160190_KJBEGOPM_01234	42.105	38	15	2	189	219	276	313	0.72	21.6
SA20160190_KJBEGOPM_01241	SA20160190_KJBEGOPM_01243	28.986	69	41	2	206	271	82	145	0.88	21.2
SA20160190_KJBEGOPM_01241	SA20160190_KJBEGOPM_01239	25.714	35	26	0	296	330	590	624	2.8	19.6
SA20160190_KJBEGOPM_01241	SA20160190_KJBEGOPM_01232	32.143	28	16	1	109	133	46	73	3.5	19.2
SA20160190_KJBEGOPM_01241	SA20160190_KJBEGOPM_01231	42.105	19	11	0	209	227	91	109	4.4	19.2
SA20160190_KJBEGOPM_01241	SA20160190_KJBEGOPM_01242	66.667	9	3	0	114	122	120	128	7.4	18.5
SA20160190_KJBEGOPM_01241	SA20160190_KJBEGOPM_01230	27.119	59	32	4	28	78	40	95	8.9	18.1
SA20160190_KJBEGOPM_01241	SA20160190_KJBEGOPM_01238	33.333	36	21	2	127	162	68	100	9.1	18.1
SA20160190_KJBEGOPM_01242	SA20160190_KJBEGOPM_01242	100.000	751	0	0	1	751	1	751	0.0	1545
SA20160190_KJBEGOPM_01242	SA20160190_KJBEGOPM_01234	42.857	21	12	0	11	31	30	50	0.93	22.3
SA20160190_KJBEGOPM_01242	SA20160190_KJBEGOPM_01239	36.667	30	17	1	392	421	194	221	1.1	21.9
SA20160190_KJBEGOPM_01242	SA20160190_KJBEGOPM_01244	36.000	25	16	0	154	178	320	344	2.0	21.2
SA20160190_KJBEGOPM_01242	SA20160190_KJBEGOPM_01231	30.303	33	19	1	160	192	372	400	2.3	20.8
SA20160190_KJBEGOPM_01242	SA20160190_KJBEGOPM_01238	31.818	22	15	0	173	194	161	182	7.7	19.2
SA20160190_KJBEGOPM_01243	SA20160190_KJBEGOPM_01243	100.000	234	0	0	1	234	1	234	1.17e-173	468
SA20160190_KJBEGOPM_01243	SA20160190_KJBEGOPM_01241	28.986	69	41	2	82	145	206	271	0.51	21.2
SA20160190_KJBEGOPM_01243	SA20160190_KJBEGOPM_01239	52.941	17	6	1	55	71	491	505	4.5	18.1
SA20160190_KJBEGOPM_01244	SA20160190_KJBEGOPM_01244	100.000	372	0	0	1	372	1	372	0.0	780
SA20160190_KJBEGOPM_01244	SA20160190_KJBEGOPM_01230	27.273	55	35	2	40	94	25	74	0.32	22.3
SA20160190_KJBEGOPM_01244	SA20160190_KJBEGOPM_01242	36.000	25	16	0	320	344	154	178	0.98	21.2
SA20160190_KJBEGOPM_01244	SA20160190_KJBEGOPM_01237	29.730	37	23	1	150	183	200	236	2.8	19.2
SA20160190_KJBEGOPM_01244	SA20160190_KJBEGOPM_01234	21.429	28	22	0	38	65	269	296	7.6	18.1
SA20160190_KJBEGOPM_01244	SA20160190_KJBEGOPM_01239	23.636	55	41	1	210	264	480	533	8.7	18.1
SA20160190_KJBEGOPM_01244	SA20160190_KJBEGOPM_01232	66.667	9	3	0	352	360	185	193	9.8	17.7
SA20160190_KJBEGOPM_01245	SA20160190_KJBEGOPM_01245	100.000	82	0	0	1	82	1	82	1.40e-56	160
SA20160190_KJBEGOPM_01245	SA20160190_KJBEGOPM_01234	50.000	18	9	0	13	30	93	110	1.7	17.3
SA20160190_KJBEGOPM_01245	SA20160190_KJBEGOPM_01236	33.333	21	14	0	55	75	160	180	3.1	16.5
SA20160190_KJBEGOPM_01245	SA20160190_KJBEGOPM_01233	30.435	23	16	0	31	53	20	42	7.3	15.8
SA20160190_KJBEGOPM_01246	SA20160190_KJBEGOPM_01246	100.000	113	0	0	1	113	1	113	2.74e-86	237
SA20160190_KJBEGOPM_01246	SA20160190_KJBEGOPM_01239	40.000	20	11	1	19	38	119	137	2.0	18.1
SA20160190_KJBEGOPM_01246	SA20160190_KJBEGOPM_01247	50.000	16	8	0	28	43	33	48	2.4	17.7
SA20160190_KJBEGOPM_01246	SA20160190_KJBEGOPM_01237	27.083	48	31	2	48	91	68	115	5.1	16.5
SA20160190_KJBEGOPM_01246	SA20160190_KJBEGOPM_01236	62.500	8	3	0	40	47	296	303	6.7	16.2
SA20160190_KJBEGOPM_01246	SA20160190_KJBEGOPM_01231	35.294	17	11	0	14	30	366	382	8.1	16.2
SA20160190_KJBEGOPM_01246	SA20160190_KJBEGOPM_01242	34.615	26	17	0	87	112	717	742	8.2	16.2
SA20160190_KJBEGOPM_01246	SA20160190_KJBEGOPM_01241	57.143	7	3	0	36	42	174	180	8.5	16.2
SA20160190_KJBEGOPM_01247	SA20160190_KJBEGOPM_01247	100.000	193	0	0	1	193	1	193	1.44e-147	399
SA20160190_KJBEGOPM_01247	SA20160190_KJBEGOPM_01230	33.333	63	37	3	100	161	212	270	0.61	20.4
SA20160190_KJBEGOPM_01247	SA20160190_KJBEGOPM_01246	50.000	16	8	0	33	48	28	43	4.1	17.7
SA20160190_KJBEGOPM_01247	SA20160190_KJBEGOPM_01242	35.294	17	11	0	69	85	433	449	6.8	17.3
SA20160190_KJBEGOPM_01247	SA20160190_KJBEGOPM_01244	47.059	17	9	0	153	169	206	222	9.7	16.9
SA20160190_KJBEGOPM_01248	SA20160190_KJBEGOPM_01248	100.000	122	0	0	1	122	1	122	2.89e-94	258
SA20160190_KJBEGOPM_01248	SA20160190_KJBEGOPM_01230	24.510	102	56	4	6	99	6	94	0.063	22.3
SA20160190_KJBEGOPM_01248	SA20160190_KJBEGOPM_01239	23.636	55	35	1	21	75	653	700	0.80	19.2
SA20160190_KJBEGOPM_01248	SA20160190_KJBEGOPM_01233	29.032	31	14	1	16	38	221	251	3.5	17.3
SA20160190_KJBEGOPM_01248	SA20160190_KJBEGOPM_01234	27.273	22	16	0	67	88	245	266	4.4	16.9
SA20160190_KJBEGOPM_01249	SA20160190_KJBEGOPM_01249	100.000	217	0	0	1	217	1	217	6.24e-167	449
SA20160190_KJBEGOPM_01249	SA20160190_KJBEGOPM_01236	32.353	34	23	0	169	202	65	98	0.17	22.3
SA20160190_KJBEGOPM_01249	SA20160190_KJBEGOPM_01242	60.000	10	4	0	63	72	729	738	3.1	18.5
SA20160190_KJBEGOPM_01249	SA20160190_KJBEGOPM_01230	43.750	16	9	0	22	37	112	127	8.5	16.9
SA20160190_KJBEGOPM_01249	SA20160190_KJBEGOPM_01231	29.167	24	17	0	117	140	345	368	9.1	16.9
SA20160190_KJBEGOPM_01250	SA20160190_KJBEGOPM_01250	100.000	149	0	0	1	149	1	149	1.86e-111	304
SA20160190_KJBEGOPM_01250	SA20160190_KJBEGOPM_01238	43.333	30	15	1	87	116	47	74	0.27	21.2
SA20160190_KJBEGOPM_01250	SA20160190_KJBEGOPM_01231	24.324	111	70	4	37	138	158	263	0.52	20.4
SA20160190_KJBEGOPM_01250	SA20160190_KJBEGOPM_01233	53.333	15	7	0	51	65	251	265	0.60	20.0
SA20160190_KJBEGOPM_01250	SA20160190_KJBEGOPM_01241	23.256	86	58	3	4	84	293	375	2.2	18.5
SA20160190_KJBEGOPM_01250	SA20160190_KJBEGOPM_01234	50.000	12	6	0	48	59	339	350	2.5	18.1
SA20160190_KJBEGOPM_01250	SA20160190_KJBEGOPM_01249	35.000	20	13	0	128	147	12	31	9.6	16.2
SA20160190_KJBEGOPM_01250	SA20160190_KJBEGOPM_01237	41.667	12	7	0	52	63	221	232	10.0	16.2
