SA20160203_GIPDFLML_01051	SA20160172_GPHLOGML_00557	100.000	331	0	0	1	331	1	331	0.0	688
SA20160203_GIPDFLML_01051	SA20160172_GPHLOGML_00539	38.462	26	14	1	266	289	309	334	2.5	19.2
SA20160203_GIPDFLML_01051	SA20160172_GPHLOGML_00541	25.714	35	26	0	222	256	373	407	2.7	19.2
SA20160203_GIPDFLML_01051	SA20160172_GPHLOGML_00550	63.636	11	4	0	265	275	10	20	2.7	19.2
SA20160203_GIPDFLML_01051	SA20160172_GPHLOGML_00555	19.149	47	38	0	48	94	91	137	4.4	18.5
SA20160203_GIPDFLML_01051	SA20160172_GPHLOGML_00552	41.176	17	10	0	116	132	368	384	9.5	17.3
SA20160203_GIPDFLML_01052	SA20160172_GPHLOGML_00556	100.000	394	0	0	1	394	1	394	0.0	765
SA20160203_GIPDFLML_01052	SA20160172_GPHLOGML_00553	22.674	172	125	3	3	169	5	173	0.007	27.7
SA20160203_GIPDFLML_01052	SA20160172_GPHLOGML_00534	34.615	26	17	0	285	310	223	248	1.9	20.0
SA20160203_GIPDFLML_01053	SA20160172_GPHLOGML_00555	100.000	176	0	0	1	176	1	176	4.00e-133	360
SA20160203_GIPDFLML_01053	SA20160172_GPHLOGML_00553	31.081	74	33	5	57	124	378	439	1.1	19.2
SA20160203_GIPDFLML_01053	SA20160172_GPHLOGML_00557	19.149	47	38	0	91	137	48	94	2.4	18.5
SA20160203_GIPDFLML_01053	SA20160172_GPHLOGML_00535	26.087	23	17	0	98	120	157	179	4.7	17.3
SA20160203_GIPDFLML_01054	SA20160172_GPHLOGML_00554	100.000	390	0	0	1	390	1	390	0.0	787
SA20160203_GIPDFLML_01054	SA20160172_GPHLOGML_00553	43.750	32	8	2	157	187	424	446	0.99	20.8
SA20160203_GIPDFLML_01054	SA20160172_GPHLOGML_00552	42.105	19	11	0	292	310	144	162	4.7	18.9
SA20160203_GIPDFLML_01054	SA20160172_GPHLOGML_00556	38.462	26	16	0	5	30	124	149	9.0	17.7
SA20160203_GIPDFLML_01055	SA20160172_GPHLOGML_00553	100.000	512	0	0	1	512	1	512	0.0	1033
SA20160203_GIPDFLML_01055	SA20160172_GPHLOGML_00556	26.667	135	91	3	5	136	3	132	0.007	28.1
SA20160203_GIPDFLML_01055	SA20160172_GPHLOGML_00535	23.622	127	77	6	14	128	30	148	0.48	21.9
SA20160203_GIPDFLML_01055	SA20160172_GPHLOGML_00552	31.034	29	20	0	284	312	305	333	0.67	21.9
SA20160203_GIPDFLML_01055	SA20160172_GPHLOGML_00536	32.558	43	28	1	425	466	42	84	0.67	21.9
SA20160203_GIPDFLML_01055	SA20160172_GPHLOGML_00554	43.750	32	8	2	424	446	157	187	1.3	20.8
SA20160203_GIPDFLML_01055	SA20160172_GPHLOGML_00550	32.558	43	25	2	19	61	26	64	1.6	20.8
SA20160203_GIPDFLML_01055	SA20160172_GPHLOGML_00555	31.081	74	33	5	378	439	57	124	3.4	19.2
SA20160203_GIPDFLML_01055	SA20160172_GPHLOGML_00532	42.857	14	8	0	95	108	224	237	4.5	18.9
SA20160203_GIPDFLML_01056	SA20160172_GPHLOGML_00552	100.000	456	0	0	1	456	1	456	0.0	947
SA20160203_GIPDFLML_01056	SA20160172_GPHLOGML_00553	31.034	29	20	0	305	333	284	312	0.56	21.9
SA20160203_GIPDFLML_01056	SA20160172_GPHLOGML_00548	23.810	105	64	5	93	196	5	94	4.3	18.9
SA20160203_GIPDFLML_01056	SA20160172_GPHLOGML_00554	42.105	19	11	0	144	162	292	310	5.4	18.9
SA20160203_GIPDFLML_01057	SA20160172_GPHLOGML_00551	100.000	171	0	0	1	171	1	171	2.79e-133	360
SA20160203_GIPDFLML_01057	SA20160172_GPHLOGML_00534	26.667	45	24	2	114	158	79	114	0.069	23.1
SA20160203_GIPDFLML_01057	SA20160172_GPHLOGML_00550	26.087	69	39	2	20	76	415	483	0.75	20.0
SA20160203_GIPDFLML_01057	SA20160172_GPHLOGML_00541	75.000	8	2	0	159	166	121	128	4.2	17.7
SA20160203_GIPDFLML_01058	SA20160172_GPHLOGML_00550	100.000	518	0	0	1	518	1	518	0.0	1076
SA20160203_GIPDFLML_01058	SA20160172_GPHLOGML_00553	31.818	44	26	2	25	64	18	61	1.4	20.8
SA20160203_GIPDFLML_01058	SA20160172_GPHLOGML_00541	28.333	60	37	3	386	439	232	291	1.5	20.8
SA20160203_GIPDFLML_01058	SA20160172_GPHLOGML_00534	47.368	19	10	0	160	178	48	66	1.9	20.4
SA20160203_GIPDFLML_01058	SA20160172_GPHLOGML_00551	26.087	69	39	2	415	483	20	76	2.3	20.0
SA20160203_GIPDFLML_01058	SA20160172_GPHLOGML_00557	63.636	11	4	0	10	20	265	275	4.3	19.2
SA20160203_GIPDFLML_01058	SA20160172_GPHLOGML_00539	23.750	80	53	4	231	304	180	257	9.8	18.1
SA20160203_GIPDFLML_01059	SA20160172_GPHLOGML_00549	100.000	141	0	0	1	141	1	141	4.85e-101	276
SA20160203_GIPDFLML_01059	SA20160172_GPHLOGML_00553	53.333	15	6	1	78	91	69	83	1.8	18.5
SA20160203_GIPDFLML_01059	SA20160172_GPHLOGML_00534	43.750	16	9	0	95	110	36	51	3.8	17.3
SA20160203_GIPDFLML_01059	SA20160172_GPHLOGML_00550	41.667	12	7	0	99	110	369	380	3.8	17.3
SA20160203_GIPDFLML_01059	SA20160172_GPHLOGML_00535	33.333	18	12	0	61	78	87	104	4.0	16.9
SA20160203_GIPDFLML_01060	SA20160172_GPHLOGML_00548	100.000	188	0	0	1	188	1	188	3.14e-142	384
SA20160203_GIPDFLML_01060	SA20160172_GPHLOGML_00539	28.125	32	23	0	83	114	275	306	1.1	19.2
SA20160203_GIPDFLML_01060	SA20160172_GPHLOGML_00552	23.810	105	64	5	5	94	93	196	1.8	18.9
SA20160203_GIPDFLML_01060	SA20160172_GPHLOGML_00532	50.000	16	8	0	167	182	47	62	5.9	16.9
SA20160203_GIPDFLML_01060	SA20160172_GPHLOGML_00534	70.000	10	3	0	46	55	305	314	6.6	16.9
SA20160203_GIPDFLML_01066	SA20160172_GPHLOGML_00542	100.000	61	0	0	1	61	1	61	2.53e-42	122
SA20160203_GIPDFLML_01066	SA20160172_GPHLOGML_00550	42.857	14	8	0	41	54	422	435	2.4	16.2
SA20160203_GIPDFLML_01066	SA20160172_GPHLOGML_00551	35.714	14	9	0	34	47	153	166	3.7	15.8
SA20160203_GIPDFLML_01066	SA20160172_GPHLOGML_00541	28.000	25	18	0	12	36	542	566	9.7	14.6
SA20160203_GIPDFLML_01067	SA20160172_GPHLOGML_00541	100.000	876	0	0	1	876	1	876	0.0	1803
SA20160203_GIPDFLML_01067	SA20160172_GPHLOGML_00550	28.333	60	37	3	232	291	386	439	2.2	21.2
SA20160203_GIPDFLML_01067	SA20160172_GPHLOGML_00535	35.484	31	15	1	127	157	157	182	5.4	19.6
SA20160203_GIPDFLML_01067	SA20160172_GPHLOGML_00557	25.714	35	26	0	373	407	222	256	7.1	19.2
SA20160203_GIPDFLML_01067	SA20160172_GPHLOGML_00539	28.205	39	28	0	639	677	24	62	9.7	18.9
SA20160203_GIPDFLML_01068	SA20160172_GPHLOGML_00540	100.000	179	0	0	1	179	1	179	3.54e-138	374
SA20160203_GIPDFLML_01068	SA20160172_GPHLOGML_00532	16.949	59	49	0	112	170	20	78	5.0	17.3
SA20160203_GIPDFLML_01068	SA20160172_GPHLOGML_00536	45.455	11	6	0	142	152	221	231	8.1	16.5
SA20160203_GIPDFLML_01068	SA20160172_GPHLOGML_00534	54.545	11	5	0	55	65	12	22	8.4	16.5
SA20160203_GIPDFLML_01069	SA20160172_GPHLOGML_00539	100.000	353	0	0	1	353	1	353	0.0	718
SA20160203_GIPDFLML_01069	SA20160172_GPHLOGML_00534	39.130	23	14	0	98	120	206	228	0.15	23.1
SA20160203_GIPDFLML_01069	SA20160172_GPHLOGML_00548	28.125	32	23	0	275	306	83	114	2.1	19.2
SA20160203_GIPDFLML_01069	SA20160172_GPHLOGML_00532	39.286	28	9	1	98	125	194	213	2.3	19.2
SA20160203_GIPDFLML_01069	SA20160172_GPHLOGML_00557	38.462	26	14	1	309	334	266	289	2.7	19.2
SA20160203_GIPDFLML_01069	SA20160172_GPHLOGML_00541	28.205	39	28	0	24	62	639	677	3.8	18.9
SA20160203_GIPDFLML_01069	SA20160172_GPHLOGML_00550	23.750	80	53	4	180	257	231	304	6.7	18.1
SA20160203_GIPDFLML_01069	SA20160172_GPHLOGML_00554	50.000	12	6	0	56	67	269	280	9.2	17.7
SA20160203_GIPDFLML_01070	SA20160172_GPHLOGML_00538	100.000	165	0	0	1	165	1	165	1.27e-122	333
SA20160203_GIPDFLML_01070	SA20160172_GPHLOGML_00534	62.500	8	3	0	47	54	314	321	3.1	17.7
SA20160203_GIPDFLML_01070	SA20160172_GPHLOGML_00554	44.444	9	5	0	27	35	305	313	5.8	16.9
SA20160203_GIPDFLML_01071	SA20160172_GPHLOGML_00537	100.000	81	0	0	1	81	1	81	4.95e-58	163
SA20160203_GIPDFLML_01071	SA20160172_GPHLOGML_00553	66.667	9	3	0	56	64	272	280	5.3	15.8
SA20160203_GIPDFLML_01071	SA20160172_GPHLOGML_00550	37.500	16	10	0	52	67	389	404	5.4	15.8
SA20160203_GIPDFLML_01072	SA20160172_GPHLOGML_00536	100.000	359	0	0	1	359	1	359	0.0	748
SA20160203_GIPDFLML_01072	SA20160172_GPHLOGML_00553	32.558	43	28	1	42	84	425	466	0.54	21.6
SA20160203_GIPDFLML_01072	SA20160172_GPHLOGML_00532	40.909	22	13	0	61	82	213	234	2.3	19.6
SA20160203_GIPDFLML_01072	SA20160172_GPHLOGML_00535	46.154	13	7	0	218	230	84	96	3.0	18.9
SA20160203_GIPDFLML_01072	SA20160172_GPHLOGML_00533	70.000	10	3	0	247	256	66	75	3.5	18.5
SA20160203_GIPDFLML_01073	SA20160172_GPHLOGML_00535	100.000	187	0	0	1	187	1	187	2.50e-140	380
SA20160203_GIPDFLML_01073	SA20160172_GPHLOGML_00553	22.835	127	78	5	30	148	14	128	0.25	21.6
SA20160203_GIPDFLML_01073	SA20160172_GPHLOGML_00541	35.484	31	15	1	157	182	127	157	1.1	19.6
SA20160203_GIPDFLML_01073	SA20160172_GPHLOGML_00536	46.154	13	7	0	84	96	218	230	1.5	18.9
SA20160203_GIPDFLML_01073	SA20160172_GPHLOGML_00534	32.353	34	19	1	15	48	166	195	3.4	17.7
SA20160203_GIPDFLML_01073	SA20160172_GPHLOGML_00555	26.087	23	17	0	157	179	98	120	5.0	17.3
SA20160203_GIPDFLML_01073	SA20160172_GPHLOGML_00549	33.333	18	12	0	87	104	61	78	5.1	17.3
SA20160203_GIPDFLML_01074	SA20160172_GPHLOGML_00534	100.000	323	0	0	1	323	1	323	0.0	642
SA20160203_GIPDFLML_01074	SA20160172_GPHLOGML_00533	25.773	97	57	3	26	122	2	83	0.035	24.3
SA20160203_GIPDFLML_01074	SA20160172_GPHLOGML_00551	26.667	45	24	2	79	114	114	158	0.13	23.1
SA20160203_GIPDFLML_01074	SA20160172_GPHLOGML_00539	39.130	23	14	0	206	228	98	120	0.14	23.1
SA20160203_GIPDFLML_01074	SA20160172_GPHLOGML_00550	47.368	19	10	0	48	66	160	178	1.2	20.4
SA20160203_GIPDFLML_01074	SA20160172_GPHLOGML_00556	43.750	16	9	0	233	248	295	310	3.5	18.9
SA20160203_GIPDFLML_01074	SA20160172_GPHLOGML_00541	22.936	109	65	5	143	244	218	314	4.1	18.5
SA20160203_GIPDFLML_01074	SA20160172_GPHLOGML_00535	32.353	34	19	1	166	195	15	48	5.9	17.7
SA20160203_GIPDFLML_01074	SA20160172_GPHLOGML_00538	62.500	8	3	0	314	321	47	54	6.1	17.7
SA20160203_GIPDFLML_01074	SA20160172_GPHLOGML_00549	43.750	16	9	0	36	51	95	110	9.7	16.9
SA20160203_GIPDFLML_01075	SA20160172_GPHLOGML_00533	100.000	120	0	0	1	120	1	120	3.76e-89	245
SA20160203_GIPDFLML_01075	SA20160172_GPHLOGML_00534	25.773	97	57	3	2	83	26	122	0.013	24.3
SA20160203_GIPDFLML_01075	SA20160172_GPHLOGML_00536	70.000	10	3	0	66	75	247	256	1.2	18.5
SA20160203_GIPDFLML_01075	SA20160172_GPHLOGML_00555	35.000	40	22	3	63	100	134	171	2.2	17.7
SA20160203_GIPDFLML_01075	SA20160172_GPHLOGML_00554	66.667	9	3	0	73	81	364	372	5.1	16.5
SA20160203_GIPDFLML_01075	SA20160172_GPHLOGML_00550	50.000	12	6	0	9	20	308	319	5.6	16.5
SA20160203_GIPDFLML_01075	SA20160172_GPHLOGML_00557	33.333	15	10	0	19	33	189	203	9.8	15.8
SA20160203_GIPDFLML_01076	SA20160172_GPHLOGML_00532	100.000	259	0	0	1	259	1	259	0.0	524
SA20160203_GIPDFLML_01076	SA20160172_GPHLOGML_00557	34.426	61	34	3	156	212	8	66	0.047	24.3
SA20160203_GIPDFLML_01076	SA20160172_GPHLOGML_00536	40.909	22	13	0	213	234	61	82	1.6	19.6
SA20160203_GIPDFLML_01076	SA20160172_GPHLOGML_00539	39.286	28	9	1	194	213	98	125	1.7	19.2
SA20160203_GIPDFLML_01076	SA20160172_GPHLOGML_00553	42.857	14	8	0	224	237	95	108	2.4	18.9
SA20160203_GIPDFLML_01076	SA20160172_GPHLOGML_00540	16.949	59	49	0	20	78	112	170	7.3	17.3
SA20160203_GIPDFLML_01076	SA20160172_GPHLOGML_00548	50.000	16	8	0	47	62	167	182	8.2	16.9
SA20160172_GPHLOGML_00532	SA20160172_GPHLOGML_00532	100.000	259	0	0	1	259	1	259	0.0	524
SA20160172_GPHLOGML_00532	SA20160172_GPHLOGML_00536	40.909	22	13	0	213	234	61	82	1.6	19.6
SA20160172_GPHLOGML_00532	SA20160172_GPHLOGML_00539	39.286	28	9	1	194	213	98	125	1.7	19.2
SA20160172_GPHLOGML_00532	SA20160172_GPHLOGML_00553	42.857	14	8	0	224	237	95	108	2.4	18.9
SA20160172_GPHLOGML_00532	SA20160172_GPHLOGML_00540	16.949	59	49	0	20	78	112	170	7.3	17.3
SA20160172_GPHLOGML_00532	SA20160172_GPHLOGML_00548	50.000	16	8	0	47	62	167	182	8.2	16.9
SA20160172_GPHLOGML_00533	SA20160172_GPHLOGML_00533	100.000	120	0	0	1	120	1	120	3.76e-89	245
SA20160172_GPHLOGML_00533	SA20160172_GPHLOGML_00534	25.773	97	57	3	2	83	26	122	0.013	24.3
SA20160172_GPHLOGML_00533	SA20160172_GPHLOGML_00536	70.000	10	3	0	66	75	247	256	1.2	18.5
SA20160172_GPHLOGML_00533	SA20160172_GPHLOGML_00554	66.667	9	3	0	73	81	364	372	5.1	16.5
SA20160172_GPHLOGML_00533	SA20160172_GPHLOGML_00550	50.000	12	6	0	9	20	308	319	5.6	16.5
SA20160172_GPHLOGML_00533	SA20160172_GPHLOGML_00555	41.667	12	7	0	86	97	12	23	7.8	15.8
SA20160172_GPHLOGML_00533	SA20160172_GPHLOGML_00557	33.333	15	10	0	19	33	189	203	9.8	15.8
SA20160172_GPHLOGML_00534	SA20160172_GPHLOGML_00534	100.000	323	0	0	1	323	1	323	0.0	642
SA20160172_GPHLOGML_00534	SA20160172_GPHLOGML_00533	25.773	97	57	3	26	122	2	83	0.035	24.3
SA20160172_GPHLOGML_00534	SA20160172_GPHLOGML_00551	26.667	45	24	2	79	114	114	158	0.13	23.1
SA20160172_GPHLOGML_00534	SA20160172_GPHLOGML_00539	39.130	23	14	0	206	228	98	120	0.14	23.1
SA20160172_GPHLOGML_00534	SA20160172_GPHLOGML_00550	47.368	19	10	0	48	66	160	178	1.2	20.4
SA20160172_GPHLOGML_00534	SA20160172_GPHLOGML_00556	43.750	16	9	0	233	248	295	310	3.5	18.9
SA20160172_GPHLOGML_00534	SA20160172_GPHLOGML_00541	22.936	109	65	5	143	244	218	314	4.1	18.5
SA20160172_GPHLOGML_00534	SA20160172_GPHLOGML_00535	32.353	34	19	1	166	195	15	48	5.9	17.7
SA20160172_GPHLOGML_00534	SA20160172_GPHLOGML_00538	62.500	8	3	0	314	321	47	54	6.1	17.7
SA20160172_GPHLOGML_00534	SA20160172_GPHLOGML_00549	43.750	16	9	0	36	51	95	110	9.7	16.9
SA20160172_GPHLOGML_00535	SA20160172_GPHLOGML_00535	100.000	187	0	0	1	187	1	187	2.50e-140	380
SA20160172_GPHLOGML_00535	SA20160172_GPHLOGML_00553	22.835	127	78	5	30	148	14	128	0.25	21.6
SA20160172_GPHLOGML_00535	SA20160172_GPHLOGML_00541	35.484	31	15	1	157	182	127	157	1.1	19.6
SA20160172_GPHLOGML_00535	SA20160172_GPHLOGML_00536	46.154	13	7	0	84	96	218	230	1.5	18.9
SA20160172_GPHLOGML_00535	SA20160172_GPHLOGML_00534	32.353	34	19	1	15	48	166	195	3.4	17.7
SA20160172_GPHLOGML_00535	SA20160172_GPHLOGML_00555	26.087	23	17	0	157	179	98	120	5.0	17.3
SA20160172_GPHLOGML_00535	SA20160172_GPHLOGML_00549	33.333	18	12	0	87	104	61	78	5.1	17.3
SA20160172_GPHLOGML_00536	SA20160172_GPHLOGML_00536	100.000	359	0	0	1	359	1	359	0.0	748
SA20160172_GPHLOGML_00536	SA20160172_GPHLOGML_00553	32.558	43	28	1	42	84	425	466	0.54	21.6
SA20160172_GPHLOGML_00536	SA20160172_GPHLOGML_00532	40.909	22	13	0	61	82	213	234	2.3	19.6
SA20160172_GPHLOGML_00536	SA20160172_GPHLOGML_00535	46.154	13	7	0	218	230	84	96	3.0	18.9
SA20160172_GPHLOGML_00536	SA20160172_GPHLOGML_00533	70.000	10	3	0	247	256	66	75	3.5	18.5
SA20160172_GPHLOGML_00537	SA20160172_GPHLOGML_00537	100.000	81	0	0	1	81	1	81	4.95e-58	163
SA20160172_GPHLOGML_00537	SA20160172_GPHLOGML_00553	66.667	9	3	0	56	64	272	280	5.3	15.8
SA20160172_GPHLOGML_00537	SA20160172_GPHLOGML_00550	37.500	16	10	0	52	67	389	404	5.4	15.8
SA20160172_GPHLOGML_00538	SA20160172_GPHLOGML_00538	100.000	165	0	0	1	165	1	165	1.27e-122	333
SA20160172_GPHLOGML_00538	SA20160172_GPHLOGML_00534	62.500	8	3	0	47	54	314	321	3.1	17.7
SA20160172_GPHLOGML_00538	SA20160172_GPHLOGML_00554	44.444	9	5	0	27	35	305	313	5.8	16.9
SA20160172_GPHLOGML_00539	SA20160172_GPHLOGML_00539	100.000	353	0	0	1	353	1	353	0.0	718
SA20160172_GPHLOGML_00539	SA20160172_GPHLOGML_00534	39.130	23	14	0	98	120	206	228	0.15	23.1
SA20160172_GPHLOGML_00539	SA20160172_GPHLOGML_00548	28.125	32	23	0	275	306	83	114	2.1	19.2
SA20160172_GPHLOGML_00539	SA20160172_GPHLOGML_00532	39.286	28	9	1	98	125	194	213	2.3	19.2
SA20160172_GPHLOGML_00539	SA20160172_GPHLOGML_00557	38.462	26	14	1	309	334	266	289	2.7	19.2
SA20160172_GPHLOGML_00539	SA20160172_GPHLOGML_00541	28.205	39	28	0	24	62	639	677	3.8	18.9
SA20160172_GPHLOGML_00539	SA20160172_GPHLOGML_00550	23.750	80	53	4	180	257	231	304	6.7	18.1
SA20160172_GPHLOGML_00539	SA20160172_GPHLOGML_00554	50.000	12	6	0	56	67	269	280	9.2	17.7
SA20160172_GPHLOGML_00540	SA20160172_GPHLOGML_00540	100.000	179	0	0	1	179	1	179	3.54e-138	374
SA20160172_GPHLOGML_00540	SA20160172_GPHLOGML_00532	16.949	59	49	0	112	170	20	78	5.0	17.3
SA20160172_GPHLOGML_00540	SA20160172_GPHLOGML_00536	45.455	11	6	0	142	152	221	231	8.1	16.5
SA20160172_GPHLOGML_00540	SA20160172_GPHLOGML_00534	54.545	11	5	0	55	65	12	22	8.4	16.5
SA20160172_GPHLOGML_00541	SA20160172_GPHLOGML_00541	100.000	876	0	0	1	876	1	876	0.0	1803
SA20160172_GPHLOGML_00541	SA20160172_GPHLOGML_00550	28.333	60	37	3	232	291	386	439	2.2	21.2
SA20160172_GPHLOGML_00541	SA20160172_GPHLOGML_00535	35.484	31	15	1	127	157	157	182	5.4	19.6
SA20160172_GPHLOGML_00541	SA20160172_GPHLOGML_00557	25.714	35	26	0	373	407	222	256	7.1	19.2
SA20160172_GPHLOGML_00541	SA20160172_GPHLOGML_00539	28.205	39	28	0	639	677	24	62	9.7	18.9
SA20160172_GPHLOGML_00542	SA20160172_GPHLOGML_00542	100.000	61	0	0	1	61	1	61	2.53e-42	122
SA20160172_GPHLOGML_00542	SA20160172_GPHLOGML_00550	42.857	14	8	0	41	54	422	435	2.4	16.2
SA20160172_GPHLOGML_00542	SA20160172_GPHLOGML_00551	35.714	14	9	0	34	47	153	166	3.7	15.8
SA20160172_GPHLOGML_00542	SA20160172_GPHLOGML_00541	28.000	25	18	0	12	36	542	566	9.7	14.6
SA20160172_GPHLOGML_00548	SA20160172_GPHLOGML_00548	100.000	188	0	0	1	188	1	188	3.14e-142	384
SA20160172_GPHLOGML_00548	SA20160172_GPHLOGML_00539	28.125	32	23	0	83	114	275	306	1.1	19.2
SA20160172_GPHLOGML_00548	SA20160172_GPHLOGML_00552	23.810	105	64	5	5	94	93	196	1.8	18.9
SA20160172_GPHLOGML_00548	SA20160172_GPHLOGML_00532	50.000	16	8	0	167	182	47	62	5.9	16.9
SA20160172_GPHLOGML_00548	SA20160172_GPHLOGML_00534	70.000	10	3	0	46	55	305	314	6.6	16.9
SA20160172_GPHLOGML_00549	SA20160172_GPHLOGML_00549	100.000	141	0	0	1	141	1	141	4.85e-101	276
SA20160172_GPHLOGML_00549	SA20160172_GPHLOGML_00534	43.750	16	9	0	95	110	36	51	3.8	17.3
SA20160172_GPHLOGML_00549	SA20160172_GPHLOGML_00550	41.667	12	7	0	99	110	369	380	3.8	17.3
SA20160172_GPHLOGML_00549	SA20160172_GPHLOGML_00535	33.333	18	12	0	61	78	87	104	4.0	16.9
SA20160172_GPHLOGML_00550	SA20160172_GPHLOGML_00550	100.000	518	0	0	1	518	1	518	0.0	1076
SA20160172_GPHLOGML_00550	SA20160172_GPHLOGML_00541	28.333	60	37	3	386	439	232	291	1.5	20.8
SA20160172_GPHLOGML_00550	SA20160172_GPHLOGML_00534	47.368	19	10	0	160	178	48	66	1.9	20.4
SA20160172_GPHLOGML_00550	SA20160172_GPHLOGML_00551	26.087	69	39	2	415	483	20	76	2.3	20.0
SA20160172_GPHLOGML_00550	SA20160172_GPHLOGML_00557	63.636	11	4	0	10	20	265	275	4.3	19.2
SA20160172_GPHLOGML_00551	SA20160172_GPHLOGML_00551	100.000	171	0	0	1	171	1	171	2.79e-133	360
SA20160172_GPHLOGML_00551	SA20160172_GPHLOGML_00534	26.667	45	24	2	114	158	79	114	0.069	23.1
SA20160172_GPHLOGML_00551	SA20160172_GPHLOGML_00550	26.087	69	39	2	20	76	415	483	0.75	20.0
SA20160172_GPHLOGML_00551	SA20160172_GPHLOGML_00541	75.000	8	2	0	159	166	121	128	4.2	17.7
SA20160172_GPHLOGML_00552	SA20160172_GPHLOGML_00552	100.000	456	0	0	1	456	1	456	0.0	947
SA20160172_GPHLOGML_00552	SA20160172_GPHLOGML_00553	31.034	29	20	0	305	333	284	312	0.56	21.9
SA20160172_GPHLOGML_00552	SA20160172_GPHLOGML_00548	23.810	105	64	5	93	196	5	94	4.3	18.9
SA20160172_GPHLOGML_00552	SA20160172_GPHLOGML_00554	42.105	19	11	0	144	162	292	310	5.4	18.9
SA20160172_GPHLOGML_00553	SA20160172_GPHLOGML_00553	100.000	512	0	0	1	512	1	512	0.0	1033
SA20160172_GPHLOGML_00553	SA20160172_GPHLOGML_00556	26.667	135	91	3	5	136	3	132	0.007	28.1
SA20160172_GPHLOGML_00553	SA20160172_GPHLOGML_00535	23.622	127	77	6	14	128	30	148	0.48	21.9
SA20160172_GPHLOGML_00553	SA20160172_GPHLOGML_00552	31.034	29	20	0	284	312	305	333	0.67	21.9
SA20160172_GPHLOGML_00553	SA20160172_GPHLOGML_00536	32.558	43	28	1	425	466	42	84	0.67	21.9
SA20160172_GPHLOGML_00553	SA20160172_GPHLOGML_00554	43.750	32	8	2	424	446	157	187	1.3	20.8
SA20160172_GPHLOGML_00553	SA20160172_GPHLOGML_00555	31.081	74	33	5	378	439	57	124	3.4	19.2
SA20160172_GPHLOGML_00553	SA20160172_GPHLOGML_00532	42.857	14	8	0	95	108	224	237	4.5	18.9
SA20160172_GPHLOGML_00554	SA20160172_GPHLOGML_00554	100.000	390	0	0	1	390	1	390	0.0	787
SA20160172_GPHLOGML_00554	SA20160172_GPHLOGML_00553	43.750	32	8	2	157	187	424	446	0.99	20.8
SA20160172_GPHLOGML_00554	SA20160172_GPHLOGML_00552	42.105	19	11	0	292	310	144	162	4.7	18.9
SA20160172_GPHLOGML_00554	SA20160172_GPHLOGML_00556	38.462	26	16	0	5	30	124	149	9.0	17.7
SA20160172_GPHLOGML_00555	SA20160172_GPHLOGML_00555	100.000	176	0	0	1	176	1	176	4.00e-133	360
SA20160172_GPHLOGML_00555	SA20160172_GPHLOGML_00553	31.081	74	33	5	57	124	378	439	1.1	19.2
SA20160172_GPHLOGML_00555	SA20160172_GPHLOGML_00557	19.149	47	38	0	91	137	48	94	2.4	18.5
SA20160172_GPHLOGML_00555	SA20160172_GPHLOGML_00535	26.087	23	17	0	98	120	157	179	4.7	17.3
SA20160172_GPHLOGML_00556	SA20160172_GPHLOGML_00556	100.000	394	0	0	1	394	1	394	0.0	765
SA20160172_GPHLOGML_00556	SA20160172_GPHLOGML_00553	22.674	172	125	3	3	169	5	173	0.007	27.7
SA20160172_GPHLOGML_00556	SA20160172_GPHLOGML_00534	34.615	26	17	0	285	310	223	248	1.9	20.0
SA20160172_GPHLOGML_00557	SA20160172_GPHLOGML_00557	100.000	331	0	0	1	331	1	331	0.0	688
SA20160172_GPHLOGML_00557	SA20160172_GPHLOGML_00539	38.462	26	14	1	266	289	309	334	2.5	19.2
SA20160172_GPHLOGML_00557	SA20160172_GPHLOGML_00541	25.714	35	26	0	222	256	373	407	2.7	19.2
SA20160172_GPHLOGML_00557	SA20160172_GPHLOGML_00550	63.636	11	4	0	265	275	10	20	2.7	19.2
SA20160172_GPHLOGML_00557	SA20160172_GPHLOGML_00555	19.149	47	38	0	48	94	91	137	4.4	18.5
SA20160172_GPHLOGML_00557	SA20160172_GPHLOGML_00552	41.176	17	10	0	116	132	368	384	9.5	17.3
SA20160203_GIPDFLML_01051	SA20160203_GIPDFLML_01051	100.000	331	0	0	1	331	1	331	0.0	688
SA20160203_GIPDFLML_01051	SA20160203_GIPDFLML_01069	38.462	26	14	1	266	289	309	334	2.5	19.2
SA20160203_GIPDFLML_01051	SA20160203_GIPDFLML_01067	25.714	35	26	0	222	256	373	407	2.7	19.2
SA20160203_GIPDFLML_01051	SA20160203_GIPDFLML_01058	63.636	11	4	0	265	275	10	20	2.7	19.2
SA20160203_GIPDFLML_01051	SA20160203_GIPDFLML_01053	19.149	47	38	0	48	94	91	137	4.4	18.5
SA20160203_GIPDFLML_01051	SA20160203_GIPDFLML_01056	41.176	17	10	0	116	132	368	384	9.5	17.3
SA20160203_GIPDFLML_01052	SA20160203_GIPDFLML_01052	100.000	394	0	0	1	394	1	394	0.0	765
SA20160203_GIPDFLML_01052	SA20160203_GIPDFLML_01055	22.674	172	125	3	3	169	5	173	0.007	27.7
SA20160203_GIPDFLML_01052	SA20160203_GIPDFLML_01074	34.615	26	17	0	285	310	223	248	1.9	20.0
SA20160203_GIPDFLML_01053	SA20160203_GIPDFLML_01053	100.000	176	0	0	1	176	1	176	4.00e-133	360
SA20160203_GIPDFLML_01053	SA20160203_GIPDFLML_01055	31.081	74	33	5	57	124	378	439	1.1	19.2
SA20160203_GIPDFLML_01053	SA20160203_GIPDFLML_01051	19.149	47	38	0	91	137	48	94	2.4	18.5
SA20160203_GIPDFLML_01053	SA20160203_GIPDFLML_01073	26.087	23	17	0	98	120	157	179	4.7	17.3
SA20160203_GIPDFLML_01054	SA20160203_GIPDFLML_01054	100.000	390	0	0	1	390	1	390	0.0	787
SA20160203_GIPDFLML_01054	SA20160203_GIPDFLML_01055	43.750	32	8	2	157	187	424	446	0.99	20.8
SA20160203_GIPDFLML_01054	SA20160203_GIPDFLML_01056	42.105	19	11	0	292	310	144	162	4.7	18.9
SA20160203_GIPDFLML_01054	SA20160203_GIPDFLML_01052	38.462	26	16	0	5	30	124	149	9.0	17.7
SA20160203_GIPDFLML_01055	SA20160203_GIPDFLML_01055	100.000	512	0	0	1	512	1	512	0.0	1033
SA20160203_GIPDFLML_01055	SA20160203_GIPDFLML_01052	26.667	135	91	3	5	136	3	132	0.007	28.1
SA20160203_GIPDFLML_01055	SA20160203_GIPDFLML_01073	23.622	127	77	6	14	128	30	148	0.48	21.9
SA20160203_GIPDFLML_01055	SA20160203_GIPDFLML_01056	31.034	29	20	0	284	312	305	333	0.67	21.9
SA20160203_GIPDFLML_01055	SA20160203_GIPDFLML_01072	32.558	43	28	1	425	466	42	84	0.67	21.9
SA20160203_GIPDFLML_01055	SA20160203_GIPDFLML_01054	43.750	32	8	2	424	446	157	187	1.3	20.8
SA20160203_GIPDFLML_01055	SA20160203_GIPDFLML_01053	31.081	74	33	5	378	439	57	124	3.4	19.2
SA20160203_GIPDFLML_01055	SA20160203_GIPDFLML_01076	42.857	14	8	0	95	108	224	237	4.5	18.9
SA20160203_GIPDFLML_01056	SA20160203_GIPDFLML_01056	100.000	456	0	0	1	456	1	456	0.0	947
SA20160203_GIPDFLML_01056	SA20160203_GIPDFLML_01055	31.034	29	20	0	305	333	284	312	0.56	21.9
SA20160203_GIPDFLML_01056	SA20160203_GIPDFLML_01060	23.810	105	64	5	93	196	5	94	4.3	18.9
SA20160203_GIPDFLML_01056	SA20160203_GIPDFLML_01054	42.105	19	11	0	144	162	292	310	5.4	18.9
SA20160203_GIPDFLML_01057	SA20160203_GIPDFLML_01057	100.000	171	0	0	1	171	1	171	2.79e-133	360
SA20160203_GIPDFLML_01057	SA20160203_GIPDFLML_01074	26.667	45	24	2	114	158	79	114	0.069	23.1
SA20160203_GIPDFLML_01057	SA20160203_GIPDFLML_01058	26.087	69	39	2	20	76	415	483	0.75	20.0
SA20160203_GIPDFLML_01057	SA20160203_GIPDFLML_01067	75.000	8	2	0	159	166	121	128	4.2	17.7
SA20160203_GIPDFLML_01058	SA20160203_GIPDFLML_01058	100.000	518	0	0	1	518	1	518	0.0	1076
SA20160203_GIPDFLML_01058	SA20160203_GIPDFLML_01067	28.333	60	37	3	386	439	232	291	1.5	20.8
SA20160203_GIPDFLML_01058	SA20160203_GIPDFLML_01074	47.368	19	10	0	160	178	48	66	1.9	20.4
SA20160203_GIPDFLML_01058	SA20160203_GIPDFLML_01057	26.087	69	39	2	415	483	20	76	2.3	20.0
SA20160203_GIPDFLML_01058	SA20160203_GIPDFLML_01051	63.636	11	4	0	10	20	265	275	4.3	19.2
SA20160203_GIPDFLML_01059	SA20160203_GIPDFLML_01059	100.000	141	0	0	1	141	1	141	4.85e-101	276
SA20160203_GIPDFLML_01059	SA20160203_GIPDFLML_01074	43.750	16	9	0	95	110	36	51	3.8	17.3
SA20160203_GIPDFLML_01059	SA20160203_GIPDFLML_01058	41.667	12	7	0	99	110	369	380	3.8	17.3
SA20160203_GIPDFLML_01059	SA20160203_GIPDFLML_01073	33.333	18	12	0	61	78	87	104	4.0	16.9
SA20160203_GIPDFLML_01060	SA20160203_GIPDFLML_01060	100.000	188	0	0	1	188	1	188	3.14e-142	384
SA20160203_GIPDFLML_01060	SA20160203_GIPDFLML_01069	28.125	32	23	0	83	114	275	306	1.1	19.2
SA20160203_GIPDFLML_01060	SA20160203_GIPDFLML_01056	23.810	105	64	5	5	94	93	196	1.8	18.9
SA20160203_GIPDFLML_01060	SA20160203_GIPDFLML_01076	50.000	16	8	0	167	182	47	62	5.9	16.9
SA20160203_GIPDFLML_01060	SA20160203_GIPDFLML_01074	70.000	10	3	0	46	55	305	314	6.6	16.9
SA20160203_GIPDFLML_01066	SA20160203_GIPDFLML_01066	100.000	61	0	0	1	61	1	61	2.53e-42	122
SA20160203_GIPDFLML_01066	SA20160203_GIPDFLML_01058	42.857	14	8	0	41	54	422	435	2.4	16.2
SA20160203_GIPDFLML_01066	SA20160203_GIPDFLML_01057	35.714	14	9	0	34	47	153	166	3.7	15.8
SA20160203_GIPDFLML_01066	SA20160203_GIPDFLML_01067	28.000	25	18	0	12	36	542	566	9.7	14.6
SA20160203_GIPDFLML_01067	SA20160203_GIPDFLML_01067	100.000	876	0	0	1	876	1	876	0.0	1803
SA20160203_GIPDFLML_01067	SA20160203_GIPDFLML_01058	28.333	60	37	3	232	291	386	439	2.2	21.2
SA20160203_GIPDFLML_01067	SA20160203_GIPDFLML_01073	35.484	31	15	1	127	157	157	182	5.4	19.6
SA20160203_GIPDFLML_01067	SA20160203_GIPDFLML_01051	25.714	35	26	0	373	407	222	256	7.1	19.2
SA20160203_GIPDFLML_01067	SA20160203_GIPDFLML_01069	28.205	39	28	0	639	677	24	62	9.7	18.9
SA20160203_GIPDFLML_01068	SA20160203_GIPDFLML_01068	100.000	179	0	0	1	179	1	179	3.54e-138	374
SA20160203_GIPDFLML_01068	SA20160203_GIPDFLML_01076	16.949	59	49	0	112	170	20	78	5.0	17.3
SA20160203_GIPDFLML_01068	SA20160203_GIPDFLML_01072	45.455	11	6	0	142	152	221	231	8.1	16.5
SA20160203_GIPDFLML_01068	SA20160203_GIPDFLML_01074	54.545	11	5	0	55	65	12	22	8.4	16.5
SA20160203_GIPDFLML_01069	SA20160203_GIPDFLML_01069	100.000	353	0	0	1	353	1	353	0.0	718
SA20160203_GIPDFLML_01069	SA20160203_GIPDFLML_01074	39.130	23	14	0	98	120	206	228	0.15	23.1
SA20160203_GIPDFLML_01069	SA20160203_GIPDFLML_01060	28.125	32	23	0	275	306	83	114	2.1	19.2
SA20160203_GIPDFLML_01069	SA20160203_GIPDFLML_01076	39.286	28	9	1	98	125	194	213	2.3	19.2
SA20160203_GIPDFLML_01069	SA20160203_GIPDFLML_01051	38.462	26	14	1	309	334	266	289	2.7	19.2
SA20160203_GIPDFLML_01069	SA20160203_GIPDFLML_01067	28.205	39	28	0	24	62	639	677	3.8	18.9
SA20160203_GIPDFLML_01069	SA20160203_GIPDFLML_01058	23.750	80	53	4	180	257	231	304	6.7	18.1
SA20160203_GIPDFLML_01069	SA20160203_GIPDFLML_01054	50.000	12	6	0	56	67	269	280	9.2	17.7
SA20160203_GIPDFLML_01070	SA20160203_GIPDFLML_01070	100.000	165	0	0	1	165	1	165	1.27e-122	333
SA20160203_GIPDFLML_01070	SA20160203_GIPDFLML_01074	62.500	8	3	0	47	54	314	321	3.1	17.7
SA20160203_GIPDFLML_01070	SA20160203_GIPDFLML_01054	44.444	9	5	0	27	35	305	313	5.8	16.9
SA20160203_GIPDFLML_01071	SA20160203_GIPDFLML_01071	100.000	81	0	0	1	81	1	81	4.95e-58	163
SA20160203_GIPDFLML_01071	SA20160203_GIPDFLML_01055	66.667	9	3	0	56	64	272	280	5.3	15.8
SA20160203_GIPDFLML_01071	SA20160203_GIPDFLML_01058	37.500	16	10	0	52	67	389	404	5.4	15.8
SA20160203_GIPDFLML_01072	SA20160203_GIPDFLML_01072	100.000	359	0	0	1	359	1	359	0.0	748
SA20160203_GIPDFLML_01072	SA20160203_GIPDFLML_01055	32.558	43	28	1	42	84	425	466	0.54	21.6
SA20160203_GIPDFLML_01072	SA20160203_GIPDFLML_01076	40.909	22	13	0	61	82	213	234	2.3	19.6
SA20160203_GIPDFLML_01072	SA20160203_GIPDFLML_01073	46.154	13	7	0	218	230	84	96	3.0	18.9
SA20160203_GIPDFLML_01072	SA20160203_GIPDFLML_01075	70.000	10	3	0	247	256	66	75	3.5	18.5
SA20160203_GIPDFLML_01073	SA20160203_GIPDFLML_01073	100.000	187	0	0	1	187	1	187	2.50e-140	380
SA20160203_GIPDFLML_01073	SA20160203_GIPDFLML_01055	22.835	127	78	5	30	148	14	128	0.25	21.6
SA20160203_GIPDFLML_01073	SA20160203_GIPDFLML_01067	35.484	31	15	1	157	182	127	157	1.1	19.6
SA20160203_GIPDFLML_01073	SA20160203_GIPDFLML_01072	46.154	13	7	0	84	96	218	230	1.5	18.9
SA20160203_GIPDFLML_01073	SA20160203_GIPDFLML_01074	32.353	34	19	1	15	48	166	195	3.4	17.7
SA20160203_GIPDFLML_01073	SA20160203_GIPDFLML_01053	26.087	23	17	0	157	179	98	120	5.0	17.3
SA20160203_GIPDFLML_01073	SA20160203_GIPDFLML_01059	33.333	18	12	0	87	104	61	78	5.1	17.3
SA20160203_GIPDFLML_01074	SA20160203_GIPDFLML_01074	100.000	323	0	0	1	323	1	323	0.0	642
SA20160203_GIPDFLML_01074	SA20160203_GIPDFLML_01075	25.773	97	57	3	26	122	2	83	0.035	24.3
SA20160203_GIPDFLML_01074	SA20160203_GIPDFLML_01057	26.667	45	24	2	79	114	114	158	0.13	23.1
SA20160203_GIPDFLML_01074	SA20160203_GIPDFLML_01069	39.130	23	14	0	206	228	98	120	0.14	23.1
SA20160203_GIPDFLML_01074	SA20160203_GIPDFLML_01058	47.368	19	10	0	48	66	160	178	1.2	20.4
SA20160203_GIPDFLML_01074	SA20160203_GIPDFLML_01052	43.750	16	9	0	233	248	295	310	3.5	18.9
SA20160203_GIPDFLML_01074	SA20160203_GIPDFLML_01067	22.936	109	65	5	143	244	218	314	4.1	18.5
SA20160203_GIPDFLML_01074	SA20160203_GIPDFLML_01073	32.353	34	19	1	166	195	15	48	5.9	17.7
SA20160203_GIPDFLML_01074	SA20160203_GIPDFLML_01070	62.500	8	3	0	314	321	47	54	6.1	17.7
SA20160203_GIPDFLML_01074	SA20160203_GIPDFLML_01059	43.750	16	9	0	36	51	95	110	9.7	16.9
SA20160203_GIPDFLML_01075	SA20160203_GIPDFLML_01075	100.000	120	0	0	1	120	1	120	3.76e-89	245
SA20160203_GIPDFLML_01075	SA20160203_GIPDFLML_01074	25.773	97	57	3	2	83	26	122	0.013	24.3
SA20160203_GIPDFLML_01075	SA20160203_GIPDFLML_01072	70.000	10	3	0	66	75	247	256	1.2	18.5
SA20160203_GIPDFLML_01075	SA20160203_GIPDFLML_01054	66.667	9	3	0	73	81	364	372	5.1	16.5
SA20160203_GIPDFLML_01075	SA20160203_GIPDFLML_01058	50.000	12	6	0	9	20	308	319	5.6	16.5
SA20160203_GIPDFLML_01075	SA20160203_GIPDFLML_01053	41.667	12	7	0	86	97	12	23	7.8	15.8
SA20160203_GIPDFLML_01075	SA20160203_GIPDFLML_01051	33.333	15	10	0	19	33	189	203	9.8	15.8
SA20160203_GIPDFLML_01076	SA20160203_GIPDFLML_01076	100.000	259	0	0	1	259	1	259	0.0	524
SA20160203_GIPDFLML_01076	SA20160203_GIPDFLML_01072	40.909	22	13	0	213	234	61	82	1.6	19.6
SA20160203_GIPDFLML_01076	SA20160203_GIPDFLML_01069	39.286	28	9	1	194	213	98	125	1.7	19.2
SA20160203_GIPDFLML_01076	SA20160203_GIPDFLML_01055	42.857	14	8	0	224	237	95	108	2.4	18.9
SA20160203_GIPDFLML_01076	SA20160203_GIPDFLML_01068	16.949	59	49	0	20	78	112	170	7.3	17.3
SA20160203_GIPDFLML_01076	SA20160203_GIPDFLML_01060	50.000	16	8	0	47	62	167	182	8.2	16.9
