SA20160210_EPKMIBEH_01376	SA20153980_HPBJMGIL_01284	100.000	259	0	0	1	259	1	259	0.0	524
SA20160210_EPKMIBEH_01376	SA20153980_HPBJMGIL_01309	34.426	61	34	3	156	212	8	66	0.047	24.3
SA20160210_EPKMIBEH_01376	SA20153980_HPBJMGIL_01288	40.909	22	13	0	213	234	61	82	1.6	19.6
SA20160210_EPKMIBEH_01376	SA20153980_HPBJMGIL_01291	39.286	28	9	1	194	213	98	125	1.7	19.2
SA20160210_EPKMIBEH_01376	SA20153980_HPBJMGIL_01305	42.857	14	8	0	224	237	95	108	2.4	18.9
SA20160210_EPKMIBEH_01376	SA20153980_HPBJMGIL_01292	16.949	59	49	0	20	78	112	170	7.3	17.3
SA20160210_EPKMIBEH_01376	SA20153980_HPBJMGIL_01300	50.000	16	8	0	47	62	167	182	8.2	16.9
SA20160210_EPKMIBEH_01377	SA20153980_HPBJMGIL_01285	100.000	120	0	0	1	120	1	120	3.76e-89	245
SA20160210_EPKMIBEH_01377	SA20153980_HPBJMGIL_01286	25.773	97	57	3	2	83	26	122	0.013	24.3
SA20160210_EPKMIBEH_01377	SA20153980_HPBJMGIL_01288	70.000	10	3	0	66	75	247	256	1.2	18.5
SA20160210_EPKMIBEH_01377	SA20153980_HPBJMGIL_01307	35.000	40	22	3	63	100	134	171	2.2	17.7
SA20160210_EPKMIBEH_01377	SA20153980_HPBJMGIL_01306	66.667	9	3	0	73	81	364	372	5.1	16.5
SA20160210_EPKMIBEH_01377	SA20153980_HPBJMGIL_01302	50.000	12	6	0	9	20	308	319	5.6	16.5
SA20160210_EPKMIBEH_01377	SA20153980_HPBJMGIL_01309	33.333	15	10	0	19	33	189	203	9.8	15.8
SA20160210_EPKMIBEH_01378	SA20153980_HPBJMGIL_01286	100.000	323	0	0	1	323	1	323	0.0	642
SA20160210_EPKMIBEH_01378	SA20153980_HPBJMGIL_01285	25.773	97	57	3	26	122	2	83	0.035	24.3
SA20160210_EPKMIBEH_01378	SA20153980_HPBJMGIL_01303	26.667	45	24	2	79	114	114	158	0.13	23.1
SA20160210_EPKMIBEH_01378	SA20153980_HPBJMGIL_01291	39.130	23	14	0	206	228	98	120	0.14	23.1
SA20160210_EPKMIBEH_01378	SA20153980_HPBJMGIL_01302	47.368	19	10	0	48	66	160	178	1.2	20.4
SA20160210_EPKMIBEH_01378	SA20153980_HPBJMGIL_01308	43.750	16	9	0	233	248	295	310	3.5	18.9
SA20160210_EPKMIBEH_01378	SA20153980_HPBJMGIL_01293	22.936	109	65	5	143	244	218	314	4.1	18.5
SA20160210_EPKMIBEH_01378	SA20153980_HPBJMGIL_01287	32.353	34	19	1	166	195	15	48	5.9	17.7
SA20160210_EPKMIBEH_01378	SA20153980_HPBJMGIL_01290	62.500	8	3	0	314	321	47	54	6.1	17.7
SA20160210_EPKMIBEH_01378	SA20153980_HPBJMGIL_01301	43.750	16	9	0	36	51	95	110	9.7	16.9
SA20160210_EPKMIBEH_01379	SA20153980_HPBJMGIL_01287	100.000	187	0	0	1	187	1	187	2.50e-140	380
SA20160210_EPKMIBEH_01379	SA20153980_HPBJMGIL_01305	22.835	127	78	5	30	148	14	128	0.25	21.6
SA20160210_EPKMIBEH_01379	SA20153980_HPBJMGIL_01293	35.484	31	15	1	157	182	127	157	1.1	19.6
SA20160210_EPKMIBEH_01379	SA20153980_HPBJMGIL_01288	46.154	13	7	0	84	96	218	230	1.5	18.9
SA20160210_EPKMIBEH_01379	SA20153980_HPBJMGIL_01286	32.353	34	19	1	15	48	166	195	3.4	17.7
SA20160210_EPKMIBEH_01379	SA20153980_HPBJMGIL_01307	26.087	23	17	0	157	179	98	120	5.0	17.3
SA20160210_EPKMIBEH_01379	SA20153980_HPBJMGIL_01301	33.333	18	12	0	87	104	61	78	5.1	17.3
SA20160210_EPKMIBEH_01380	SA20153980_HPBJMGIL_01288	100.000	359	0	0	1	359	1	359	0.0	748
SA20160210_EPKMIBEH_01380	SA20153980_HPBJMGIL_01305	32.558	43	28	1	42	84	425	466	0.54	21.6
SA20160210_EPKMIBEH_01380	SA20153980_HPBJMGIL_01284	40.909	22	13	0	61	82	213	234	2.3	19.6
SA20160210_EPKMIBEH_01380	SA20153980_HPBJMGIL_01287	46.154	13	7	0	218	230	84	96	3.0	18.9
SA20160210_EPKMIBEH_01380	SA20153980_HPBJMGIL_01285	70.000	10	3	0	247	256	66	75	3.5	18.5
SA20160210_EPKMIBEH_01381	SA20153980_HPBJMGIL_01289	100.000	81	0	0	1	81	1	81	4.95e-58	163
SA20160210_EPKMIBEH_01381	SA20153980_HPBJMGIL_01305	66.667	9	3	0	56	64	272	280	5.3	15.8
SA20160210_EPKMIBEH_01381	SA20153980_HPBJMGIL_01302	37.500	16	10	0	52	67	389	404	5.4	15.8
SA20160210_EPKMIBEH_01382	SA20153980_HPBJMGIL_01290	100.000	165	0	0	1	165	1	165	1.27e-122	333
SA20160210_EPKMIBEH_01382	SA20153980_HPBJMGIL_01286	62.500	8	3	0	47	54	314	321	3.1	17.7
SA20160210_EPKMIBEH_01382	SA20153980_HPBJMGIL_01306	44.444	9	5	0	27	35	305	313	5.8	16.9
SA20160210_EPKMIBEH_01383	SA20153980_HPBJMGIL_01291	100.000	353	0	0	1	353	1	353	0.0	718
SA20160210_EPKMIBEH_01383	SA20153980_HPBJMGIL_01286	39.130	23	14	0	98	120	206	228	0.15	23.1
SA20160210_EPKMIBEH_01383	SA20153980_HPBJMGIL_01300	28.125	32	23	0	275	306	83	114	2.1	19.2
SA20160210_EPKMIBEH_01383	SA20153980_HPBJMGIL_01284	39.286	28	9	1	98	125	194	213	2.3	19.2
SA20160210_EPKMIBEH_01383	SA20153980_HPBJMGIL_01309	38.462	26	14	1	309	334	266	289	2.7	19.2
SA20160210_EPKMIBEH_01383	SA20153980_HPBJMGIL_01293	28.205	39	28	0	24	62	639	677	3.8	18.9
SA20160210_EPKMIBEH_01383	SA20153980_HPBJMGIL_01302	23.750	80	53	4	180	257	231	304	6.7	18.1
SA20160210_EPKMIBEH_01383	SA20153980_HPBJMGIL_01306	50.000	12	6	0	56	67	269	280	9.2	17.7
SA20160210_EPKMIBEH_01384	SA20153980_HPBJMGIL_01292	100.000	179	0	0	1	179	1	179	3.54e-138	374
SA20160210_EPKMIBEH_01384	SA20153980_HPBJMGIL_01284	16.949	59	49	0	112	170	20	78	5.0	17.3
SA20160210_EPKMIBEH_01384	SA20153980_HPBJMGIL_01288	45.455	11	6	0	142	152	221	231	8.1	16.5
SA20160210_EPKMIBEH_01384	SA20153980_HPBJMGIL_01286	54.545	11	5	0	55	65	12	22	8.4	16.5
SA20160210_EPKMIBEH_01385	SA20153980_HPBJMGIL_01293	100.000	876	0	0	1	876	1	876	0.0	1803
SA20160210_EPKMIBEH_01385	SA20153980_HPBJMGIL_01302	28.333	60	37	3	232	291	386	439	2.2	21.2
SA20160210_EPKMIBEH_01385	SA20153980_HPBJMGIL_01287	35.484	31	15	1	127	157	157	182	5.4	19.6
SA20160210_EPKMIBEH_01385	SA20153980_HPBJMGIL_01309	25.714	35	26	0	373	407	222	256	7.1	19.2
SA20160210_EPKMIBEH_01385	SA20153980_HPBJMGIL_01291	28.205	39	28	0	639	677	24	62	9.7	18.9
SA20160210_EPKMIBEH_01386	SA20153980_HPBJMGIL_01294	100.000	61	0	0	1	61	1	61	2.53e-42	122
SA20160210_EPKMIBEH_01386	SA20153980_HPBJMGIL_01302	42.857	14	8	0	41	54	422	435	2.4	16.2
SA20160210_EPKMIBEH_01386	SA20153980_HPBJMGIL_01303	35.714	14	9	0	34	47	153	166	3.7	15.8
SA20160210_EPKMIBEH_01386	SA20153980_HPBJMGIL_01293	28.000	25	18	0	12	36	542	566	9.7	14.6
SA20160210_EPKMIBEH_01392	SA20153980_HPBJMGIL_01300	100.000	188	0	0	1	188	1	188	3.14e-142	384
SA20160210_EPKMIBEH_01392	SA20153980_HPBJMGIL_01291	28.125	32	23	0	83	114	275	306	1.1	19.2
SA20160210_EPKMIBEH_01392	SA20153980_HPBJMGIL_01304	23.810	105	64	5	5	94	93	196	1.8	18.9
SA20160210_EPKMIBEH_01392	SA20153980_HPBJMGIL_01284	50.000	16	8	0	167	182	47	62	5.9	16.9
SA20160210_EPKMIBEH_01392	SA20153980_HPBJMGIL_01286	70.000	10	3	0	46	55	305	314	6.6	16.9
SA20160210_EPKMIBEH_01393	SA20153980_HPBJMGIL_01301	100.000	141	0	0	1	141	1	141	4.85e-101	276
SA20160210_EPKMIBEH_01393	SA20153980_HPBJMGIL_01305	53.333	15	6	1	78	91	69	83	1.8	18.5
SA20160210_EPKMIBEH_01393	SA20153980_HPBJMGIL_01286	43.750	16	9	0	95	110	36	51	3.8	17.3
SA20160210_EPKMIBEH_01393	SA20153980_HPBJMGIL_01302	41.667	12	7	0	99	110	369	380	3.8	17.3
SA20160210_EPKMIBEH_01393	SA20153980_HPBJMGIL_01287	33.333	18	12	0	61	78	87	104	4.0	16.9
SA20160210_EPKMIBEH_01394	SA20153980_HPBJMGIL_01302	100.000	518	0	0	1	518	1	518	0.0	1076
SA20160210_EPKMIBEH_01394	SA20153980_HPBJMGIL_01305	31.818	44	26	2	25	64	18	61	1.4	20.8
SA20160210_EPKMIBEH_01394	SA20153980_HPBJMGIL_01293	28.333	60	37	3	386	439	232	291	1.5	20.8
SA20160210_EPKMIBEH_01394	SA20153980_HPBJMGIL_01286	47.368	19	10	0	160	178	48	66	1.9	20.4
SA20160210_EPKMIBEH_01394	SA20153980_HPBJMGIL_01303	26.087	69	39	2	415	483	20	76	2.3	20.0
SA20160210_EPKMIBEH_01394	SA20153980_HPBJMGIL_01309	63.636	11	4	0	10	20	265	275	4.3	19.2
SA20160210_EPKMIBEH_01394	SA20153980_HPBJMGIL_01291	23.750	80	53	4	231	304	180	257	9.8	18.1
SA20160210_EPKMIBEH_01395	SA20153980_HPBJMGIL_01303	100.000	171	0	0	1	171	1	171	2.79e-133	360
SA20160210_EPKMIBEH_01395	SA20153980_HPBJMGIL_01286	26.667	45	24	2	114	158	79	114	0.069	23.1
SA20160210_EPKMIBEH_01395	SA20153980_HPBJMGIL_01302	26.087	69	39	2	20	76	415	483	0.75	20.0
SA20160210_EPKMIBEH_01395	SA20153980_HPBJMGIL_01293	75.000	8	2	0	159	166	121	128	4.2	17.7
SA20160210_EPKMIBEH_01396	SA20153980_HPBJMGIL_01304	100.000	456	0	0	1	456	1	456	0.0	947
SA20160210_EPKMIBEH_01396	SA20153980_HPBJMGIL_01305	31.034	29	20	0	305	333	284	312	0.56	21.9
SA20160210_EPKMIBEH_01396	SA20153980_HPBJMGIL_01300	23.810	105	64	5	93	196	5	94	4.3	18.9
SA20160210_EPKMIBEH_01396	SA20153980_HPBJMGIL_01306	42.105	19	11	0	144	162	292	310	5.4	18.9
SA20160210_EPKMIBEH_01397	SA20153980_HPBJMGIL_01305	100.000	512	0	0	1	512	1	512	0.0	1033
SA20160210_EPKMIBEH_01397	SA20153980_HPBJMGIL_01308	26.667	135	91	3	5	136	3	132	0.007	28.1
SA20160210_EPKMIBEH_01397	SA20153980_HPBJMGIL_01287	23.622	127	77	6	14	128	30	148	0.48	21.9
SA20160210_EPKMIBEH_01397	SA20153980_HPBJMGIL_01304	31.034	29	20	0	284	312	305	333	0.67	21.9
SA20160210_EPKMIBEH_01397	SA20153980_HPBJMGIL_01288	32.558	43	28	1	425	466	42	84	0.67	21.9
SA20160210_EPKMIBEH_01397	SA20153980_HPBJMGIL_01306	43.750	32	8	2	424	446	157	187	1.3	20.8
SA20160210_EPKMIBEH_01397	SA20153980_HPBJMGIL_01302	32.558	43	25	2	19	61	26	64	1.6	20.8
SA20160210_EPKMIBEH_01397	SA20153980_HPBJMGIL_01307	31.081	74	33	5	378	439	57	124	3.4	19.2
SA20160210_EPKMIBEH_01397	SA20153980_HPBJMGIL_01284	42.857	14	8	0	95	108	224	237	4.5	18.9
SA20160210_EPKMIBEH_01398	SA20153980_HPBJMGIL_01306	100.000	390	0	0	1	390	1	390	0.0	787
SA20160210_EPKMIBEH_01398	SA20153980_HPBJMGIL_01305	43.750	32	8	2	157	187	424	446	0.99	20.8
SA20160210_EPKMIBEH_01398	SA20153980_HPBJMGIL_01304	42.105	19	11	0	292	310	144	162	4.7	18.9
SA20160210_EPKMIBEH_01398	SA20153980_HPBJMGIL_01308	38.462	26	16	0	5	30	124	149	9.0	17.7
SA20160210_EPKMIBEH_01399	SA20153980_HPBJMGIL_01307	100.000	176	0	0	1	176	1	176	4.00e-133	360
SA20160210_EPKMIBEH_01399	SA20153980_HPBJMGIL_01305	31.081	74	33	5	57	124	378	439	1.1	19.2
SA20160210_EPKMIBEH_01399	SA20153980_HPBJMGIL_01309	19.149	47	38	0	91	137	48	94	2.4	18.5
SA20160210_EPKMIBEH_01399	SA20153980_HPBJMGIL_01287	26.087	23	17	0	98	120	157	179	4.7	17.3
SA20160210_EPKMIBEH_01400	SA20153980_HPBJMGIL_01308	100.000	394	0	0	1	394	1	394	0.0	765
SA20160210_EPKMIBEH_01400	SA20153980_HPBJMGIL_01305	22.674	172	125	3	3	169	5	173	0.007	27.7
SA20160210_EPKMIBEH_01400	SA20153980_HPBJMGIL_01286	34.615	26	17	0	285	310	223	248	1.9	20.0
SA20160210_EPKMIBEH_01401	SA20153980_HPBJMGIL_01309	100.000	331	0	0	1	331	1	331	0.0	688
SA20160210_EPKMIBEH_01401	SA20153980_HPBJMGIL_01291	38.462	26	14	1	266	289	309	334	2.5	19.2
SA20160210_EPKMIBEH_01401	SA20153980_HPBJMGIL_01293	25.714	35	26	0	222	256	373	407	2.7	19.2
SA20160210_EPKMIBEH_01401	SA20153980_HPBJMGIL_01302	63.636	11	4	0	265	275	10	20	2.7	19.2
SA20160210_EPKMIBEH_01401	SA20153980_HPBJMGIL_01307	19.149	47	38	0	48	94	91	137	4.4	18.5
SA20160210_EPKMIBEH_01401	SA20153980_HPBJMGIL_01304	41.176	17	10	0	116	132	368	384	9.5	17.3
SA20153980_HPBJMGIL_01284	SA20153980_HPBJMGIL_01284	100.000	259	0	0	1	259	1	259	0.0	524
SA20153980_HPBJMGIL_01284	SA20153980_HPBJMGIL_01288	40.909	22	13	0	213	234	61	82	1.6	19.6
SA20153980_HPBJMGIL_01284	SA20153980_HPBJMGIL_01291	39.286	28	9	1	194	213	98	125	1.7	19.2
SA20153980_HPBJMGIL_01284	SA20153980_HPBJMGIL_01305	42.857	14	8	0	224	237	95	108	2.4	18.9
SA20153980_HPBJMGIL_01284	SA20153980_HPBJMGIL_01292	16.949	59	49	0	20	78	112	170	7.3	17.3
SA20153980_HPBJMGIL_01284	SA20153980_HPBJMGIL_01300	50.000	16	8	0	47	62	167	182	8.2	16.9
SA20153980_HPBJMGIL_01285	SA20153980_HPBJMGIL_01285	100.000	120	0	0	1	120	1	120	3.76e-89	245
SA20153980_HPBJMGIL_01285	SA20153980_HPBJMGIL_01286	25.773	97	57	3	2	83	26	122	0.013	24.3
SA20153980_HPBJMGIL_01285	SA20153980_HPBJMGIL_01288	70.000	10	3	0	66	75	247	256	1.2	18.5
SA20153980_HPBJMGIL_01285	SA20153980_HPBJMGIL_01306	66.667	9	3	0	73	81	364	372	5.1	16.5
SA20153980_HPBJMGIL_01285	SA20153980_HPBJMGIL_01302	50.000	12	6	0	9	20	308	319	5.6	16.5
SA20153980_HPBJMGIL_01285	SA20153980_HPBJMGIL_01307	41.667	12	7	0	86	97	12	23	7.8	15.8
SA20153980_HPBJMGIL_01285	SA20153980_HPBJMGIL_01309	33.333	15	10	0	19	33	189	203	9.8	15.8
SA20153980_HPBJMGIL_01286	SA20153980_HPBJMGIL_01286	100.000	323	0	0	1	323	1	323	0.0	642
SA20153980_HPBJMGIL_01286	SA20153980_HPBJMGIL_01285	25.773	97	57	3	26	122	2	83	0.035	24.3
SA20153980_HPBJMGIL_01286	SA20153980_HPBJMGIL_01303	26.667	45	24	2	79	114	114	158	0.13	23.1
SA20153980_HPBJMGIL_01286	SA20153980_HPBJMGIL_01291	39.130	23	14	0	206	228	98	120	0.14	23.1
SA20153980_HPBJMGIL_01286	SA20153980_HPBJMGIL_01302	47.368	19	10	0	48	66	160	178	1.2	20.4
SA20153980_HPBJMGIL_01286	SA20153980_HPBJMGIL_01308	43.750	16	9	0	233	248	295	310	3.5	18.9
SA20153980_HPBJMGIL_01286	SA20153980_HPBJMGIL_01293	22.936	109	65	5	143	244	218	314	4.1	18.5
SA20153980_HPBJMGIL_01286	SA20153980_HPBJMGIL_01287	32.353	34	19	1	166	195	15	48	5.9	17.7
SA20153980_HPBJMGIL_01286	SA20153980_HPBJMGIL_01290	62.500	8	3	0	314	321	47	54	6.1	17.7
SA20153980_HPBJMGIL_01286	SA20153980_HPBJMGIL_01301	43.750	16	9	0	36	51	95	110	9.7	16.9
SA20153980_HPBJMGIL_01287	SA20153980_HPBJMGIL_01287	100.000	187	0	0	1	187	1	187	2.50e-140	380
SA20153980_HPBJMGIL_01287	SA20153980_HPBJMGIL_01305	22.835	127	78	5	30	148	14	128	0.25	21.6
SA20153980_HPBJMGIL_01287	SA20153980_HPBJMGIL_01293	35.484	31	15	1	157	182	127	157	1.1	19.6
SA20153980_HPBJMGIL_01287	SA20153980_HPBJMGIL_01288	46.154	13	7	0	84	96	218	230	1.5	18.9
SA20153980_HPBJMGIL_01287	SA20153980_HPBJMGIL_01286	32.353	34	19	1	15	48	166	195	3.4	17.7
SA20153980_HPBJMGIL_01287	SA20153980_HPBJMGIL_01307	26.087	23	17	0	157	179	98	120	5.0	17.3
SA20153980_HPBJMGIL_01287	SA20153980_HPBJMGIL_01301	33.333	18	12	0	87	104	61	78	5.1	17.3
SA20153980_HPBJMGIL_01288	SA20153980_HPBJMGIL_01288	100.000	359	0	0	1	359	1	359	0.0	748
SA20153980_HPBJMGIL_01288	SA20153980_HPBJMGIL_01305	32.558	43	28	1	42	84	425	466	0.54	21.6
SA20153980_HPBJMGIL_01288	SA20153980_HPBJMGIL_01284	40.909	22	13	0	61	82	213	234	2.3	19.6
SA20153980_HPBJMGIL_01288	SA20153980_HPBJMGIL_01287	46.154	13	7	0	218	230	84	96	3.0	18.9
SA20153980_HPBJMGIL_01288	SA20153980_HPBJMGIL_01285	70.000	10	3	0	247	256	66	75	3.5	18.5
SA20153980_HPBJMGIL_01289	SA20153980_HPBJMGIL_01289	100.000	81	0	0	1	81	1	81	4.95e-58	163
SA20153980_HPBJMGIL_01289	SA20153980_HPBJMGIL_01305	66.667	9	3	0	56	64	272	280	5.3	15.8
SA20153980_HPBJMGIL_01289	SA20153980_HPBJMGIL_01302	37.500	16	10	0	52	67	389	404	5.4	15.8
SA20153980_HPBJMGIL_01290	SA20153980_HPBJMGIL_01290	100.000	165	0	0	1	165	1	165	1.27e-122	333
SA20153980_HPBJMGIL_01290	SA20153980_HPBJMGIL_01286	62.500	8	3	0	47	54	314	321	3.1	17.7
SA20153980_HPBJMGIL_01290	SA20153980_HPBJMGIL_01306	44.444	9	5	0	27	35	305	313	5.8	16.9
SA20153980_HPBJMGIL_01291	SA20153980_HPBJMGIL_01291	100.000	353	0	0	1	353	1	353	0.0	718
SA20153980_HPBJMGIL_01291	SA20153980_HPBJMGIL_01286	39.130	23	14	0	98	120	206	228	0.15	23.1
SA20153980_HPBJMGIL_01291	SA20153980_HPBJMGIL_01300	28.125	32	23	0	275	306	83	114	2.1	19.2
SA20153980_HPBJMGIL_01291	SA20153980_HPBJMGIL_01284	39.286	28	9	1	98	125	194	213	2.3	19.2
SA20153980_HPBJMGIL_01291	SA20153980_HPBJMGIL_01309	38.462	26	14	1	309	334	266	289	2.7	19.2
SA20153980_HPBJMGIL_01291	SA20153980_HPBJMGIL_01293	28.205	39	28	0	24	62	639	677	3.8	18.9
SA20153980_HPBJMGIL_01291	SA20153980_HPBJMGIL_01302	23.750	80	53	4	180	257	231	304	6.7	18.1
SA20153980_HPBJMGIL_01291	SA20153980_HPBJMGIL_01306	50.000	12	6	0	56	67	269	280	9.2	17.7
SA20153980_HPBJMGIL_01292	SA20153980_HPBJMGIL_01292	100.000	179	0	0	1	179	1	179	3.54e-138	374
SA20153980_HPBJMGIL_01292	SA20153980_HPBJMGIL_01284	16.949	59	49	0	112	170	20	78	5.0	17.3
SA20153980_HPBJMGIL_01292	SA20153980_HPBJMGIL_01288	45.455	11	6	0	142	152	221	231	8.1	16.5
SA20153980_HPBJMGIL_01292	SA20153980_HPBJMGIL_01286	54.545	11	5	0	55	65	12	22	8.4	16.5
SA20153980_HPBJMGIL_01293	SA20153980_HPBJMGIL_01293	100.000	876	0	0	1	876	1	876	0.0	1803
SA20153980_HPBJMGIL_01293	SA20153980_HPBJMGIL_01302	28.333	60	37	3	232	291	386	439	2.2	21.2
SA20153980_HPBJMGIL_01293	SA20153980_HPBJMGIL_01287	35.484	31	15	1	127	157	157	182	5.4	19.6
SA20153980_HPBJMGIL_01293	SA20153980_HPBJMGIL_01309	25.714	35	26	0	373	407	222	256	7.1	19.2
SA20153980_HPBJMGIL_01293	SA20153980_HPBJMGIL_01291	28.205	39	28	0	639	677	24	62	9.7	18.9
SA20153980_HPBJMGIL_01294	SA20153980_HPBJMGIL_01294	100.000	61	0	0	1	61	1	61	2.53e-42	122
SA20153980_HPBJMGIL_01294	SA20153980_HPBJMGIL_01302	42.857	14	8	0	41	54	422	435	2.4	16.2
SA20153980_HPBJMGIL_01294	SA20153980_HPBJMGIL_01303	35.714	14	9	0	34	47	153	166	3.7	15.8
SA20153980_HPBJMGIL_01294	SA20153980_HPBJMGIL_01293	28.000	25	18	0	12	36	542	566	9.7	14.6
SA20153980_HPBJMGIL_01300	SA20153980_HPBJMGIL_01300	100.000	188	0	0	1	188	1	188	3.14e-142	384
SA20153980_HPBJMGIL_01300	SA20153980_HPBJMGIL_01291	28.125	32	23	0	83	114	275	306	1.1	19.2
SA20153980_HPBJMGIL_01300	SA20153980_HPBJMGIL_01304	23.810	105	64	5	5	94	93	196	1.8	18.9
SA20153980_HPBJMGIL_01300	SA20153980_HPBJMGIL_01284	50.000	16	8	0	167	182	47	62	5.9	16.9
SA20153980_HPBJMGIL_01300	SA20153980_HPBJMGIL_01286	70.000	10	3	0	46	55	305	314	6.6	16.9
SA20153980_HPBJMGIL_01301	SA20153980_HPBJMGIL_01301	100.000	141	0	0	1	141	1	141	4.85e-101	276
SA20153980_HPBJMGIL_01301	SA20153980_HPBJMGIL_01286	43.750	16	9	0	95	110	36	51	3.8	17.3
SA20153980_HPBJMGIL_01301	SA20153980_HPBJMGIL_01302	41.667	12	7	0	99	110	369	380	3.8	17.3
SA20153980_HPBJMGIL_01301	SA20153980_HPBJMGIL_01287	33.333	18	12	0	61	78	87	104	4.0	16.9
SA20153980_HPBJMGIL_01302	SA20153980_HPBJMGIL_01302	100.000	518	0	0	1	518	1	518	0.0	1076
SA20153980_HPBJMGIL_01302	SA20153980_HPBJMGIL_01293	28.333	60	37	3	386	439	232	291	1.5	20.8
SA20153980_HPBJMGIL_01302	SA20153980_HPBJMGIL_01286	47.368	19	10	0	160	178	48	66	1.9	20.4
SA20153980_HPBJMGIL_01302	SA20153980_HPBJMGIL_01303	26.087	69	39	2	415	483	20	76	2.3	20.0
SA20153980_HPBJMGIL_01302	SA20153980_HPBJMGIL_01309	63.636	11	4	0	10	20	265	275	4.3	19.2
SA20153980_HPBJMGIL_01303	SA20153980_HPBJMGIL_01303	100.000	171	0	0	1	171	1	171	2.79e-133	360
SA20153980_HPBJMGIL_01303	SA20153980_HPBJMGIL_01286	26.667	45	24	2	114	158	79	114	0.069	23.1
SA20153980_HPBJMGIL_01303	SA20153980_HPBJMGIL_01302	26.087	69	39	2	20	76	415	483	0.75	20.0
SA20153980_HPBJMGIL_01303	SA20153980_HPBJMGIL_01293	75.000	8	2	0	159	166	121	128	4.2	17.7
SA20153980_HPBJMGIL_01304	SA20153980_HPBJMGIL_01304	100.000	456	0	0	1	456	1	456	0.0	947
SA20153980_HPBJMGIL_01304	SA20153980_HPBJMGIL_01305	31.034	29	20	0	305	333	284	312	0.56	21.9
SA20153980_HPBJMGIL_01304	SA20153980_HPBJMGIL_01300	23.810	105	64	5	93	196	5	94	4.3	18.9
SA20153980_HPBJMGIL_01304	SA20153980_HPBJMGIL_01306	42.105	19	11	0	144	162	292	310	5.4	18.9
SA20153980_HPBJMGIL_01305	SA20153980_HPBJMGIL_01305	100.000	512	0	0	1	512	1	512	0.0	1033
SA20153980_HPBJMGIL_01305	SA20153980_HPBJMGIL_01308	26.667	135	91	3	5	136	3	132	0.007	28.1
SA20153980_HPBJMGIL_01305	SA20153980_HPBJMGIL_01287	23.622	127	77	6	14	128	30	148	0.48	21.9
SA20153980_HPBJMGIL_01305	SA20153980_HPBJMGIL_01304	31.034	29	20	0	284	312	305	333	0.67	21.9
SA20153980_HPBJMGIL_01305	SA20153980_HPBJMGIL_01288	32.558	43	28	1	425	466	42	84	0.67	21.9
SA20153980_HPBJMGIL_01305	SA20153980_HPBJMGIL_01306	43.750	32	8	2	424	446	157	187	1.3	20.8
SA20153980_HPBJMGIL_01305	SA20153980_HPBJMGIL_01307	31.081	74	33	5	378	439	57	124	3.4	19.2
SA20153980_HPBJMGIL_01305	SA20153980_HPBJMGIL_01284	42.857	14	8	0	95	108	224	237	4.5	18.9
SA20153980_HPBJMGIL_01306	SA20153980_HPBJMGIL_01306	100.000	390	0	0	1	390	1	390	0.0	787
SA20153980_HPBJMGIL_01306	SA20153980_HPBJMGIL_01305	43.750	32	8	2	157	187	424	446	0.99	20.8
SA20153980_HPBJMGIL_01306	SA20153980_HPBJMGIL_01304	42.105	19	11	0	292	310	144	162	4.7	18.9
SA20153980_HPBJMGIL_01306	SA20153980_HPBJMGIL_01308	38.462	26	16	0	5	30	124	149	9.0	17.7
SA20153980_HPBJMGIL_01307	SA20153980_HPBJMGIL_01307	100.000	176	0	0	1	176	1	176	4.00e-133	360
SA20153980_HPBJMGIL_01307	SA20153980_HPBJMGIL_01305	31.081	74	33	5	57	124	378	439	1.1	19.2
SA20153980_HPBJMGIL_01307	SA20153980_HPBJMGIL_01309	19.149	47	38	0	91	137	48	94	2.4	18.5
SA20153980_HPBJMGIL_01307	SA20153980_HPBJMGIL_01287	26.087	23	17	0	98	120	157	179	4.7	17.3
SA20153980_HPBJMGIL_01308	SA20153980_HPBJMGIL_01308	100.000	394	0	0	1	394	1	394	0.0	765
SA20153980_HPBJMGIL_01308	SA20153980_HPBJMGIL_01305	22.674	172	125	3	3	169	5	173	0.007	27.7
SA20153980_HPBJMGIL_01308	SA20153980_HPBJMGIL_01286	34.615	26	17	0	285	310	223	248	1.9	20.0
SA20153980_HPBJMGIL_01309	SA20153980_HPBJMGIL_01309	100.000	331	0	0	1	331	1	331	0.0	688
SA20153980_HPBJMGIL_01309	SA20153980_HPBJMGIL_01291	38.462	26	14	1	266	289	309	334	2.5	19.2
SA20153980_HPBJMGIL_01309	SA20153980_HPBJMGIL_01293	25.714	35	26	0	222	256	373	407	2.7	19.2
SA20153980_HPBJMGIL_01309	SA20153980_HPBJMGIL_01302	63.636	11	4	0	265	275	10	20	2.7	19.2
SA20153980_HPBJMGIL_01309	SA20153980_HPBJMGIL_01307	19.149	47	38	0	48	94	91	137	4.4	18.5
SA20153980_HPBJMGIL_01309	SA20153980_HPBJMGIL_01304	41.176	17	10	0	116	132	368	384	9.5	17.3
SA20160210_EPKMIBEH_01376	SA20160210_EPKMIBEH_01376	100.000	259	0	0	1	259	1	259	0.0	524
SA20160210_EPKMIBEH_01376	SA20160210_EPKMIBEH_01380	40.909	22	13	0	213	234	61	82	1.6	19.6
SA20160210_EPKMIBEH_01376	SA20160210_EPKMIBEH_01383	39.286	28	9	1	194	213	98	125	1.7	19.2
SA20160210_EPKMIBEH_01376	SA20160210_EPKMIBEH_01397	42.857	14	8	0	224	237	95	108	2.4	18.9
SA20160210_EPKMIBEH_01376	SA20160210_EPKMIBEH_01384	16.949	59	49	0	20	78	112	170	7.3	17.3
SA20160210_EPKMIBEH_01376	SA20160210_EPKMIBEH_01392	50.000	16	8	0	47	62	167	182	8.2	16.9
SA20160210_EPKMIBEH_01377	SA20160210_EPKMIBEH_01377	100.000	120	0	0	1	120	1	120	3.76e-89	245
SA20160210_EPKMIBEH_01377	SA20160210_EPKMIBEH_01378	25.773	97	57	3	2	83	26	122	0.013	24.3
SA20160210_EPKMIBEH_01377	SA20160210_EPKMIBEH_01380	70.000	10	3	0	66	75	247	256	1.2	18.5
SA20160210_EPKMIBEH_01377	SA20160210_EPKMIBEH_01398	66.667	9	3	0	73	81	364	372	5.1	16.5
SA20160210_EPKMIBEH_01377	SA20160210_EPKMIBEH_01394	50.000	12	6	0	9	20	308	319	5.6	16.5
SA20160210_EPKMIBEH_01377	SA20160210_EPKMIBEH_01399	41.667	12	7	0	86	97	12	23	7.8	15.8
SA20160210_EPKMIBEH_01377	SA20160210_EPKMIBEH_01401	33.333	15	10	0	19	33	189	203	9.8	15.8
SA20160210_EPKMIBEH_01378	SA20160210_EPKMIBEH_01378	100.000	323	0	0	1	323	1	323	0.0	642
SA20160210_EPKMIBEH_01378	SA20160210_EPKMIBEH_01377	25.773	97	57	3	26	122	2	83	0.035	24.3
SA20160210_EPKMIBEH_01378	SA20160210_EPKMIBEH_01395	26.667	45	24	2	79	114	114	158	0.13	23.1
SA20160210_EPKMIBEH_01378	SA20160210_EPKMIBEH_01383	39.130	23	14	0	206	228	98	120	0.14	23.1
SA20160210_EPKMIBEH_01378	SA20160210_EPKMIBEH_01394	47.368	19	10	0	48	66	160	178	1.2	20.4
SA20160210_EPKMIBEH_01378	SA20160210_EPKMIBEH_01400	43.750	16	9	0	233	248	295	310	3.5	18.9
SA20160210_EPKMIBEH_01378	SA20160210_EPKMIBEH_01385	22.936	109	65	5	143	244	218	314	4.1	18.5
SA20160210_EPKMIBEH_01378	SA20160210_EPKMIBEH_01379	32.353	34	19	1	166	195	15	48	5.9	17.7
SA20160210_EPKMIBEH_01378	SA20160210_EPKMIBEH_01382	62.500	8	3	0	314	321	47	54	6.1	17.7
SA20160210_EPKMIBEH_01378	SA20160210_EPKMIBEH_01393	43.750	16	9	0	36	51	95	110	9.7	16.9
SA20160210_EPKMIBEH_01379	SA20160210_EPKMIBEH_01379	100.000	187	0	0	1	187	1	187	2.50e-140	380
SA20160210_EPKMIBEH_01379	SA20160210_EPKMIBEH_01397	22.835	127	78	5	30	148	14	128	0.25	21.6
SA20160210_EPKMIBEH_01379	SA20160210_EPKMIBEH_01385	35.484	31	15	1	157	182	127	157	1.1	19.6
SA20160210_EPKMIBEH_01379	SA20160210_EPKMIBEH_01380	46.154	13	7	0	84	96	218	230	1.5	18.9
SA20160210_EPKMIBEH_01379	SA20160210_EPKMIBEH_01378	32.353	34	19	1	15	48	166	195	3.4	17.7
SA20160210_EPKMIBEH_01379	SA20160210_EPKMIBEH_01399	26.087	23	17	0	157	179	98	120	5.0	17.3
SA20160210_EPKMIBEH_01379	SA20160210_EPKMIBEH_01393	33.333	18	12	0	87	104	61	78	5.1	17.3
SA20160210_EPKMIBEH_01380	SA20160210_EPKMIBEH_01380	100.000	359	0	0	1	359	1	359	0.0	748
SA20160210_EPKMIBEH_01380	SA20160210_EPKMIBEH_01397	32.558	43	28	1	42	84	425	466	0.54	21.6
SA20160210_EPKMIBEH_01380	SA20160210_EPKMIBEH_01376	40.909	22	13	0	61	82	213	234	2.3	19.6
SA20160210_EPKMIBEH_01380	SA20160210_EPKMIBEH_01379	46.154	13	7	0	218	230	84	96	3.0	18.9
SA20160210_EPKMIBEH_01380	SA20160210_EPKMIBEH_01377	70.000	10	3	0	247	256	66	75	3.5	18.5
SA20160210_EPKMIBEH_01381	SA20160210_EPKMIBEH_01381	100.000	81	0	0	1	81	1	81	4.95e-58	163
SA20160210_EPKMIBEH_01381	SA20160210_EPKMIBEH_01397	66.667	9	3	0	56	64	272	280	5.3	15.8
SA20160210_EPKMIBEH_01381	SA20160210_EPKMIBEH_01394	37.500	16	10	0	52	67	389	404	5.4	15.8
SA20160210_EPKMIBEH_01382	SA20160210_EPKMIBEH_01382	100.000	165	0	0	1	165	1	165	1.27e-122	333
SA20160210_EPKMIBEH_01382	SA20160210_EPKMIBEH_01378	62.500	8	3	0	47	54	314	321	3.1	17.7
SA20160210_EPKMIBEH_01382	SA20160210_EPKMIBEH_01398	44.444	9	5	0	27	35	305	313	5.8	16.9
SA20160210_EPKMIBEH_01383	SA20160210_EPKMIBEH_01383	100.000	353	0	0	1	353	1	353	0.0	718
SA20160210_EPKMIBEH_01383	SA20160210_EPKMIBEH_01378	39.130	23	14	0	98	120	206	228	0.15	23.1
SA20160210_EPKMIBEH_01383	SA20160210_EPKMIBEH_01392	28.125	32	23	0	275	306	83	114	2.1	19.2
SA20160210_EPKMIBEH_01383	SA20160210_EPKMIBEH_01376	39.286	28	9	1	98	125	194	213	2.3	19.2
SA20160210_EPKMIBEH_01383	SA20160210_EPKMIBEH_01401	38.462	26	14	1	309	334	266	289	2.7	19.2
SA20160210_EPKMIBEH_01383	SA20160210_EPKMIBEH_01385	28.205	39	28	0	24	62	639	677	3.8	18.9
SA20160210_EPKMIBEH_01383	SA20160210_EPKMIBEH_01394	23.750	80	53	4	180	257	231	304	6.7	18.1
SA20160210_EPKMIBEH_01383	SA20160210_EPKMIBEH_01398	50.000	12	6	0	56	67	269	280	9.2	17.7
SA20160210_EPKMIBEH_01384	SA20160210_EPKMIBEH_01384	100.000	179	0	0	1	179	1	179	3.54e-138	374
SA20160210_EPKMIBEH_01384	SA20160210_EPKMIBEH_01376	16.949	59	49	0	112	170	20	78	5.0	17.3
SA20160210_EPKMIBEH_01384	SA20160210_EPKMIBEH_01380	45.455	11	6	0	142	152	221	231	8.1	16.5
SA20160210_EPKMIBEH_01384	SA20160210_EPKMIBEH_01378	54.545	11	5	0	55	65	12	22	8.4	16.5
SA20160210_EPKMIBEH_01385	SA20160210_EPKMIBEH_01385	100.000	876	0	0	1	876	1	876	0.0	1803
SA20160210_EPKMIBEH_01385	SA20160210_EPKMIBEH_01394	28.333	60	37	3	232	291	386	439	2.2	21.2
SA20160210_EPKMIBEH_01385	SA20160210_EPKMIBEH_01379	35.484	31	15	1	127	157	157	182	5.4	19.6
SA20160210_EPKMIBEH_01385	SA20160210_EPKMIBEH_01401	25.714	35	26	0	373	407	222	256	7.1	19.2
SA20160210_EPKMIBEH_01385	SA20160210_EPKMIBEH_01383	28.205	39	28	0	639	677	24	62	9.7	18.9
SA20160210_EPKMIBEH_01386	SA20160210_EPKMIBEH_01386	100.000	61	0	0	1	61	1	61	2.53e-42	122
SA20160210_EPKMIBEH_01386	SA20160210_EPKMIBEH_01394	42.857	14	8	0	41	54	422	435	2.4	16.2
SA20160210_EPKMIBEH_01386	SA20160210_EPKMIBEH_01395	35.714	14	9	0	34	47	153	166	3.7	15.8
SA20160210_EPKMIBEH_01386	SA20160210_EPKMIBEH_01385	28.000	25	18	0	12	36	542	566	9.7	14.6
SA20160210_EPKMIBEH_01392	SA20160210_EPKMIBEH_01392	100.000	188	0	0	1	188	1	188	3.14e-142	384
SA20160210_EPKMIBEH_01392	SA20160210_EPKMIBEH_01383	28.125	32	23	0	83	114	275	306	1.1	19.2
SA20160210_EPKMIBEH_01392	SA20160210_EPKMIBEH_01396	23.810	105	64	5	5	94	93	196	1.8	18.9
SA20160210_EPKMIBEH_01392	SA20160210_EPKMIBEH_01376	50.000	16	8	0	167	182	47	62	5.9	16.9
SA20160210_EPKMIBEH_01392	SA20160210_EPKMIBEH_01378	70.000	10	3	0	46	55	305	314	6.6	16.9
SA20160210_EPKMIBEH_01393	SA20160210_EPKMIBEH_01393	100.000	141	0	0	1	141	1	141	4.85e-101	276
SA20160210_EPKMIBEH_01393	SA20160210_EPKMIBEH_01378	43.750	16	9	0	95	110	36	51	3.8	17.3
SA20160210_EPKMIBEH_01393	SA20160210_EPKMIBEH_01394	41.667	12	7	0	99	110	369	380	3.8	17.3
SA20160210_EPKMIBEH_01393	SA20160210_EPKMIBEH_01379	33.333	18	12	0	61	78	87	104	4.0	16.9
SA20160210_EPKMIBEH_01394	SA20160210_EPKMIBEH_01394	100.000	518	0	0	1	518	1	518	0.0	1076
SA20160210_EPKMIBEH_01394	SA20160210_EPKMIBEH_01385	28.333	60	37	3	386	439	232	291	1.5	20.8
SA20160210_EPKMIBEH_01394	SA20160210_EPKMIBEH_01378	47.368	19	10	0	160	178	48	66	1.9	20.4
SA20160210_EPKMIBEH_01394	SA20160210_EPKMIBEH_01395	26.087	69	39	2	415	483	20	76	2.3	20.0
SA20160210_EPKMIBEH_01394	SA20160210_EPKMIBEH_01401	63.636	11	4	0	10	20	265	275	4.3	19.2
SA20160210_EPKMIBEH_01395	SA20160210_EPKMIBEH_01395	100.000	171	0	0	1	171	1	171	2.79e-133	360
SA20160210_EPKMIBEH_01395	SA20160210_EPKMIBEH_01378	26.667	45	24	2	114	158	79	114	0.069	23.1
SA20160210_EPKMIBEH_01395	SA20160210_EPKMIBEH_01394	26.087	69	39	2	20	76	415	483	0.75	20.0
SA20160210_EPKMIBEH_01395	SA20160210_EPKMIBEH_01385	75.000	8	2	0	159	166	121	128	4.2	17.7
SA20160210_EPKMIBEH_01396	SA20160210_EPKMIBEH_01396	100.000	456	0	0	1	456	1	456	0.0	947
SA20160210_EPKMIBEH_01396	SA20160210_EPKMIBEH_01397	31.034	29	20	0	305	333	284	312	0.56	21.9
SA20160210_EPKMIBEH_01396	SA20160210_EPKMIBEH_01392	23.810	105	64	5	93	196	5	94	4.3	18.9
SA20160210_EPKMIBEH_01396	SA20160210_EPKMIBEH_01398	42.105	19	11	0	144	162	292	310	5.4	18.9
SA20160210_EPKMIBEH_01397	SA20160210_EPKMIBEH_01397	100.000	512	0	0	1	512	1	512	0.0	1033
SA20160210_EPKMIBEH_01397	SA20160210_EPKMIBEH_01400	26.667	135	91	3	5	136	3	132	0.007	28.1
SA20160210_EPKMIBEH_01397	SA20160210_EPKMIBEH_01379	23.622	127	77	6	14	128	30	148	0.48	21.9
SA20160210_EPKMIBEH_01397	SA20160210_EPKMIBEH_01396	31.034	29	20	0	284	312	305	333	0.67	21.9
SA20160210_EPKMIBEH_01397	SA20160210_EPKMIBEH_01380	32.558	43	28	1	425	466	42	84	0.67	21.9
SA20160210_EPKMIBEH_01397	SA20160210_EPKMIBEH_01398	43.750	32	8	2	424	446	157	187	1.3	20.8
SA20160210_EPKMIBEH_01397	SA20160210_EPKMIBEH_01399	31.081	74	33	5	378	439	57	124	3.4	19.2
SA20160210_EPKMIBEH_01397	SA20160210_EPKMIBEH_01376	42.857	14	8	0	95	108	224	237	4.5	18.9
SA20160210_EPKMIBEH_01398	SA20160210_EPKMIBEH_01398	100.000	390	0	0	1	390	1	390	0.0	787
SA20160210_EPKMIBEH_01398	SA20160210_EPKMIBEH_01397	43.750	32	8	2	157	187	424	446	0.99	20.8
SA20160210_EPKMIBEH_01398	SA20160210_EPKMIBEH_01396	42.105	19	11	0	292	310	144	162	4.7	18.9
SA20160210_EPKMIBEH_01398	SA20160210_EPKMIBEH_01400	38.462	26	16	0	5	30	124	149	9.0	17.7
SA20160210_EPKMIBEH_01399	SA20160210_EPKMIBEH_01399	100.000	176	0	0	1	176	1	176	4.00e-133	360
SA20160210_EPKMIBEH_01399	SA20160210_EPKMIBEH_01397	31.081	74	33	5	57	124	378	439	1.1	19.2
SA20160210_EPKMIBEH_01399	SA20160210_EPKMIBEH_01401	19.149	47	38	0	91	137	48	94	2.4	18.5
SA20160210_EPKMIBEH_01399	SA20160210_EPKMIBEH_01379	26.087	23	17	0	98	120	157	179	4.7	17.3
SA20160210_EPKMIBEH_01400	SA20160210_EPKMIBEH_01400	100.000	394	0	0	1	394	1	394	0.0	765
SA20160210_EPKMIBEH_01400	SA20160210_EPKMIBEH_01397	22.674	172	125	3	3	169	5	173	0.007	27.7
SA20160210_EPKMIBEH_01400	SA20160210_EPKMIBEH_01378	34.615	26	17	0	285	310	223	248	1.9	20.0
SA20160210_EPKMIBEH_01401	SA20160210_EPKMIBEH_01401	100.000	331	0	0	1	331	1	331	0.0	688
SA20160210_EPKMIBEH_01401	SA20160210_EPKMIBEH_01383	38.462	26	14	1	266	289	309	334	2.5	19.2
SA20160210_EPKMIBEH_01401	SA20160210_EPKMIBEH_01385	25.714	35	26	0	222	256	373	407	2.7	19.2
SA20160210_EPKMIBEH_01401	SA20160210_EPKMIBEH_01394	63.636	11	4	0	265	275	10	20	2.7	19.2
SA20160210_EPKMIBEH_01401	SA20160210_EPKMIBEH_01399	19.149	47	38	0	48	94	91	137	4.4	18.5
SA20160210_EPKMIBEH_01401	SA20160210_EPKMIBEH_01396	41.176	17	10	0	116	132	368	384	9.5	17.3
