SA20160170_CHGPAPHK_02249	SA20160190_KJBEGOPM_00958	100.000	259	0	0	1	259	1	259	0.0	524
SA20160170_CHGPAPHK_02249	SA20160190_KJBEGOPM_00983	34.426	61	34	3	156	212	8	66	0.065	23.9
SA20160170_CHGPAPHK_02249	SA20160190_KJBEGOPM_00962	40.909	22	13	0	213	234	61	82	1.6	19.6
SA20160170_CHGPAPHK_02249	SA20160190_KJBEGOPM_00965	39.286	28	9	1	194	213	98	125	1.7	19.2
SA20160170_CHGPAPHK_02249	SA20160190_KJBEGOPM_00979	42.857	14	8	0	224	237	95	108	2.4	18.9
SA20160170_CHGPAPHK_02249	SA20160190_KJBEGOPM_00974	50.000	16	8	0	47	62	167	182	8.2	16.9
SA20160170_CHGPAPHK_02249	SA20160190_KJBEGOPM_00966	16.949	59	49	0	20	78	112	170	9.4	16.9
SA20160170_CHGPAPHK_02250	SA20160190_KJBEGOPM_00959	100.000	120	0	0	1	120	1	120	3.76e-89	245
SA20160170_CHGPAPHK_02250	SA20160190_KJBEGOPM_00960	25.773	97	57	3	2	83	26	122	0.013	24.3
SA20160170_CHGPAPHK_02250	SA20160190_KJBEGOPM_00962	70.000	10	3	0	66	75	247	256	1.2	18.5
SA20160170_CHGPAPHK_02250	SA20160190_KJBEGOPM_00981	35.000	40	22	3	63	100	134	171	2.2	17.7
SA20160170_CHGPAPHK_02250	SA20160190_KJBEGOPM_00980	66.667	9	3	0	73	81	364	372	5.1	16.5
SA20160170_CHGPAPHK_02250	SA20160190_KJBEGOPM_00976	50.000	12	6	0	9	20	308	319	5.6	16.5
SA20160170_CHGPAPHK_02250	SA20160190_KJBEGOPM_00983	33.333	15	10	0	19	33	189	203	9.8	15.8
SA20160170_CHGPAPHK_02251	SA20160190_KJBEGOPM_00960	100.000	323	0	0	1	323	1	323	0.0	642
SA20160170_CHGPAPHK_02251	SA20160190_KJBEGOPM_00959	25.773	97	57	3	26	122	2	83	0.035	24.3
SA20160170_CHGPAPHK_02251	SA20160190_KJBEGOPM_00977	26.667	45	24	2	79	114	114	158	0.13	23.1
SA20160170_CHGPAPHK_02251	SA20160190_KJBEGOPM_00965	39.130	23	14	0	206	228	98	120	0.14	23.1
SA20160170_CHGPAPHK_02251	SA20160190_KJBEGOPM_00976	47.368	19	10	0	48	66	160	178	1.2	20.4
SA20160170_CHGPAPHK_02251	SA20160190_KJBEGOPM_00982	43.750	16	9	0	233	248	295	310	3.5	18.9
SA20160170_CHGPAPHK_02251	SA20160190_KJBEGOPM_00967	22.936	109	65	5	143	244	218	314	4.2	18.5
SA20160170_CHGPAPHK_02251	SA20160190_KJBEGOPM_00961	32.353	34	19	1	166	195	15	48	5.9	17.7
SA20160170_CHGPAPHK_02251	SA20160190_KJBEGOPM_00964	62.500	8	3	0	314	321	47	54	6.1	17.7
SA20160170_CHGPAPHK_02251	SA20160190_KJBEGOPM_00975	43.750	16	9	0	36	51	95	110	9.7	16.9
SA20160170_CHGPAPHK_02252	SA20160190_KJBEGOPM_00961	100.000	187	0	0	1	187	1	187	2.50e-140	380
SA20160170_CHGPAPHK_02252	SA20160190_KJBEGOPM_00979	22.835	127	78	5	30	148	14	128	0.25	21.6
SA20160170_CHGPAPHK_02252	SA20160190_KJBEGOPM_00967	35.484	31	15	1	157	182	127	157	1.1	19.6
SA20160170_CHGPAPHK_02252	SA20160190_KJBEGOPM_00962	46.154	13	7	0	84	96	218	230	1.5	18.9
SA20160170_CHGPAPHK_02252	SA20160190_KJBEGOPM_00960	32.353	34	19	1	15	48	166	195	3.4	17.7
SA20160170_CHGPAPHK_02252	SA20160190_KJBEGOPM_00981	26.087	23	17	0	157	179	98	120	5.0	17.3
SA20160170_CHGPAPHK_02252	SA20160190_KJBEGOPM_00975	33.333	18	12	0	87	104	61	78	5.1	17.3
SA20160170_CHGPAPHK_02253	SA20160190_KJBEGOPM_00962	99.443	359	2	0	1	359	1	359	0.0	744
SA20160170_CHGPAPHK_02253	SA20160190_KJBEGOPM_00979	32.558	43	28	1	42	84	425	466	0.54	21.6
SA20160170_CHGPAPHK_02253	SA20160190_KJBEGOPM_00958	40.909	22	13	0	61	82	213	234	2.3	19.6
SA20160170_CHGPAPHK_02253	SA20160190_KJBEGOPM_00961	46.154	13	7	0	218	230	84	96	3.0	18.9
SA20160170_CHGPAPHK_02253	SA20160190_KJBEGOPM_00959	70.000	10	3	0	247	256	66	75	3.5	18.5
SA20160170_CHGPAPHK_02254	SA20160190_KJBEGOPM_00963	98.765	81	1	0	1	81	1	81	1.87e-57	162
SA20160170_CHGPAPHK_02254	SA20160190_KJBEGOPM_00979	66.667	9	3	0	56	64	272	280	5.3	15.8
SA20160170_CHGPAPHK_02254	SA20160190_KJBEGOPM_00976	37.500	16	10	0	52	67	389	404	5.4	15.8
SA20160170_CHGPAPHK_02255	SA20160190_KJBEGOPM_00964	99.394	165	1	0	1	165	1	165	5.25e-122	332
SA20160170_CHGPAPHK_02255	SA20160190_KJBEGOPM_00960	62.500	8	3	0	47	54	314	321	3.1	17.7
SA20160170_CHGPAPHK_02255	SA20160190_KJBEGOPM_00980	44.444	9	5	0	27	35	305	313	5.8	16.9
SA20160170_CHGPAPHK_02256	SA20160190_KJBEGOPM_00965	99.717	353	1	0	1	353	1	353	0.0	717
SA20160170_CHGPAPHK_02256	SA20160190_KJBEGOPM_00960	39.130	23	14	0	98	120	206	228	0.15	23.1
SA20160170_CHGPAPHK_02256	SA20160190_KJBEGOPM_00974	28.125	32	23	0	275	306	83	114	2.1	19.2
SA20160170_CHGPAPHK_02256	SA20160190_KJBEGOPM_00958	39.286	28	9	1	98	125	194	213	2.3	19.2
SA20160170_CHGPAPHK_02256	SA20160190_KJBEGOPM_00983	38.462	26	14	1	309	334	266	289	2.7	19.2
SA20160170_CHGPAPHK_02256	SA20160190_KJBEGOPM_00967	26.667	45	33	0	18	62	633	677	3.5	18.9
SA20160170_CHGPAPHK_02256	SA20160190_KJBEGOPM_00976	23.750	80	53	4	180	257	231	304	6.7	18.1
SA20160170_CHGPAPHK_02256	SA20160190_KJBEGOPM_00980	50.000	12	6	0	56	67	269	280	9.1	17.7
SA20160170_CHGPAPHK_02257	SA20160190_KJBEGOPM_00966	98.883	179	2	0	1	179	1	179	5.11e-136	368
SA20160170_CHGPAPHK_02257	SA20160190_KJBEGOPM_00978	30.000	30	20	1	108	136	97	126	2.3	18.5
SA20160170_CHGPAPHK_02257	SA20160190_KJBEGOPM_00958	16.949	59	49	0	112	170	20	78	5.0	17.3
SA20160170_CHGPAPHK_02257	SA20160190_KJBEGOPM_00962	45.455	11	6	0	142	152	221	231	7.7	16.5
SA20160170_CHGPAPHK_02257	SA20160190_KJBEGOPM_00960	54.545	11	5	0	55	65	12	22	8.4	16.5
SA20160170_CHGPAPHK_02258	SA20160190_KJBEGOPM_00967	99.772	876	2	0	1	876	1	876	0.0	1800
SA20160170_CHGPAPHK_02258	SA20160190_KJBEGOPM_00976	28.333	60	37	3	232	291	386	439	2.2	21.2
SA20160170_CHGPAPHK_02258	SA20160190_KJBEGOPM_00961	35.484	31	15	1	127	157	157	182	5.4	19.6
SA20160170_CHGPAPHK_02258	SA20160190_KJBEGOPM_00983	25.714	35	26	0	373	407	222	256	6.8	19.2
SA20160170_CHGPAPHK_02258	SA20160190_KJBEGOPM_00965	28.205	39	28	0	639	677	24	62	9.8	18.9
SA20160170_CHGPAPHK_02259	SA20160190_KJBEGOPM_00968	100.000	61	0	0	1	61	1	61	2.53e-42	122
SA20160170_CHGPAPHK_02259	SA20160190_KJBEGOPM_00976	42.857	14	8	0	41	54	422	435	2.4	16.2
SA20160170_CHGPAPHK_02259	SA20160190_KJBEGOPM_00977	35.714	14	9	0	34	47	153	166	3.7	15.8
SA20160170_CHGPAPHK_02265	SA20160190_KJBEGOPM_00974	100.000	188	0	0	1	188	1	188	3.14e-142	384
SA20160170_CHGPAPHK_02265	SA20160190_KJBEGOPM_00965	28.125	32	23	0	83	114	275	306	1.1	19.2
SA20160170_CHGPAPHK_02265	SA20160190_KJBEGOPM_00958	50.000	16	8	0	167	182	47	62	5.9	16.9
SA20160170_CHGPAPHK_02265	SA20160190_KJBEGOPM_00960	70.000	10	3	0	46	55	305	314	6.6	16.9
SA20160170_CHGPAPHK_02266	SA20160190_KJBEGOPM_00975	100.000	141	0	0	1	141	1	141	4.85e-101	276
SA20160170_CHGPAPHK_02266	SA20160190_KJBEGOPM_00979	53.333	15	6	1	78	91	69	83	1.8	18.5
SA20160170_CHGPAPHK_02266	SA20160190_KJBEGOPM_00960	43.750	16	9	0	95	110	36	51	3.8	17.3
SA20160170_CHGPAPHK_02266	SA20160190_KJBEGOPM_00976	41.667	12	7	0	99	110	369	380	3.8	17.3
SA20160170_CHGPAPHK_02266	SA20160190_KJBEGOPM_00961	33.333	18	12	0	61	78	87	104	4.0	16.9
SA20160170_CHGPAPHK_02267	SA20160190_KJBEGOPM_00976	100.000	518	0	0	1	518	1	518	0.0	1076
SA20160170_CHGPAPHK_02267	SA20160190_KJBEGOPM_00979	31.818	44	26	2	25	64	18	61	1.4	20.8
SA20160170_CHGPAPHK_02267	SA20160190_KJBEGOPM_00967	28.333	60	37	3	386	439	232	291	1.4	20.8
SA20160170_CHGPAPHK_02267	SA20160190_KJBEGOPM_00960	47.368	19	10	0	160	178	48	66	1.9	20.4
SA20160170_CHGPAPHK_02267	SA20160190_KJBEGOPM_00977	26.087	69	39	2	415	483	20	76	2.3	20.0
SA20160170_CHGPAPHK_02267	SA20160190_KJBEGOPM_00983	63.636	11	4	0	10	20	265	275	4.2	19.2
SA20160170_CHGPAPHK_02267	SA20160190_KJBEGOPM_00965	23.750	80	53	4	231	304	180	257	9.9	18.1
SA20160170_CHGPAPHK_02268	SA20160190_KJBEGOPM_00977	100.000	171	0	0	1	171	1	171	2.79e-133	360
SA20160170_CHGPAPHK_02268	SA20160190_KJBEGOPM_00960	26.667	45	24	2	114	158	79	114	0.069	23.1
SA20160170_CHGPAPHK_02268	SA20160190_KJBEGOPM_00976	26.087	69	39	2	20	76	415	483	0.75	20.0
SA20160170_CHGPAPHK_02268	SA20160190_KJBEGOPM_00967	75.000	8	2	0	159	166	121	128	4.2	17.7
SA20160170_CHGPAPHK_02268	SA20160190_KJBEGOPM_00978	37.931	29	16	1	97	125	41	67	9.1	16.5
SA20160170_CHGPAPHK_02269	SA20160190_KJBEGOPM_00978	98.684	456	6	0	1	456	1	456	0.0	936
SA20160170_CHGPAPHK_02269	SA20160190_KJBEGOPM_00979	31.034	29	20	0	305	333	284	312	0.56	21.9
SA20160170_CHGPAPHK_02269	SA20160190_KJBEGOPM_00974	23.810	105	64	5	93	196	5	94	4.3	18.9
SA20160170_CHGPAPHK_02269	SA20160190_KJBEGOPM_00980	42.105	19	11	0	144	162	292	310	5.3	18.9
SA20160170_CHGPAPHK_02270	SA20160190_KJBEGOPM_00979	100.000	512	0	0	1	512	1	512	0.0	1033
SA20160170_CHGPAPHK_02270	SA20160190_KJBEGOPM_00982	26.400	125	85	2	15	136	12	132	0.014	26.9
SA20160170_CHGPAPHK_02270	SA20160190_KJBEGOPM_00962	32.877	73	44	3	395	466	16	84	0.23	23.1
SA20160170_CHGPAPHK_02270	SA20160190_KJBEGOPM_00980	36.842	57	20	4	424	465	157	212	0.34	22.7
SA20160170_CHGPAPHK_02270	SA20160190_KJBEGOPM_00961	23.622	127	77	6	14	128	30	148	0.48	21.9
SA20160170_CHGPAPHK_02270	SA20160190_KJBEGOPM_00978	31.034	29	20	0	284	312	305	333	0.66	21.9
SA20160170_CHGPAPHK_02270	SA20160190_KJBEGOPM_00976	32.558	43	25	2	19	61	26	64	1.6	20.8
SA20160170_CHGPAPHK_02270	SA20160190_KJBEGOPM_00981	31.081	74	33	5	378	439	57	124	3.4	19.2
SA20160170_CHGPAPHK_02270	SA20160190_KJBEGOPM_00958	42.857	14	8	0	95	108	224	237	4.5	18.9
SA20160170_CHGPAPHK_02271	SA20160190_KJBEGOPM_00980	99.487	390	2	0	1	390	1	390	0.0	784
SA20160170_CHGPAPHK_02271	SA20160190_KJBEGOPM_00979	43.750	32	8	2	157	187	424	446	0.99	20.8
SA20160170_CHGPAPHK_02271	SA20160190_KJBEGOPM_00978	42.105	19	11	0	292	310	144	162	4.9	18.5
SA20160170_CHGPAPHK_02271	SA20160190_KJBEGOPM_00982	38.462	26	16	0	5	30	124	149	9.5	17.7
SA20160170_CHGPAPHK_02272	SA20160190_KJBEGOPM_00981	100.000	176	0	0	1	176	1	176	4.00e-133	360
SA20160170_CHGPAPHK_02272	SA20160190_KJBEGOPM_00979	31.081	74	33	5	57	124	378	439	1.1	19.2
SA20160170_CHGPAPHK_02272	SA20160190_KJBEGOPM_00983	19.149	47	38	0	91	137	48	94	2.3	18.5
SA20160170_CHGPAPHK_02272	SA20160190_KJBEGOPM_00961	26.087	23	17	0	98	120	157	179	4.7	17.3
SA20160170_CHGPAPHK_02273	SA20160190_KJBEGOPM_00982	99.746	394	1	0	1	394	1	394	0.0	763
SA20160170_CHGPAPHK_02273	SA20160190_KJBEGOPM_00979	22.674	172	125	3	3	169	5	173	0.007	27.7
SA20160170_CHGPAPHK_02273	SA20160190_KJBEGOPM_00960	34.615	26	17	0	285	310	223	248	1.9	20.0
SA20160170_CHGPAPHK_02274	SA20160190_KJBEGOPM_00983	99.396	331	2	0	1	331	1	331	0.0	684
SA20160170_CHGPAPHK_02274	SA20160190_KJBEGOPM_00967	25.714	35	26	0	222	256	373	407	2.6	19.2
SA20160170_CHGPAPHK_02274	SA20160190_KJBEGOPM_00976	63.636	11	4	0	265	275	10	20	2.7	19.2
SA20160170_CHGPAPHK_02274	SA20160190_KJBEGOPM_00965	60.000	10	4	0	266	275	309	318	4.0	18.5
SA20160170_CHGPAPHK_02274	SA20160190_KJBEGOPM_00981	19.149	47	38	0	48	94	91	137	4.4	18.5
SA20160170_CHGPAPHK_02274	SA20160190_KJBEGOPM_00978	41.176	17	10	0	116	132	368	384	9.5	17.3
SA20160190_KJBEGOPM_00958	SA20160190_KJBEGOPM_00958	100.000	259	0	0	1	259	1	259	0.0	524
SA20160190_KJBEGOPM_00958	SA20160190_KJBEGOPM_00962	40.909	22	13	0	213	234	61	82	1.6	19.6
SA20160190_KJBEGOPM_00958	SA20160190_KJBEGOPM_00965	39.286	28	9	1	194	213	98	125	1.7	19.2
SA20160190_KJBEGOPM_00958	SA20160190_KJBEGOPM_00979	42.857	14	8	0	224	237	95	108	2.4	18.9
SA20160190_KJBEGOPM_00958	SA20160190_KJBEGOPM_00974	50.000	16	8	0	47	62	167	182	8.2	16.9
SA20160190_KJBEGOPM_00958	SA20160190_KJBEGOPM_00966	16.949	59	49	0	20	78	112	170	9.4	16.9
SA20160190_KJBEGOPM_00959	SA20160190_KJBEGOPM_00959	100.000	120	0	0	1	120	1	120	3.76e-89	245
SA20160190_KJBEGOPM_00959	SA20160190_KJBEGOPM_00960	25.773	97	57	3	2	83	26	122	0.013	24.3
SA20160190_KJBEGOPM_00959	SA20160190_KJBEGOPM_00962	70.000	10	3	0	66	75	247	256	1.2	18.5
SA20160190_KJBEGOPM_00959	SA20160190_KJBEGOPM_00980	66.667	9	3	0	73	81	364	372	5.1	16.5
SA20160190_KJBEGOPM_00959	SA20160190_KJBEGOPM_00976	50.000	12	6	0	9	20	308	319	5.6	16.5
SA20160190_KJBEGOPM_00959	SA20160190_KJBEGOPM_00981	41.667	12	7	0	86	97	12	23	7.8	15.8
SA20160190_KJBEGOPM_00959	SA20160190_KJBEGOPM_00983	33.333	15	10	0	19	33	189	203	9.8	15.8
SA20160190_KJBEGOPM_00960	SA20160190_KJBEGOPM_00960	100.000	323	0	0	1	323	1	323	0.0	642
SA20160190_KJBEGOPM_00960	SA20160190_KJBEGOPM_00959	25.773	97	57	3	26	122	2	83	0.035	24.3
SA20160190_KJBEGOPM_00960	SA20160190_KJBEGOPM_00977	26.667	45	24	2	79	114	114	158	0.13	23.1
SA20160190_KJBEGOPM_00960	SA20160190_KJBEGOPM_00965	39.130	23	14	0	206	228	98	120	0.14	23.1
SA20160190_KJBEGOPM_00960	SA20160190_KJBEGOPM_00976	47.368	19	10	0	48	66	160	178	1.2	20.4
SA20160190_KJBEGOPM_00960	SA20160190_KJBEGOPM_00982	43.750	16	9	0	233	248	295	310	3.5	18.9
SA20160190_KJBEGOPM_00960	SA20160190_KJBEGOPM_00967	22.936	109	65	5	143	244	218	314	4.2	18.5
SA20160190_KJBEGOPM_00960	SA20160190_KJBEGOPM_00961	32.353	34	19	1	166	195	15	48	5.9	17.7
SA20160190_KJBEGOPM_00960	SA20160190_KJBEGOPM_00964	62.500	8	3	0	314	321	47	54	6.1	17.7
SA20160190_KJBEGOPM_00960	SA20160190_KJBEGOPM_00975	43.750	16	9	0	36	51	95	110	9.7	16.9
SA20160190_KJBEGOPM_00961	SA20160190_KJBEGOPM_00961	100.000	187	0	0	1	187	1	187	2.50e-140	380
SA20160190_KJBEGOPM_00961	SA20160190_KJBEGOPM_00979	22.835	127	78	5	30	148	14	128	0.25	21.6
SA20160190_KJBEGOPM_00961	SA20160190_KJBEGOPM_00967	35.484	31	15	1	157	182	127	157	1.1	19.6
SA20160190_KJBEGOPM_00961	SA20160190_KJBEGOPM_00962	46.154	13	7	0	84	96	218	230	1.5	18.9
SA20160190_KJBEGOPM_00961	SA20160190_KJBEGOPM_00960	32.353	34	19	1	15	48	166	195	3.4	17.7
SA20160190_KJBEGOPM_00961	SA20160190_KJBEGOPM_00981	26.087	23	17	0	157	179	98	120	5.0	17.3
SA20160190_KJBEGOPM_00961	SA20160190_KJBEGOPM_00975	33.333	18	12	0	87	104	61	78	5.1	17.3
SA20160190_KJBEGOPM_00962	SA20160190_KJBEGOPM_00962	100.000	359	0	0	1	359	1	359	0.0	747
SA20160190_KJBEGOPM_00962	SA20160190_KJBEGOPM_00979	34.848	66	38	3	16	77	395	459	0.16	23.1
SA20160190_KJBEGOPM_00962	SA20160190_KJBEGOPM_00958	40.909	22	13	0	61	82	213	234	2.2	19.6
SA20160190_KJBEGOPM_00962	SA20160190_KJBEGOPM_00961	46.154	13	7	0	218	230	84	96	2.9	18.9
SA20160190_KJBEGOPM_00962	SA20160190_KJBEGOPM_00959	70.000	10	3	0	247	256	66	75	3.5	18.5
SA20160190_KJBEGOPM_00963	SA20160190_KJBEGOPM_00963	100.000	81	0	0	1	81	1	81	5.23e-58	163
SA20160190_KJBEGOPM_00963	SA20160190_KJBEGOPM_00979	66.667	9	3	0	56	64	272	280	5.1	15.8
SA20160190_KJBEGOPM_00963	SA20160190_KJBEGOPM_00976	37.500	16	10	0	52	67	389	404	5.4	15.8
SA20160190_KJBEGOPM_00964	SA20160190_KJBEGOPM_00964	100.000	165	0	0	1	165	1	165	9.57e-123	333
SA20160190_KJBEGOPM_00964	SA20160190_KJBEGOPM_00960	62.500	8	3	0	47	54	314	321	3.1	17.7
SA20160190_KJBEGOPM_00964	SA20160190_KJBEGOPM_00980	44.444	9	5	0	27	35	305	313	6.0	16.9
SA20160190_KJBEGOPM_00965	SA20160190_KJBEGOPM_00965	100.000	353	0	0	1	353	1	353	0.0	719
SA20160190_KJBEGOPM_00965	SA20160190_KJBEGOPM_00960	39.130	23	14	0	98	120	206	228	0.15	23.1
SA20160190_KJBEGOPM_00965	SA20160190_KJBEGOPM_00974	28.125	32	23	0	275	306	83	114	2.2	19.2
SA20160190_KJBEGOPM_00965	SA20160190_KJBEGOPM_00958	39.286	28	9	1	98	125	194	213	2.3	19.2
SA20160190_KJBEGOPM_00965	SA20160190_KJBEGOPM_00967	26.667	45	33	0	18	62	633	677	3.4	18.9
SA20160190_KJBEGOPM_00965	SA20160190_KJBEGOPM_00983	60.000	10	4	0	309	318	266	275	4.2	18.5
SA20160190_KJBEGOPM_00965	SA20160190_KJBEGOPM_00976	23.750	80	53	4	180	257	231	304	6.8	18.1
SA20160190_KJBEGOPM_00965	SA20160190_KJBEGOPM_00980	50.000	12	6	0	56	67	269	280	9.3	17.7
SA20160190_KJBEGOPM_00966	SA20160190_KJBEGOPM_00966	100.000	179	0	0	1	179	1	179	9.83e-138	372
SA20160190_KJBEGOPM_00966	SA20160190_KJBEGOPM_00978	30.000	30	20	1	108	136	97	126	2.4	18.5
SA20160190_KJBEGOPM_00966	SA20160190_KJBEGOPM_00958	16.949	59	49	0	112	170	20	78	6.5	16.9
SA20160190_KJBEGOPM_00966	SA20160190_KJBEGOPM_00962	45.455	11	6	0	142	152	221	231	7.7	16.5
SA20160190_KJBEGOPM_00966	SA20160190_KJBEGOPM_00960	54.545	11	5	0	55	65	12	22	8.2	16.5
SA20160190_KJBEGOPM_00966	SA20160190_KJBEGOPM_00967	30.769	65	32	5	17	73	301	360	8.4	16.5
SA20160190_KJBEGOPM_00967	SA20160190_KJBEGOPM_00967	100.000	876	0	0	1	876	1	876	0.0	1803
SA20160190_KJBEGOPM_00967	SA20160190_KJBEGOPM_00976	28.333	60	37	3	232	291	386	439	2.2	21.2
SA20160190_KJBEGOPM_00967	SA20160190_KJBEGOPM_00961	35.484	31	15	1	127	157	157	182	5.4	19.6
SA20160190_KJBEGOPM_00967	SA20160190_KJBEGOPM_00983	25.714	35	26	0	373	407	222	256	6.9	19.2
SA20160190_KJBEGOPM_00967	SA20160190_KJBEGOPM_00965	26.667	45	33	0	633	677	18	62	8.5	18.9
SA20160190_KJBEGOPM_00968	SA20160190_KJBEGOPM_00968	100.000	61	0	0	1	61	1	61	2.53e-42	122
SA20160190_KJBEGOPM_00968	SA20160190_KJBEGOPM_00976	42.857	14	8	0	41	54	422	435	2.4	16.2
SA20160190_KJBEGOPM_00968	SA20160190_KJBEGOPM_00977	35.714	14	9	0	34	47	153	166	3.7	15.8
SA20160190_KJBEGOPM_00974	SA20160190_KJBEGOPM_00974	100.000	188	0	0	1	188	1	188	3.14e-142	384
SA20160190_KJBEGOPM_00974	SA20160190_KJBEGOPM_00965	28.125	32	23	0	83	114	275	306	1.1	19.2
SA20160190_KJBEGOPM_00974	SA20160190_KJBEGOPM_00958	50.000	16	8	0	167	182	47	62	5.9	16.9
SA20160190_KJBEGOPM_00974	SA20160190_KJBEGOPM_00960	70.000	10	3	0	46	55	305	314	6.6	16.9
SA20160190_KJBEGOPM_00975	SA20160190_KJBEGOPM_00975	100.000	141	0	0	1	141	1	141	4.85e-101	276
SA20160190_KJBEGOPM_00975	SA20160190_KJBEGOPM_00960	43.750	16	9	0	95	110	36	51	3.8	17.3
SA20160190_KJBEGOPM_00975	SA20160190_KJBEGOPM_00976	41.667	12	7	0	99	110	369	380	3.8	17.3
SA20160190_KJBEGOPM_00975	SA20160190_KJBEGOPM_00961	33.333	18	12	0	61	78	87	104	4.0	16.9
SA20160190_KJBEGOPM_00976	SA20160190_KJBEGOPM_00976	100.000	518	0	0	1	518	1	518	0.0	1076
SA20160190_KJBEGOPM_00976	SA20160190_KJBEGOPM_00967	28.333	60	37	3	386	439	232	291	1.4	20.8
SA20160190_KJBEGOPM_00976	SA20160190_KJBEGOPM_00960	47.368	19	10	0	160	178	48	66	1.9	20.4
SA20160190_KJBEGOPM_00976	SA20160190_KJBEGOPM_00977	26.087	69	39	2	415	483	20	76	2.3	20.0
SA20160190_KJBEGOPM_00976	SA20160190_KJBEGOPM_00983	63.636	11	4	0	10	20	265	275	4.2	19.2
SA20160190_KJBEGOPM_00977	SA20160190_KJBEGOPM_00977	100.000	171	0	0	1	171	1	171	2.79e-133	360
SA20160190_KJBEGOPM_00977	SA20160190_KJBEGOPM_00960	26.667	45	24	2	114	158	79	114	0.069	23.1
SA20160190_KJBEGOPM_00977	SA20160190_KJBEGOPM_00976	26.087	69	39	2	20	76	415	483	0.75	20.0
SA20160190_KJBEGOPM_00977	SA20160190_KJBEGOPM_00967	75.000	8	2	0	159	166	121	128	4.2	17.7
SA20160190_KJBEGOPM_00978	SA20160190_KJBEGOPM_00978	100.000	456	0	0	1	456	1	456	0.0	947
SA20160190_KJBEGOPM_00978	SA20160190_KJBEGOPM_00979	31.034	29	20	0	305	333	284	312	0.54	21.9
SA20160190_KJBEGOPM_00978	SA20160190_KJBEGOPM_00980	42.105	19	11	0	144	162	292	310	5.3	18.9
SA20160190_KJBEGOPM_00978	SA20160190_KJBEGOPM_00966	30.000	30	20	1	97	126	108	136	6.1	18.5
SA20160190_KJBEGOPM_00979	SA20160190_KJBEGOPM_00979	100.000	512	0	0	1	512	1	512	0.0	1033
SA20160190_KJBEGOPM_00979	SA20160190_KJBEGOPM_00982	26.400	125	85	2	15	136	12	132	0.014	26.9
SA20160190_KJBEGOPM_00979	SA20160190_KJBEGOPM_00962	32.877	73	44	3	395	466	16	84	0.23	23.1
SA20160190_KJBEGOPM_00979	SA20160190_KJBEGOPM_00980	36.842	57	20	4	424	465	157	212	0.34	22.7
SA20160190_KJBEGOPM_00979	SA20160190_KJBEGOPM_00961	23.622	127	77	6	14	128	30	148	0.48	21.9
SA20160190_KJBEGOPM_00979	SA20160190_KJBEGOPM_00978	31.034	29	20	0	284	312	305	333	0.66	21.9
SA20160190_KJBEGOPM_00979	SA20160190_KJBEGOPM_00981	31.081	74	33	5	378	439	57	124	3.4	19.2
SA20160190_KJBEGOPM_00979	SA20160190_KJBEGOPM_00958	42.857	14	8	0	95	108	224	237	4.5	18.9
SA20160190_KJBEGOPM_00980	SA20160190_KJBEGOPM_00980	100.000	390	0	0	1	390	1	390	0.0	788
SA20160190_KJBEGOPM_00980	SA20160190_KJBEGOPM_00979	36.842	57	20	4	157	212	424	465	0.29	22.7
SA20160190_KJBEGOPM_00980	SA20160190_KJBEGOPM_00978	42.105	19	11	0	292	310	144	162	4.8	18.5
SA20160190_KJBEGOPM_00980	SA20160190_KJBEGOPM_00982	38.462	26	16	0	5	30	124	149	9.7	17.7
SA20160190_KJBEGOPM_00981	SA20160190_KJBEGOPM_00981	100.000	176	0	0	1	176	1	176	4.00e-133	360
SA20160190_KJBEGOPM_00981	SA20160190_KJBEGOPM_00979	31.081	74	33	5	57	124	378	439	1.1	19.2
SA20160190_KJBEGOPM_00981	SA20160190_KJBEGOPM_00983	19.149	47	38	0	91	137	48	94	2.3	18.5
SA20160190_KJBEGOPM_00981	SA20160190_KJBEGOPM_00961	26.087	23	17	0	98	120	157	179	4.7	17.3
SA20160190_KJBEGOPM_00982	SA20160190_KJBEGOPM_00982	100.000	394	0	0	1	394	1	394	0.0	766
SA20160190_KJBEGOPM_00982	SA20160190_KJBEGOPM_00979	22.222	162	119	2	12	169	15	173	0.014	26.9
SA20160190_KJBEGOPM_00982	SA20160190_KJBEGOPM_00960	34.615	26	17	0	285	310	223	248	1.9	20.0
SA20160190_KJBEGOPM_00983	SA20160190_KJBEGOPM_00983	100.000	331	0	0	1	331	1	331	0.0	687
SA20160190_KJBEGOPM_00983	SA20160190_KJBEGOPM_00967	25.714	35	26	0	222	256	373	407	2.6	19.2
SA20160190_KJBEGOPM_00983	SA20160190_KJBEGOPM_00976	63.636	11	4	0	265	275	10	20	2.7	19.2
SA20160190_KJBEGOPM_00983	SA20160190_KJBEGOPM_00965	60.000	10	4	0	266	275	309	318	3.9	18.5
SA20160190_KJBEGOPM_00983	SA20160190_KJBEGOPM_00981	19.149	47	38	0	48	94	91	137	4.4	18.5
SA20160190_KJBEGOPM_00983	SA20160190_KJBEGOPM_00978	41.176	17	10	0	116	132	368	384	9.8	17.3
SA20160170_CHGPAPHK_02249	SA20160170_CHGPAPHK_02249	100.000	259	0	0	1	259	1	259	0.0	524
SA20160170_CHGPAPHK_02249	SA20160170_CHGPAPHK_02253	40.909	22	13	0	213	234	61	82	1.6	19.6
SA20160170_CHGPAPHK_02249	SA20160170_CHGPAPHK_02256	39.286	28	9	1	194	213	98	125	1.7	19.2
SA20160170_CHGPAPHK_02249	SA20160170_CHGPAPHK_02270	42.857	14	8	0	224	237	95	108	2.4	18.9
SA20160170_CHGPAPHK_02249	SA20160170_CHGPAPHK_02257	16.949	59	49	0	20	78	112	170	7.3	17.3
SA20160170_CHGPAPHK_02249	SA20160170_CHGPAPHK_02265	50.000	16	8	0	47	62	167	182	8.2	16.9
SA20160170_CHGPAPHK_02250	SA20160170_CHGPAPHK_02250	100.000	120	0	0	1	120	1	120	3.76e-89	245
SA20160170_CHGPAPHK_02250	SA20160170_CHGPAPHK_02251	25.773	97	57	3	2	83	26	122	0.013	24.3
SA20160170_CHGPAPHK_02250	SA20160170_CHGPAPHK_02253	70.000	10	3	0	66	75	247	256	1.2	18.5
SA20160170_CHGPAPHK_02250	SA20160170_CHGPAPHK_02271	66.667	9	3	0	73	81	364	372	5.1	16.5
SA20160170_CHGPAPHK_02250	SA20160170_CHGPAPHK_02267	50.000	12	6	0	9	20	308	319	5.6	16.5
SA20160170_CHGPAPHK_02250	SA20160170_CHGPAPHK_02272	41.667	12	7	0	86	97	12	23	7.8	15.8
SA20160170_CHGPAPHK_02250	SA20160170_CHGPAPHK_02274	33.333	15	10	0	19	33	189	203	9.8	15.8
SA20160170_CHGPAPHK_02251	SA20160170_CHGPAPHK_02251	100.000	323	0	0	1	323	1	323	0.0	642
SA20160170_CHGPAPHK_02251	SA20160170_CHGPAPHK_02250	25.773	97	57	3	26	122	2	83	0.035	24.3
SA20160170_CHGPAPHK_02251	SA20160170_CHGPAPHK_02268	26.667	45	24	2	79	114	114	158	0.13	23.1
SA20160170_CHGPAPHK_02251	SA20160170_CHGPAPHK_02256	39.130	23	14	0	206	228	98	120	0.14	23.1
SA20160170_CHGPAPHK_02251	SA20160170_CHGPAPHK_02267	47.368	19	10	0	48	66	160	178	1.2	20.4
SA20160170_CHGPAPHK_02251	SA20160170_CHGPAPHK_02273	43.750	16	9	0	233	248	295	310	3.5	18.9
SA20160170_CHGPAPHK_02251	SA20160170_CHGPAPHK_02258	22.936	109	65	5	143	244	218	314	4.1	18.5
SA20160170_CHGPAPHK_02251	SA20160170_CHGPAPHK_02252	32.353	34	19	1	166	195	15	48	5.9	17.7
SA20160170_CHGPAPHK_02251	SA20160170_CHGPAPHK_02255	62.500	8	3	0	314	321	47	54	6.1	17.7
SA20160170_CHGPAPHK_02251	SA20160170_CHGPAPHK_02266	43.750	16	9	0	36	51	95	110	9.7	16.9
SA20160170_CHGPAPHK_02252	SA20160170_CHGPAPHK_02252	100.000	187	0	0	1	187	1	187	2.50e-140	380
SA20160170_CHGPAPHK_02252	SA20160170_CHGPAPHK_02270	22.835	127	78	5	30	148	14	128	0.25	21.6
SA20160170_CHGPAPHK_02252	SA20160170_CHGPAPHK_02258	35.484	31	15	1	157	182	127	157	1.1	19.6
SA20160170_CHGPAPHK_02252	SA20160170_CHGPAPHK_02253	46.154	13	7	0	84	96	218	230	1.5	18.9
SA20160170_CHGPAPHK_02252	SA20160170_CHGPAPHK_02251	32.353	34	19	1	15	48	166	195	3.4	17.7
SA20160170_CHGPAPHK_02252	SA20160170_CHGPAPHK_02272	26.087	23	17	0	157	179	98	120	5.0	17.3
SA20160170_CHGPAPHK_02252	SA20160170_CHGPAPHK_02266	33.333	18	12	0	87	104	61	78	5.1	17.3
SA20160170_CHGPAPHK_02253	SA20160170_CHGPAPHK_02253	100.000	359	0	0	1	359	1	359	0.0	748
SA20160170_CHGPAPHK_02253	SA20160170_CHGPAPHK_02270	32.558	43	28	1	42	84	425	466	0.54	21.6
SA20160170_CHGPAPHK_02253	SA20160170_CHGPAPHK_02249	40.909	22	13	0	61	82	213	234	2.3	19.6
SA20160170_CHGPAPHK_02253	SA20160170_CHGPAPHK_02252	46.154	13	7	0	218	230	84	96	3.0	18.9
SA20160170_CHGPAPHK_02253	SA20160170_CHGPAPHK_02250	70.000	10	3	0	247	256	66	75	3.5	18.5
SA20160170_CHGPAPHK_02254	SA20160170_CHGPAPHK_02254	100.000	81	0	0	1	81	1	81	4.95e-58	163
SA20160170_CHGPAPHK_02254	SA20160170_CHGPAPHK_02270	66.667	9	3	0	56	64	272	280	5.3	15.8
SA20160170_CHGPAPHK_02254	SA20160170_CHGPAPHK_02267	37.500	16	10	0	52	67	389	404	5.4	15.8
SA20160170_CHGPAPHK_02255	SA20160170_CHGPAPHK_02255	100.000	165	0	0	1	165	1	165	1.27e-122	333
SA20160170_CHGPAPHK_02255	SA20160170_CHGPAPHK_02251	62.500	8	3	0	47	54	314	321	3.1	17.7
SA20160170_CHGPAPHK_02255	SA20160170_CHGPAPHK_02271	44.444	9	5	0	27	35	305	313	5.8	16.9
SA20160170_CHGPAPHK_02256	SA20160170_CHGPAPHK_02256	100.000	353	0	0	1	353	1	353	0.0	718
SA20160170_CHGPAPHK_02256	SA20160170_CHGPAPHK_02251	39.130	23	14	0	98	120	206	228	0.15	23.1
SA20160170_CHGPAPHK_02256	SA20160170_CHGPAPHK_02265	28.125	32	23	0	275	306	83	114	2.1	19.2
SA20160170_CHGPAPHK_02256	SA20160170_CHGPAPHK_02249	39.286	28	9	1	98	125	194	213	2.3	19.2
SA20160170_CHGPAPHK_02256	SA20160170_CHGPAPHK_02274	38.462	26	14	1	309	334	266	289	2.7	19.2
SA20160170_CHGPAPHK_02256	SA20160170_CHGPAPHK_02258	28.205	39	28	0	24	62	639	677	3.8	18.9
SA20160170_CHGPAPHK_02256	SA20160170_CHGPAPHK_02267	23.750	80	53	4	180	257	231	304	6.7	18.1
SA20160170_CHGPAPHK_02256	SA20160170_CHGPAPHK_02271	50.000	12	6	0	56	67	269	280	9.2	17.7
SA20160170_CHGPAPHK_02257	SA20160170_CHGPAPHK_02257	100.000	179	0	0	1	179	1	179	3.54e-138	374
SA20160170_CHGPAPHK_02257	SA20160170_CHGPAPHK_02249	16.949	59	49	0	112	170	20	78	5.0	17.3
SA20160170_CHGPAPHK_02257	SA20160170_CHGPAPHK_02253	45.455	11	6	0	142	152	221	231	8.1	16.5
SA20160170_CHGPAPHK_02257	SA20160170_CHGPAPHK_02251	54.545	11	5	0	55	65	12	22	8.4	16.5
SA20160170_CHGPAPHK_02258	SA20160170_CHGPAPHK_02258	100.000	876	0	0	1	876	1	876	0.0	1803
SA20160170_CHGPAPHK_02258	SA20160170_CHGPAPHK_02267	28.333	60	37	3	232	291	386	439	2.2	21.2
SA20160170_CHGPAPHK_02258	SA20160170_CHGPAPHK_02252	35.484	31	15	1	127	157	157	182	5.4	19.6
SA20160170_CHGPAPHK_02258	SA20160170_CHGPAPHK_02274	25.714	35	26	0	373	407	222	256	7.1	19.2
SA20160170_CHGPAPHK_02258	SA20160170_CHGPAPHK_02256	28.205	39	28	0	639	677	24	62	9.7	18.9
SA20160170_CHGPAPHK_02259	SA20160170_CHGPAPHK_02259	100.000	61	0	0	1	61	1	61	2.53e-42	122
SA20160170_CHGPAPHK_02259	SA20160170_CHGPAPHK_02267	42.857	14	8	0	41	54	422	435	2.4	16.2
SA20160170_CHGPAPHK_02259	SA20160170_CHGPAPHK_02268	35.714	14	9	0	34	47	153	166	3.7	15.8
SA20160170_CHGPAPHK_02259	SA20160170_CHGPAPHK_02258	28.000	25	18	0	12	36	542	566	9.7	14.6
SA20160170_CHGPAPHK_02265	SA20160170_CHGPAPHK_02265	100.000	188	0	0	1	188	1	188	3.14e-142	384
SA20160170_CHGPAPHK_02265	SA20160170_CHGPAPHK_02256	28.125	32	23	0	83	114	275	306	1.1	19.2
SA20160170_CHGPAPHK_02265	SA20160170_CHGPAPHK_02269	23.810	105	64	5	5	94	93	196	1.8	18.9
SA20160170_CHGPAPHK_02265	SA20160170_CHGPAPHK_02249	50.000	16	8	0	167	182	47	62	5.9	16.9
SA20160170_CHGPAPHK_02265	SA20160170_CHGPAPHK_02251	70.000	10	3	0	46	55	305	314	6.6	16.9
SA20160170_CHGPAPHK_02266	SA20160170_CHGPAPHK_02266	100.000	141	0	0	1	141	1	141	4.85e-101	276
SA20160170_CHGPAPHK_02266	SA20160170_CHGPAPHK_02251	43.750	16	9	0	95	110	36	51	3.8	17.3
SA20160170_CHGPAPHK_02266	SA20160170_CHGPAPHK_02267	41.667	12	7	0	99	110	369	380	3.8	17.3
SA20160170_CHGPAPHK_02266	SA20160170_CHGPAPHK_02252	33.333	18	12	0	61	78	87	104	4.0	16.9
SA20160170_CHGPAPHK_02267	SA20160170_CHGPAPHK_02267	100.000	518	0	0	1	518	1	518	0.0	1076
SA20160170_CHGPAPHK_02267	SA20160170_CHGPAPHK_02258	28.333	60	37	3	386	439	232	291	1.5	20.8
SA20160170_CHGPAPHK_02267	SA20160170_CHGPAPHK_02251	47.368	19	10	0	160	178	48	66	1.9	20.4
SA20160170_CHGPAPHK_02267	SA20160170_CHGPAPHK_02268	26.087	69	39	2	415	483	20	76	2.3	20.0
SA20160170_CHGPAPHK_02267	SA20160170_CHGPAPHK_02274	63.636	11	4	0	10	20	265	275	4.3	19.2
SA20160170_CHGPAPHK_02268	SA20160170_CHGPAPHK_02268	100.000	171	0	0	1	171	1	171	2.79e-133	360
SA20160170_CHGPAPHK_02268	SA20160170_CHGPAPHK_02251	26.667	45	24	2	114	158	79	114	0.069	23.1
SA20160170_CHGPAPHK_02268	SA20160170_CHGPAPHK_02267	26.087	69	39	2	20	76	415	483	0.75	20.0
SA20160170_CHGPAPHK_02268	SA20160170_CHGPAPHK_02258	75.000	8	2	0	159	166	121	128	4.2	17.7
SA20160170_CHGPAPHK_02269	SA20160170_CHGPAPHK_02269	100.000	456	0	0	1	456	1	456	0.0	947
SA20160170_CHGPAPHK_02269	SA20160170_CHGPAPHK_02270	31.034	29	20	0	305	333	284	312	0.56	21.9
SA20160170_CHGPAPHK_02269	SA20160170_CHGPAPHK_02265	23.810	105	64	5	93	196	5	94	4.3	18.9
SA20160170_CHGPAPHK_02269	SA20160170_CHGPAPHK_02271	42.105	19	11	0	144	162	292	310	5.4	18.9
SA20160170_CHGPAPHK_02270	SA20160170_CHGPAPHK_02270	100.000	512	0	0	1	512	1	512	0.0	1033
SA20160170_CHGPAPHK_02270	SA20160170_CHGPAPHK_02273	26.667	135	91	3	5	136	3	132	0.007	28.1
SA20160170_CHGPAPHK_02270	SA20160170_CHGPAPHK_02252	23.622	127	77	6	14	128	30	148	0.48	21.9
SA20160170_CHGPAPHK_02270	SA20160170_CHGPAPHK_02269	31.034	29	20	0	284	312	305	333	0.67	21.9
SA20160170_CHGPAPHK_02270	SA20160170_CHGPAPHK_02253	32.558	43	28	1	425	466	42	84	0.67	21.9
SA20160170_CHGPAPHK_02270	SA20160170_CHGPAPHK_02271	43.750	32	8	2	424	446	157	187	1.3	20.8
SA20160170_CHGPAPHK_02270	SA20160170_CHGPAPHK_02272	31.081	74	33	5	378	439	57	124	3.4	19.2
SA20160170_CHGPAPHK_02270	SA20160170_CHGPAPHK_02249	42.857	14	8	0	95	108	224	237	4.5	18.9
SA20160170_CHGPAPHK_02271	SA20160170_CHGPAPHK_02271	100.000	390	0	0	1	390	1	390	0.0	787
SA20160170_CHGPAPHK_02271	SA20160170_CHGPAPHK_02270	43.750	32	8	2	157	187	424	446	0.99	20.8
SA20160170_CHGPAPHK_02271	SA20160170_CHGPAPHK_02269	42.105	19	11	0	292	310	144	162	4.7	18.9
SA20160170_CHGPAPHK_02271	SA20160170_CHGPAPHK_02273	38.462	26	16	0	5	30	124	149	9.0	17.7
SA20160170_CHGPAPHK_02272	SA20160170_CHGPAPHK_02272	100.000	176	0	0	1	176	1	176	4.00e-133	360
SA20160170_CHGPAPHK_02272	SA20160170_CHGPAPHK_02270	31.081	74	33	5	57	124	378	439	1.1	19.2
SA20160170_CHGPAPHK_02272	SA20160170_CHGPAPHK_02274	19.149	47	38	0	91	137	48	94	2.4	18.5
SA20160170_CHGPAPHK_02272	SA20160170_CHGPAPHK_02252	26.087	23	17	0	98	120	157	179	4.7	17.3
SA20160170_CHGPAPHK_02273	SA20160170_CHGPAPHK_02273	100.000	394	0	0	1	394	1	394	0.0	765
SA20160170_CHGPAPHK_02273	SA20160170_CHGPAPHK_02270	22.674	172	125	3	3	169	5	173	0.007	27.7
SA20160170_CHGPAPHK_02273	SA20160170_CHGPAPHK_02251	34.615	26	17	0	285	310	223	248	1.9	20.0
SA20160170_CHGPAPHK_02274	SA20160170_CHGPAPHK_02274	100.000	331	0	0	1	331	1	331	0.0	688
SA20160170_CHGPAPHK_02274	SA20160170_CHGPAPHK_02256	38.462	26	14	1	266	289	309	334	2.5	19.2
SA20160170_CHGPAPHK_02274	SA20160170_CHGPAPHK_02258	25.714	35	26	0	222	256	373	407	2.7	19.2
SA20160170_CHGPAPHK_02274	SA20160170_CHGPAPHK_02267	63.636	11	4	0	265	275	10	20	2.7	19.2
SA20160170_CHGPAPHK_02274	SA20160170_CHGPAPHK_02272	19.149	47	38	0	48	94	91	137	4.4	18.5
SA20160170_CHGPAPHK_02274	SA20160170_CHGPAPHK_02269	41.176	17	10	0	116	132	368	384	9.5	17.3
