SA20160228_MPFEEIDI_01285	SA20153983_GBAKOBEN_01060	100.000	259	0	0	1	259	1	259	0.0	524
SA20160228_MPFEEIDI_01285	SA20153983_GBAKOBEN_01035	34.426	61	34	3	156	212	8	66	0.046	24.3
SA20160228_MPFEEIDI_01285	SA20153983_GBAKOBEN_01053	39.286	28	9	1	194	213	98	125	1.7	19.2
SA20160228_MPFEEIDI_01285	SA20153983_GBAKOBEN_01056	40.909	22	13	0	213	234	61	82	2.0	19.2
SA20160228_MPFEEIDI_01285	SA20153983_GBAKOBEN_01039	42.857	14	8	0	224	237	95	108	2.4	18.9
SA20160228_MPFEEIDI_01285	SA20153983_GBAKOBEN_01044	50.000	16	8	0	47	62	167	182	7.9	17.3
SA20160228_MPFEEIDI_01285	SA20153983_GBAKOBEN_01052	16.949	59	49	0	20	78	112	170	9.4	16.9
SA20160228_MPFEEIDI_01286	SA20153983_GBAKOBEN_01059	100.000	120	0	0	1	120	1	120	3.76e-89	245
SA20160228_MPFEEIDI_01286	SA20153983_GBAKOBEN_01058	25.773	97	57	3	2	83	26	122	0.013	24.3
SA20160228_MPFEEIDI_01286	SA20153983_GBAKOBEN_01056	70.000	10	3	0	66	75	247	256	1.2	18.5
SA20160228_MPFEEIDI_01286	SA20153983_GBAKOBEN_01037	35.000	40	22	3	63	100	134	171	2.2	17.7
SA20160228_MPFEEIDI_01286	SA20153983_GBAKOBEN_01038	66.667	9	3	0	73	81	364	372	5.1	16.5
SA20160228_MPFEEIDI_01286	SA20153983_GBAKOBEN_01042	50.000	12	6	0	9	20	308	319	5.6	16.5
SA20160228_MPFEEIDI_01286	SA20153983_GBAKOBEN_01035	33.333	15	10	0	19	33	189	203	9.8	15.8
SA20160228_MPFEEIDI_01287	SA20153983_GBAKOBEN_01058	100.000	323	0	0	1	323	1	323	0.0	642
SA20160228_MPFEEIDI_01287	SA20153983_GBAKOBEN_01059	25.773	97	57	3	26	122	2	83	0.035	24.3
SA20160228_MPFEEIDI_01287	SA20153983_GBAKOBEN_01041	26.667	45	24	2	79	114	114	158	0.13	23.1
SA20160228_MPFEEIDI_01287	SA20153983_GBAKOBEN_01053	39.130	23	14	0	206	228	98	120	0.14	23.1
SA20160228_MPFEEIDI_01287	SA20153983_GBAKOBEN_01042	47.368	19	10	0	48	66	160	178	1.2	20.4
SA20160228_MPFEEIDI_01287	SA20153983_GBAKOBEN_01036	43.750	16	9	0	233	248	295	310	3.5	18.9
SA20160228_MPFEEIDI_01287	SA20153983_GBAKOBEN_01057	32.353	34	19	1	166	195	15	48	5.9	17.7
SA20160228_MPFEEIDI_01287	SA20153983_GBAKOBEN_01054	62.500	8	3	0	314	321	47	54	6.1	17.7
SA20160228_MPFEEIDI_01287	SA20153983_GBAKOBEN_01051	24.444	90	56	4	155	244	237	314	9.6	17.3
SA20160228_MPFEEIDI_01287	SA20153983_GBAKOBEN_01043	43.750	16	9	0	36	51	95	110	9.7	16.9
SA20160228_MPFEEIDI_01288	SA20153983_GBAKOBEN_01057	100.000	187	0	0	1	187	1	187	2.50e-140	380
SA20160228_MPFEEIDI_01288	SA20153983_GBAKOBEN_01039	22.835	127	78	5	30	148	14	128	0.24	21.6
SA20160228_MPFEEIDI_01288	SA20153983_GBAKOBEN_01051	35.484	31	15	1	157	182	127	157	1.1	19.6
SA20160228_MPFEEIDI_01288	SA20153983_GBAKOBEN_01056	46.154	13	7	0	84	96	218	230	1.5	18.9
SA20160228_MPFEEIDI_01288	SA20153983_GBAKOBEN_01058	32.353	34	19	1	15	48	166	195	3.4	17.7
SA20160228_MPFEEIDI_01288	SA20153983_GBAKOBEN_01037	26.087	23	17	0	157	179	98	120	5.0	17.3
SA20160228_MPFEEIDI_01288	SA20153983_GBAKOBEN_01043	33.333	18	12	0	87	104	61	78	5.1	17.3
SA20160228_MPFEEIDI_01289	SA20153983_GBAKOBEN_01056	99.443	359	2	0	1	359	1	359	0.0	744
SA20160228_MPFEEIDI_01289	SA20153983_GBAKOBEN_01039	32.558	43	28	1	42	84	425	466	0.56	21.6
SA20160228_MPFEEIDI_01289	SA20153983_GBAKOBEN_01060	40.909	22	13	0	61	82	213	234	2.3	19.6
SA20160228_MPFEEIDI_01289	SA20153983_GBAKOBEN_01057	46.154	13	7	0	218	230	84	96	3.0	18.9
SA20160228_MPFEEIDI_01289	SA20153983_GBAKOBEN_01059	70.000	10	3	0	247	256	66	75	3.5	18.5
SA20160228_MPFEEIDI_01290	SA20153983_GBAKOBEN_01055	98.765	81	1	0	1	81	1	81	1.87e-57	162
SA20160228_MPFEEIDI_01290	SA20153983_GBAKOBEN_01039	66.667	9	3	0	56	64	272	280	5.3	15.8
SA20160228_MPFEEIDI_01290	SA20153983_GBAKOBEN_01042	37.500	16	10	0	52	67	389	404	5.4	15.8
SA20160228_MPFEEIDI_01291	SA20153983_GBAKOBEN_01054	100.000	165	0	0	1	165	1	165	1.27e-122	333
SA20160228_MPFEEIDI_01291	SA20153983_GBAKOBEN_01058	62.500	8	3	0	47	54	314	321	3.1	17.7
SA20160228_MPFEEIDI_01291	SA20153983_GBAKOBEN_01038	44.444	9	5	0	27	35	305	313	5.8	16.9
SA20160228_MPFEEIDI_01292	SA20153983_GBAKOBEN_01053	100.000	353	0	0	1	353	1	353	0.0	718
SA20160228_MPFEEIDI_01292	SA20153983_GBAKOBEN_01058	39.130	23	14	0	98	120	206	228	0.15	23.1
SA20160228_MPFEEIDI_01292	SA20153983_GBAKOBEN_01044	28.125	32	23	0	275	306	83	114	2.1	19.2
SA20160228_MPFEEIDI_01292	SA20153983_GBAKOBEN_01060	39.286	28	9	1	98	125	194	213	2.3	19.2
SA20160228_MPFEEIDI_01292	SA20153983_GBAKOBEN_01035	38.462	26	14	1	309	334	266	289	2.7	19.2
SA20160228_MPFEEIDI_01292	SA20153983_GBAKOBEN_01051	28.205	39	28	0	24	62	639	677	3.7	18.9
SA20160228_MPFEEIDI_01292	SA20153983_GBAKOBEN_01042	23.750	80	53	4	180	257	231	304	6.7	18.1
SA20160228_MPFEEIDI_01292	SA20153983_GBAKOBEN_01038	50.000	12	6	0	56	67	269	280	9.2	17.7
SA20160228_MPFEEIDI_01293	SA20153983_GBAKOBEN_01052	98.883	179	2	0	1	179	1	179	3.30e-135	366
SA20160228_MPFEEIDI_01293	SA20153983_GBAKOBEN_01040	30.000	30	20	1	108	136	97	126	2.3	18.5
SA20160228_MPFEEIDI_01293	SA20153983_GBAKOBEN_01060	16.949	59	49	0	112	170	20	78	5.0	17.3
SA20160228_MPFEEIDI_01293	SA20153983_GBAKOBEN_01056	45.455	11	6	0	142	152	221	231	8.1	16.5
SA20160228_MPFEEIDI_01293	SA20153983_GBAKOBEN_01058	54.545	11	5	0	55	65	12	22	8.4	16.5
SA20160228_MPFEEIDI_01294	SA20153983_GBAKOBEN_01051	99.886	876	1	0	1	876	1	876	0.0	1801
SA20160228_MPFEEIDI_01294	SA20153983_GBAKOBEN_01042	28.333	60	37	3	232	291	386	439	2.2	21.2
SA20160228_MPFEEIDI_01294	SA20153983_GBAKOBEN_01057	35.484	31	15	1	127	157	157	182	5.4	19.6
SA20160228_MPFEEIDI_01294	SA20153983_GBAKOBEN_01035	25.714	35	26	0	373	407	222	256	7.1	19.2
SA20160228_MPFEEIDI_01294	SA20153983_GBAKOBEN_01053	28.205	39	28	0	639	677	24	62	9.7	18.9
SA20160228_MPFEEIDI_01295	SA20153983_GBAKOBEN_01050	100.000	61	0	0	1	61	1	61	2.53e-42	122
SA20160228_MPFEEIDI_01295	SA20153983_GBAKOBEN_01042	42.857	14	8	0	41	54	422	435	2.4	16.2
SA20160228_MPFEEIDI_01295	SA20153983_GBAKOBEN_01041	35.714	14	9	0	34	47	153	166	3.7	15.8
SA20160228_MPFEEIDI_01301	SA20153983_GBAKOBEN_01044	99.468	188	1	0	1	188	1	188	4.13e-142	384
SA20160228_MPFEEIDI_01301	SA20153983_GBAKOBEN_01053	28.125	32	23	0	83	114	275	306	1.1	19.2
SA20160228_MPFEEIDI_01301	SA20153983_GBAKOBEN_01060	50.000	16	8	0	167	182	47	62	5.9	16.9
SA20160228_MPFEEIDI_01301	SA20153983_GBAKOBEN_01058	70.000	10	3	0	46	55	305	314	6.6	16.9
SA20160228_MPFEEIDI_01302	SA20153983_GBAKOBEN_01043	100.000	141	0	0	1	141	1	141	4.85e-101	276
SA20160228_MPFEEIDI_01302	SA20153983_GBAKOBEN_01039	53.333	15	6	1	78	91	69	83	1.8	18.5
SA20160228_MPFEEIDI_01302	SA20153983_GBAKOBEN_01058	43.750	16	9	0	95	110	36	51	3.8	17.3
SA20160228_MPFEEIDI_01302	SA20153983_GBAKOBEN_01042	41.667	12	7	0	99	110	369	380	3.8	17.3
SA20160228_MPFEEIDI_01302	SA20153983_GBAKOBEN_01057	33.333	18	12	0	61	78	87	104	4.0	16.9
SA20160228_MPFEEIDI_01303	SA20153983_GBAKOBEN_01042	100.000	518	0	0	1	518	1	518	0.0	1076
SA20160228_MPFEEIDI_01303	SA20153983_GBAKOBEN_01051	24.286	70	43	2	355	424	193	252	0.62	21.9
SA20160228_MPFEEIDI_01303	SA20153983_GBAKOBEN_01039	31.818	44	26	2	25	64	18	61	1.4	20.8
SA20160228_MPFEEIDI_01303	SA20153983_GBAKOBEN_01058	47.368	19	10	0	160	178	48	66	1.9	20.4
SA20160228_MPFEEIDI_01303	SA20153983_GBAKOBEN_01041	26.087	69	39	2	415	483	20	76	2.3	20.0
SA20160228_MPFEEIDI_01303	SA20153983_GBAKOBEN_01035	63.636	11	4	0	10	20	265	275	4.2	19.2
SA20160228_MPFEEIDI_01303	SA20153983_GBAKOBEN_01053	23.750	80	53	4	231	304	180	257	9.8	18.1
SA20160228_MPFEEIDI_01304	SA20153983_GBAKOBEN_01041	100.000	171	0	0	1	171	1	171	2.79e-133	360
SA20160228_MPFEEIDI_01304	SA20153983_GBAKOBEN_01058	26.667	45	24	2	114	158	79	114	0.069	23.1
SA20160228_MPFEEIDI_01304	SA20153983_GBAKOBEN_01042	26.087	69	39	2	20	76	415	483	0.75	20.0
SA20160228_MPFEEIDI_01304	SA20153983_GBAKOBEN_01051	75.000	8	2	0	159	166	121	128	4.2	17.7
SA20160228_MPFEEIDI_01304	SA20153983_GBAKOBEN_01040	37.931	29	16	1	97	125	41	67	9.6	16.5
SA20160228_MPFEEIDI_01305	SA20153983_GBAKOBEN_01040	98.904	456	5	0	1	456	1	456	0.0	936
SA20160228_MPFEEIDI_01305	SA20153983_GBAKOBEN_01039	31.034	29	20	0	305	333	284	312	0.55	21.9
SA20160228_MPFEEIDI_01305	SA20153983_GBAKOBEN_01044	23.810	105	64	5	93	196	5	94	4.3	18.9
SA20160228_MPFEEIDI_01305	SA20153983_GBAKOBEN_01038	42.105	19	11	0	144	162	292	310	5.4	18.9
SA20160228_MPFEEIDI_01306	SA20153983_GBAKOBEN_01039	99.805	512	1	0	1	512	1	512	0.0	1032
SA20160228_MPFEEIDI_01306	SA20153983_GBAKOBEN_01036	26.400	125	85	2	15	136	12	132	0.014	26.9
SA20160228_MPFEEIDI_01306	SA20153983_GBAKOBEN_01057	23.622	127	77	6	14	128	30	148	0.48	21.9
SA20160228_MPFEEIDI_01306	SA20153983_GBAKOBEN_01056	32.558	43	28	1	425	466	42	84	0.58	21.9
SA20160228_MPFEEIDI_01306	SA20153983_GBAKOBEN_01040	31.034	29	20	0	284	312	305	333	0.65	21.9
SA20160228_MPFEEIDI_01306	SA20153983_GBAKOBEN_01038	43.750	32	8	2	424	446	157	187	1.3	20.8
SA20160228_MPFEEIDI_01306	SA20153983_GBAKOBEN_01042	32.558	43	25	2	19	61	26	64	1.6	20.8
SA20160228_MPFEEIDI_01306	SA20153983_GBAKOBEN_01037	31.081	74	33	5	378	439	57	124	3.4	19.2
SA20160228_MPFEEIDI_01306	SA20153983_GBAKOBEN_01060	42.857	14	8	0	95	108	224	237	4.5	18.9
SA20160228_MPFEEIDI_01307	SA20153983_GBAKOBEN_01038	100.000	390	0	0	1	390	1	390	0.0	787
SA20160228_MPFEEIDI_01307	SA20153983_GBAKOBEN_01039	40.625	32	9	2	157	187	424	446	1.7	20.0
SA20160228_MPFEEIDI_01307	SA20153983_GBAKOBEN_01040	42.105	19	11	0	292	310	144	162	4.6	18.9
SA20160228_MPFEEIDI_01307	SA20153983_GBAKOBEN_01036	38.462	26	16	0	5	30	124	149	9.5	17.7
SA20160228_MPFEEIDI_01308	SA20153983_GBAKOBEN_01037	100.000	176	0	0	1	176	1	176	4.00e-133	360
SA20160228_MPFEEIDI_01308	SA20153983_GBAKOBEN_01039	31.081	74	33	5	57	124	378	439	0.85	19.6
SA20160228_MPFEEIDI_01308	SA20153983_GBAKOBEN_01035	19.149	47	38	0	91	137	48	94	2.3	18.5
SA20160228_MPFEEIDI_01308	SA20153983_GBAKOBEN_01057	26.087	23	17	0	98	120	157	179	4.7	17.3
SA20160228_MPFEEIDI_01309	SA20153983_GBAKOBEN_01036	99.746	394	1	0	1	394	1	394	0.0	763
SA20160228_MPFEEIDI_01309	SA20153983_GBAKOBEN_01039	22.674	172	125	3	3	169	5	173	0.007	27.7
SA20160228_MPFEEIDI_01309	SA20153983_GBAKOBEN_01058	34.615	26	17	0	285	310	223	248	1.9	20.0
SA20160228_MPFEEIDI_01310	SA20153983_GBAKOBEN_01035	99.698	331	1	0	1	331	1	331	0.0	685
SA20160228_MPFEEIDI_01310	SA20153983_GBAKOBEN_01053	38.462	26	14	1	266	289	309	334	2.5	19.2
SA20160228_MPFEEIDI_01310	SA20153983_GBAKOBEN_01051	25.714	35	26	0	222	256	373	407	2.6	19.2
SA20160228_MPFEEIDI_01310	SA20153983_GBAKOBEN_01042	63.636	11	4	0	265	275	10	20	2.7	19.2
SA20160228_MPFEEIDI_01310	SA20153983_GBAKOBEN_01037	19.149	47	38	0	48	94	91	137	4.4	18.5
SA20160228_MPFEEIDI_01310	SA20153983_GBAKOBEN_01040	41.176	17	10	0	116	132	368	384	9.6	17.3
SA20153983_GBAKOBEN_01035	SA20153983_GBAKOBEN_01035	100.000	331	0	0	1	331	1	331	0.0	688
SA20153983_GBAKOBEN_01035	SA20153983_GBAKOBEN_01053	38.462	26	14	1	266	289	309	334	2.5	19.2
SA20153983_GBAKOBEN_01035	SA20153983_GBAKOBEN_01051	25.714	35	26	0	222	256	373	407	2.6	19.2
SA20153983_GBAKOBEN_01035	SA20153983_GBAKOBEN_01042	63.636	11	4	0	265	275	10	20	2.7	19.2
SA20153983_GBAKOBEN_01035	SA20153983_GBAKOBEN_01037	19.149	47	38	0	48	94	91	137	4.4	18.5
SA20153983_GBAKOBEN_01035	SA20153983_GBAKOBEN_01040	41.176	17	10	0	116	132	368	384	9.9	17.3
SA20153983_GBAKOBEN_01036	SA20153983_GBAKOBEN_01036	100.000	394	0	0	1	394	1	394	0.0	766
SA20153983_GBAKOBEN_01036	SA20153983_GBAKOBEN_01039	22.222	162	119	2	12	169	15	173	0.015	26.6
SA20153983_GBAKOBEN_01036	SA20153983_GBAKOBEN_01058	34.615	26	17	0	285	310	223	248	1.9	20.0
SA20153983_GBAKOBEN_01037	SA20153983_GBAKOBEN_01037	100.000	176	0	0	1	176	1	176	4.00e-133	360
SA20153983_GBAKOBEN_01037	SA20153983_GBAKOBEN_01039	31.081	74	33	5	57	124	378	439	0.85	19.6
SA20153983_GBAKOBEN_01037	SA20153983_GBAKOBEN_01035	19.149	47	38	0	91	137	48	94	2.3	18.5
SA20153983_GBAKOBEN_01037	SA20153983_GBAKOBEN_01057	26.087	23	17	0	98	120	157	179	4.7	17.3
SA20153983_GBAKOBEN_01038	SA20153983_GBAKOBEN_01038	100.000	390	0	0	1	390	1	390	0.0	787
SA20153983_GBAKOBEN_01038	SA20153983_GBAKOBEN_01039	40.625	32	9	2	157	187	424	446	1.7	20.0
SA20153983_GBAKOBEN_01038	SA20153983_GBAKOBEN_01040	42.105	19	11	0	292	310	144	162	4.6	18.9
SA20153983_GBAKOBEN_01038	SA20153983_GBAKOBEN_01036	38.462	26	16	0	5	30	124	149	9.5	17.7
SA20153983_GBAKOBEN_01039	SA20153983_GBAKOBEN_01039	100.000	512	0	0	1	512	1	512	0.0	1033
SA20153983_GBAKOBEN_01039	SA20153983_GBAKOBEN_01036	26.400	125	85	2	15	136	12	132	0.015	26.9
SA20153983_GBAKOBEN_01039	SA20153983_GBAKOBEN_01057	23.622	127	77	6	14	128	30	148	0.48	21.9
SA20153983_GBAKOBEN_01039	SA20153983_GBAKOBEN_01056	31.507	73	45	2	395	466	16	84	0.61	21.9
SA20153983_GBAKOBEN_01039	SA20153983_GBAKOBEN_01040	31.034	29	20	0	284	312	305	333	0.65	21.9
SA20153983_GBAKOBEN_01039	SA20153983_GBAKOBEN_01038	40.625	32	9	2	424	446	157	187	2.3	20.0
SA20153983_GBAKOBEN_01039	SA20153983_GBAKOBEN_01037	31.081	74	33	5	378	439	57	124	2.7	19.6
SA20153983_GBAKOBEN_01039	SA20153983_GBAKOBEN_01060	42.857	14	8	0	95	108	224	237	4.4	19.2
SA20153983_GBAKOBEN_01040	SA20153983_GBAKOBEN_01040	100.000	456	0	0	1	456	1	456	0.0	947
SA20153983_GBAKOBEN_01040	SA20153983_GBAKOBEN_01039	31.034	29	20	0	305	333	284	312	0.52	21.9
SA20153983_GBAKOBEN_01040	SA20153983_GBAKOBEN_01038	42.105	19	11	0	144	162	292	310	5.2	18.9
SA20153983_GBAKOBEN_01040	SA20153983_GBAKOBEN_01052	30.000	30	20	1	97	126	108	136	8.6	17.7
SA20153983_GBAKOBEN_01041	SA20153983_GBAKOBEN_01041	100.000	171	0	0	1	171	1	171	2.79e-133	360
SA20153983_GBAKOBEN_01041	SA20153983_GBAKOBEN_01058	26.667	45	24	2	114	158	79	114	0.069	23.1
SA20153983_GBAKOBEN_01041	SA20153983_GBAKOBEN_01042	26.087	69	39	2	20	76	415	483	0.75	20.0
SA20153983_GBAKOBEN_01041	SA20153983_GBAKOBEN_01051	75.000	8	2	0	159	166	121	128	4.2	17.7
SA20153983_GBAKOBEN_01042	SA20153983_GBAKOBEN_01042	100.000	518	0	0	1	518	1	518	0.0	1076
SA20153983_GBAKOBEN_01042	SA20153983_GBAKOBEN_01051	24.286	70	43	2	355	424	193	252	0.62	21.9
SA20153983_GBAKOBEN_01042	SA20153983_GBAKOBEN_01058	47.368	19	10	0	160	178	48	66	1.9	20.4
SA20153983_GBAKOBEN_01042	SA20153983_GBAKOBEN_01041	26.087	69	39	2	415	483	20	76	2.3	20.0
SA20153983_GBAKOBEN_01042	SA20153983_GBAKOBEN_01035	63.636	11	4	0	10	20	265	275	4.2	19.2
SA20153983_GBAKOBEN_01043	SA20153983_GBAKOBEN_01043	100.000	141	0	0	1	141	1	141	4.85e-101	276
SA20153983_GBAKOBEN_01043	SA20153983_GBAKOBEN_01058	43.750	16	9	0	95	110	36	51	3.8	17.3
SA20153983_GBAKOBEN_01043	SA20153983_GBAKOBEN_01042	41.667	12	7	0	99	110	369	380	3.8	17.3
SA20153983_GBAKOBEN_01043	SA20153983_GBAKOBEN_01057	33.333	18	12	0	61	78	87	104	4.0	16.9
SA20153983_GBAKOBEN_01044	SA20153983_GBAKOBEN_01044	100.000	188	0	0	1	188	1	188	2.69e-142	385
SA20153983_GBAKOBEN_01044	SA20153983_GBAKOBEN_01053	28.125	32	23	0	83	114	275	306	1.1	19.2
SA20153983_GBAKOBEN_01044	SA20153983_GBAKOBEN_01060	50.000	16	8	0	167	182	47	62	5.7	17.3
SA20153983_GBAKOBEN_01044	SA20153983_GBAKOBEN_01058	70.000	10	3	0	46	55	305	314	6.5	16.9
SA20153983_GBAKOBEN_01050	SA20153983_GBAKOBEN_01050	100.000	61	0	0	1	61	1	61	2.53e-42	122
SA20153983_GBAKOBEN_01050	SA20153983_GBAKOBEN_01042	42.857	14	8	0	41	54	422	435	2.4	16.2
SA20153983_GBAKOBEN_01050	SA20153983_GBAKOBEN_01041	35.714	14	9	0	34	47	153	166	3.7	15.8
SA20153983_GBAKOBEN_01051	SA20153983_GBAKOBEN_01051	100.000	876	0	0	1	876	1	876	0.0	1803
SA20153983_GBAKOBEN_01051	SA20153983_GBAKOBEN_01042	24.286	70	43	2	193	252	355	424	1.0	21.9
SA20153983_GBAKOBEN_01051	SA20153983_GBAKOBEN_01057	35.484	31	15	1	127	157	157	182	5.4	19.6
SA20153983_GBAKOBEN_01051	SA20153983_GBAKOBEN_01035	25.714	35	26	0	373	407	222	256	7.0	19.2
SA20153983_GBAKOBEN_01051	SA20153983_GBAKOBEN_01053	28.205	39	28	0	639	677	24	62	9.6	18.9
SA20153983_GBAKOBEN_01052	SA20153983_GBAKOBEN_01052	100.000	179	0	0	1	179	1	179	3.18e-137	371
SA20153983_GBAKOBEN_01052	SA20153983_GBAKOBEN_01040	30.000	30	20	1	108	136	97	126	3.4	17.7
SA20153983_GBAKOBEN_01052	SA20153983_GBAKOBEN_01060	16.949	59	49	0	112	170	20	78	6.5	16.9
SA20153983_GBAKOBEN_01052	SA20153983_GBAKOBEN_01056	45.455	11	6	0	142	152	221	231	8.2	16.5
SA20153983_GBAKOBEN_01052	SA20153983_GBAKOBEN_01058	54.545	11	5	0	55	65	12	22	8.3	16.5
SA20153983_GBAKOBEN_01053	SA20153983_GBAKOBEN_01053	100.000	353	0	0	1	353	1	353	0.0	718
SA20153983_GBAKOBEN_01053	SA20153983_GBAKOBEN_01058	39.130	23	14	0	98	120	206	228	0.15	23.1
SA20153983_GBAKOBEN_01053	SA20153983_GBAKOBEN_01044	28.125	32	23	0	275	306	83	114	2.1	19.2
SA20153983_GBAKOBEN_01053	SA20153983_GBAKOBEN_01060	39.286	28	9	1	98	125	194	213	2.3	19.2
SA20153983_GBAKOBEN_01053	SA20153983_GBAKOBEN_01035	38.462	26	14	1	309	334	266	289	2.7	19.2
SA20153983_GBAKOBEN_01053	SA20153983_GBAKOBEN_01051	28.205	39	28	0	24	62	639	677	3.7	18.9
SA20153983_GBAKOBEN_01053	SA20153983_GBAKOBEN_01042	23.750	80	53	4	180	257	231	304	6.7	18.1
SA20153983_GBAKOBEN_01053	SA20153983_GBAKOBEN_01038	50.000	12	6	0	56	67	269	280	9.2	17.7
SA20153983_GBAKOBEN_01054	SA20153983_GBAKOBEN_01054	100.000	165	0	0	1	165	1	165	1.27e-122	333
SA20153983_GBAKOBEN_01054	SA20153983_GBAKOBEN_01058	62.500	8	3	0	47	54	314	321	3.1	17.7
SA20153983_GBAKOBEN_01054	SA20153983_GBAKOBEN_01038	44.444	9	5	0	27	35	305	313	5.8	16.9
SA20153983_GBAKOBEN_01055	SA20153983_GBAKOBEN_01055	100.000	81	0	0	1	81	1	81	5.23e-58	163
SA20153983_GBAKOBEN_01055	SA20153983_GBAKOBEN_01039	66.667	9	3	0	56	64	272	280	5.1	15.8
SA20153983_GBAKOBEN_01055	SA20153983_GBAKOBEN_01042	37.500	16	10	0	52	67	389	404	5.4	15.8
SA20153983_GBAKOBEN_01056	SA20153983_GBAKOBEN_01056	100.000	359	0	0	1	359	1	359	0.0	748
SA20153983_GBAKOBEN_01056	SA20153983_GBAKOBEN_01039	31.507	73	45	2	16	84	395	466	0.41	21.9
SA20153983_GBAKOBEN_01056	SA20153983_GBAKOBEN_01060	40.909	22	13	0	61	82	213	234	2.7	19.2
SA20153983_GBAKOBEN_01056	SA20153983_GBAKOBEN_01057	46.154	13	7	0	218	230	84	96	2.9	18.9
SA20153983_GBAKOBEN_01056	SA20153983_GBAKOBEN_01059	70.000	10	3	0	247	256	66	75	3.5	18.5
SA20153983_GBAKOBEN_01057	SA20153983_GBAKOBEN_01057	100.000	187	0	0	1	187	1	187	2.50e-140	380
SA20153983_GBAKOBEN_01057	SA20153983_GBAKOBEN_01039	22.835	127	78	5	30	148	14	128	0.24	21.6
SA20153983_GBAKOBEN_01057	SA20153983_GBAKOBEN_01051	35.484	31	15	1	157	182	127	157	1.1	19.6
SA20153983_GBAKOBEN_01057	SA20153983_GBAKOBEN_01056	46.154	13	7	0	84	96	218	230	1.5	18.9
SA20153983_GBAKOBEN_01057	SA20153983_GBAKOBEN_01058	32.353	34	19	1	15	48	166	195	3.4	17.7
SA20153983_GBAKOBEN_01057	SA20153983_GBAKOBEN_01037	26.087	23	17	0	157	179	98	120	5.0	17.3
SA20153983_GBAKOBEN_01057	SA20153983_GBAKOBEN_01043	33.333	18	12	0	87	104	61	78	5.1	17.3
SA20153983_GBAKOBEN_01058	SA20153983_GBAKOBEN_01058	100.000	323	0	0	1	323	1	323	0.0	642
SA20153983_GBAKOBEN_01058	SA20153983_GBAKOBEN_01059	25.773	97	57	3	26	122	2	83	0.035	24.3
SA20153983_GBAKOBEN_01058	SA20153983_GBAKOBEN_01041	26.667	45	24	2	79	114	114	158	0.13	23.1
SA20153983_GBAKOBEN_01058	SA20153983_GBAKOBEN_01053	39.130	23	14	0	206	228	98	120	0.14	23.1
SA20153983_GBAKOBEN_01058	SA20153983_GBAKOBEN_01042	47.368	19	10	0	48	66	160	178	1.2	20.4
SA20153983_GBAKOBEN_01058	SA20153983_GBAKOBEN_01036	43.750	16	9	0	233	248	295	310	3.5	18.9
SA20153983_GBAKOBEN_01058	SA20153983_GBAKOBEN_01057	32.353	34	19	1	166	195	15	48	5.9	17.7
SA20153983_GBAKOBEN_01058	SA20153983_GBAKOBEN_01054	62.500	8	3	0	314	321	47	54	6.1	17.7
SA20153983_GBAKOBEN_01058	SA20153983_GBAKOBEN_01051	24.444	90	56	4	155	244	237	314	9.6	17.3
SA20153983_GBAKOBEN_01058	SA20153983_GBAKOBEN_01043	43.750	16	9	0	36	51	95	110	9.7	16.9
SA20153983_GBAKOBEN_01059	SA20153983_GBAKOBEN_01059	100.000	120	0	0	1	120	1	120	3.76e-89	245
SA20153983_GBAKOBEN_01059	SA20153983_GBAKOBEN_01058	25.773	97	57	3	2	83	26	122	0.013	24.3
SA20153983_GBAKOBEN_01059	SA20153983_GBAKOBEN_01056	70.000	10	3	0	66	75	247	256	1.2	18.5
SA20153983_GBAKOBEN_01059	SA20153983_GBAKOBEN_01038	66.667	9	3	0	73	81	364	372	5.1	16.5
SA20153983_GBAKOBEN_01059	SA20153983_GBAKOBEN_01042	50.000	12	6	0	9	20	308	319	5.6	16.5
SA20153983_GBAKOBEN_01059	SA20153983_GBAKOBEN_01037	41.667	12	7	0	86	97	12	23	7.8	15.8
SA20153983_GBAKOBEN_01059	SA20153983_GBAKOBEN_01035	33.333	15	10	0	19	33	189	203	9.8	15.8
SA20153983_GBAKOBEN_01060	SA20153983_GBAKOBEN_01060	100.000	259	0	0	1	259	1	259	0.0	524
SA20153983_GBAKOBEN_01060	SA20153983_GBAKOBEN_01053	39.286	28	9	1	194	213	98	125	1.7	19.2
SA20153983_GBAKOBEN_01060	SA20153983_GBAKOBEN_01056	40.909	22	13	0	213	234	61	82	2.0	19.2
SA20153983_GBAKOBEN_01060	SA20153983_GBAKOBEN_01039	42.857	14	8	0	224	237	95	108	2.4	18.9
SA20153983_GBAKOBEN_01060	SA20153983_GBAKOBEN_01044	50.000	16	8	0	47	62	167	182	7.9	17.3
SA20153983_GBAKOBEN_01060	SA20153983_GBAKOBEN_01052	16.949	59	49	0	20	78	112	170	9.4	16.9
SA20160228_MPFEEIDI_01285	SA20160228_MPFEEIDI_01285	100.000	259	0	0	1	259	1	259	0.0	524
SA20160228_MPFEEIDI_01285	SA20160228_MPFEEIDI_01289	40.909	22	13	0	213	234	61	82	1.6	19.6
SA20160228_MPFEEIDI_01285	SA20160228_MPFEEIDI_01292	39.286	28	9	1	194	213	98	125	1.7	19.2
SA20160228_MPFEEIDI_01285	SA20160228_MPFEEIDI_01306	42.857	14	8	0	224	237	95	108	2.4	18.9
SA20160228_MPFEEIDI_01285	SA20160228_MPFEEIDI_01293	16.949	59	49	0	20	78	112	170	7.3	17.3
SA20160228_MPFEEIDI_01285	SA20160228_MPFEEIDI_01301	50.000	16	8	0	47	62	167	182	8.2	16.9
SA20160228_MPFEEIDI_01286	SA20160228_MPFEEIDI_01286	100.000	120	0	0	1	120	1	120	3.76e-89	245
SA20160228_MPFEEIDI_01286	SA20160228_MPFEEIDI_01287	25.773	97	57	3	2	83	26	122	0.013	24.3
SA20160228_MPFEEIDI_01286	SA20160228_MPFEEIDI_01289	70.000	10	3	0	66	75	247	256	1.2	18.5
SA20160228_MPFEEIDI_01286	SA20160228_MPFEEIDI_01307	66.667	9	3	0	73	81	364	372	5.1	16.5
SA20160228_MPFEEIDI_01286	SA20160228_MPFEEIDI_01303	50.000	12	6	0	9	20	308	319	5.6	16.5
SA20160228_MPFEEIDI_01286	SA20160228_MPFEEIDI_01308	41.667	12	7	0	86	97	12	23	7.8	15.8
SA20160228_MPFEEIDI_01286	SA20160228_MPFEEIDI_01310	33.333	15	10	0	19	33	189	203	9.8	15.8
SA20160228_MPFEEIDI_01287	SA20160228_MPFEEIDI_01287	100.000	323	0	0	1	323	1	323	0.0	642
SA20160228_MPFEEIDI_01287	SA20160228_MPFEEIDI_01286	25.773	97	57	3	26	122	2	83	0.035	24.3
SA20160228_MPFEEIDI_01287	SA20160228_MPFEEIDI_01304	26.667	45	24	2	79	114	114	158	0.13	23.1
SA20160228_MPFEEIDI_01287	SA20160228_MPFEEIDI_01292	39.130	23	14	0	206	228	98	120	0.14	23.1
SA20160228_MPFEEIDI_01287	SA20160228_MPFEEIDI_01303	47.368	19	10	0	48	66	160	178	1.2	20.4
SA20160228_MPFEEIDI_01287	SA20160228_MPFEEIDI_01309	43.750	16	9	0	233	248	295	310	3.5	18.9
SA20160228_MPFEEIDI_01287	SA20160228_MPFEEIDI_01294	22.936	109	65	5	143	244	218	314	4.1	18.5
SA20160228_MPFEEIDI_01287	SA20160228_MPFEEIDI_01288	32.353	34	19	1	166	195	15	48	5.9	17.7
SA20160228_MPFEEIDI_01287	SA20160228_MPFEEIDI_01291	62.500	8	3	0	314	321	47	54	6.1	17.7
SA20160228_MPFEEIDI_01287	SA20160228_MPFEEIDI_01302	43.750	16	9	0	36	51	95	110	9.7	16.9
SA20160228_MPFEEIDI_01288	SA20160228_MPFEEIDI_01288	100.000	187	0	0	1	187	1	187	2.50e-140	380
SA20160228_MPFEEIDI_01288	SA20160228_MPFEEIDI_01306	22.835	127	78	5	30	148	14	128	0.25	21.6
SA20160228_MPFEEIDI_01288	SA20160228_MPFEEIDI_01294	35.484	31	15	1	157	182	127	157	1.1	19.6
SA20160228_MPFEEIDI_01288	SA20160228_MPFEEIDI_01289	46.154	13	7	0	84	96	218	230	1.5	18.9
SA20160228_MPFEEIDI_01288	SA20160228_MPFEEIDI_01287	32.353	34	19	1	15	48	166	195	3.4	17.7
SA20160228_MPFEEIDI_01288	SA20160228_MPFEEIDI_01308	26.087	23	17	0	157	179	98	120	5.0	17.3
SA20160228_MPFEEIDI_01288	SA20160228_MPFEEIDI_01302	33.333	18	12	0	87	104	61	78	5.1	17.3
SA20160228_MPFEEIDI_01289	SA20160228_MPFEEIDI_01289	100.000	359	0	0	1	359	1	359	0.0	748
SA20160228_MPFEEIDI_01289	SA20160228_MPFEEIDI_01306	32.558	43	28	1	42	84	425	466	0.54	21.6
SA20160228_MPFEEIDI_01289	SA20160228_MPFEEIDI_01285	40.909	22	13	0	61	82	213	234	2.3	19.6
SA20160228_MPFEEIDI_01289	SA20160228_MPFEEIDI_01288	46.154	13	7	0	218	230	84	96	3.0	18.9
SA20160228_MPFEEIDI_01289	SA20160228_MPFEEIDI_01286	70.000	10	3	0	247	256	66	75	3.5	18.5
SA20160228_MPFEEIDI_01290	SA20160228_MPFEEIDI_01290	100.000	81	0	0	1	81	1	81	4.95e-58	163
SA20160228_MPFEEIDI_01290	SA20160228_MPFEEIDI_01306	66.667	9	3	0	56	64	272	280	5.3	15.8
SA20160228_MPFEEIDI_01290	SA20160228_MPFEEIDI_01303	37.500	16	10	0	52	67	389	404	5.4	15.8
SA20160228_MPFEEIDI_01291	SA20160228_MPFEEIDI_01291	100.000	165	0	0	1	165	1	165	1.27e-122	333
SA20160228_MPFEEIDI_01291	SA20160228_MPFEEIDI_01287	62.500	8	3	0	47	54	314	321	3.1	17.7
SA20160228_MPFEEIDI_01291	SA20160228_MPFEEIDI_01307	44.444	9	5	0	27	35	305	313	5.8	16.9
SA20160228_MPFEEIDI_01292	SA20160228_MPFEEIDI_01292	100.000	353	0	0	1	353	1	353	0.0	718
SA20160228_MPFEEIDI_01292	SA20160228_MPFEEIDI_01287	39.130	23	14	0	98	120	206	228	0.15	23.1
SA20160228_MPFEEIDI_01292	SA20160228_MPFEEIDI_01301	28.125	32	23	0	275	306	83	114	2.1	19.2
SA20160228_MPFEEIDI_01292	SA20160228_MPFEEIDI_01285	39.286	28	9	1	98	125	194	213	2.3	19.2
SA20160228_MPFEEIDI_01292	SA20160228_MPFEEIDI_01310	38.462	26	14	1	309	334	266	289	2.7	19.2
SA20160228_MPFEEIDI_01292	SA20160228_MPFEEIDI_01294	28.205	39	28	0	24	62	639	677	3.8	18.9
SA20160228_MPFEEIDI_01292	SA20160228_MPFEEIDI_01303	23.750	80	53	4	180	257	231	304	6.7	18.1
SA20160228_MPFEEIDI_01292	SA20160228_MPFEEIDI_01307	50.000	12	6	0	56	67	269	280	9.2	17.7
SA20160228_MPFEEIDI_01293	SA20160228_MPFEEIDI_01293	100.000	179	0	0	1	179	1	179	3.54e-138	374
SA20160228_MPFEEIDI_01293	SA20160228_MPFEEIDI_01285	16.949	59	49	0	112	170	20	78	5.0	17.3
SA20160228_MPFEEIDI_01293	SA20160228_MPFEEIDI_01289	45.455	11	6	0	142	152	221	231	8.1	16.5
SA20160228_MPFEEIDI_01293	SA20160228_MPFEEIDI_01287	54.545	11	5	0	55	65	12	22	8.4	16.5
SA20160228_MPFEEIDI_01294	SA20160228_MPFEEIDI_01294	100.000	876	0	0	1	876	1	876	0.0	1803
SA20160228_MPFEEIDI_01294	SA20160228_MPFEEIDI_01303	28.333	60	37	3	232	291	386	439	2.2	21.2
SA20160228_MPFEEIDI_01294	SA20160228_MPFEEIDI_01288	35.484	31	15	1	127	157	157	182	5.4	19.6
SA20160228_MPFEEIDI_01294	SA20160228_MPFEEIDI_01310	25.714	35	26	0	373	407	222	256	7.1	19.2
SA20160228_MPFEEIDI_01294	SA20160228_MPFEEIDI_01292	28.205	39	28	0	639	677	24	62	9.7	18.9
SA20160228_MPFEEIDI_01295	SA20160228_MPFEEIDI_01295	100.000	61	0	0	1	61	1	61	2.53e-42	122
SA20160228_MPFEEIDI_01295	SA20160228_MPFEEIDI_01303	42.857	14	8	0	41	54	422	435	2.4	16.2
SA20160228_MPFEEIDI_01295	SA20160228_MPFEEIDI_01304	35.714	14	9	0	34	47	153	166	3.7	15.8
SA20160228_MPFEEIDI_01295	SA20160228_MPFEEIDI_01294	28.000	25	18	0	12	36	542	566	9.7	14.6
SA20160228_MPFEEIDI_01301	SA20160228_MPFEEIDI_01301	100.000	188	0	0	1	188	1	188	3.14e-142	384
SA20160228_MPFEEIDI_01301	SA20160228_MPFEEIDI_01292	28.125	32	23	0	83	114	275	306	1.1	19.2
SA20160228_MPFEEIDI_01301	SA20160228_MPFEEIDI_01305	23.810	105	64	5	5	94	93	196	1.8	18.9
SA20160228_MPFEEIDI_01301	SA20160228_MPFEEIDI_01285	50.000	16	8	0	167	182	47	62	5.9	16.9
SA20160228_MPFEEIDI_01301	SA20160228_MPFEEIDI_01287	70.000	10	3	0	46	55	305	314	6.6	16.9
SA20160228_MPFEEIDI_01302	SA20160228_MPFEEIDI_01302	100.000	141	0	0	1	141	1	141	4.85e-101	276
SA20160228_MPFEEIDI_01302	SA20160228_MPFEEIDI_01287	43.750	16	9	0	95	110	36	51	3.8	17.3
SA20160228_MPFEEIDI_01302	SA20160228_MPFEEIDI_01303	41.667	12	7	0	99	110	369	380	3.8	17.3
SA20160228_MPFEEIDI_01302	SA20160228_MPFEEIDI_01288	33.333	18	12	0	61	78	87	104	4.0	16.9
SA20160228_MPFEEIDI_01303	SA20160228_MPFEEIDI_01303	100.000	518	0	0	1	518	1	518	0.0	1076
SA20160228_MPFEEIDI_01303	SA20160228_MPFEEIDI_01294	28.333	60	37	3	386	439	232	291	1.5	20.8
SA20160228_MPFEEIDI_01303	SA20160228_MPFEEIDI_01287	47.368	19	10	0	160	178	48	66	1.9	20.4
SA20160228_MPFEEIDI_01303	SA20160228_MPFEEIDI_01304	26.087	69	39	2	415	483	20	76	2.3	20.0
SA20160228_MPFEEIDI_01303	SA20160228_MPFEEIDI_01310	63.636	11	4	0	10	20	265	275	4.3	19.2
SA20160228_MPFEEIDI_01304	SA20160228_MPFEEIDI_01304	100.000	171	0	0	1	171	1	171	2.79e-133	360
SA20160228_MPFEEIDI_01304	SA20160228_MPFEEIDI_01287	26.667	45	24	2	114	158	79	114	0.069	23.1
SA20160228_MPFEEIDI_01304	SA20160228_MPFEEIDI_01303	26.087	69	39	2	20	76	415	483	0.75	20.0
SA20160228_MPFEEIDI_01304	SA20160228_MPFEEIDI_01294	75.000	8	2	0	159	166	121	128	4.2	17.7
SA20160228_MPFEEIDI_01305	SA20160228_MPFEEIDI_01305	100.000	456	0	0	1	456	1	456	0.0	947
SA20160228_MPFEEIDI_01305	SA20160228_MPFEEIDI_01306	31.034	29	20	0	305	333	284	312	0.56	21.9
SA20160228_MPFEEIDI_01305	SA20160228_MPFEEIDI_01301	23.810	105	64	5	93	196	5	94	4.3	18.9
SA20160228_MPFEEIDI_01305	SA20160228_MPFEEIDI_01307	42.105	19	11	0	144	162	292	310	5.4	18.9
SA20160228_MPFEEIDI_01306	SA20160228_MPFEEIDI_01306	100.000	512	0	0	1	512	1	512	0.0	1033
SA20160228_MPFEEIDI_01306	SA20160228_MPFEEIDI_01309	26.667	135	91	3	5	136	3	132	0.007	28.1
SA20160228_MPFEEIDI_01306	SA20160228_MPFEEIDI_01288	23.622	127	77	6	14	128	30	148	0.48	21.9
SA20160228_MPFEEIDI_01306	SA20160228_MPFEEIDI_01305	31.034	29	20	0	284	312	305	333	0.67	21.9
SA20160228_MPFEEIDI_01306	SA20160228_MPFEEIDI_01289	32.558	43	28	1	425	466	42	84	0.67	21.9
SA20160228_MPFEEIDI_01306	SA20160228_MPFEEIDI_01307	43.750	32	8	2	424	446	157	187	1.3	20.8
SA20160228_MPFEEIDI_01306	SA20160228_MPFEEIDI_01308	31.081	74	33	5	378	439	57	124	3.4	19.2
SA20160228_MPFEEIDI_01306	SA20160228_MPFEEIDI_01285	42.857	14	8	0	95	108	224	237	4.5	18.9
SA20160228_MPFEEIDI_01307	SA20160228_MPFEEIDI_01307	100.000	390	0	0	1	390	1	390	0.0	787
SA20160228_MPFEEIDI_01307	SA20160228_MPFEEIDI_01306	43.750	32	8	2	157	187	424	446	0.99	20.8
SA20160228_MPFEEIDI_01307	SA20160228_MPFEEIDI_01305	42.105	19	11	0	292	310	144	162	4.7	18.9
SA20160228_MPFEEIDI_01307	SA20160228_MPFEEIDI_01309	38.462	26	16	0	5	30	124	149	9.0	17.7
SA20160228_MPFEEIDI_01308	SA20160228_MPFEEIDI_01308	100.000	176	0	0	1	176	1	176	4.00e-133	360
SA20160228_MPFEEIDI_01308	SA20160228_MPFEEIDI_01306	31.081	74	33	5	57	124	378	439	1.1	19.2
SA20160228_MPFEEIDI_01308	SA20160228_MPFEEIDI_01310	19.149	47	38	0	91	137	48	94	2.4	18.5
SA20160228_MPFEEIDI_01308	SA20160228_MPFEEIDI_01288	26.087	23	17	0	98	120	157	179	4.7	17.3
SA20160228_MPFEEIDI_01309	SA20160228_MPFEEIDI_01309	100.000	394	0	0	1	394	1	394	0.0	765
SA20160228_MPFEEIDI_01309	SA20160228_MPFEEIDI_01306	22.674	172	125	3	3	169	5	173	0.007	27.7
SA20160228_MPFEEIDI_01309	SA20160228_MPFEEIDI_01287	34.615	26	17	0	285	310	223	248	1.9	20.0
SA20160228_MPFEEIDI_01310	SA20160228_MPFEEIDI_01310	100.000	331	0	0	1	331	1	331	0.0	688
SA20160228_MPFEEIDI_01310	SA20160228_MPFEEIDI_01292	38.462	26	14	1	266	289	309	334	2.5	19.2
SA20160228_MPFEEIDI_01310	SA20160228_MPFEEIDI_01294	25.714	35	26	0	222	256	373	407	2.7	19.2
SA20160228_MPFEEIDI_01310	SA20160228_MPFEEIDI_01303	63.636	11	4	0	265	275	10	20	2.7	19.2
SA20160228_MPFEEIDI_01310	SA20160228_MPFEEIDI_01308	19.149	47	38	0	48	94	91	137	4.4	18.5
SA20160228_MPFEEIDI_01310	SA20160228_MPFEEIDI_01305	41.176	17	10	0	116	132	368	384	9.5	17.3
