SA20160170_CHGPAPHK_02395	SA20160323_HIEPLBCK_01333	100.000	32	0	0	1	32	1	32	2.94e-18	59.7
SA20160170_CHGPAPHK_02396	SA20160323_HIEPLBCK_01334	100.000	562	0	0	1	562	1	562	0.0	1153
SA20160170_CHGPAPHK_02396	SA20160323_HIEPLBCK_01347	23.188	69	47	2	103	171	5	67	0.27	21.9
SA20160170_CHGPAPHK_02396	SA20160323_HIEPLBCK_01346	42.105	19	11	0	125	143	58	76	0.68	21.6
SA20160170_CHGPAPHK_02396	SA20160323_HIEPLBCK_01348	50.000	16	8	0	424	439	322	337	4.4	19.2
SA20160170_CHGPAPHK_02396	SA20160323_HIEPLBCK_01340	52.941	17	8	0	58	74	141	157	9.4	18.1
SA20160170_CHGPAPHK_02397	SA20160323_HIEPLBCK_01335	100.000	96	0	0	1	96	1	96	5.42e-72	199
SA20160170_CHGPAPHK_02397	SA20160323_HIEPLBCK_01339	50.000	10	5	0	53	62	287	296	1.2	18.1
SA20160170_CHGPAPHK_02397	SA20160323_HIEPLBCK_01349	27.500	40	22	1	6	45	239	271	2.1	17.3
SA20160170_CHGPAPHK_02397	SA20160323_HIEPLBCK_01342	57.143	7	3	0	29	35	44	50	7.2	15.8
SA20160170_CHGPAPHK_02398	SA20160323_HIEPLBCK_01336	99.617	261	1	0	1	261	1	261	0.0	534
SA20160170_CHGPAPHK_02398	SA20160323_HIEPLBCK_01341	30.769	39	26	1	7	45	274	311	0.62	20.8
SA20160170_CHGPAPHK_02398	SA20160323_HIEPLBCK_01338	27.451	51	33	2	37	83	146	196	1.00	20.0
SA20160170_CHGPAPHK_02398	SA20160323_HIEPLBCK_01351	33.333	27	17	1	84	109	18	44	1.6	18.9
SA20160170_CHGPAPHK_02398	SA20160323_HIEPLBCK_01340	33.333	21	14	0	166	186	163	183	4.4	18.1
SA20160170_CHGPAPHK_02399	SA20160323_HIEPLBCK_01337	100.000	306	0	0	1	306	1	306	0.0	635
SA20160170_CHGPAPHK_02399	SA20160323_HIEPLBCK_01340	40.000	20	12	0	176	195	51	70	0.034	24.6
SA20160170_CHGPAPHK_02399	SA20160323_HIEPLBCK_01342	40.000	15	9	0	246	260	376	390	1.8	19.6
SA20160170_CHGPAPHK_02400	SA20160323_HIEPLBCK_01338	100.000	438	0	0	1	438	1	438	0.0	889
SA20160170_CHGPAPHK_02400	SA20160323_HIEPLBCK_01336	27.451	51	33	2	146	196	37	83	1.4	20.4
SA20160170_CHGPAPHK_02400	SA20160323_HIEPLBCK_01353	63.636	11	4	0	284	294	22	32	5.6	18.5
SA20160170_CHGPAPHK_02400	SA20160323_HIEPLBCK_01350	25.641	78	48	2	23	94	8	81	9.3	17.7
SA20160170_CHGPAPHK_02401	SA20160323_HIEPLBCK_01339	98.516	337	5	0	1	337	1	337	0.0	697
SA20160170_CHGPAPHK_02401	SA20160323_HIEPLBCK_01349	31.034	29	20	0	97	125	283	311	1.3	20.4
SA20160170_CHGPAPHK_02401	SA20160323_HIEPLBCK_01345	35.135	37	18	2	11	47	169	199	2.3	19.2
SA20160170_CHGPAPHK_02401	SA20160323_HIEPLBCK_01335	50.000	10	5	0	287	296	53	62	4.2	18.1
SA20160170_CHGPAPHK_02401	SA20160323_HIEPLBCK_01348	71.429	7	2	0	138	144	13	19	9.5	17.3
SA20160170_CHGPAPHK_02402	SA20160323_HIEPLBCK_01340	99.490	196	1	0	1	196	1	196	1.28e-145	394
SA20160170_CHGPAPHK_02402	SA20160323_HIEPLBCK_01337	40.000	20	12	0	51	70	176	195	0.022	24.6
SA20160170_CHGPAPHK_02402	SA20160323_HIEPLBCK_01352	34.783	23	15	0	140	162	58	80	1.0	19.2
SA20160170_CHGPAPHK_02402	SA20160323_HIEPLBCK_01344	33.333	36	23	1	13	48	112	146	1.9	18.5
SA20160170_CHGPAPHK_02402	SA20160323_HIEPLBCK_01334	52.941	17	8	0	141	157	58	74	3.2	18.1
SA20160170_CHGPAPHK_02402	SA20160323_HIEPLBCK_01336	33.333	21	14	0	163	183	166	186	3.4	17.7
SA20160170_CHGPAPHK_02402	SA20160323_HIEPLBCK_01342	50.000	16	8	0	89	104	125	140	3.5	18.1
SA20160170_CHGPAPHK_02402	SA20160323_HIEPLBCK_01339	54.545	11	5	0	111	121	80	90	6.2	16.9
SA20160170_CHGPAPHK_02403	SA20160323_HIEPLBCK_01341	99.600	500	2	0	1	500	1	500	0.0	986
SA20160170_CHGPAPHK_02403	SA20160323_HIEPLBCK_01336	30.769	39	26	1	274	311	7	45	1.8	20.0
SA20160170_CHGPAPHK_02403	SA20160323_HIEPLBCK_01342	41.667	24	13	1	215	237	170	193	2.2	20.0
SA20160170_CHGPAPHK_02403	SA20160323_HIEPLBCK_01349	42.857	14	8	0	454	467	125	138	7.4	18.5
SA20160170_CHGPAPHK_02404	SA20160323_HIEPLBCK_01342	99.548	442	2	0	1	442	1	442	0.0	881
SA20160170_CHGPAPHK_02404	SA20160323_HIEPLBCK_01343	30.519	462	291	13	1	441	1	453	2.12e-50	168
SA20160170_CHGPAPHK_02404	SA20160323_HIEPLBCK_01344	28.261	46	29	2	252	293	2	47	0.25	22.3
SA20160170_CHGPAPHK_02404	SA20160323_HIEPLBCK_01348	45.455	22	12	0	67	88	429	450	1.5	20.4
SA20160170_CHGPAPHK_02404	SA20160323_HIEPLBCK_01341	45.455	22	11	1	172	193	217	237	1.7	20.4
SA20160170_CHGPAPHK_02404	SA20160323_HIEPLBCK_01337	40.000	15	9	0	376	390	246	260	2.9	19.2
SA20160170_CHGPAPHK_02404	SA20160323_HIEPLBCK_01340	50.000	16	8	0	125	140	89	104	7.6	18.1
SA20160170_CHGPAPHK_02404	SA20160323_HIEPLBCK_01334	50.000	14	7	0	94	107	57	70	9.0	18.1
SA20160170_CHGPAPHK_02405	SA20160323_HIEPLBCK_01343	100.000	463	0	0	1	463	1	463	0.0	936
SA20160170_CHGPAPHK_02405	SA20160323_HIEPLBCK_01342	31.155	459	286	13	1	450	1	438	6.02e-50	167
SA20160170_CHGPAPHK_02405	SA20160323_HIEPLBCK_01348	29.825	57	33	3	29	79	43	98	1.5	20.4
SA20160170_CHGPAPHK_02405	SA20160323_HIEPLBCK_01346	23.077	39	30	0	37	75	4	42	3.6	18.9
SA20160170_CHGPAPHK_02405	SA20160323_HIEPLBCK_01350	40.625	32	12	2	222	253	139	163	6.0	18.5
SA20160170_CHGPAPHK_02405	SA20160323_HIEPLBCK_01349	44.444	18	10	0	281	298	217	234	6.7	18.5
SA20160170_CHGPAPHK_02406	SA20160323_HIEPLBCK_01344	100.000	150	0	0	1	150	1	150	1.74e-112	306
SA20160170_CHGPAPHK_02406	SA20160323_HIEPLBCK_01342	28.261	46	29	2	2	47	252	293	0.086	22.3
SA20160170_CHGPAPHK_02406	SA20160323_HIEPLBCK_01340	33.333	36	23	1	112	146	13	48	1.5	18.5
SA20160170_CHGPAPHK_02406	SA20160323_HIEPLBCK_01345	45.455	11	6	0	31	41	147	157	2.7	17.7
SA20160170_CHGPAPHK_02406	SA20160323_HIEPLBCK_01341	29.787	47	30	2	88	133	280	324	4.3	17.3
SA20160170_CHGPAPHK_02407	SA20160323_HIEPLBCK_01345	100.000	247	0	0	1	247	1	247	0.0	504
SA20160170_CHGPAPHK_02407	SA20160323_HIEPLBCK_01353	27.778	36	26	0	127	162	71	106	1.3	19.6
SA20160170_CHGPAPHK_02407	SA20160323_HIEPLBCK_01339	35.135	37	18	2	169	199	11	47	1.8	19.2
SA20160170_CHGPAPHK_02407	SA20160323_HIEPLBCK_01344	45.455	11	6	0	147	157	31	41	4.5	17.7
SA20160170_CHGPAPHK_02407	SA20160323_HIEPLBCK_01346	30.000	30	18	2	80	106	27	56	9.9	16.5
SA20160170_CHGPAPHK_02408	SA20160323_HIEPLBCK_01346	98.726	157	2	0	1	157	1	157	5.46e-117	318
SA20160170_CHGPAPHK_02408	SA20160323_HIEPLBCK_01334	28.261	46	33	0	58	103	125	170	0.069	22.7
SA20160170_CHGPAPHK_02408	SA20160323_HIEPLBCK_01343	23.077	39	30	0	4	42	37	75	1.4	18.9
SA20160170_CHGPAPHK_02408	SA20160323_HIEPLBCK_01349	22.642	53	35	1	98	144	70	122	1.4	18.9
SA20160170_CHGPAPHK_02408	SA20160323_HIEPLBCK_01348	31.034	29	20	0	109	137	227	255	1.6	18.5
SA20160170_CHGPAPHK_02408	SA20160323_HIEPLBCK_01345	30.000	30	18	2	27	56	80	106	6.3	16.5
SA20160170_CHGPAPHK_02409	SA20160323_HIEPLBCK_01347	100.000	95	0	0	1	95	1	95	3.75e-68	190
SA20160170_CHGPAPHK_02409	SA20160323_HIEPLBCK_01334	23.188	69	47	2	5	67	103	171	0.046	21.9
SA20160170_CHGPAPHK_02409	SA20160323_HIEPLBCK_01350	35.714	14	9	0	21	34	156	169	4.1	16.5
SA20160170_CHGPAPHK_02409	SA20160323_HIEPLBCK_01348	55.556	9	4	0	73	81	383	391	6.0	15.8
SA20160170_CHGPAPHK_02409	SA20160323_HIEPLBCK_01340	28.571	14	10	0	63	76	54	67	8.8	15.4
SA20160170_CHGPAPHK_02410	SA20160323_HIEPLBCK_01348	100.000	452	0	0	1	452	1	452	0.0	881
SA20160170_CHGPAPHK_02410	SA20160323_HIEPLBCK_01353	30.303	33	21	1	370	400	184	216	0.86	21.2
SA20160170_CHGPAPHK_02410	SA20160323_HIEPLBCK_01343	31.250	80	43	5	20	98	11	79	1.3	20.8
SA20160170_CHGPAPHK_02410	SA20160323_HIEPLBCK_01342	45.455	22	12	0	429	450	67	88	1.6	20.4
SA20160170_CHGPAPHK_02410	SA20160323_HIEPLBCK_01334	50.000	16	8	0	322	337	424	439	3.4	19.2
SA20160170_CHGPAPHK_02410	SA20160323_HIEPLBCK_01346	31.034	29	20	0	227	255	109	137	4.1	18.9
SA20160170_CHGPAPHK_02411	SA20160323_HIEPLBCK_01349	98.583	494	7	0	1	494	1	494	0.0	1009
SA20160170_CHGPAPHK_02411	SA20160323_HIEPLBCK_01350	25.000	52	34	2	90	137	233	283	1.3	20.8
SA20160170_CHGPAPHK_02411	SA20160323_HIEPLBCK_01339	31.034	29	20	0	283	311	97	125	2.1	20.0
SA20160170_CHGPAPHK_02411	SA20160323_HIEPLBCK_01346	22.642	53	35	1	70	122	98	144	3.6	18.9
SA20160170_CHGPAPHK_02411	SA20160323_HIEPLBCK_01342	23.077	39	30	0	321	359	103	141	4.3	19.2
SA20160170_CHGPAPHK_02411	SA20160323_HIEPLBCK_01341	42.857	14	8	0	125	138	454	467	7.6	18.5
SA20160170_CHGPAPHK_02412	SA20160323_HIEPLBCK_01350	99.650	286	1	0	1	286	1	286	0.0	587
SA20160170_CHGPAPHK_02412	SA20160323_HIEPLBCK_01345	30.000	50	34	1	95	143	197	246	0.48	21.2
SA20160170_CHGPAPHK_02412	SA20160323_HIEPLBCK_01349	25.000	52	34	2	233	283	90	137	0.75	20.8
SA20160170_CHGPAPHK_02412	SA20160323_HIEPLBCK_01338	25.641	78	48	2	8	81	23	94	5.8	17.7
SA20160170_CHGPAPHK_02413	SA20160323_HIEPLBCK_01351	97.753	89	2	0	1	89	1	89	9.19e-64	178
SA20160170_CHGPAPHK_02413	SA20160323_HIEPLBCK_01353	29.730	37	25	1	8	44	106	141	0.69	18.5
SA20160170_CHGPAPHK_02413	SA20160323_HIEPLBCK_01343	30.556	36	22	1	57	89	81	116	1.7	17.3
SA20160170_CHGPAPHK_02413	SA20160323_HIEPLBCK_01342	54.545	11	5	0	79	89	128	138	3.8	16.5
SA20160170_CHGPAPHK_02413	SA20160323_HIEPLBCK_01338	55.556	9	4	0	12	20	232	240	5.4	15.8
SA20160170_CHGPAPHK_02413	SA20160323_HIEPLBCK_01340	42.857	14	8	0	53	66	41	54	7.6	15.4
SA20160170_CHGPAPHK_02413	SA20160323_HIEPLBCK_01349	28.000	25	18	0	42	66	398	422	8.4	15.4
SA20160170_CHGPAPHK_02414	SA20160323_HIEPLBCK_01343	50.000	14	7	0	73	86	144	157	1.1	18.5
SA20160170_CHGPAPHK_02414	SA20160323_HIEPLBCK_01338	30.909	55	28	2	58	107	148	197	1.3	18.1
SA20160170_CHGPAPHK_02414	SA20160323_HIEPLBCK_01341	35.714	14	9	0	68	81	427	440	1.8	17.7
SA20160170_CHGPAPHK_02415	SA20160323_HIEPLBCK_01337	28.000	50	35	1	16	65	68	116	0.36	20.0
SA20160170_CHGPAPHK_02415	SA20160323_HIEPLBCK_01334	37.500	16	10	0	52	67	383	398	2.7	17.3
SA20160170_CHGPAPHK_02415	SA20160323_HIEPLBCK_01349	41.176	17	10	0	4	20	136	152	2.9	17.3
SA20160170_CHGPAPHK_02415	SA20160323_HIEPLBCK_01353	42.308	26	13	1	27	52	3	26	5.3	16.5
SA20160170_CHGPAPHK_02415	SA20160323_HIEPLBCK_01342	46.667	15	8	0	57	71	400	414	7.3	16.2
SA20160323_HIEPLBCK_01333	SA20160323_HIEPLBCK_01333	100.000	32	0	0	1	32	1	32	2.94e-18	59.7
SA20160323_HIEPLBCK_01334	SA20160323_HIEPLBCK_01334	100.000	562	0	0	1	562	1	562	0.0	1153
SA20160323_HIEPLBCK_01334	SA20160323_HIEPLBCK_01347	23.188	69	47	2	103	171	5	67	0.27	21.9
SA20160323_HIEPLBCK_01334	SA20160323_HIEPLBCK_01346	42.105	19	11	0	125	143	58	76	0.68	21.6
SA20160323_HIEPLBCK_01334	SA20160323_HIEPLBCK_01348	50.000	16	8	0	424	439	322	337	4.4	19.2
SA20160323_HIEPLBCK_01334	SA20160323_HIEPLBCK_01340	52.941	17	8	0	58	74	141	157	9.4	18.1
SA20160323_HIEPLBCK_01335	SA20160323_HIEPLBCK_01335	100.000	96	0	0	1	96	1	96	5.42e-72	199
SA20160323_HIEPLBCK_01335	SA20160323_HIEPLBCK_01339	50.000	10	5	0	53	62	287	296	1.2	18.1
SA20160323_HIEPLBCK_01335	SA20160323_HIEPLBCK_01349	27.500	40	22	1	6	45	239	271	2.1	17.3
SA20160323_HIEPLBCK_01335	SA20160323_HIEPLBCK_01342	57.143	7	3	0	29	35	44	50	7.2	15.8
SA20160323_HIEPLBCK_01336	SA20160323_HIEPLBCK_01336	100.000	261	0	0	1	261	1	261	0.0	535
SA20160323_HIEPLBCK_01336	SA20160323_HIEPLBCK_01341	30.769	39	26	1	7	45	274	311	0.61	20.8
SA20160323_HIEPLBCK_01336	SA20160323_HIEPLBCK_01338	27.451	51	33	2	37	83	146	196	0.81	20.4
SA20160323_HIEPLBCK_01336	SA20160323_HIEPLBCK_01351	33.333	27	17	1	84	109	18	44	1.7	18.9
SA20160323_HIEPLBCK_01336	SA20160323_HIEPLBCK_01340	33.333	21	14	0	166	186	163	183	4.4	18.1
SA20160323_HIEPLBCK_01337	SA20160323_HIEPLBCK_01337	100.000	306	0	0	1	306	1	306	0.0	635
SA20160323_HIEPLBCK_01337	SA20160323_HIEPLBCK_01340	40.000	20	12	0	176	195	51	70	0.034	24.6
SA20160323_HIEPLBCK_01337	SA20160323_HIEPLBCK_01342	40.000	15	9	0	246	260	376	390	1.8	19.6
SA20160323_HIEPLBCK_01338	SA20160323_HIEPLBCK_01338	100.000	438	0	0	1	438	1	438	0.0	889
SA20160323_HIEPLBCK_01338	SA20160323_HIEPLBCK_01336	27.451	51	33	2	146	196	37	83	1.4	20.4
SA20160323_HIEPLBCK_01338	SA20160323_HIEPLBCK_01353	63.636	11	4	0	284	294	22	32	5.6	18.5
SA20160323_HIEPLBCK_01338	SA20160323_HIEPLBCK_01350	25.641	78	48	2	23	94	8	81	9.3	17.7
SA20160323_HIEPLBCK_01339	SA20160323_HIEPLBCK_01339	100.000	337	0	0	1	337	1	337	0.0	706
SA20160323_HIEPLBCK_01339	SA20160323_HIEPLBCK_01349	31.034	29	20	0	97	125	283	311	1.4	20.0
SA20160323_HIEPLBCK_01339	SA20160323_HIEPLBCK_01345	35.135	37	18	2	11	47	169	199	2.5	19.2
SA20160323_HIEPLBCK_01339	SA20160323_HIEPLBCK_01335	50.000	10	5	0	287	296	53	62	4.2	18.1
SA20160323_HIEPLBCK_01339	SA20160323_HIEPLBCK_01348	71.429	7	2	0	138	144	13	19	9.7	17.3
SA20160323_HIEPLBCK_01340	SA20160323_HIEPLBCK_01340	100.000	196	0	0	1	196	1	196	1.90e-146	396
SA20160323_HIEPLBCK_01340	SA20160323_HIEPLBCK_01337	40.000	20	12	0	51	70	176	195	0.022	24.6
SA20160323_HIEPLBCK_01340	SA20160323_HIEPLBCK_01352	34.783	23	15	0	140	162	58	80	1.0	19.2
SA20160323_HIEPLBCK_01340	SA20160323_HIEPLBCK_01344	33.333	36	23	1	13	48	112	146	2.0	18.5
SA20160323_HIEPLBCK_01340	SA20160323_HIEPLBCK_01334	52.941	17	8	0	141	157	58	74	3.3	18.1
SA20160323_HIEPLBCK_01340	SA20160323_HIEPLBCK_01336	33.333	21	14	0	163	183	166	186	3.3	18.1
SA20160323_HIEPLBCK_01340	SA20160323_HIEPLBCK_01342	50.000	16	8	0	89	104	125	140	3.5	18.1
SA20160323_HIEPLBCK_01340	SA20160323_HIEPLBCK_01339	54.545	11	5	0	111	121	80	90	6.1	16.9
SA20160323_HIEPLBCK_01341	SA20160323_HIEPLBCK_01341	100.000	500	0	0	1	500	1	500	0.0	989
SA20160323_HIEPLBCK_01341	SA20160323_HIEPLBCK_01336	30.769	39	26	1	274	311	7	45	1.9	20.0
SA20160323_HIEPLBCK_01341	SA20160323_HIEPLBCK_01342	41.667	24	13	1	215	237	170	193	2.3	20.0
SA20160323_HIEPLBCK_01341	SA20160323_HIEPLBCK_01349	42.857	14	8	0	454	467	125	138	7.3	18.5
SA20160323_HIEPLBCK_01342	SA20160323_HIEPLBCK_01342	100.000	442	0	0	1	442	1	442	0.0	884
SA20160323_HIEPLBCK_01342	SA20160323_HIEPLBCK_01343	30.937	459	287	13	1	438	1	450	1.13e-50	169
SA20160323_HIEPLBCK_01342	SA20160323_HIEPLBCK_01344	28.261	46	29	2	252	293	2	47	0.25	22.3
SA20160323_HIEPLBCK_01342	SA20160323_HIEPLBCK_01348	45.455	22	12	0	67	88	429	450	1.5	20.4
SA20160323_HIEPLBCK_01342	SA20160323_HIEPLBCK_01341	45.455	22	11	1	172	193	217	237	1.7	20.4
SA20160323_HIEPLBCK_01342	SA20160323_HIEPLBCK_01337	40.000	15	9	0	376	390	246	260	2.9	19.2
SA20160323_HIEPLBCK_01342	SA20160323_HIEPLBCK_01340	50.000	16	8	0	125	140	89	104	7.7	18.1
SA20160323_HIEPLBCK_01342	SA20160323_HIEPLBCK_01334	50.000	14	7	0	94	107	57	70	8.7	18.1
SA20160323_HIEPLBCK_01343	SA20160323_HIEPLBCK_01343	100.000	463	0	0	1	463	1	463	0.0	936
SA20160323_HIEPLBCK_01343	SA20160323_HIEPLBCK_01342	31.155	459	286	13	1	450	1	438	6.02e-50	167
SA20160323_HIEPLBCK_01343	SA20160323_HIEPLBCK_01348	29.825	57	33	3	29	79	43	98	1.5	20.4
SA20160323_HIEPLBCK_01343	SA20160323_HIEPLBCK_01346	23.077	39	30	0	37	75	4	42	3.6	18.9
SA20160323_HIEPLBCK_01343	SA20160323_HIEPLBCK_01350	40.625	32	12	2	222	253	139	163	6.0	18.5
SA20160323_HIEPLBCK_01343	SA20160323_HIEPLBCK_01349	44.444	18	10	0	281	298	217	234	6.7	18.5
SA20160323_HIEPLBCK_01344	SA20160323_HIEPLBCK_01344	100.000	150	0	0	1	150	1	150	1.74e-112	306
SA20160323_HIEPLBCK_01344	SA20160323_HIEPLBCK_01342	28.261	46	29	2	2	47	252	293	0.086	22.3
SA20160323_HIEPLBCK_01344	SA20160323_HIEPLBCK_01340	33.333	36	23	1	112	146	13	48	1.5	18.5
SA20160323_HIEPLBCK_01344	SA20160323_HIEPLBCK_01345	45.455	11	6	0	31	41	147	157	2.7	17.7
SA20160323_HIEPLBCK_01344	SA20160323_HIEPLBCK_01341	29.787	47	30	2	88	133	280	324	4.3	17.3
SA20160323_HIEPLBCK_01345	SA20160323_HIEPLBCK_01345	100.000	247	0	0	1	247	1	247	0.0	504
SA20160323_HIEPLBCK_01345	SA20160323_HIEPLBCK_01353	27.778	36	26	0	127	162	71	106	1.3	19.6
SA20160323_HIEPLBCK_01345	SA20160323_HIEPLBCK_01339	35.135	37	18	2	169	199	11	47	1.8	19.2
SA20160323_HIEPLBCK_01345	SA20160323_HIEPLBCK_01344	45.455	11	6	0	147	157	31	41	4.5	17.7
SA20160323_HIEPLBCK_01345	SA20160323_HIEPLBCK_01346	30.000	30	18	2	80	106	27	56	9.9	16.5
SA20160323_HIEPLBCK_01346	SA20160323_HIEPLBCK_01346	100.000	157	0	0	1	157	1	157	4.99e-118	321
SA20160323_HIEPLBCK_01346	SA20160323_HIEPLBCK_01334	42.105	19	11	0	58	76	125	143	0.19	21.6
SA20160323_HIEPLBCK_01346	SA20160323_HIEPLBCK_01349	22.642	53	35	1	98	144	70	122	1.2	18.9
SA20160323_HIEPLBCK_01346	SA20160323_HIEPLBCK_01343	23.077	39	30	0	4	42	37	75	1.4	18.9
SA20160323_HIEPLBCK_01346	SA20160323_HIEPLBCK_01348	31.034	29	20	0	109	137	227	255	1.5	18.9
SA20160323_HIEPLBCK_01346	SA20160323_HIEPLBCK_01345	30.000	30	18	2	27	56	80	106	6.3	16.5
SA20160323_HIEPLBCK_01347	SA20160323_HIEPLBCK_01347	100.000	95	0	0	1	95	1	95	3.75e-68	190
SA20160323_HIEPLBCK_01347	SA20160323_HIEPLBCK_01334	23.188	69	47	2	5	67	103	171	0.046	21.9
SA20160323_HIEPLBCK_01347	SA20160323_HIEPLBCK_01350	35.714	14	9	0	21	34	156	169	4.1	16.5
SA20160323_HIEPLBCK_01347	SA20160323_HIEPLBCK_01348	55.556	9	4	0	73	81	383	391	6.0	15.8
SA20160323_HIEPLBCK_01347	SA20160323_HIEPLBCK_01340	28.571	14	10	0	63	76	54	67	8.8	15.4
SA20160323_HIEPLBCK_01348	SA20160323_HIEPLBCK_01348	100.000	452	0	0	1	452	1	452	0.0	881
SA20160323_HIEPLBCK_01348	SA20160323_HIEPLBCK_01353	30.303	33	21	1	370	400	184	216	0.86	21.2
SA20160323_HIEPLBCK_01348	SA20160323_HIEPLBCK_01343	31.250	80	43	5	20	98	11	79	1.3	20.8
SA20160323_HIEPLBCK_01348	SA20160323_HIEPLBCK_01342	45.455	22	12	0	429	450	67	88	1.6	20.4
SA20160323_HIEPLBCK_01348	SA20160323_HIEPLBCK_01334	50.000	16	8	0	322	337	424	439	3.4	19.2
SA20160323_HIEPLBCK_01348	SA20160323_HIEPLBCK_01346	31.034	29	20	0	227	255	109	137	4.1	18.9
SA20160323_HIEPLBCK_01349	SA20160323_HIEPLBCK_01349	100.000	494	0	0	1	494	1	494	0.0	1021
SA20160323_HIEPLBCK_01349	SA20160323_HIEPLBCK_01350	25.000	52	34	2	90	137	233	283	1.2	20.8
SA20160323_HIEPLBCK_01349	SA20160323_HIEPLBCK_01339	31.034	29	20	0	283	311	97	125	2.5	20.0
SA20160323_HIEPLBCK_01349	SA20160323_HIEPLBCK_01346	22.642	53	35	1	70	122	98	144	3.9	18.9
SA20160323_HIEPLBCK_01349	SA20160323_HIEPLBCK_01343	44.444	18	10	0	217	234	281	298	6.9	18.5
SA20160323_HIEPLBCK_01349	SA20160323_HIEPLBCK_01341	42.857	14	8	0	125	138	454	467	7.8	18.5
SA20160323_HIEPLBCK_01350	SA20160323_HIEPLBCK_01350	100.000	286	0	0	1	286	1	286	0.0	589
SA20160323_HIEPLBCK_01350	SA20160323_HIEPLBCK_01349	25.000	52	34	2	233	283	90	137	0.74	20.8
SA20160323_HIEPLBCK_01350	SA20160323_HIEPLBCK_01338	25.641	78	48	2	8	81	23	94	5.4	18.1
SA20160323_HIEPLBCK_01351	SA20160323_HIEPLBCK_01351	100.000	89	0	0	1	89	1	89	1.09e-65	183
SA20160323_HIEPLBCK_01351	SA20160323_HIEPLBCK_01336	33.333	27	17	1	18	44	84	109	0.57	18.9
SA20160323_HIEPLBCK_01351	SA20160323_HIEPLBCK_01353	22.581	31	24	0	8	38	106	136	0.92	18.1
SA20160323_HIEPLBCK_01351	SA20160323_HIEPLBCK_01343	30.556	36	22	1	57	89	81	116	2.2	16.9
SA20160323_HIEPLBCK_01351	SA20160323_HIEPLBCK_01342	54.545	11	5	0	79	89	128	138	3.8	16.5
SA20160323_HIEPLBCK_01351	SA20160323_HIEPLBCK_01338	55.556	9	4	0	12	20	232	240	5.9	15.8
SA20160323_HIEPLBCK_01351	SA20160323_HIEPLBCK_01340	42.857	14	8	0	53	66	41	54	8.3	15.4
SA20160323_HIEPLBCK_01351	SA20160323_HIEPLBCK_01349	28.000	25	18	0	42	66	398	422	8.4	15.4
SA20160323_HIEPLBCK_01352	SA20160323_HIEPLBCK_01352	100.000	107	0	0	1	107	1	107	5.49e-80	221
SA20160323_HIEPLBCK_01352	SA20160323_HIEPLBCK_01340	34.783	23	15	0	58	80	140	162	0.47	19.2
SA20160323_HIEPLBCK_01352	SA20160323_HIEPLBCK_01335	66.667	9	3	0	28	36	49	57	4.0	16.2
SA20160323_HIEPLBCK_01353	SA20160323_HIEPLBCK_01353	100.000	259	0	0	1	259	1	259	0.0	531
SA20160323_HIEPLBCK_01353	SA20160323_HIEPLBCK_01348	30.303	33	21	1	184	216	370	400	0.60	20.8
SA20160323_HIEPLBCK_01353	SA20160323_HIEPLBCK_01345	27.778	36	26	0	71	106	127	162	1.4	19.6
SA20160323_HIEPLBCK_01353	SA20160323_HIEPLBCK_01351	22.581	31	24	0	106	136	8	38	2.7	18.1
SA20160323_HIEPLBCK_01353	SA20160323_HIEPLBCK_01338	63.636	11	4	0	22	32	284	294	3.5	18.5
SA20160323_HIEPLBCK_01353	SA20160323_HIEPLBCK_01334	41.176	17	9	1	68	83	12	28	6.4	17.7
SA20160323_HIEPLBCK_01353	SA20160323_HIEPLBCK_01341	24.324	37	26	1	9	43	392	428	8.3	17.3
SA20160170_CHGPAPHK_02395	SA20160170_CHGPAPHK_02395	100.000	32	0	0	1	32	1	32	2.87e-18	59.7
SA20160170_CHGPAPHK_02396	SA20160170_CHGPAPHK_02396	100.000	562	0	0	1	562	1	562	0.0	1153
SA20160170_CHGPAPHK_02396	SA20160170_CHGPAPHK_02408	28.261	46	33	0	125	170	58	103	0.24	22.7
SA20160170_CHGPAPHK_02396	SA20160170_CHGPAPHK_02409	23.188	69	47	2	103	171	5	67	0.26	21.9
SA20160170_CHGPAPHK_02396	SA20160170_CHGPAPHK_02410	50.000	16	8	0	424	439	322	337	4.3	19.2
SA20160170_CHGPAPHK_02396	SA20160170_CHGPAPHK_02402	52.941	17	8	0	58	74	141	157	9.0	18.1
SA20160170_CHGPAPHK_02397	SA20160170_CHGPAPHK_02397	100.000	96	0	0	1	96	1	96	5.29e-72	199
SA20160170_CHGPAPHK_02397	SA20160170_CHGPAPHK_02401	50.000	10	5	0	53	62	287	296	1.2	18.1
SA20160170_CHGPAPHK_02397	SA20160170_CHGPAPHK_02411	27.500	40	22	1	6	45	239	271	2.1	17.3
SA20160170_CHGPAPHK_02397	SA20160170_CHGPAPHK_02404	57.143	7	3	0	29	35	44	50	7.1	15.8
SA20160170_CHGPAPHK_02398	SA20160170_CHGPAPHK_02398	100.000	261	0	0	1	261	1	261	0.0	535
SA20160170_CHGPAPHK_02398	SA20160170_CHGPAPHK_02403	30.769	39	26	1	7	45	274	311	0.63	20.8
SA20160170_CHGPAPHK_02398	SA20160170_CHGPAPHK_02400	27.451	51	33	2	37	83	146	196	0.97	20.0
SA20160170_CHGPAPHK_02398	SA20160170_CHGPAPHK_02402	33.333	21	14	0	166	186	163	183	4.4	17.7
SA20160170_CHGPAPHK_02399	SA20160170_CHGPAPHK_02399	100.000	306	0	0	1	306	1	306	0.0	635
SA20160170_CHGPAPHK_02399	SA20160170_CHGPAPHK_02402	40.000	20	12	0	176	195	51	70	0.033	24.6
SA20160170_CHGPAPHK_02399	SA20160170_CHGPAPHK_02415	28.000	50	35	1	68	116	16	65	0.90	20.0
SA20160170_CHGPAPHK_02399	SA20160170_CHGPAPHK_02404	40.000	15	9	0	246	260	376	390	1.8	19.6
SA20160170_CHGPAPHK_02400	SA20160170_CHGPAPHK_02400	100.000	438	0	0	1	438	1	438	0.0	889
SA20160170_CHGPAPHK_02400	SA20160170_CHGPAPHK_02398	27.451	51	33	2	146	196	37	83	1.6	20.0
SA20160170_CHGPAPHK_02400	SA20160170_CHGPAPHK_02414	30.909	55	28	2	148	197	58	107	5.2	18.1
SA20160170_CHGPAPHK_02400	SA20160170_CHGPAPHK_02412	25.641	78	48	2	23	94	8	81	9.1	17.7
SA20160170_CHGPAPHK_02401	SA20160170_CHGPAPHK_02401	100.000	337	0	0	1	337	1	337	0.0	707
SA20160170_CHGPAPHK_02401	SA20160170_CHGPAPHK_02411	31.034	29	20	0	97	125	283	311	1.1	20.4
SA20160170_CHGPAPHK_02401	SA20160170_CHGPAPHK_02407	35.135	37	18	2	11	47	169	199	2.3	19.2
SA20160170_CHGPAPHK_02401	SA20160170_CHGPAPHK_02397	50.000	10	5	0	287	296	53	62	4.1	18.1
SA20160170_CHGPAPHK_02401	SA20160170_CHGPAPHK_02410	71.429	7	2	0	138	144	13	19	9.3	17.3
SA20160170_CHGPAPHK_02402	SA20160170_CHGPAPHK_02402	100.000	196	0	0	1	196	1	196	4.36e-146	395
SA20160170_CHGPAPHK_02402	SA20160170_CHGPAPHK_02399	40.000	20	12	0	51	70	176	195	0.021	24.6
SA20160170_CHGPAPHK_02402	SA20160170_CHGPAPHK_02406	33.333	36	23	1	13	48	112	146	1.9	18.5
SA20160170_CHGPAPHK_02402	SA20160170_CHGPAPHK_02396	52.941	17	8	0	141	157	58	74	3.1	18.1
SA20160170_CHGPAPHK_02402	SA20160170_CHGPAPHK_02404	50.000	16	8	0	89	104	125	140	3.3	18.1
SA20160170_CHGPAPHK_02402	SA20160170_CHGPAPHK_02398	33.333	21	14	0	163	183	166	186	3.3	17.7
SA20160170_CHGPAPHK_02402	SA20160170_CHGPAPHK_02401	54.545	11	5	0	111	121	80	90	5.9	17.3
SA20160170_CHGPAPHK_02403	SA20160170_CHGPAPHK_02403	100.000	500	0	0	1	500	1	500	0.0	989
SA20160170_CHGPAPHK_02403	SA20160170_CHGPAPHK_02398	30.769	39	26	1	274	311	7	45	1.8	20.0
SA20160170_CHGPAPHK_02403	SA20160170_CHGPAPHK_02404	41.667	24	13	1	215	237	170	193	2.2	20.0
SA20160170_CHGPAPHK_02403	SA20160170_CHGPAPHK_02411	42.857	14	8	0	454	467	125	138	7.0	18.5
SA20160170_CHGPAPHK_02403	SA20160170_CHGPAPHK_02414	35.714	14	9	0	427	440	68	81	9.1	17.7
SA20160170_CHGPAPHK_02404	SA20160170_CHGPAPHK_02404	100.000	442	0	0	1	442	1	442	0.0	885
SA20160170_CHGPAPHK_02404	SA20160170_CHGPAPHK_02405	30.519	462	291	13	1	441	1	453	2.07e-50	168
SA20160170_CHGPAPHK_02404	SA20160170_CHGPAPHK_02406	28.261	46	29	2	252	293	2	47	0.25	22.3
SA20160170_CHGPAPHK_02404	SA20160170_CHGPAPHK_02410	45.455	22	12	0	67	88	429	450	1.4	20.4
SA20160170_CHGPAPHK_02404	SA20160170_CHGPAPHK_02403	45.455	22	11	1	172	193	217	237	1.6	20.4
SA20160170_CHGPAPHK_02404	SA20160170_CHGPAPHK_02399	40.000	15	9	0	376	390	246	260	2.8	19.2
SA20160170_CHGPAPHK_02404	SA20160170_CHGPAPHK_02411	23.077	39	30	0	103	141	321	359	3.6	19.2
SA20160170_CHGPAPHK_02404	SA20160170_CHGPAPHK_02402	50.000	16	8	0	125	140	89	104	7.5	18.1
SA20160170_CHGPAPHK_02404	SA20160170_CHGPAPHK_02396	50.000	14	7	0	94	107	57	70	8.8	18.1
SA20160170_CHGPAPHK_02405	SA20160170_CHGPAPHK_02405	100.000	463	0	0	1	463	1	463	0.0	936
SA20160170_CHGPAPHK_02405	SA20160170_CHGPAPHK_02404	30.736	462	290	13	1	453	1	441	1.41e-49	166
SA20160170_CHGPAPHK_02405	SA20160170_CHGPAPHK_02410	29.825	57	33	3	29	79	43	98	1.5	20.4
SA20160170_CHGPAPHK_02405	SA20160170_CHGPAPHK_02414	36.667	30	17	1	144	171	73	102	3.1	18.9
SA20160170_CHGPAPHK_02405	SA20160170_CHGPAPHK_02408	23.077	39	30	0	37	75	4	42	3.5	18.9
SA20160170_CHGPAPHK_02405	SA20160170_CHGPAPHK_02412	40.625	32	12	2	222	253	139	163	5.7	18.5
SA20160170_CHGPAPHK_02405	SA20160170_CHGPAPHK_02413	30.556	36	22	1	81	116	57	89	9.9	17.3
SA20160170_CHGPAPHK_02406	SA20160170_CHGPAPHK_02406	100.000	150	0	0	1	150	1	150	1.70e-112	306
SA20160170_CHGPAPHK_02406	SA20160170_CHGPAPHK_02404	28.261	46	29	2	2	47	252	293	0.083	22.3
SA20160170_CHGPAPHK_02406	SA20160170_CHGPAPHK_02402	33.333	36	23	1	112	146	13	48	1.4	18.5
SA20160170_CHGPAPHK_02406	SA20160170_CHGPAPHK_02407	45.455	11	6	0	31	41	147	157	2.6	17.7
SA20160170_CHGPAPHK_02406	SA20160170_CHGPAPHK_02403	29.787	47	30	2	88	133	280	324	4.2	17.3
SA20160170_CHGPAPHK_02407	SA20160170_CHGPAPHK_02407	100.000	247	0	0	1	247	1	247	0.0	504
SA20160170_CHGPAPHK_02407	SA20160170_CHGPAPHK_02412	30.000	50	34	1	197	246	95	143	0.40	21.2
SA20160170_CHGPAPHK_02407	SA20160170_CHGPAPHK_02401	35.135	37	18	2	169	199	11	47	1.7	19.2
SA20160170_CHGPAPHK_02407	SA20160170_CHGPAPHK_02406	45.455	11	6	0	147	157	31	41	4.4	17.7
SA20160170_CHGPAPHK_02407	SA20160170_CHGPAPHK_02408	30.000	30	18	2	80	106	27	56	9.6	16.5
SA20160170_CHGPAPHK_02408	SA20160170_CHGPAPHK_02408	100.000	157	0	0	1	157	1	157	3.18e-118	321
SA20160170_CHGPAPHK_02408	SA20160170_CHGPAPHK_02396	28.261	46	33	0	58	103	125	170	0.067	22.7
SA20160170_CHGPAPHK_02408	SA20160170_CHGPAPHK_02405	23.077	39	30	0	4	42	37	75	1.3	18.9
SA20160170_CHGPAPHK_02408	SA20160170_CHGPAPHK_02411	22.642	53	35	1	98	144	70	122	1.4	18.9
SA20160170_CHGPAPHK_02408	SA20160170_CHGPAPHK_02410	31.034	29	20	0	109	137	227	255	1.6	18.5
SA20160170_CHGPAPHK_02408	SA20160170_CHGPAPHK_02407	30.000	30	18	2	27	56	80	106	6.1	16.5
SA20160170_CHGPAPHK_02409	SA20160170_CHGPAPHK_02409	100.000	95	0	0	1	95	1	95	3.67e-68	190
SA20160170_CHGPAPHK_02409	SA20160170_CHGPAPHK_02396	23.188	69	47	2	5	67	103	171	0.045	21.9
SA20160170_CHGPAPHK_02409	SA20160170_CHGPAPHK_02412	35.714	14	9	0	21	34	156	169	4.0	16.5
SA20160170_CHGPAPHK_02409	SA20160170_CHGPAPHK_02410	55.556	9	4	0	73	81	383	391	5.8	15.8
SA20160170_CHGPAPHK_02409	SA20160170_CHGPAPHK_02402	28.571	14	10	0	63	76	54	67	8.9	15.4
SA20160170_CHGPAPHK_02410	SA20160170_CHGPAPHK_02410	100.000	452	0	0	1	452	1	452	0.0	881
SA20160170_CHGPAPHK_02410	SA20160170_CHGPAPHK_02405	31.250	80	43	5	20	98	11	79	1.2	20.8
SA20160170_CHGPAPHK_02410	SA20160170_CHGPAPHK_02404	45.455	22	12	0	429	450	67	88	1.7	20.4
SA20160170_CHGPAPHK_02410	SA20160170_CHGPAPHK_02396	50.000	16	8	0	322	337	424	439	3.3	19.2
SA20160170_CHGPAPHK_02410	SA20160170_CHGPAPHK_02408	31.034	29	20	0	227	255	109	137	4.2	18.9
SA20160170_CHGPAPHK_02411	SA20160170_CHGPAPHK_02411	100.000	494	0	0	1	494	1	494	0.0	1022
SA20160170_CHGPAPHK_02411	SA20160170_CHGPAPHK_02412	25.000	52	34	2	90	137	233	283	1.3	20.8
SA20160170_CHGPAPHK_02411	SA20160170_CHGPAPHK_02401	31.034	29	20	0	283	311	97	125	1.9	20.0
SA20160170_CHGPAPHK_02411	SA20160170_CHGPAPHK_02404	23.077	39	30	0	321	359	103	141	4.3	19.2
SA20160170_CHGPAPHK_02411	SA20160170_CHGPAPHK_02408	22.642	53	35	1	70	122	98	144	4.4	18.9
SA20160170_CHGPAPHK_02411	SA20160170_CHGPAPHK_02403	42.857	14	8	0	125	138	454	467	7.5	18.5
SA20160170_CHGPAPHK_02412	SA20160170_CHGPAPHK_02412	100.000	286	0	0	1	286	1	286	0.0	588
SA20160170_CHGPAPHK_02412	SA20160170_CHGPAPHK_02407	30.000	50	34	1	95	143	197	246	0.46	21.2
SA20160170_CHGPAPHK_02412	SA20160170_CHGPAPHK_02411	25.000	52	34	2	233	283	90	137	0.78	20.8
SA20160170_CHGPAPHK_02412	SA20160170_CHGPAPHK_02400	25.641	78	48	2	8	81	23	94	5.6	17.7
SA20160170_CHGPAPHK_02413	SA20160170_CHGPAPHK_02413	100.000	89	0	0	1	89	1	89	1.06e-65	183
SA20160170_CHGPAPHK_02413	SA20160170_CHGPAPHK_02405	30.556	36	22	1	57	89	81	116	1.7	17.3
SA20160170_CHGPAPHK_02413	SA20160170_CHGPAPHK_02404	54.545	11	5	0	79	89	128	138	3.7	16.5
SA20160170_CHGPAPHK_02413	SA20160170_CHGPAPHK_02411	40.000	15	9	0	68	82	223	237	4.2	16.2
SA20160170_CHGPAPHK_02413	SA20160170_CHGPAPHK_02400	55.556	9	4	0	12	20	232	240	5.3	15.8
SA20160170_CHGPAPHK_02413	SA20160170_CHGPAPHK_02402	42.857	14	8	0	53	66	41	54	7.5	15.4
SA20160170_CHGPAPHK_02414	SA20160170_CHGPAPHK_02414	100.000	107	0	0	1	107	1	107	2.36e-79	219
SA20160170_CHGPAPHK_02414	SA20160170_CHGPAPHK_02405	50.000	14	7	0	73	86	144	157	1.1	18.5
SA20160170_CHGPAPHK_02414	SA20160170_CHGPAPHK_02400	30.909	55	28	2	58	107	148	197	1.3	18.1
SA20160170_CHGPAPHK_02414	SA20160170_CHGPAPHK_02403	35.714	14	9	0	68	81	427	440	1.8	17.7
SA20160170_CHGPAPHK_02415	SA20160170_CHGPAPHK_02415	100.000	119	0	0	1	119	1	119	9.50e-91	249
SA20160170_CHGPAPHK_02415	SA20160170_CHGPAPHK_02399	28.000	50	35	1	16	65	68	116	0.35	20.0
SA20160170_CHGPAPHK_02415	SA20160170_CHGPAPHK_02396	37.500	16	10	0	52	67	383	398	2.7	17.3
SA20160170_CHGPAPHK_02415	SA20160170_CHGPAPHK_02411	41.176	17	10	0	4	20	136	152	2.9	17.3
SA20160170_CHGPAPHK_02415	SA20160170_CHGPAPHK_02404	46.667	15	8	0	57	71	400	414	7.1	16.2
