SA20160190_KJBEGOPM_02744	SA20153983_GBAKOBEN_02713	33.333	21	14	0	168	188	2	22	0.43	21.6
SA20160190_KJBEGOPM_02744	SA20153983_GBAKOBEN_02701	63.636	11	4	0	22	32	284	294	3.8	18.5
SA20160190_KJBEGOPM_02744	SA20153983_GBAKOBEN_02697	41.176	17	9	1	68	83	12	28	6.9	17.7
SA20160190_KJBEGOPM_02744	SA20153983_GBAKOBEN_02704	24.324	37	26	1	9	43	392	428	8.2	17.3
SA20160190_KJBEGOPM_02745	SA20153983_GBAKOBEN_02703	34.783	23	15	0	58	80	140	162	0.51	19.2
SA20160190_KJBEGOPM_02745	SA20153983_GBAKOBEN_02698	66.667	9	3	0	28	36	49	57	4.3	16.2
SA20160190_KJBEGOPM_02745	SA20153983_GBAKOBEN_02713	36.111	36	18	1	15	50	220	250	8.1	15.8
SA20160190_KJBEGOPM_02746	SA20153983_GBAKOBEN_02699	33.333	27	17	1	18	44	84	109	0.59	18.9
SA20160190_KJBEGOPM_02746	SA20153983_GBAKOBEN_02706	30.556	36	22	1	57	89	81	116	2.4	16.9
SA20160190_KJBEGOPM_02746	SA20153983_GBAKOBEN_02705	54.545	11	5	0	79	89	128	138	4.1	16.5
SA20160190_KJBEGOPM_02746	SA20153983_GBAKOBEN_02701	55.556	9	4	0	12	20	232	240	6.4	15.8
SA20160190_KJBEGOPM_02746	SA20153983_GBAKOBEN_02713	27.586	29	17	1	60	84	377	405	6.5	15.8
SA20160190_KJBEGOPM_02746	SA20153983_GBAKOBEN_02703	42.857	14	8	0	53	66	41	54	9.0	15.4
SA20160190_KJBEGOPM_02747	SA20153983_GBAKOBEN_02715	33.333	30	20	0	24	53	120	149	0.62	20.8
SA20160190_KJBEGOPM_02747	SA20153983_GBAKOBEN_02711	27.778	36	26	0	62	97	344	379	2.3	19.2
SA20160190_KJBEGOPM_02747	SA20153983_GBAKOBEN_02701	25.641	78	48	2	8	81	23	94	5.8	18.1
SA20160190_KJBEGOPM_02747	SA20153983_GBAKOBEN_02716	22.619	84	53	5	179	257	62	138	6.9	17.7
SA20160190_KJBEGOPM_02748	SA20153983_GBAKOBEN_02716	41.935	31	10	2	68	90	82	112	1.2	20.8
SA20160190_KJBEGOPM_02748	SA20153983_GBAKOBEN_02702	31.034	29	20	0	283	311	97	125	2.5	20.0
SA20160190_KJBEGOPM_02748	SA20153983_GBAKOBEN_02710	32.353	34	12	1	275	308	343	365	4.8	18.9
SA20160190_KJBEGOPM_02748	SA20153983_GBAKOBEN_02706	44.444	18	10	0	217	234	281	298	7.4	18.5
SA20160190_KJBEGOPM_02748	SA20153983_GBAKOBEN_02704	42.857	14	8	0	125	138	454	467	8.7	18.1
SA20160190_KJBEGOPM_02749	SA20153983_GBAKOBEN_02706	31.250	80	43	5	20	98	11	79	1.4	20.8
SA20160190_KJBEGOPM_02749	SA20153983_GBAKOBEN_02705	45.455	22	12	0	429	450	67	88	1.9	20.4
SA20160190_KJBEGOPM_02749	SA20153983_GBAKOBEN_02697	50.000	16	8	0	322	337	424	439	3.7	19.2
SA20160190_KJBEGOPM_02749	SA20153983_GBAKOBEN_02702	25.806	62	23	2	13	74	138	176	7.4	18.1
SA20160190_KJBEGOPM_02750	SA20153983_GBAKOBEN_02697	23.188	69	47	2	5	67	103	171	0.050	21.9
SA20160190_KJBEGOPM_02750	SA20153983_GBAKOBEN_02713	33.333	36	22	2	38	72	652	686	7.7	15.8
SA20160190_KJBEGOPM_02750	SA20153983_GBAKOBEN_02703	28.571	14	10	0	63	76	54	67	9.5	15.4
SA20160190_KJBEGOPM_02751	SA20153983_GBAKOBEN_02697	42.105	19	11	0	58	76	125	143	0.20	21.6
SA20160190_KJBEGOPM_02751	SA20153983_GBAKOBEN_02706	23.077	39	30	0	4	42	37	75	1.5	18.9
SA20160190_KJBEGOPM_02751	SA20153983_GBAKOBEN_02710	55.556	9	4	0	65	73	79	87	7.8	16.5
SA20160190_KJBEGOPM_02752	SA20153983_GBAKOBEN_02702	34.783	46	23	3	160	199	3	47	1.5	19.6
SA20160190_KJBEGOPM_02752	SA20153983_GBAKOBEN_02713	25.000	80	46	3	89	154	817	896	2.5	18.9
SA20160190_KJBEGOPM_02752	SA20153983_GBAKOBEN_02707	45.455	11	6	0	147	157	31	41	4.9	17.7
SA20160190_KJBEGOPM_02752	SA20153983_GBAKOBEN_02711	33.333	36	21	1	137	169	359	394	7.4	17.3
SA20160190_KJBEGOPM_02753	SA20153983_GBAKOBEN_02707	99.333	150	1	0	1	150	1	150	1.23e-111	304
SA20160190_KJBEGOPM_02753	SA20153983_GBAKOBEN_02705	28.261	46	29	2	2	47	252	293	0.094	22.3
SA20160190_KJBEGOPM_02753	SA20153983_GBAKOBEN_02703	33.333	36	23	1	112	146	13	48	1.7	18.5
SA20160190_KJBEGOPM_02753	SA20153983_GBAKOBEN_02704	29.787	47	30	2	88	133	280	324	4.7	17.3
SA20160190_KJBEGOPM_02753	SA20153983_GBAKOBEN_02713	31.373	51	20	3	59	97	176	223	5.2	16.9
SA20160190_KJBEGOPM_02754	SA20153983_GBAKOBEN_02706	100.000	463	0	0	1	463	1	463	0.0	936
SA20160190_KJBEGOPM_02754	SA20153983_GBAKOBEN_02705	30.937	459	287	13	1	450	1	438	1.44e-49	166
SA20160190_KJBEGOPM_02754	SA20153983_GBAKOBEN_02710	28.889	45	28	2	418	462	169	209	2.2	20.0
SA20160190_KJBEGOPM_02754	SA20153983_GBAKOBEN_02708	36.667	30	17	1	144	171	73	102	3.4	18.9
SA20160190_KJBEGOPM_02754	SA20153983_GBAKOBEN_02716	33.333	30	16	1	195	220	142	171	3.5	19.2
SA20160190_KJBEGOPM_02755	SA20153983_GBAKOBEN_02705	99.774	442	1	0	1	442	1	442	0.0	883
SA20160190_KJBEGOPM_02755	SA20153983_GBAKOBEN_02706	30.937	459	287	13	1	438	1	450	1.22e-50	169
SA20160190_KJBEGOPM_02755	SA20153983_GBAKOBEN_02707	28.261	46	29	2	252	293	2	47	0.28	22.3
SA20160190_KJBEGOPM_02755	SA20153983_GBAKOBEN_02704	45.455	22	11	1	172	193	217	237	1.8	20.4
SA20160190_KJBEGOPM_02755	SA20153983_GBAKOBEN_02700	40.000	15	9	0	376	390	246	260	3.1	19.2
SA20160190_KJBEGOPM_02755	SA20153983_GBAKOBEN_02714	47.059	17	9	0	416	432	89	105	4.2	18.9
SA20160190_KJBEGOPM_02755	SA20153983_GBAKOBEN_02713	44.444	18	10	0	386	403	846	863	5.5	18.9
SA20160190_KJBEGOPM_02755	SA20153983_GBAKOBEN_02711	29.167	24	17	0	19	42	53	76	8.2	18.1
SA20160190_KJBEGOPM_02755	SA20153983_GBAKOBEN_02703	50.000	16	8	0	125	140	89	104	8.3	18.1
SA20160190_KJBEGOPM_02755	SA20153983_GBAKOBEN_02697	50.000	14	7	0	94	107	57	70	9.4	18.1
SA20160190_KJBEGOPM_02756	SA20153983_GBAKOBEN_02704	99.800	500	1	0	1	500	1	500	0.0	988
SA20160190_KJBEGOPM_02756	SA20153983_GBAKOBEN_02699	30.769	39	26	1	274	311	7	45	2.0	20.0
SA20160190_KJBEGOPM_02756	SA20153983_GBAKOBEN_02705	41.667	24	13	1	215	237	170	193	2.5	20.0
SA20160190_KJBEGOPM_02756	SA20153983_GBAKOBEN_02708	35.714	14	9	0	427	440	68	81	9.9	17.7
SA20160190_KJBEGOPM_02757	SA20153983_GBAKOBEN_02703	100.000	196	0	0	1	196	1	196	2.05e-146	396
SA20160190_KJBEGOPM_02757	SA20153983_GBAKOBEN_02700	40.000	20	12	0	51	70	176	195	0.023	24.6
SA20160190_KJBEGOPM_02757	SA20153983_GBAKOBEN_02707	36.111	36	22	1	13	48	112	146	0.28	21.2
SA20160190_KJBEGOPM_02757	SA20153983_GBAKOBEN_02716	40.000	20	12	0	16	35	214	233	1.4	19.2
SA20160190_KJBEGOPM_02757	SA20153983_GBAKOBEN_02713	37.143	35	17	2	64	96	732	763	3.0	18.1
SA20160190_KJBEGOPM_02757	SA20153983_GBAKOBEN_02697	52.941	17	8	0	141	157	58	74	3.5	18.1
SA20160190_KJBEGOPM_02757	SA20153983_GBAKOBEN_02699	33.333	21	14	0	163	183	166	186	3.6	18.1
SA20160190_KJBEGOPM_02757	SA20153983_GBAKOBEN_02705	50.000	16	8	0	89	104	125	140	3.7	18.1
SA20160190_KJBEGOPM_02757	SA20153983_GBAKOBEN_02702	54.545	11	5	0	111	121	80	90	6.4	17.3
SA20160190_KJBEGOPM_02758	SA20153983_GBAKOBEN_02702	99.110	337	3	0	1	337	1	337	0.0	701
SA20160190_KJBEGOPM_02758	SA20153983_GBAKOBEN_02698	50.000	10	5	0	287	296	53	62	4.5	18.1
SA20160190_KJBEGOPM_02759	SA20153983_GBAKOBEN_02701	100.000	438	0	0	1	438	1	438	0.0	889
SA20160190_KJBEGOPM_02759	SA20153983_GBAKOBEN_02699	27.451	51	33	2	146	196	37	83	1.8	20.0
SA20160190_KJBEGOPM_02759	SA20153983_GBAKOBEN_02712	21.538	65	49	1	131	193	21	85	3.5	18.9
SA20160190_KJBEGOPM_02759	SA20153983_GBAKOBEN_02708	28.431	102	60	4	103	197	12	107	4.8	18.5
SA20160190_KJBEGOPM_02759	SA20153983_GBAKOBEN_02710	21.769	147	109	3	277	418	46	191	5.8	18.5
SA20160190_KJBEGOPM_02760	SA20153983_GBAKOBEN_02700	100.000	306	0	0	1	306	1	306	0.0	635
SA20160190_KJBEGOPM_02760	SA20153983_GBAKOBEN_02703	40.000	20	12	0	176	195	51	70	0.036	24.6
SA20160190_KJBEGOPM_02760	SA20153983_GBAKOBEN_02709	28.000	50	35	1	68	116	16	65	0.93	20.0
SA20160190_KJBEGOPM_02760	SA20153983_GBAKOBEN_02705	40.000	15	9	0	246	260	376	390	2.0	19.6
SA20160190_KJBEGOPM_02760	SA20153983_GBAKOBEN_02711	40.000	25	15	0	7	31	430	454	3.8	18.5
SA20160190_KJBEGOPM_02760	SA20153983_GBAKOBEN_02714	26.829	41	21	1	97	128	71	111	5.2	18.1
SA20160190_KJBEGOPM_02760	SA20153983_GBAKOBEN_02715	47.368	19	7	1	30	48	54	69	7.2	17.7
SA20160190_KJBEGOPM_02761	SA20153983_GBAKOBEN_02699	99.617	261	1	0	1	261	1	261	0.0	534
SA20160190_KJBEGOPM_02761	SA20153983_GBAKOBEN_02704	30.769	39	26	1	7	45	274	311	0.70	20.8
SA20160190_KJBEGOPM_02761	SA20153983_GBAKOBEN_02701	27.451	51	33	2	37	83	146	196	0.88	20.4
SA20160190_KJBEGOPM_02761	SA20153983_GBAKOBEN_02713	32.258	31	21	0	94	124	228	258	1.2	20.0
SA20160190_KJBEGOPM_02761	SA20153983_GBAKOBEN_02712	27.778	36	26	0	188	223	25	60	4.1	17.7
SA20160190_KJBEGOPM_02761	SA20153983_GBAKOBEN_02703	33.333	21	14	0	166	186	163	183	4.8	18.1
SA20160190_KJBEGOPM_02762	SA20153983_GBAKOBEN_02698	100.000	96	0	0	1	96	1	96	5.85e-72	199
SA20160190_KJBEGOPM_02762	SA20153983_GBAKOBEN_02702	50.000	10	5	0	53	62	287	296	1.3	18.1
SA20160190_KJBEGOPM_02762	SA20153983_GBAKOBEN_02705	57.143	7	3	0	29	35	44	50	7.8	15.8
SA20160190_KJBEGOPM_02762	SA20153983_GBAKOBEN_02713	38.095	21	13	0	32	52	898	918	9.2	15.4
SA20160190_KJBEGOPM_02763	SA20153983_GBAKOBEN_02697	100.000	562	0	0	1	562	1	562	0.0	1153
SA20160190_KJBEGOPM_02763	SA20153983_GBAKOBEN_02713	29.091	55	35	2	107	158	712	765	1.1	21.6
SA20160190_KJBEGOPM_02764	SA20153983_GBAKOBEN_02696	100.000	32	0	0	1	32	1	32	3.17e-18	59.7
SA20153983_GBAKOBEN_02696	SA20153983_GBAKOBEN_02696	100.000	32	0	0	1	32	1	32	3.17e-18	59.7
SA20153983_GBAKOBEN_02697	SA20153983_GBAKOBEN_02697	100.000	562	0	0	1	562	1	562	0.0	1153
SA20153983_GBAKOBEN_02697	SA20153983_GBAKOBEN_02713	29.091	55	35	2	107	158	712	765	1.1	21.6
SA20153983_GBAKOBEN_02698	SA20153983_GBAKOBEN_02698	100.000	96	0	0	1	96	1	96	5.85e-72	199
SA20153983_GBAKOBEN_02698	SA20153983_GBAKOBEN_02702	50.000	10	5	0	53	62	287	296	1.3	18.1
SA20153983_GBAKOBEN_02698	SA20153983_GBAKOBEN_02705	57.143	7	3	0	29	35	44	50	7.8	15.8
SA20153983_GBAKOBEN_02698	SA20153983_GBAKOBEN_02713	38.095	21	13	0	32	52	898	918	9.2	15.4
SA20153983_GBAKOBEN_02699	SA20153983_GBAKOBEN_02699	100.000	261	0	0	1	261	1	261	0.0	535
SA20153983_GBAKOBEN_02699	SA20153983_GBAKOBEN_02704	30.769	39	26	1	7	45	274	311	0.69	20.8
SA20153983_GBAKOBEN_02699	SA20153983_GBAKOBEN_02701	27.451	51	33	2	37	83	146	196	1.1	20.0
SA20153983_GBAKOBEN_02699	SA20153983_GBAKOBEN_02713	32.258	31	21	0	94	124	228	258	1.2	20.0
SA20153983_GBAKOBEN_02699	SA20153983_GBAKOBEN_02712	27.778	36	26	0	188	223	25	60	4.0	17.7
SA20153983_GBAKOBEN_02699	SA20153983_GBAKOBEN_02703	33.333	21	14	0	166	186	163	183	4.8	18.1
SA20153983_GBAKOBEN_02700	SA20153983_GBAKOBEN_02700	100.000	306	0	0	1	306	1	306	0.0	635
SA20153983_GBAKOBEN_02700	SA20153983_GBAKOBEN_02703	40.000	20	12	0	176	195	51	70	0.036	24.6
SA20153983_GBAKOBEN_02700	SA20153983_GBAKOBEN_02709	28.000	50	35	1	68	116	16	65	0.93	20.0
SA20153983_GBAKOBEN_02700	SA20153983_GBAKOBEN_02705	40.000	15	9	0	246	260	376	390	2.0	19.6
SA20153983_GBAKOBEN_02700	SA20153983_GBAKOBEN_02711	40.000	25	15	0	7	31	430	454	3.8	18.5
SA20153983_GBAKOBEN_02700	SA20153983_GBAKOBEN_02714	26.829	41	21	1	97	128	71	111	5.2	18.1
SA20153983_GBAKOBEN_02701	SA20153983_GBAKOBEN_02701	100.000	438	0	0	1	438	1	438	0.0	889
SA20153983_GBAKOBEN_02701	SA20153983_GBAKOBEN_02699	27.451	51	33	2	146	196	37	83	1.8	20.0
SA20153983_GBAKOBEN_02701	SA20153983_GBAKOBEN_02712	21.538	65	49	1	131	193	21	85	3.5	18.9
SA20153983_GBAKOBEN_02701	SA20153983_GBAKOBEN_02708	28.431	102	60	4	103	197	12	107	4.8	18.5
SA20153983_GBAKOBEN_02701	SA20153983_GBAKOBEN_02710	21.769	147	109	3	277	418	46	191	5.8	18.5
SA20153983_GBAKOBEN_02702	SA20153983_GBAKOBEN_02702	100.000	337	0	0	1	337	1	337	0.0	706
SA20153983_GBAKOBEN_02702	SA20153983_GBAKOBEN_02698	50.000	10	5	0	287	296	53	62	4.5	18.1
SA20153983_GBAKOBEN_02703	SA20153983_GBAKOBEN_02703	100.000	196	0	0	1	196	1	196	2.05e-146	396
SA20153983_GBAKOBEN_02703	SA20153983_GBAKOBEN_02700	40.000	20	12	0	51	70	176	195	0.023	24.6
SA20153983_GBAKOBEN_02703	SA20153983_GBAKOBEN_02707	36.111	36	22	1	13	48	112	146	0.28	21.2
SA20153983_GBAKOBEN_02703	SA20153983_GBAKOBEN_02716	40.000	20	12	0	16	35	214	233	1.4	19.2
SA20153983_GBAKOBEN_02703	SA20153983_GBAKOBEN_02713	37.143	35	17	2	64	96	732	763	3.0	18.1
SA20153983_GBAKOBEN_02703	SA20153983_GBAKOBEN_02697	52.941	17	8	0	141	157	58	74	3.5	18.1
SA20153983_GBAKOBEN_02703	SA20153983_GBAKOBEN_02699	33.333	21	14	0	163	183	166	186	3.6	18.1
SA20153983_GBAKOBEN_02703	SA20153983_GBAKOBEN_02705	50.000	16	8	0	89	104	125	140	3.7	18.1
SA20153983_GBAKOBEN_02703	SA20153983_GBAKOBEN_02702	54.545	11	5	0	111	121	80	90	6.4	17.3
SA20153983_GBAKOBEN_02704	SA20153983_GBAKOBEN_02704	100.000	500	0	0	1	500	1	500	0.0	990
SA20153983_GBAKOBEN_02704	SA20153983_GBAKOBEN_02699	30.769	39	26	1	274	311	7	45	2.1	20.0
SA20153983_GBAKOBEN_02704	SA20153983_GBAKOBEN_02705	41.667	24	13	1	215	237	170	193	2.5	20.0
SA20153983_GBAKOBEN_02705	SA20153983_GBAKOBEN_02705	100.000	442	0	0	1	442	1	442	0.0	884
SA20153983_GBAKOBEN_02705	SA20153983_GBAKOBEN_02706	30.719	459	288	13	1	438	1	450	2.81e-50	167
SA20153983_GBAKOBEN_02705	SA20153983_GBAKOBEN_02707	28.261	46	29	2	252	293	2	47	0.28	22.3
SA20153983_GBAKOBEN_02705	SA20153983_GBAKOBEN_02704	45.455	22	11	1	172	193	217	237	1.8	20.4
SA20153983_GBAKOBEN_02705	SA20153983_GBAKOBEN_02700	40.000	15	9	0	376	390	246	260	3.1	19.6
SA20153983_GBAKOBEN_02705	SA20153983_GBAKOBEN_02714	47.059	17	9	0	416	432	89	105	4.2	18.9
SA20153983_GBAKOBEN_02705	SA20153983_GBAKOBEN_02713	44.444	18	10	0	386	403	846	863	5.4	18.9
SA20153983_GBAKOBEN_02705	SA20153983_GBAKOBEN_02711	29.167	24	17	0	19	42	53	76	8.2	18.1
SA20153983_GBAKOBEN_02705	SA20153983_GBAKOBEN_02703	50.000	16	8	0	125	140	89	104	8.3	18.1
SA20153983_GBAKOBEN_02705	SA20153983_GBAKOBEN_02697	50.000	14	7	0	94	107	57	70	9.3	18.1
SA20153983_GBAKOBEN_02706	SA20153983_GBAKOBEN_02706	100.000	463	0	0	1	463	1	463	0.0	936
SA20153983_GBAKOBEN_02706	SA20153983_GBAKOBEN_02705	30.937	459	287	13	1	450	1	438	1.44e-49	166
SA20153983_GBAKOBEN_02706	SA20153983_GBAKOBEN_02710	28.889	45	28	2	418	462	169	209	2.2	20.0
SA20153983_GBAKOBEN_02706	SA20153983_GBAKOBEN_02708	36.667	30	17	1	144	171	73	102	3.4	18.9
SA20153983_GBAKOBEN_02706	SA20153983_GBAKOBEN_02716	33.333	30	16	1	195	220	142	171	3.5	19.2
SA20153983_GBAKOBEN_02707	SA20153983_GBAKOBEN_02707	100.000	150	0	0	1	150	1	150	2.07e-112	306
SA20153983_GBAKOBEN_02707	SA20153983_GBAKOBEN_02705	28.261	46	29	2	2	47	252	293	0.093	22.3
SA20153983_GBAKOBEN_02707	SA20153983_GBAKOBEN_02703	36.111	36	22	1	112	146	13	48	0.21	21.2
SA20153983_GBAKOBEN_02707	SA20153983_GBAKOBEN_02713	31.373	51	20	3	59	97	176	223	5.3	16.9
SA20153983_GBAKOBEN_02707	SA20153983_GBAKOBEN_02704	26.829	41	28	1	88	128	280	318	9.2	16.2
SA20153983_GBAKOBEN_02708	SA20153983_GBAKOBEN_02708	100.000	107	0	0	1	107	1	107	2.07e-79	219
SA20153983_GBAKOBEN_02708	SA20153983_GBAKOBEN_02701	28.431	102	60	4	12	107	103	197	1.2	18.5
SA20153983_GBAKOBEN_02708	SA20153983_GBAKOBEN_02706	50.000	14	7	0	73	86	144	157	1.2	18.5
SA20153983_GBAKOBEN_02708	SA20153983_GBAKOBEN_02704	35.714	14	9	0	68	81	427	440	2.1	17.7
SA20153983_GBAKOBEN_02709	SA20153983_GBAKOBEN_02709	100.000	119	0	0	1	119	1	119	1.51e-90	248
SA20153983_GBAKOBEN_02709	SA20153983_GBAKOBEN_02700	28.000	50	35	1	16	65	68	116	0.36	20.0
SA20153983_GBAKOBEN_02709	SA20153983_GBAKOBEN_02697	37.500	16	10	0	52	67	383	398	3.0	17.3
SA20153983_GBAKOBEN_02709	SA20153983_GBAKOBEN_02711	46.154	13	7	0	29	41	16	28	3.6	16.9
SA20153983_GBAKOBEN_02709	SA20153983_GBAKOBEN_02705	46.667	15	8	0	57	71	400	414	7.9	16.2
SA20153983_GBAKOBEN_02710	SA20153983_GBAKOBEN_02710	100.000	397	0	0	1	397	1	397	0.0	778
SA20153983_GBAKOBEN_02710	SA20153983_GBAKOBEN_02706	28.889	45	28	2	169	209	418	462	2.0	20.0
SA20153983_GBAKOBEN_02710	SA20153983_GBAKOBEN_02704	52.632	19	9	0	281	299	77	95	4.9	18.9
SA20153983_GBAKOBEN_02710	SA20153983_GBAKOBEN_02701	21.711	152	113	3	41	191	272	418	5.0	18.5
SA20153983_GBAKOBEN_02710	SA20153983_GBAKOBEN_02714	27.907	43	23	1	124	166	16	50	9.7	17.3
SA20153983_GBAKOBEN_02711	SA20153983_GBAKOBEN_02711	100.000	460	0	0	1	460	1	460	0.0	967
SA20153983_GBAKOBEN_02711	SA20153983_GBAKOBEN_02700	40.000	25	15	0	430	454	7	31	5.7	18.5
SA20153983_GBAKOBEN_02711	SA20153983_GBAKOBEN_02705	29.167	24	17	0	53	76	19	42	8.3	18.1
SA20153983_GBAKOBEN_02712	SA20153983_GBAKOBEN_02712	100.000	97	0	0	1	97	1	97	9.18e-74	204
SA20153983_GBAKOBEN_02712	SA20153983_GBAKOBEN_02701	21.591	88	64	2	1	85	108	193	0.096	21.2
SA20153983_GBAKOBEN_02712	SA20153983_GBAKOBEN_02699	27.778	36	26	0	25	60	188	223	2.1	17.3
SA20153983_GBAKOBEN_02712	SA20153983_GBAKOBEN_02713	71.429	7	2	0	22	28	105	111	5.7	16.2
SA20153983_GBAKOBEN_02713	SA20153983_GBAKOBEN_02713	100.000	932	0	0	1	932	1	932	0.0	1907
SA20153983_GBAKOBEN_02713	SA20153983_GBAKOBEN_02697	29.091	55	35	2	712	765	107	158	1.7	21.6
SA20153983_GBAKOBEN_02713	SA20153983_GBAKOBEN_02699	32.258	31	21	0	228	258	94	124	4.3	20.0
SA20153983_GBAKOBEN_02714	SA20153983_GBAKOBEN_02714	100.000	141	0	0	1	141	1	141	1.85e-104	285
SA20153983_GBAKOBEN_02714	SA20153983_GBAKOBEN_02705	47.059	17	9	0	89	105	416	432	1.4	18.5
SA20153983_GBAKOBEN_02714	SA20153983_GBAKOBEN_02700	26.829	41	21	1	71	111	97	128	2.4	18.1
SA20153983_GBAKOBEN_02714	SA20153983_GBAKOBEN_02713	35.897	39	24	1	45	82	355	393	3.1	17.7
SA20153983_GBAKOBEN_02714	SA20153983_GBAKOBEN_02710	27.907	43	23	1	16	50	124	166	3.8	17.3
SA20153983_GBAKOBEN_02714	SA20153983_GBAKOBEN_02716	33.333	27	18	0	73	99	69	95	5.2	16.9
SA20153983_GBAKOBEN_02714	SA20153983_GBAKOBEN_02701	30.000	30	16	1	87	111	156	185	6.4	16.5
SA20153983_GBAKOBEN_02715	SA20153983_GBAKOBEN_02715	100.000	161	0	0	1	161	1	161	4.79e-120	326
SA20153983_GBAKOBEN_02715	SA20153983_GBAKOBEN_02700	47.368	19	7	1	54	69	30	48	3.8	17.7
SA20153983_GBAKOBEN_02715	SA20153983_GBAKOBEN_02701	26.042	96	56	5	36	127	285	369	4.9	17.3
SA20153983_GBAKOBEN_02715	SA20153983_GBAKOBEN_02704	50.000	18	7	1	95	110	462	479	7.4	16.5
SA20153983_GBAKOBEN_02716	SA20153983_GBAKOBEN_02716	100.000	249	0	0	1	249	1	249	0.0	496
SA20153983_GBAKOBEN_02716	SA20153983_GBAKOBEN_02703	40.000	20	12	0	214	233	16	35	1.8	19.2
SA20153983_GBAKOBEN_02716	SA20153983_GBAKOBEN_02706	33.333	30	16	1	142	171	195	220	1.9	19.2
SA20153983_GBAKOBEN_02716	SA20153983_GBAKOBEN_02711	32.000	25	16	1	174	197	315	339	5.6	17.7
SA20153983_GBAKOBEN_02716	SA20153983_GBAKOBEN_02697	45.455	11	6	0	237	247	65	75	5.8	17.7
SA20153983_GBAKOBEN_02716	SA20153983_GBAKOBEN_02713	36.364	22	14	0	219	240	631	652	6.4	17.7
SA20153983_GBAKOBEN_02716	SA20153983_GBAKOBEN_02714	33.333	27	18	0	69	95	73	99	9.2	16.9
SA20153983_GBAKOBEN_02716	SA20153983_GBAKOBEN_02705	34.783	23	15	0	121	143	220	242	9.7	16.9
SA20160190_KJBEGOPM_02744	SA20160190_KJBEGOPM_02744	100.000	259	0	0	1	259	1	259	0.0	531
SA20160190_KJBEGOPM_02744	SA20160190_KJBEGOPM_02749	30.303	33	21	1	184	216	370	400	0.60	20.8
SA20160190_KJBEGOPM_02744	SA20160190_KJBEGOPM_02752	27.778	36	26	0	71	106	127	162	1.4	19.6
SA20160190_KJBEGOPM_02744	SA20160190_KJBEGOPM_02746	22.581	31	24	0	106	136	8	38	2.7	18.1
SA20160190_KJBEGOPM_02744	SA20160190_KJBEGOPM_02759	63.636	11	4	0	22	32	284	294	3.5	18.5
SA20160190_KJBEGOPM_02744	SA20160190_KJBEGOPM_02763	41.176	17	9	1	68	83	12	28	6.4	17.7
SA20160190_KJBEGOPM_02744	SA20160190_KJBEGOPM_02756	24.324	37	26	1	9	43	392	428	8.3	17.3
SA20160190_KJBEGOPM_02745	SA20160190_KJBEGOPM_02745	100.000	107	0	0	1	107	1	107	5.49e-80	221
SA20160190_KJBEGOPM_02745	SA20160190_KJBEGOPM_02757	34.783	23	15	0	58	80	140	162	0.47	19.2
SA20160190_KJBEGOPM_02745	SA20160190_KJBEGOPM_02762	66.667	9	3	0	28	36	49	57	4.0	16.2
SA20160190_KJBEGOPM_02746	SA20160190_KJBEGOPM_02746	100.000	89	0	0	1	89	1	89	1.09e-65	183
SA20160190_KJBEGOPM_02746	SA20160190_KJBEGOPM_02761	33.333	27	17	1	18	44	84	109	0.57	18.9
SA20160190_KJBEGOPM_02746	SA20160190_KJBEGOPM_02744	22.581	31	24	0	8	38	106	136	0.92	18.1
SA20160190_KJBEGOPM_02746	SA20160190_KJBEGOPM_02754	30.556	36	22	1	57	89	81	116	2.2	16.9
SA20160190_KJBEGOPM_02746	SA20160190_KJBEGOPM_02755	54.545	11	5	0	79	89	128	138	3.8	16.5
SA20160190_KJBEGOPM_02746	SA20160190_KJBEGOPM_02759	55.556	9	4	0	12	20	232	240	5.9	15.8
SA20160190_KJBEGOPM_02746	SA20160190_KJBEGOPM_02757	42.857	14	8	0	53	66	41	54	8.3	15.4
SA20160190_KJBEGOPM_02746	SA20160190_KJBEGOPM_02748	28.000	25	18	0	42	66	398	422	8.4	15.4
SA20160190_KJBEGOPM_02747	SA20160190_KJBEGOPM_02747	100.000	286	0	0	1	286	1	286	0.0	589
SA20160190_KJBEGOPM_02747	SA20160190_KJBEGOPM_02748	25.000	52	34	2	233	283	90	137	0.74	20.8
SA20160190_KJBEGOPM_02747	SA20160190_KJBEGOPM_02759	25.641	78	48	2	8	81	23	94	5.4	18.1
SA20160190_KJBEGOPM_02748	SA20160190_KJBEGOPM_02748	100.000	494	0	0	1	494	1	494	0.0	1021
SA20160190_KJBEGOPM_02748	SA20160190_KJBEGOPM_02747	25.000	52	34	2	90	137	233	283	1.2	20.8
SA20160190_KJBEGOPM_02748	SA20160190_KJBEGOPM_02758	31.034	29	20	0	283	311	97	125	2.5	20.0
SA20160190_KJBEGOPM_02748	SA20160190_KJBEGOPM_02751	22.642	53	35	1	70	122	98	144	3.9	18.9
SA20160190_KJBEGOPM_02748	SA20160190_KJBEGOPM_02754	44.444	18	10	0	217	234	281	298	6.9	18.5
SA20160190_KJBEGOPM_02748	SA20160190_KJBEGOPM_02756	42.857	14	8	0	125	138	454	467	7.8	18.5
SA20160190_KJBEGOPM_02749	SA20160190_KJBEGOPM_02749	100.000	452	0	0	1	452	1	452	0.0	881
SA20160190_KJBEGOPM_02749	SA20160190_KJBEGOPM_02744	30.303	33	21	1	370	400	184	216	0.86	21.2
SA20160190_KJBEGOPM_02749	SA20160190_KJBEGOPM_02754	31.250	80	43	5	20	98	11	79	1.3	20.8
SA20160190_KJBEGOPM_02749	SA20160190_KJBEGOPM_02755	45.455	22	12	0	429	450	67	88	1.6	20.4
SA20160190_KJBEGOPM_02749	SA20160190_KJBEGOPM_02763	50.000	16	8	0	322	337	424	439	3.4	19.2
SA20160190_KJBEGOPM_02749	SA20160190_KJBEGOPM_02751	31.034	29	20	0	227	255	109	137	4.1	18.9
SA20160190_KJBEGOPM_02750	SA20160190_KJBEGOPM_02750	100.000	95	0	0	1	95	1	95	3.75e-68	190
SA20160190_KJBEGOPM_02750	SA20160190_KJBEGOPM_02763	23.188	69	47	2	5	67	103	171	0.046	21.9
SA20160190_KJBEGOPM_02750	SA20160190_KJBEGOPM_02747	35.714	14	9	0	21	34	156	169	4.1	16.5
SA20160190_KJBEGOPM_02750	SA20160190_KJBEGOPM_02749	55.556	9	4	0	73	81	383	391	6.0	15.8
SA20160190_KJBEGOPM_02750	SA20160190_KJBEGOPM_02757	28.571	14	10	0	63	76	54	67	8.8	15.4
SA20160190_KJBEGOPM_02751	SA20160190_KJBEGOPM_02751	100.000	157	0	0	1	157	1	157	4.99e-118	321
SA20160190_KJBEGOPM_02751	SA20160190_KJBEGOPM_02763	42.105	19	11	0	58	76	125	143	0.19	21.6
SA20160190_KJBEGOPM_02751	SA20160190_KJBEGOPM_02748	22.642	53	35	1	98	144	70	122	1.2	18.9
SA20160190_KJBEGOPM_02751	SA20160190_KJBEGOPM_02754	23.077	39	30	0	4	42	37	75	1.4	18.9
SA20160190_KJBEGOPM_02751	SA20160190_KJBEGOPM_02749	31.034	29	20	0	109	137	227	255	1.5	18.9
SA20160190_KJBEGOPM_02751	SA20160190_KJBEGOPM_02752	30.000	30	18	2	27	56	80	106	6.3	16.5
SA20160190_KJBEGOPM_02752	SA20160190_KJBEGOPM_02752	100.000	247	0	0	1	247	1	247	0.0	504
SA20160190_KJBEGOPM_02752	SA20160190_KJBEGOPM_02744	27.778	36	26	0	127	162	71	106	1.3	19.6
SA20160190_KJBEGOPM_02752	SA20160190_KJBEGOPM_02758	35.135	37	18	2	169	199	11	47	1.8	19.2
SA20160190_KJBEGOPM_02752	SA20160190_KJBEGOPM_02753	45.455	11	6	0	147	157	31	41	4.5	17.7
SA20160190_KJBEGOPM_02752	SA20160190_KJBEGOPM_02751	30.000	30	18	2	80	106	27	56	9.9	16.5
SA20160190_KJBEGOPM_02753	SA20160190_KJBEGOPM_02753	100.000	150	0	0	1	150	1	150	1.74e-112	306
SA20160190_KJBEGOPM_02753	SA20160190_KJBEGOPM_02755	28.261	46	29	2	2	47	252	293	0.086	22.3
SA20160190_KJBEGOPM_02753	SA20160190_KJBEGOPM_02757	33.333	36	23	1	112	146	13	48	1.5	18.5
SA20160190_KJBEGOPM_02753	SA20160190_KJBEGOPM_02752	45.455	11	6	0	31	41	147	157	2.7	17.7
SA20160190_KJBEGOPM_02753	SA20160190_KJBEGOPM_02756	29.787	47	30	2	88	133	280	324	4.3	17.3
SA20160190_KJBEGOPM_02754	SA20160190_KJBEGOPM_02754	100.000	463	0	0	1	463	1	463	0.0	936
SA20160190_KJBEGOPM_02754	SA20160190_KJBEGOPM_02755	31.155	459	286	13	1	450	1	438	6.02e-50	167
SA20160190_KJBEGOPM_02754	SA20160190_KJBEGOPM_02749	29.825	57	33	3	29	79	43	98	1.5	20.4
SA20160190_KJBEGOPM_02754	SA20160190_KJBEGOPM_02751	23.077	39	30	0	37	75	4	42	3.6	18.9
SA20160190_KJBEGOPM_02754	SA20160190_KJBEGOPM_02747	40.625	32	12	2	222	253	139	163	6.0	18.5
SA20160190_KJBEGOPM_02754	SA20160190_KJBEGOPM_02748	44.444	18	10	0	281	298	217	234	6.7	18.5
SA20160190_KJBEGOPM_02755	SA20160190_KJBEGOPM_02755	100.000	442	0	0	1	442	1	442	0.0	884
SA20160190_KJBEGOPM_02755	SA20160190_KJBEGOPM_02754	30.937	459	287	13	1	438	1	450	1.13e-50	169
SA20160190_KJBEGOPM_02755	SA20160190_KJBEGOPM_02753	28.261	46	29	2	252	293	2	47	0.25	22.3
SA20160190_KJBEGOPM_02755	SA20160190_KJBEGOPM_02749	45.455	22	12	0	67	88	429	450	1.5	20.4
SA20160190_KJBEGOPM_02755	SA20160190_KJBEGOPM_02756	45.455	22	11	1	172	193	217	237	1.7	20.4
SA20160190_KJBEGOPM_02755	SA20160190_KJBEGOPM_02760	40.000	15	9	0	376	390	246	260	2.9	19.2
SA20160190_KJBEGOPM_02755	SA20160190_KJBEGOPM_02757	50.000	16	8	0	125	140	89	104	7.7	18.1
SA20160190_KJBEGOPM_02755	SA20160190_KJBEGOPM_02763	50.000	14	7	0	94	107	57	70	8.7	18.1
SA20160190_KJBEGOPM_02756	SA20160190_KJBEGOPM_02756	100.000	500	0	0	1	500	1	500	0.0	989
SA20160190_KJBEGOPM_02756	SA20160190_KJBEGOPM_02761	30.769	39	26	1	274	311	7	45	1.9	20.0
SA20160190_KJBEGOPM_02756	SA20160190_KJBEGOPM_02755	41.667	24	13	1	215	237	170	193	2.3	20.0
SA20160190_KJBEGOPM_02756	SA20160190_KJBEGOPM_02748	42.857	14	8	0	454	467	125	138	7.3	18.5
SA20160190_KJBEGOPM_02757	SA20160190_KJBEGOPM_02757	100.000	196	0	0	1	196	1	196	1.90e-146	396
SA20160190_KJBEGOPM_02757	SA20160190_KJBEGOPM_02760	40.000	20	12	0	51	70	176	195	0.022	24.6
SA20160190_KJBEGOPM_02757	SA20160190_KJBEGOPM_02745	34.783	23	15	0	140	162	58	80	1.0	19.2
SA20160190_KJBEGOPM_02757	SA20160190_KJBEGOPM_02753	33.333	36	23	1	13	48	112	146	2.0	18.5
SA20160190_KJBEGOPM_02757	SA20160190_KJBEGOPM_02763	52.941	17	8	0	141	157	58	74	3.3	18.1
SA20160190_KJBEGOPM_02757	SA20160190_KJBEGOPM_02761	33.333	21	14	0	163	183	166	186	3.3	18.1
SA20160190_KJBEGOPM_02757	SA20160190_KJBEGOPM_02755	50.000	16	8	0	89	104	125	140	3.5	18.1
SA20160190_KJBEGOPM_02757	SA20160190_KJBEGOPM_02758	54.545	11	5	0	111	121	80	90	6.1	16.9
SA20160190_KJBEGOPM_02758	SA20160190_KJBEGOPM_02758	100.000	337	0	0	1	337	1	337	0.0	706
SA20160190_KJBEGOPM_02758	SA20160190_KJBEGOPM_02748	31.034	29	20	0	97	125	283	311	1.4	20.0
SA20160190_KJBEGOPM_02758	SA20160190_KJBEGOPM_02752	35.135	37	18	2	11	47	169	199	2.5	19.2
SA20160190_KJBEGOPM_02758	SA20160190_KJBEGOPM_02762	50.000	10	5	0	287	296	53	62	4.2	18.1
SA20160190_KJBEGOPM_02758	SA20160190_KJBEGOPM_02749	71.429	7	2	0	138	144	13	19	9.7	17.3
SA20160190_KJBEGOPM_02759	SA20160190_KJBEGOPM_02759	100.000	438	0	0	1	438	1	438	0.0	889
SA20160190_KJBEGOPM_02759	SA20160190_KJBEGOPM_02761	27.451	51	33	2	146	196	37	83	1.4	20.4
SA20160190_KJBEGOPM_02759	SA20160190_KJBEGOPM_02744	63.636	11	4	0	284	294	22	32	5.6	18.5
SA20160190_KJBEGOPM_02759	SA20160190_KJBEGOPM_02747	25.641	78	48	2	23	94	8	81	9.3	17.7
SA20160190_KJBEGOPM_02760	SA20160190_KJBEGOPM_02760	100.000	306	0	0	1	306	1	306	0.0	635
SA20160190_KJBEGOPM_02760	SA20160190_KJBEGOPM_02757	40.000	20	12	0	176	195	51	70	0.034	24.6
SA20160190_KJBEGOPM_02760	SA20160190_KJBEGOPM_02755	40.000	15	9	0	246	260	376	390	1.8	19.6
SA20160190_KJBEGOPM_02761	SA20160190_KJBEGOPM_02761	100.000	261	0	0	1	261	1	261	0.0	535
SA20160190_KJBEGOPM_02761	SA20160190_KJBEGOPM_02756	30.769	39	26	1	7	45	274	311	0.61	20.8
SA20160190_KJBEGOPM_02761	SA20160190_KJBEGOPM_02759	27.451	51	33	2	37	83	146	196	0.81	20.4
SA20160190_KJBEGOPM_02761	SA20160190_KJBEGOPM_02746	33.333	27	17	1	84	109	18	44	1.7	18.9
SA20160190_KJBEGOPM_02761	SA20160190_KJBEGOPM_02757	33.333	21	14	0	166	186	163	183	4.4	18.1
SA20160190_KJBEGOPM_02762	SA20160190_KJBEGOPM_02762	100.000	96	0	0	1	96	1	96	5.42e-72	199
SA20160190_KJBEGOPM_02762	SA20160190_KJBEGOPM_02758	50.000	10	5	0	53	62	287	296	1.2	18.1
SA20160190_KJBEGOPM_02762	SA20160190_KJBEGOPM_02748	27.500	40	22	1	6	45	239	271	2.1	17.3
SA20160190_KJBEGOPM_02762	SA20160190_KJBEGOPM_02755	57.143	7	3	0	29	35	44	50	7.2	15.8
SA20160190_KJBEGOPM_02763	SA20160190_KJBEGOPM_02763	100.000	562	0	0	1	562	1	562	0.0	1153
SA20160190_KJBEGOPM_02763	SA20160190_KJBEGOPM_02750	23.188	69	47	2	103	171	5	67	0.27	21.9
SA20160190_KJBEGOPM_02763	SA20160190_KJBEGOPM_02751	42.105	19	11	0	125	143	58	76	0.68	21.6
SA20160190_KJBEGOPM_02763	SA20160190_KJBEGOPM_02749	50.000	16	8	0	424	439	322	337	4.4	19.2
SA20160190_KJBEGOPM_02763	SA20160190_KJBEGOPM_02757	52.941	17	8	0	58	74	141	157	9.4	18.1
SA20160190_KJBEGOPM_02764	SA20160190_KJBEGOPM_02764	100.000	32	0	0	1	32	1	32	2.94e-18	59.7
