SA20153983_GBAKOBEN_03961	SA20160201_IJJBCCFE_04180	29.412	17	12	0	38	54	13	29	3.1	18.5
SA20153983_GBAKOBEN_03961	SA20160201_IJJBCCFE_04182	31.818	22	15	0	97	118	94	115	4.7	17.7
SA20153983_GBAKOBEN_03961	SA20160201_IJJBCCFE_04194	20.000	40	32	0	109	148	108	147	4.8	17.7
SA20153983_GBAKOBEN_03961	SA20160201_IJJBCCFE_04185	24.242	66	44	2	50	109	150	215	7.0	17.3
SA20153983_GBAKOBEN_03962	SA20160201_IJJBCCFE_04190	56.250	16	7	0	238	253	147	162	0.44	20.8
SA20153983_GBAKOBEN_03962	SA20160201_IJJBCCFE_04192	33.333	24	16	0	22	45	31	54	1.6	19.2
SA20153983_GBAKOBEN_03962	SA20160201_IJJBCCFE_04183	32.432	37	24	1	37	72	217	253	2.6	18.9
SA20153983_GBAKOBEN_03962	SA20160201_IJJBCCFE_04177	54.545	11	5	0	47	57	264	274	9.6	16.9
SA20153983_GBAKOBEN_03963	SA20160201_IJJBCCFE_04178	57.143	14	6	0	223	236	30	43	0.81	20.8
SA20153983_GBAKOBEN_03963	SA20160201_IJJBCCFE_04193	66.667	9	3	0	203	211	356	364	5.5	18.1
SA20153983_GBAKOBEN_03963	SA20160201_IJJBCCFE_04183	32.353	34	21	2	238	270	141	173	7.1	17.7
SA20153983_GBAKOBEN_03964	SA20160201_IJJBCCFE_04194	100.000	223	0	0	1	223	1	223	2.07e-169	456
SA20153983_GBAKOBEN_03964	SA20160201_IJJBCCFE_04188	70.000	10	3	0	139	148	108	117	0.97	19.2
SA20153983_GBAKOBEN_03964	SA20160201_IJJBCCFE_04176	25.000	44	31	1	182	223	44	87	2.8	18.1
SA20153983_GBAKOBEN_03964	SA20160201_IJJBCCFE_04190	31.818	22	15	0	31	52	143	164	6.5	16.9
SA20153983_GBAKOBEN_03964	SA20160201_IJJBCCFE_04182	40.000	20	12	0	69	88	128	147	6.6	16.9
SA20153983_GBAKOBEN_03965	SA20160201_IJJBCCFE_04193	99.732	373	1	0	1	373	63	435	0.0	711
SA20153983_GBAKOBEN_03965	SA20160201_IJJBCCFE_04179	39.130	23	11	1	283	302	118	140	1.9	19.6
SA20153983_GBAKOBEN_03965	SA20160201_IJJBCCFE_04183	53.846	13	6	0	155	167	194	206	8.2	17.7
SA20153983_GBAKOBEN_03965	SA20160201_IJJBCCFE_04177	31.818	22	15	0	309	330	252	273	8.8	17.3
SA20153983_GBAKOBEN_03966	SA20160201_IJJBCCFE_04191	97.403	231	6	0	1	231	1	231	1.23e-169	463
SA20153983_GBAKOBEN_03966	SA20160201_IJJBCCFE_04179	50.000	20	10	0	14	33	303	322	1.3	19.6
SA20153983_GBAKOBEN_03966	SA20160201_IJJBCCFE_04183	30.556	36	19	2	34	64	252	286	1.4	19.2
SA20153983_GBAKOBEN_03966	SA20160201_IJJBCCFE_04177	31.818	22	15	0	66	87	125	146	4.0	18.1
SA20153983_GBAKOBEN_03967	SA20160201_IJJBCCFE_04190	99.515	206	1	0	1	206	1	206	1.60e-157	424
SA20153983_GBAKOBEN_03967	SA20160201_IJJBCCFE_04182	35.484	31	17	1	137	167	96	123	2.0	18.5
SA20153983_GBAKOBEN_03967	SA20160201_IJJBCCFE_04185	38.095	21	13	0	16	36	147	167	2.0	18.5
SA20153983_GBAKOBEN_03967	SA20160201_IJJBCCFE_04178	30.769	26	18	0	148	173	246	271	3.1	18.1
SA20153983_GBAKOBEN_03967	SA20160201_IJJBCCFE_04176	26.923	52	35	2	17	68	156	204	3.9	17.7
SA20153983_GBAKOBEN_03967	SA20160201_IJJBCCFE_04194	31.818	22	15	0	143	164	31	52	6.4	16.9
SA20153983_GBAKOBEN_03968	SA20160201_IJJBCCFE_04189	98.253	229	4	0	1	229	1	229	9.42e-176	473
SA20153983_GBAKOBEN_03968	SA20160201_IJJBCCFE_04191	29.268	41	21	1	95	135	208	240	4.3	17.7
SA20153983_GBAKOBEN_03968	SA20160201_IJJBCCFE_04186	38.095	21	13	0	198	218	301	321	8.2	16.9
SA20153983_GBAKOBEN_03969	SA20160201_IJJBCCFE_04188	100.000	131	0	0	1	131	1	131	7.90e-99	270
SA20153983_GBAKOBEN_03969	SA20160201_IJJBCCFE_04178	33.333	24	15	1	10	32	82	105	0.12	21.6
SA20153983_GBAKOBEN_03969	SA20160201_IJJBCCFE_04194	70.000	10	3	0	108	117	139	148	0.57	19.2
SA20153983_GBAKOBEN_03969	SA20160201_IJJBCCFE_04176	21.154	52	41	0	16	67	185	236	5.2	16.5
SA20153983_GBAKOBEN_03969	SA20160201_IJJBCCFE_04183	83.333	6	1	0	20	25	210	215	5.8	16.2
SA20153983_GBAKOBEN_03969	SA20160201_IJJBCCFE_04184	45.455	11	6	0	113	123	139	149	6.1	16.2
SA20153983_GBAKOBEN_03970	SA20160201_IJJBCCFE_04187	100.000	67	0	0	1	67	1	67	4.15e-47	134
SA20153983_GBAKOBEN_03970	SA20160201_IJJBCCFE_04176	33.333	24	16	0	34	57	3	26	2.1	16.2
SA20153983_GBAKOBEN_03970	SA20160201_IJJBCCFE_04179	36.842	19	12	0	31	49	203	221	6.1	15.0
SA20153983_GBAKOBEN_03971	SA20160201_IJJBCCFE_04186	100.000	457	0	0	1	457	1	457	0.0	928
SA20153983_GBAKOBEN_03971	SA20160201_IJJBCCFE_04180	34.043	47	24	2	339	378	21	67	0.067	24.3
SA20153983_GBAKOBEN_03971	SA20160201_IJJBCCFE_04181	30.612	49	28	2	392	437	267	312	1.2	20.4
SA20153983_GBAKOBEN_03971	SA20160201_IJJBCCFE_04184	32.727	55	32	3	279	330	52	104	3.5	18.9
SA20153983_GBAKOBEN_03971	SA20160201_IJJBCCFE_04176	21.429	28	22	0	312	339	53	80	3.9	18.9
SA20153983_GBAKOBEN_03971	SA20160201_IJJBCCFE_04185	36.364	22	14	0	312	333	170	191	8.6	17.7
SA20153983_GBAKOBEN_03972	SA20160201_IJJBCCFE_04185	100.000	232	0	0	1	232	1	232	3.20e-173	466
SA20153983_GBAKOBEN_03972	SA20160201_IJJBCCFE_04176	22.059	68	41	3	108	175	182	237	0.52	20.4
SA20153983_GBAKOBEN_03972	SA20160201_IJJBCCFE_04179	24.658	73	50	2	80	147	244	316	0.94	19.6
SA20153983_GBAKOBEN_03972	SA20160201_IJJBCCFE_04182	29.310	58	37	2	60	113	151	208	1.6	18.9
SA20153983_GBAKOBEN_03972	SA20160201_IJJBCCFE_04190	38.095	21	13	0	147	167	16	36	1.8	18.9
SA20153983_GBAKOBEN_03972	SA20160201_IJJBCCFE_04186	36.364	22	14	0	170	191	312	333	5.1	17.3
SA20153983_GBAKOBEN_03972	SA20160201_IJJBCCFE_04180	27.273	33	24	0	181	213	171	203	7.3	16.9
SA20153983_GBAKOBEN_03973	SA20160201_IJJBCCFE_04184	100.000	166	0	0	1	166	1	166	2.54e-124	337
SA20153983_GBAKOBEN_03973	SA20160201_IJJBCCFE_04186	32.727	55	32	3	52	104	279	330	1.9	18.5
SA20153983_GBAKOBEN_03973	SA20160201_IJJBCCFE_04191	35.714	28	16	1	124	151	248	273	2.0	18.1
SA20153983_GBAKOBEN_03973	SA20160201_IJJBCCFE_04177	46.154	13	7	0	102	114	230	242	5.4	16.9
SA20153983_GBAKOBEN_03973	SA20160201_IJJBCCFE_04188	45.455	11	6	0	139	149	113	123	7.9	16.2
SA20153983_GBAKOBEN_03974	SA20160201_IJJBCCFE_04183	100.000	300	0	0	1	300	1	300	0.0	610
SA20153983_GBAKOBEN_03974	SA20160201_IJJBCCFE_04179	22.449	98	58	3	47	131	151	243	1.2	20.0
SA20153983_GBAKOBEN_03974	SA20160201_IJJBCCFE_04176	30.000	50	33	1	191	240	170	217	1.8	19.2
SA20153983_GBAKOBEN_03974	SA20160201_IJJBCCFE_04191	35.484	31	14	2	252	276	34	64	1.8	19.2
SA20153983_GBAKOBEN_03974	SA20160201_IJJBCCFE_04193	53.846	13	6	0	194	206	217	229	6.7	17.7
SA20153983_GBAKOBEN_03975	SA20160201_IJJBCCFE_04182	100.000	320	0	0	1	320	1	320	0.0	650
SA20153983_GBAKOBEN_03975	SA20160201_IJJBCCFE_04185	29.310	58	37	2	151	208	60	113	1.9	19.2
SA20153983_GBAKOBEN_03975	SA20160201_IJJBCCFE_04190	35.484	31	17	1	96	123	137	167	2.9	18.5
SA20153983_GBAKOBEN_03975	SA20160201_IJJBCCFE_04180	22.034	59	42	2	55	112	179	234	6.0	17.7
SA20153983_GBAKOBEN_03975	SA20160201_IJJBCCFE_04179	36.364	22	14	0	162	183	1	22	7.2	17.7
SA20153983_GBAKOBEN_03975	SA20160201_IJJBCCFE_04194	40.000	20	12	0	128	147	69	88	9.5	16.9
SA20153983_GBAKOBEN_03976	SA20160201_IJJBCCFE_04181	99.696	329	1	0	1	329	1	329	0.0	671
SA20153983_GBAKOBEN_03976	SA20160201_IJJBCCFE_04186	30.612	49	28	2	267	312	392	437	0.78	20.8
SA20153983_GBAKOBEN_03976	SA20160201_IJJBCCFE_04180	23.577	123	84	5	37	154	46	163	2.5	18.9
SA20153983_GBAKOBEN_03977	SA20160201_IJJBCCFE_04180	99.203	251	2	0	1	251	1	251	0.0	518
SA20153983_GBAKOBEN_03977	SA20160201_IJJBCCFE_04186	34.043	47	24	2	21	67	339	378	0.040	24.3
SA20153983_GBAKOBEN_03977	SA20160201_IJJBCCFE_04181	23.577	123	84	5	46	163	37	154	2.2	18.9
SA20153983_GBAKOBEN_03977	SA20160201_IJJBCCFE_04182	22.034	59	42	2	179	234	55	112	4.0	18.1
SA20153983_GBAKOBEN_03977	SA20160201_IJJBCCFE_04185	27.273	33	24	0	171	203	181	213	7.9	16.9
SA20153983_GBAKOBEN_03977	SA20160201_IJJBCCFE_04193	47.059	17	9	0	215	231	56	72	9.7	16.5
SA20153983_GBAKOBEN_03978	SA20160201_IJJBCCFE_04179	99.550	444	2	0	1	444	1	444	0.0	890
SA20153983_GBAKOBEN_03978	SA20160201_IJJBCCFE_04185	24.658	73	50	2	244	316	80	147	1.9	19.6
SA20153983_GBAKOBEN_03978	SA20160201_IJJBCCFE_04183	22.449	98	58	3	151	243	47	131	2.1	19.6
SA20153983_GBAKOBEN_03978	SA20160201_IJJBCCFE_04193	39.130	23	11	1	118	140	345	364	2.2	19.6
SA20153983_GBAKOBEN_03978	SA20160201_IJJBCCFE_04182	36.364	22	14	0	1	22	162	183	9.9	17.7
SA20153983_GBAKOBEN_03979	SA20160201_IJJBCCFE_04178	97.492	319	8	0	1	319	1	319	0.0	640
SA20153983_GBAKOBEN_03979	SA20160201_IJJBCCFE_04188	34.483	29	18	1	81	109	9	36	0.068	23.5
SA20153983_GBAKOBEN_03979	SA20160201_IJJBCCFE_04191	47.059	17	9	0	196	212	214	230	1.3	19.6
SA20153983_GBAKOBEN_03979	SA20160201_IJJBCCFE_04190	30.769	26	18	0	246	271	148	173	8.6	17.3
SA20153983_GBAKOBEN_03979	SA20160201_IJJBCCFE_04176	29.630	27	19	0	83	109	168	194	9.9	16.9
SA20153983_GBAKOBEN_03980	SA20160201_IJJBCCFE_04177	99.711	346	1	0	1	346	1	346	0.0	712
SA20153983_GBAKOBEN_03980	SA20160201_IJJBCCFE_04193	24.779	113	64	4	182	273	280	392	1.7	19.6
SA20153983_GBAKOBEN_03980	SA20160201_IJJBCCFE_04178	28.125	64	41	2	172	235	184	242	3.4	18.5
SA20153983_GBAKOBEN_03980	SA20160201_IJJBCCFE_04176	58.333	12	5	0	207	218	58	69	3.6	18.5
SA20153983_GBAKOBEN_03980	SA20160201_IJJBCCFE_04191	31.818	22	15	0	125	146	66	87	7.1	17.7
SA20153983_GBAKOBEN_03981	SA20160201_IJJBCCFE_04176	99.583	240	1	0	1	240	1	240	0.0	495
SA20153983_GBAKOBEN_03981	SA20160201_IJJBCCFE_04185	22.059	68	41	3	182	237	108	175	0.50	20.4
SA20153983_GBAKOBEN_03981	SA20160201_IJJBCCFE_04183	30.000	50	33	1	170	217	191	240	1.0	19.6
SA20153983_GBAKOBEN_03981	SA20160201_IJJBCCFE_04186	18.750	32	26	0	49	80	308	339	2.4	18.5
SA20153983_GBAKOBEN_03981	SA20160201_IJJBCCFE_04177	58.333	12	5	0	58	69	207	218	2.6	18.5
SA20153983_GBAKOBEN_03981	SA20160201_IJJBCCFE_04194	25.000	44	31	1	44	87	182	223	2.9	18.1
SA20153983_GBAKOBEN_03981	SA20160201_IJJBCCFE_04190	26.923	52	35	2	156	204	17	68	4.9	17.3
SA20153983_GBAKOBEN_03981	SA20160201_IJJBCCFE_04187	33.333	24	16	0	3	26	34	57	7.5	16.2
SA20153983_GBAKOBEN_03981	SA20160201_IJJBCCFE_04179	41.667	12	7	0	149	160	324	335	8.8	16.9
SA20160201_IJJBCCFE_04176	SA20160201_IJJBCCFE_04176	100.000	240	0	0	1	240	1	240	0.0	496
SA20160201_IJJBCCFE_04176	SA20160201_IJJBCCFE_04185	22.059	68	41	3	182	237	108	175	0.52	20.4
SA20160201_IJJBCCFE_04176	SA20160201_IJJBCCFE_04183	30.000	50	33	1	170	217	191	240	1.1	19.6
SA20160201_IJJBCCFE_04176	SA20160201_IJJBCCFE_04186	18.750	32	26	0	49	80	308	339	2.3	18.5
SA20160201_IJJBCCFE_04176	SA20160201_IJJBCCFE_04177	58.333	12	5	0	58	69	207	218	2.6	18.5
SA20160201_IJJBCCFE_04176	SA20160201_IJJBCCFE_04194	25.000	44	31	1	44	87	182	223	3.0	18.1
SA20160201_IJJBCCFE_04176	SA20160201_IJJBCCFE_04187	33.333	24	16	0	3	26	34	57	7.6	16.2
SA20160201_IJJBCCFE_04176	SA20160201_IJJBCCFE_04179	41.667	12	7	0	149	160	324	335	9.0	16.9
SA20160201_IJJBCCFE_04176	SA20160201_IJJBCCFE_04188	21.154	52	41	0	185	236	16	67	9.5	16.5
SA20160201_IJJBCCFE_04177	SA20160201_IJJBCCFE_04177	100.000	346	0	0	1	346	1	346	0.0	714
SA20160201_IJJBCCFE_04177	SA20160201_IJJBCCFE_04193	24.779	113	64	4	182	273	280	392	1.6	19.6
SA20160201_IJJBCCFE_04177	SA20160201_IJJBCCFE_04178	28.125	64	41	2	172	235	184	242	3.4	18.5
SA20160201_IJJBCCFE_04177	SA20160201_IJJBCCFE_04176	58.333	12	5	0	207	218	58	69	3.6	18.5
SA20160201_IJJBCCFE_04177	SA20160201_IJJBCCFE_04191	31.818	22	15	0	125	146	66	87	7.1	17.7
SA20160201_IJJBCCFE_04178	SA20160201_IJJBCCFE_04178	100.000	319	0	0	1	319	1	319	0.0	656
SA20160201_IJJBCCFE_04178	SA20160201_IJJBCCFE_04188	33.333	24	15	1	82	105	10	32	0.30	21.6
SA20160201_IJJBCCFE_04178	SA20160201_IJJBCCFE_04191	47.059	17	9	0	196	212	214	230	1.3	19.6
SA20160201_IJJBCCFE_04178	SA20160201_IJJBCCFE_04190	30.769	26	18	0	246	271	148	173	4.7	18.1
SA20160201_IJJBCCFE_04179	SA20160201_IJJBCCFE_04179	100.000	444	0	0	1	444	1	444	0.0	892
SA20160201_IJJBCCFE_04179	SA20160201_IJJBCCFE_04185	24.658	73	50	2	244	316	80	147	1.9	19.6
SA20160201_IJJBCCFE_04179	SA20160201_IJJBCCFE_04183	22.449	98	58	3	151	243	47	131	2.0	19.6
SA20160201_IJJBCCFE_04179	SA20160201_IJJBCCFE_04193	39.130	23	11	1	118	140	345	364	2.2	19.6
SA20160201_IJJBCCFE_04179	SA20160201_IJJBCCFE_04182	36.364	22	14	0	1	22	162	183	10.0	17.7
SA20160201_IJJBCCFE_04180	SA20160201_IJJBCCFE_04180	100.000	251	0	0	1	251	1	251	0.0	523
SA20160201_IJJBCCFE_04180	SA20160201_IJJBCCFE_04186	34.043	47	24	2	21	67	339	378	0.040	24.3
SA20160201_IJJBCCFE_04180	SA20160201_IJJBCCFE_04181	23.577	123	84	5	46	163	37	154	1.9	18.9
SA20160201_IJJBCCFE_04180	SA20160201_IJJBCCFE_04182	22.034	59	42	2	179	234	55	112	4.7	17.7
SA20160201_IJJBCCFE_04180	SA20160201_IJJBCCFE_04185	27.273	33	24	0	171	203	181	213	8.2	16.9
SA20160201_IJJBCCFE_04181	SA20160201_IJJBCCFE_04181	100.000	329	0	0	1	329	1	329	0.0	673
SA20160201_IJJBCCFE_04181	SA20160201_IJJBCCFE_04186	30.612	49	28	2	267	312	392	437	0.76	20.8
SA20160201_IJJBCCFE_04182	SA20160201_IJJBCCFE_04182	100.000	320	0	0	1	320	1	320	0.0	650
SA20160201_IJJBCCFE_04182	SA20160201_IJJBCCFE_04185	29.310	58	37	2	151	208	60	113	1.9	19.2
SA20160201_IJJBCCFE_04182	SA20160201_IJJBCCFE_04190	35.484	31	17	1	96	123	137	167	2.9	18.5
SA20160201_IJJBCCFE_04182	SA20160201_IJJBCCFE_04180	22.034	59	42	2	55	112	179	234	6.0	17.7
SA20160201_IJJBCCFE_04182	SA20160201_IJJBCCFE_04179	36.364	22	14	0	162	183	1	22	7.2	17.7
SA20160201_IJJBCCFE_04182	SA20160201_IJJBCCFE_04194	40.000	20	12	0	128	147	69	88	9.5	16.9
SA20160201_IJJBCCFE_04183	SA20160201_IJJBCCFE_04183	100.000	300	0	0	1	300	1	300	0.0	610
SA20160201_IJJBCCFE_04183	SA20160201_IJJBCCFE_04179	22.449	98	58	3	47	131	151	243	1.2	20.0
SA20160201_IJJBCCFE_04183	SA20160201_IJJBCCFE_04176	30.000	50	33	1	191	240	170	217	1.8	19.2
SA20160201_IJJBCCFE_04183	SA20160201_IJJBCCFE_04191	35.484	31	14	2	252	276	34	64	1.8	19.2
SA20160201_IJJBCCFE_04183	SA20160201_IJJBCCFE_04193	53.846	13	6	0	194	206	217	229	6.7	17.7
SA20160201_IJJBCCFE_04184	SA20160201_IJJBCCFE_04184	100.000	166	0	0	1	166	1	166	2.54e-124	337
SA20160201_IJJBCCFE_04184	SA20160201_IJJBCCFE_04186	32.727	55	32	3	52	104	279	330	1.9	18.5
SA20160201_IJJBCCFE_04184	SA20160201_IJJBCCFE_04191	35.714	28	16	1	124	151	248	273	2.0	18.1
SA20160201_IJJBCCFE_04184	SA20160201_IJJBCCFE_04177	46.154	13	7	0	102	114	230	242	5.4	16.9
SA20160201_IJJBCCFE_04184	SA20160201_IJJBCCFE_04188	45.455	11	6	0	139	149	113	123	7.9	16.2
SA20160201_IJJBCCFE_04185	SA20160201_IJJBCCFE_04185	100.000	232	0	0	1	232	1	232	3.20e-173	466
SA20160201_IJJBCCFE_04185	SA20160201_IJJBCCFE_04176	22.059	68	41	3	108	175	182	237	0.52	20.4
SA20160201_IJJBCCFE_04185	SA20160201_IJJBCCFE_04179	24.658	73	50	2	80	147	244	316	0.94	19.6
SA20160201_IJJBCCFE_04185	SA20160201_IJJBCCFE_04182	29.310	58	37	2	60	113	151	208	1.6	18.9
SA20160201_IJJBCCFE_04185	SA20160201_IJJBCCFE_04190	38.095	21	13	0	147	167	16	36	1.8	18.9
SA20160201_IJJBCCFE_04185	SA20160201_IJJBCCFE_04186	36.364	22	14	0	170	191	312	333	5.1	17.3
SA20160201_IJJBCCFE_04185	SA20160201_IJJBCCFE_04180	27.273	33	24	0	181	213	171	203	7.3	16.9
SA20160201_IJJBCCFE_04186	SA20160201_IJJBCCFE_04186	100.000	457	0	0	1	457	1	457	0.0	928
SA20160201_IJJBCCFE_04186	SA20160201_IJJBCCFE_04180	34.043	47	24	2	339	378	21	67	0.067	24.3
SA20160201_IJJBCCFE_04186	SA20160201_IJJBCCFE_04181	30.612	49	28	2	392	437	267	312	1.2	20.4
SA20160201_IJJBCCFE_04186	SA20160201_IJJBCCFE_04184	32.727	55	32	3	279	330	52	104	3.5	18.9
SA20160201_IJJBCCFE_04186	SA20160201_IJJBCCFE_04176	21.429	28	22	0	312	339	53	80	3.9	18.9
SA20160201_IJJBCCFE_04186	SA20160201_IJJBCCFE_04185	36.364	22	14	0	312	333	170	191	8.6	17.7
SA20160201_IJJBCCFE_04187	SA20160201_IJJBCCFE_04187	100.000	67	0	0	1	67	1	67	4.15e-47	134
SA20160201_IJJBCCFE_04187	SA20160201_IJJBCCFE_04176	33.333	24	16	0	34	57	3	26	2.1	16.2
SA20160201_IJJBCCFE_04187	SA20160201_IJJBCCFE_04179	36.842	19	12	0	31	49	203	221	6.1	15.0
SA20160201_IJJBCCFE_04188	SA20160201_IJJBCCFE_04188	100.000	131	0	0	1	131	1	131	7.90e-99	270
SA20160201_IJJBCCFE_04188	SA20160201_IJJBCCFE_04178	33.333	24	15	1	10	32	82	105	0.12	21.6
SA20160201_IJJBCCFE_04188	SA20160201_IJJBCCFE_04194	70.000	10	3	0	108	117	139	148	0.57	19.2
SA20160201_IJJBCCFE_04188	SA20160201_IJJBCCFE_04176	21.154	52	41	0	16	67	185	236	5.2	16.5
SA20160201_IJJBCCFE_04188	SA20160201_IJJBCCFE_04183	83.333	6	1	0	20	25	210	215	5.8	16.2
SA20160201_IJJBCCFE_04188	SA20160201_IJJBCCFE_04184	45.455	11	6	0	113	123	139	149	6.1	16.2
SA20160201_IJJBCCFE_04189	SA20160201_IJJBCCFE_04189	100.000	229	0	0	1	229	1	229	1.55e-178	479
SA20160201_IJJBCCFE_04189	SA20160201_IJJBCCFE_04186	38.095	21	13	0	198	218	301	321	8.3	16.9
SA20160201_IJJBCCFE_04190	SA20160201_IJJBCCFE_04190	100.000	206	0	0	1	206	1	206	3.60e-158	426
SA20160201_IJJBCCFE_04190	SA20160201_IJJBCCFE_04182	35.484	31	17	1	137	167	96	123	1.9	18.5
SA20160201_IJJBCCFE_04190	SA20160201_IJJBCCFE_04185	38.095	21	13	0	16	36	147	167	1.9	18.5
SA20160201_IJJBCCFE_04190	SA20160201_IJJBCCFE_04193	38.889	18	11	0	76	93	170	187	3.0	18.1
SA20160201_IJJBCCFE_04190	SA20160201_IJJBCCFE_04178	30.769	26	18	0	148	173	246	271	3.0	18.1
SA20160201_IJJBCCFE_04190	SA20160201_IJJBCCFE_04194	31.818	22	15	0	143	164	31	52	6.0	16.9
SA20160201_IJJBCCFE_04191	SA20160201_IJJBCCFE_04191	100.000	327	0	0	1	327	1	327	0.0	672
SA20160201_IJJBCCFE_04191	SA20160201_IJJBCCFE_04178	47.059	17	9	0	214	230	196	212	1.4	19.6
SA20160201_IJJBCCFE_04191	SA20160201_IJJBCCFE_04179	50.000	20	10	0	14	33	303	322	1.4	19.6
SA20160201_IJJBCCFE_04191	SA20160201_IJJBCCFE_04183	35.484	31	14	2	34	64	252	276	2.0	19.2
SA20160201_IJJBCCFE_04191	SA20160201_IJJBCCFE_04184	35.714	28	16	1	248	273	124	151	3.9	18.1
SA20160201_IJJBCCFE_04191	SA20160201_IJJBCCFE_04177	31.818	22	15	0	66	87	125	146	6.7	17.7
SA20160201_IJJBCCFE_04192	SA20160201_IJJBCCFE_04192	100.000	171	0	0	1	171	1	171	1.66e-125	341
SA20160201_IJJBCCFE_04192	SA20160201_IJJBCCFE_04176	33.333	27	13	1	142	163	170	196	9.6	16.2
SA20160201_IJJBCCFE_04193	SA20160201_IJJBCCFE_04193	100.000	435	0	0	1	435	1	435	0.0	831
SA20160201_IJJBCCFE_04193	SA20160201_IJJBCCFE_04179	39.130	23	11	1	345	364	118	140	2.1	19.6
SA20160201_IJJBCCFE_04193	SA20160201_IJJBCCFE_04183	53.846	13	6	0	217	229	194	206	9.1	17.7
SA20160201_IJJBCCFE_04194	SA20160201_IJJBCCFE_04194	100.000	223	0	0	1	223	1	223	2.07e-169	456
SA20160201_IJJBCCFE_04194	SA20160201_IJJBCCFE_04188	70.000	10	3	0	139	148	108	117	0.97	19.2
SA20160201_IJJBCCFE_04194	SA20160201_IJJBCCFE_04176	25.000	44	31	1	182	223	44	87	2.8	18.1
SA20160201_IJJBCCFE_04194	SA20160201_IJJBCCFE_04190	31.818	22	15	0	31	52	143	164	6.5	16.9
SA20160201_IJJBCCFE_04194	SA20160201_IJJBCCFE_04182	40.000	20	12	0	69	88	128	147	6.6	16.9
SA20153983_GBAKOBEN_03961	SA20153983_GBAKOBEN_03961	100.000	278	0	0	1	278	1	278	0.0	578
SA20153983_GBAKOBEN_03961	SA20153983_GBAKOBEN_03962	32.841	271	178	2	3	270	6	275	1.67e-53	166
SA20153983_GBAKOBEN_03961	SA20153983_GBAKOBEN_03977	29.412	17	12	0	38	54	13	29	3.6	18.5
SA20153983_GBAKOBEN_03961	SA20153983_GBAKOBEN_03975	31.818	22	15	0	97	118	94	115	5.3	17.7
SA20153983_GBAKOBEN_03961	SA20153983_GBAKOBEN_03964	20.000	40	32	0	109	148	108	147	5.3	17.7
SA20153983_GBAKOBEN_03961	SA20153983_GBAKOBEN_03972	24.242	66	44	2	50	109	150	215	7.8	17.3
SA20153983_GBAKOBEN_03962	SA20153983_GBAKOBEN_03962	100.000	282	0	0	1	282	1	282	0.0	595
SA20153983_GBAKOBEN_03962	SA20153983_GBAKOBEN_03961	32.841	271	178	2	6	275	3	270	3.30e-50	158
SA20153983_GBAKOBEN_03962	SA20153983_GBAKOBEN_03967	56.250	16	7	0	238	253	147	162	0.50	20.8
SA20153983_GBAKOBEN_03962	SA20153983_GBAKOBEN_03974	32.432	37	24	1	37	72	217	253	2.9	18.9
SA20153983_GBAKOBEN_03963	SA20153983_GBAKOBEN_03963	100.000	344	0	0	1	344	1	344	0.0	686
SA20153983_GBAKOBEN_03963	SA20153983_GBAKOBEN_03979	57.143	14	6	0	223	236	30	43	0.91	20.8
SA20153983_GBAKOBEN_03963	SA20153983_GBAKOBEN_03965	66.667	9	3	0	203	211	294	302	6.0	18.1
SA20153983_GBAKOBEN_03963	SA20153983_GBAKOBEN_03974	32.353	34	21	2	238	270	141	173	8.0	17.7
SA20153983_GBAKOBEN_03964	SA20153983_GBAKOBEN_03964	100.000	223	0	0	1	223	1	223	2.31e-169	456
SA20153983_GBAKOBEN_03964	SA20153983_GBAKOBEN_03969	70.000	10	3	0	139	148	108	117	1.1	19.2
SA20153983_GBAKOBEN_03964	SA20153983_GBAKOBEN_03981	25.000	44	31	1	182	223	44	87	3.1	18.1
SA20153983_GBAKOBEN_03964	SA20153983_GBAKOBEN_03961	20.000	40	32	0	108	147	109	148	4.0	17.7
SA20153983_GBAKOBEN_03964	SA20153983_GBAKOBEN_03975	40.000	20	12	0	69	88	128	147	7.4	16.9
SA20153983_GBAKOBEN_03964	SA20153983_GBAKOBEN_03967	31.818	22	15	0	31	52	143	164	7.7	16.9
SA20153983_GBAKOBEN_03965	SA20153983_GBAKOBEN_03965	100.000	373	0	0	1	373	1	373	0.0	711
SA20153983_GBAKOBEN_03965	SA20153983_GBAKOBEN_03978	39.130	23	11	1	283	302	118	140	2.2	19.6
SA20153983_GBAKOBEN_03965	SA20153983_GBAKOBEN_03963	66.667	9	3	0	294	302	203	211	6.5	18.1
SA20153983_GBAKOBEN_03965	SA20153983_GBAKOBEN_03974	53.846	13	6	0	155	167	194	206	9.1	17.7
SA20153983_GBAKOBEN_03965	SA20153983_GBAKOBEN_03980	31.818	22	15	0	309	330	252	273	9.8	17.3
SA20153983_GBAKOBEN_03966	SA20153983_GBAKOBEN_03966	100.000	271	0	0	1	271	1	271	0.0	560
SA20153983_GBAKOBEN_03966	SA20153983_GBAKOBEN_03978	50.000	20	10	0	14	33	303	322	1.5	19.6
SA20153983_GBAKOBEN_03966	SA20153983_GBAKOBEN_03974	30.556	36	19	2	34	64	252	286	1.6	19.2
SA20153983_GBAKOBEN_03966	SA20153983_GBAKOBEN_03980	31.818	22	15	0	66	87	125	146	4.5	18.1
SA20153983_GBAKOBEN_03966	SA20153983_GBAKOBEN_03968	53.333	15	7	0	208	222	95	109	9.4	16.9
SA20153983_GBAKOBEN_03967	SA20153983_GBAKOBEN_03967	100.000	206	0	0	1	206	1	206	2.43e-158	427
SA20153983_GBAKOBEN_03967	SA20153983_GBAKOBEN_03962	56.250	16	7	0	147	162	238	253	0.37	20.8
SA20153983_GBAKOBEN_03967	SA20153983_GBAKOBEN_03975	35.484	31	17	1	137	167	96	123	2.2	18.5
SA20153983_GBAKOBEN_03967	SA20153983_GBAKOBEN_03972	38.095	21	13	0	16	36	147	167	2.2	18.5
SA20153983_GBAKOBEN_03967	SA20153983_GBAKOBEN_03979	30.769	26	18	0	148	173	246	271	6.5	16.9
SA20153983_GBAKOBEN_03967	SA20153983_GBAKOBEN_03964	31.818	22	15	0	143	164	31	52	7.2	16.9
SA20153983_GBAKOBEN_03968	SA20153983_GBAKOBEN_03968	100.000	229	0	0	1	229	1	229	4.36e-178	478
SA20153983_GBAKOBEN_03968	SA20153983_GBAKOBEN_03966	53.333	15	7	0	95	109	208	222	9.0	16.9
SA20153983_GBAKOBEN_03968	SA20153983_GBAKOBEN_03971	38.095	21	13	0	198	218	301	321	9.2	16.9
SA20153983_GBAKOBEN_03969	SA20153983_GBAKOBEN_03969	100.000	131	0	0	1	131	1	131	8.83e-99	270
SA20153983_GBAKOBEN_03969	SA20153983_GBAKOBEN_03979	34.483	29	18	1	9	36	81	109	0.031	23.5
SA20153983_GBAKOBEN_03969	SA20153983_GBAKOBEN_03964	70.000	10	3	0	108	117	139	148	0.64	19.2
SA20153983_GBAKOBEN_03969	SA20153983_GBAKOBEN_03981	21.154	52	41	0	16	67	185	236	6.2	16.2
SA20153983_GBAKOBEN_03969	SA20153983_GBAKOBEN_03974	83.333	6	1	0	20	25	210	215	6.5	16.2
SA20153983_GBAKOBEN_03969	SA20153983_GBAKOBEN_03973	45.455	11	6	0	113	123	139	149	6.9	16.2
SA20153983_GBAKOBEN_03970	SA20153983_GBAKOBEN_03970	100.000	67	0	0	1	67	1	67	4.64e-47	134
SA20153983_GBAKOBEN_03970	SA20153983_GBAKOBEN_03981	33.333	24	16	0	34	57	3	26	2.3	16.2
SA20153983_GBAKOBEN_03970	SA20153983_GBAKOBEN_03978	36.842	19	12	0	31	49	203	221	6.8	15.0
SA20153983_GBAKOBEN_03970	SA20153983_GBAKOBEN_03963	22.222	27	21	0	4	30	12	38	7.1	15.0
SA20153983_GBAKOBEN_03971	SA20153983_GBAKOBEN_03971	100.000	457	0	0	1	457	1	457	0.0	928
SA20153983_GBAKOBEN_03971	SA20153983_GBAKOBEN_03977	34.043	47	24	2	339	378	21	67	0.078	24.3
SA20153983_GBAKOBEN_03971	SA20153983_GBAKOBEN_03976	30.612	49	28	2	392	437	267	312	1.3	20.4
SA20153983_GBAKOBEN_03971	SA20153983_GBAKOBEN_03973	32.727	55	32	3	279	330	52	104	3.9	18.9
SA20153983_GBAKOBEN_03971	SA20153983_GBAKOBEN_03981	21.429	28	22	0	312	339	53	80	4.4	18.9
SA20153983_GBAKOBEN_03971	SA20153983_GBAKOBEN_03972	36.364	22	14	0	312	333	170	191	9.7	17.7
SA20153983_GBAKOBEN_03972	SA20153983_GBAKOBEN_03972	100.000	232	0	0	1	232	1	232	3.58e-173	466
SA20153983_GBAKOBEN_03972	SA20153983_GBAKOBEN_03981	22.059	68	41	3	108	175	182	237	0.60	20.4
SA20153983_GBAKOBEN_03972	SA20153983_GBAKOBEN_03978	24.658	73	50	2	80	147	244	316	0.99	20.0
SA20153983_GBAKOBEN_03972	SA20153983_GBAKOBEN_03975	29.310	58	37	2	60	113	151	208	1.8	18.9
SA20153983_GBAKOBEN_03972	SA20153983_GBAKOBEN_03967	38.095	21	13	0	147	167	16	36	2.0	18.9
SA20153983_GBAKOBEN_03972	SA20153983_GBAKOBEN_03971	36.364	22	14	0	170	191	312	333	5.7	17.3
SA20153983_GBAKOBEN_03972	SA20153983_GBAKOBEN_03961	24.242	66	44	2	150	215	50	109	7.6	16.9
SA20153983_GBAKOBEN_03972	SA20153983_GBAKOBEN_03977	27.273	33	24	0	181	213	171	203	8.0	16.9
SA20153983_GBAKOBEN_03973	SA20153983_GBAKOBEN_03973	100.000	166	0	0	1	166	1	166	2.84e-124	337
SA20153983_GBAKOBEN_03973	SA20153983_GBAKOBEN_03971	32.727	55	32	3	52	104	279	330	2.1	18.5
SA20153983_GBAKOBEN_03973	SA20153983_GBAKOBEN_03980	46.154	13	7	0	102	114	230	242	6.3	16.9
SA20153983_GBAKOBEN_03973	SA20153983_GBAKOBEN_03969	45.455	11	6	0	139	149	113	123	8.9	16.2
SA20153983_GBAKOBEN_03974	SA20153983_GBAKOBEN_03974	100.000	300	0	0	1	300	1	300	0.0	610
SA20153983_GBAKOBEN_03974	SA20153983_GBAKOBEN_03978	22.449	98	58	3	47	131	151	243	1.3	20.0
SA20153983_GBAKOBEN_03974	SA20153983_GBAKOBEN_03966	30.556	36	19	2	252	286	34	64	1.7	19.6
SA20153983_GBAKOBEN_03974	SA20153983_GBAKOBEN_03981	30.000	50	33	1	191	240	170	217	1.9	19.2
SA20153983_GBAKOBEN_03974	SA20153983_GBAKOBEN_03962	32.432	37	24	1	217	253	37	72	2.7	18.9
SA20153983_GBAKOBEN_03974	SA20153983_GBAKOBEN_03963	32.353	34	21	2	141	173	238	270	6.7	17.7
SA20153983_GBAKOBEN_03974	SA20153983_GBAKOBEN_03965	53.846	13	6	0	194	206	155	167	7.7	17.3
SA20153983_GBAKOBEN_03975	SA20153983_GBAKOBEN_03975	100.000	320	0	0	1	320	1	320	0.0	650
SA20153983_GBAKOBEN_03975	SA20153983_GBAKOBEN_03972	29.310	58	37	2	151	208	60	113	2.1	19.2
SA20153983_GBAKOBEN_03975	SA20153983_GBAKOBEN_03967	35.484	31	17	1	96	123	137	167	3.4	18.5
SA20153983_GBAKOBEN_03975	SA20153983_GBAKOBEN_03961	31.818	22	15	0	94	115	97	118	5.6	18.1
SA20153983_GBAKOBEN_03975	SA20153983_GBAKOBEN_03977	22.034	59	42	2	55	112	179	234	5.7	18.1
SA20153983_GBAKOBEN_03975	SA20153983_GBAKOBEN_03978	36.364	22	14	0	162	183	1	22	8.0	17.7
SA20153983_GBAKOBEN_03976	SA20153983_GBAKOBEN_03976	100.000	329	0	0	1	329	1	329	0.0	673
SA20153983_GBAKOBEN_03976	SA20153983_GBAKOBEN_03971	30.612	49	28	2	267	312	392	437	0.88	20.8
SA20153983_GBAKOBEN_03977	SA20153983_GBAKOBEN_03977	100.000	251	0	0	1	251	1	251	0.0	522
SA20153983_GBAKOBEN_03977	SA20153983_GBAKOBEN_03971	34.043	47	24	2	21	67	339	378	0.045	24.3
SA20153983_GBAKOBEN_03977	SA20153983_GBAKOBEN_03976	23.577	123	84	5	46	163	37	154	2.7	18.5
SA20153983_GBAKOBEN_03977	SA20153983_GBAKOBEN_03961	29.412	17	12	0	13	29	38	54	3.6	18.1
SA20153983_GBAKOBEN_03977	SA20153983_GBAKOBEN_03975	22.034	59	42	2	179	234	55	112	4.5	18.1
SA20153983_GBAKOBEN_03977	SA20153983_GBAKOBEN_03972	27.273	33	24	0	171	203	181	213	8.8	16.9
SA20153983_GBAKOBEN_03978	SA20153983_GBAKOBEN_03978	100.000	444	0	0	1	444	1	444	0.0	891
SA20153983_GBAKOBEN_03978	SA20153983_GBAKOBEN_03972	24.658	73	50	2	244	316	80	147	2.1	19.6
SA20153983_GBAKOBEN_03978	SA20153983_GBAKOBEN_03974	22.449	98	58	3	151	243	47	131	2.4	19.6
SA20153983_GBAKOBEN_03978	SA20153983_GBAKOBEN_03965	39.130	23	11	1	118	140	283	302	2.6	19.6
SA20153983_GBAKOBEN_03979	SA20153983_GBAKOBEN_03979	100.000	319	0	0	1	319	1	319	0.0	657
SA20153983_GBAKOBEN_03979	SA20153983_GBAKOBEN_03969	34.483	29	18	1	81	109	9	36	0.076	23.5
SA20153983_GBAKOBEN_03979	SA20153983_GBAKOBEN_03963	57.143	14	6	0	30	43	223	236	0.84	20.8
SA20153983_GBAKOBEN_03979	SA20153983_GBAKOBEN_03967	30.769	26	18	0	246	271	148	173	10.0	16.9
SA20153983_GBAKOBEN_03980	SA20153983_GBAKOBEN_03980	100.000	346	0	0	1	346	1	346	0.0	714
SA20153983_GBAKOBEN_03980	SA20153983_GBAKOBEN_03965	24.779	113	64	4	182	273	218	330	3.0	18.9
SA20153983_GBAKOBEN_03980	SA20153983_GBAKOBEN_03981	58.333	12	5	0	207	218	58	69	4.1	18.5
SA20153983_GBAKOBEN_03980	SA20153983_GBAKOBEN_03979	28.125	64	41	2	172	235	184	242	4.2	18.5
SA20153983_GBAKOBEN_03980	SA20153983_GBAKOBEN_03966	31.818	22	15	0	125	146	66	87	6.0	18.1
SA20153983_GBAKOBEN_03981	SA20153983_GBAKOBEN_03981	100.000	240	0	0	1	240	1	240	0.0	496
SA20153983_GBAKOBEN_03981	SA20153983_GBAKOBEN_03972	22.059	68	41	3	182	237	108	175	0.56	20.4
SA20153983_GBAKOBEN_03981	SA20153983_GBAKOBEN_03974	30.000	50	33	1	170	217	191	240	1.2	19.6
SA20153983_GBAKOBEN_03981	SA20153983_GBAKOBEN_03971	18.750	32	26	0	49	80	308	339	2.6	18.5
SA20153983_GBAKOBEN_03981	SA20153983_GBAKOBEN_03980	58.333	12	5	0	58	69	207	218	2.9	18.5
SA20153983_GBAKOBEN_03981	SA20153983_GBAKOBEN_03964	25.000	44	31	1	44	87	182	223	3.3	18.1
SA20153983_GBAKOBEN_03981	SA20153983_GBAKOBEN_03979	29.630	27	19	0	168	194	83	109	8.4	16.9
SA20153983_GBAKOBEN_03981	SA20153983_GBAKOBEN_03970	33.333	24	16	0	3	26	34	57	8.4	16.2
SA20153983_GBAKOBEN_03981	SA20153983_GBAKOBEN_03978	41.667	12	7	0	149	160	324	335	9.9	16.9
