SA20160210_EPKMIBEH_04052	SA20160172_GPHLOGML_03928	100.000	240	0	0	1	240	1	240	0.0	496
SA20160210_EPKMIBEH_04052	SA20160172_GPHLOGML_03919	22.059	68	41	3	182	237	108	175	0.58	20.4
SA20160210_EPKMIBEH_04052	SA20160172_GPHLOGML_03921	30.000	50	33	1	170	217	191	240	1.2	19.6
SA20160210_EPKMIBEH_04052	SA20160172_GPHLOGML_03918	18.750	32	26	0	49	80	308	339	2.6	18.5
SA20160210_EPKMIBEH_04052	SA20160172_GPHLOGML_03927	58.333	12	5	0	58	69	207	218	2.9	18.5
SA20160210_EPKMIBEH_04052	SA20160172_GPHLOGML_03910	25.000	44	31	1	44	87	182	223	3.4	18.1
SA20160210_EPKMIBEH_04052	SA20160172_GPHLOGML_03917	33.333	24	16	0	3	26	34	57	8.5	16.2
SA20160210_EPKMIBEH_04053	SA20160172_GPHLOGML_03927	100.000	346	0	0	1	346	1	346	0.0	714
SA20160210_EPKMIBEH_04053	SA20160172_GPHLOGML_03911	24.779	113	64	4	182	273	280	392	1.8	19.6
SA20160210_EPKMIBEH_04053	SA20160172_GPHLOGML_03926	28.125	64	41	2	172	235	184	242	3.8	18.5
SA20160210_EPKMIBEH_04053	SA20160172_GPHLOGML_03928	58.333	12	5	0	207	218	58	69	4.0	18.5
SA20160210_EPKMIBEH_04053	SA20160172_GPHLOGML_03913	31.818	22	15	0	125	146	66	87	8.0	17.7
SA20160210_EPKMIBEH_04054	SA20160172_GPHLOGML_03926	100.000	319	0	0	1	319	1	319	0.0	656
SA20160210_EPKMIBEH_04054	SA20160172_GPHLOGML_03916	33.333	24	15	1	82	105	10	32	0.33	21.6
SA20160210_EPKMIBEH_04054	SA20160172_GPHLOGML_03909	57.143	14	6	0	30	43	223	236	0.83	20.8
SA20160210_EPKMIBEH_04054	SA20160172_GPHLOGML_03913	47.059	17	9	0	196	212	214	230	1.5	19.6
SA20160210_EPKMIBEH_04054	SA20160172_GPHLOGML_03914	30.769	26	18	0	246	271	148	173	5.2	18.1
SA20160210_EPKMIBEH_04055	SA20160172_GPHLOGML_03925	100.000	444	0	0	1	444	1	444	0.0	892
SA20160210_EPKMIBEH_04055	SA20160172_GPHLOGML_03919	24.658	73	50	2	244	316	80	147	2.1	19.6
SA20160210_EPKMIBEH_04055	SA20160172_GPHLOGML_03921	22.449	98	58	3	151	243	47	131	2.2	19.6
SA20160210_EPKMIBEH_04055	SA20160172_GPHLOGML_03911	39.130	23	11	1	118	140	345	364	2.5	19.6
SA20160210_EPKMIBEH_04056	SA20160172_GPHLOGML_03924	100.000	251	0	0	1	251	1	251	0.0	523
SA20160210_EPKMIBEH_04056	SA20160172_GPHLOGML_03918	34.043	47	24	2	21	67	339	378	0.045	24.3
SA20160210_EPKMIBEH_04056	SA20160172_GPHLOGML_03923	23.577	123	84	5	46	163	37	154	2.1	18.9
SA20160210_EPKMIBEH_04056	SA20160172_GPHLOGML_03922	22.034	59	42	2	179	234	55	112	5.3	17.7
SA20160210_EPKMIBEH_04056	SA20160172_GPHLOGML_03919	27.273	33	24	0	171	203	181	213	9.2	16.9
SA20160210_EPKMIBEH_04057	SA20160172_GPHLOGML_03923	100.000	329	0	0	1	329	1	329	0.0	673
SA20160210_EPKMIBEH_04057	SA20160172_GPHLOGML_03918	30.612	49	28	2	267	312	392	437	0.85	20.8
SA20160210_EPKMIBEH_04057	SA20160172_GPHLOGML_03924	23.577	123	84	5	37	154	46	163	2.8	18.9
SA20160210_EPKMIBEH_04058	SA20160172_GPHLOGML_03922	100.000	320	0	0	1	320	1	320	0.0	650
SA20160210_EPKMIBEH_04058	SA20160172_GPHLOGML_03919	29.310	58	37	2	151	208	60	113	2.1	19.2
SA20160210_EPKMIBEH_04058	SA20160172_GPHLOGML_03914	35.484	31	17	1	96	123	137	167	3.3	18.5
SA20160210_EPKMIBEH_04058	SA20160172_GPHLOGML_03924	22.034	59	42	2	55	112	179	234	6.7	17.7
SA20160210_EPKMIBEH_04058	SA20160172_GPHLOGML_03925	36.364	22	14	0	162	183	1	22	8.0	17.7
SA20160210_EPKMIBEH_04059	SA20160172_GPHLOGML_03921	100.000	300	0	0	1	300	1	300	0.0	610
SA20160210_EPKMIBEH_04059	SA20160172_GPHLOGML_03925	22.449	98	58	3	47	131	151	243	1.3	20.0
SA20160210_EPKMIBEH_04059	SA20160172_GPHLOGML_03928	30.000	50	33	1	191	240	170	217	2.0	19.2
SA20160210_EPKMIBEH_04059	SA20160172_GPHLOGML_03913	35.484	31	14	2	252	276	34	64	2.0	19.2
SA20160210_EPKMIBEH_04059	SA20160172_GPHLOGML_03908	32.432	37	24	1	217	253	37	72	2.8	18.9
SA20160210_EPKMIBEH_04059	SA20160172_GPHLOGML_03909	32.353	34	21	2	141	173	238	270	6.6	17.7
SA20160210_EPKMIBEH_04059	SA20160172_GPHLOGML_03911	53.846	13	6	0	194	206	217	229	7.5	17.7
SA20160210_EPKMIBEH_04060	SA20160172_GPHLOGML_03920	100.000	166	0	0	1	166	1	166	2.84e-124	337
SA20160210_EPKMIBEH_04060	SA20160172_GPHLOGML_03918	32.727	55	32	3	52	104	279	330	2.1	18.5
SA20160210_EPKMIBEH_04060	SA20160172_GPHLOGML_03913	35.714	28	16	1	124	151	248	273	2.2	18.1
SA20160210_EPKMIBEH_04060	SA20160172_GPHLOGML_03927	46.154	13	7	0	102	114	230	242	6.0	16.9
SA20160210_EPKMIBEH_04060	SA20160172_GPHLOGML_03916	45.455	11	6	0	139	149	113	123	8.9	16.2
SA20160210_EPKMIBEH_04061	SA20160172_GPHLOGML_03919	100.000	232	0	0	1	232	1	232	3.59e-173	466
SA20160210_EPKMIBEH_04061	SA20160172_GPHLOGML_03928	22.059	68	41	3	108	175	182	237	0.59	20.4
SA20160210_EPKMIBEH_04061	SA20160172_GPHLOGML_03925	24.658	73	50	2	80	147	244	316	1.1	19.6
SA20160210_EPKMIBEH_04061	SA20160172_GPHLOGML_03922	29.310	58	37	2	60	113	151	208	1.8	18.9
SA20160210_EPKMIBEH_04061	SA20160172_GPHLOGML_03914	38.095	21	13	0	147	167	16	36	2.0	18.9
SA20160210_EPKMIBEH_04061	SA20160172_GPHLOGML_03918	36.364	22	14	0	170	191	312	333	5.7	17.3
SA20160210_EPKMIBEH_04061	SA20160172_GPHLOGML_03924	27.273	33	24	0	181	213	171	203	8.2	16.9
SA20160210_EPKMIBEH_04062	SA20160172_GPHLOGML_03918	100.000	457	0	0	1	457	1	457	0.0	928
SA20160210_EPKMIBEH_04062	SA20160172_GPHLOGML_03924	34.043	47	24	2	339	378	21	67	0.075	24.3
SA20160210_EPKMIBEH_04062	SA20160172_GPHLOGML_03923	30.612	49	28	2	392	437	267	312	1.3	20.4
SA20160210_EPKMIBEH_04062	SA20160172_GPHLOGML_03920	32.727	55	32	3	279	330	52	104	3.9	18.9
SA20160210_EPKMIBEH_04062	SA20160172_GPHLOGML_03928	21.429	28	22	0	312	339	53	80	4.4	18.9
SA20160210_EPKMIBEH_04062	SA20160172_GPHLOGML_03919	36.364	22	14	0	312	333	170	191	9.7	17.7
SA20160210_EPKMIBEH_04063	SA20160172_GPHLOGML_03917	100.000	67	0	0	1	67	1	67	4.65e-47	134
SA20160210_EPKMIBEH_04063	SA20160172_GPHLOGML_03928	33.333	24	16	0	34	57	3	26	2.4	16.2
SA20160210_EPKMIBEH_04063	SA20160172_GPHLOGML_03925	36.842	19	12	0	31	49	203	221	6.8	15.0
SA20160210_EPKMIBEH_04063	SA20160172_GPHLOGML_03909	22.222	27	21	0	4	30	12	38	7.1	15.0
SA20160210_EPKMIBEH_04064	SA20160172_GPHLOGML_03916	100.000	131	0	0	1	131	1	131	8.85e-99	270
SA20160210_EPKMIBEH_04064	SA20160172_GPHLOGML_03926	33.333	24	15	1	10	32	82	105	0.14	21.6
SA20160210_EPKMIBEH_04064	SA20160172_GPHLOGML_03910	70.000	10	3	0	108	117	139	148	0.64	19.2
SA20160210_EPKMIBEH_04064	SA20160172_GPHLOGML_03928	21.154	52	41	0	16	67	185	236	5.8	16.5
SA20160210_EPKMIBEH_04064	SA20160172_GPHLOGML_03921	83.333	6	1	0	20	25	210	215	6.5	16.2
SA20160210_EPKMIBEH_04064	SA20160172_GPHLOGML_03920	45.455	11	6	0	113	123	139	149	6.9	16.2
SA20160210_EPKMIBEH_04065	SA20160172_GPHLOGML_03915	100.000	229	0	0	1	229	1	229	1.74e-178	479
SA20160210_EPKMIBEH_04065	SA20160172_GPHLOGML_03918	38.095	21	13	0	198	218	301	321	9.4	16.9
SA20160210_EPKMIBEH_04066	SA20160172_GPHLOGML_03914	100.000	206	0	0	1	206	1	206	4.03e-158	426
SA20160210_EPKMIBEH_04066	SA20160172_GPHLOGML_03908	56.250	16	7	0	147	162	238	253	0.32	21.2
SA20160210_EPKMIBEH_04066	SA20160172_GPHLOGML_03922	35.484	31	17	1	137	167	96	123	2.1	18.5
SA20160210_EPKMIBEH_04066	SA20160172_GPHLOGML_03919	38.095	21	13	0	16	36	147	167	2.2	18.5
SA20160210_EPKMIBEH_04066	SA20160172_GPHLOGML_03911	38.889	18	11	0	76	93	170	187	3.3	18.1
SA20160210_EPKMIBEH_04066	SA20160172_GPHLOGML_03926	30.769	26	18	0	148	173	246	271	3.4	18.1
SA20160210_EPKMIBEH_04066	SA20160172_GPHLOGML_03928	26.923	52	35	2	17	68	156	204	5.0	17.3
SA20160210_EPKMIBEH_04066	SA20160172_GPHLOGML_03910	31.818	22	15	0	143	164	31	52	6.7	16.9
SA20160210_EPKMIBEH_04067	SA20160172_GPHLOGML_03913	100.000	327	0	0	1	327	1	327	0.0	672
SA20160210_EPKMIBEH_04067	SA20160172_GPHLOGML_03926	47.059	17	9	0	214	230	196	212	1.6	19.6
SA20160210_EPKMIBEH_04067	SA20160172_GPHLOGML_03925	50.000	20	10	0	14	33	303	322	1.6	19.6
SA20160210_EPKMIBEH_04067	SA20160172_GPHLOGML_03921	35.484	31	14	2	34	64	252	276	2.3	19.2
SA20160210_EPKMIBEH_04067	SA20160172_GPHLOGML_03920	35.714	28	16	1	248	273	124	151	4.4	18.1
SA20160210_EPKMIBEH_04067	SA20160172_GPHLOGML_03927	31.818	22	15	0	66	87	125	146	7.6	17.7
SA20160210_EPKMIBEH_04068	SA20160172_GPHLOGML_03912	100.000	171	0	0	1	171	1	171	1.86e-125	341
SA20160210_EPKMIBEH_04068	SA20160172_GPHLOGML_03908	33.333	24	16	0	31	54	22	45	1.1	19.2
SA20160210_EPKMIBEH_04069	SA20160172_GPHLOGML_03911	100.000	435	0	0	1	435	1	435	0.0	831
SA20160210_EPKMIBEH_04069	SA20160172_GPHLOGML_03925	39.130	23	11	1	345	364	118	140	2.4	19.6
SA20160210_EPKMIBEH_04069	SA20160172_GPHLOGML_03909	66.667	9	3	0	356	364	203	211	7.8	18.1
SA20160210_EPKMIBEH_04070	SA20160172_GPHLOGML_03910	100.000	223	0	0	1	223	1	223	2.32e-169	456
SA20160210_EPKMIBEH_04070	SA20160172_GPHLOGML_03916	70.000	10	3	0	139	148	108	117	1.1	19.2
SA20160210_EPKMIBEH_04070	SA20160172_GPHLOGML_03928	25.000	44	31	1	182	223	44	87	3.1	18.1
SA20160210_EPKMIBEH_04070	SA20160172_GPHLOGML_03914	31.818	22	15	0	31	52	143	164	7.3	16.9
SA20160210_EPKMIBEH_04070	SA20160172_GPHLOGML_03922	40.000	20	12	0	69	88	128	147	7.4	16.9
SA20160210_EPKMIBEH_04071	SA20160172_GPHLOGML_03909	100.000	344	0	0	1	344	1	344	0.0	686
SA20160210_EPKMIBEH_04071	SA20160172_GPHLOGML_03926	57.143	14	6	0	223	236	30	43	0.90	20.8
SA20160210_EPKMIBEH_04071	SA20160172_GPHLOGML_03911	66.667	9	3	0	203	211	356	364	6.2	18.1
SA20160210_EPKMIBEH_04071	SA20160172_GPHLOGML_03921	32.353	34	21	2	238	270	141	173	8.0	17.7
SA20160210_EPKMIBEH_04072	SA20160172_GPHLOGML_03908	100.000	282	0	0	1	282	1	282	0.0	594
SA20160210_EPKMIBEH_04072	SA20160172_GPHLOGML_03914	56.250	16	7	0	238	253	147	162	0.43	21.2
SA20160210_EPKMIBEH_04072	SA20160172_GPHLOGML_03912	33.333	24	16	0	22	45	31	54	1.8	19.2
SA20160210_EPKMIBEH_04072	SA20160172_GPHLOGML_03921	32.432	37	24	1	37	72	217	253	2.8	18.9
SA20160172_GPHLOGML_03908	SA20160172_GPHLOGML_03908	100.000	282	0	0	1	282	1	282	0.0	594
SA20160172_GPHLOGML_03908	SA20160172_GPHLOGML_03914	56.250	16	7	0	238	253	147	162	0.43	21.2
SA20160172_GPHLOGML_03908	SA20160172_GPHLOGML_03912	33.333	24	16	0	22	45	31	54	1.8	19.2
SA20160172_GPHLOGML_03908	SA20160172_GPHLOGML_03921	32.432	37	24	1	37	72	217	253	2.8	18.9
SA20160172_GPHLOGML_03909	SA20160172_GPHLOGML_03909	100.000	344	0	0	1	344	1	344	0.0	686
SA20160172_GPHLOGML_03909	SA20160172_GPHLOGML_03926	57.143	14	6	0	223	236	30	43	0.90	20.8
SA20160172_GPHLOGML_03909	SA20160172_GPHLOGML_03911	66.667	9	3	0	203	211	356	364	6.2	18.1
SA20160172_GPHLOGML_03909	SA20160172_GPHLOGML_03921	32.353	34	21	2	238	270	141	173	8.0	17.7
SA20160172_GPHLOGML_03910	SA20160172_GPHLOGML_03910	100.000	223	0	0	1	223	1	223	2.32e-169	456
SA20160172_GPHLOGML_03910	SA20160172_GPHLOGML_03916	70.000	10	3	0	139	148	108	117	1.1	19.2
SA20160172_GPHLOGML_03910	SA20160172_GPHLOGML_03928	25.000	44	31	1	182	223	44	87	3.1	18.1
SA20160172_GPHLOGML_03910	SA20160172_GPHLOGML_03914	31.818	22	15	0	31	52	143	164	7.3	16.9
SA20160172_GPHLOGML_03910	SA20160172_GPHLOGML_03922	40.000	20	12	0	69	88	128	147	7.4	16.9
SA20160172_GPHLOGML_03911	SA20160172_GPHLOGML_03911	100.000	435	0	0	1	435	1	435	0.0	831
SA20160172_GPHLOGML_03911	SA20160172_GPHLOGML_03925	39.130	23	11	1	345	364	118	140	2.4	19.6
SA20160172_GPHLOGML_03911	SA20160172_GPHLOGML_03909	66.667	9	3	0	356	364	203	211	7.8	18.1
SA20160172_GPHLOGML_03912	SA20160172_GPHLOGML_03912	100.000	171	0	0	1	171	1	171	1.86e-125	341
SA20160172_GPHLOGML_03912	SA20160172_GPHLOGML_03908	33.333	24	16	0	31	54	22	45	1.1	19.2
SA20160172_GPHLOGML_03913	SA20160172_GPHLOGML_03913	100.000	327	0	0	1	327	1	327	0.0	672
SA20160172_GPHLOGML_03913	SA20160172_GPHLOGML_03926	47.059	17	9	0	214	230	196	212	1.6	19.6
SA20160172_GPHLOGML_03913	SA20160172_GPHLOGML_03925	50.000	20	10	0	14	33	303	322	1.6	19.6
SA20160172_GPHLOGML_03913	SA20160172_GPHLOGML_03921	35.484	31	14	2	34	64	252	276	2.3	19.2
SA20160172_GPHLOGML_03913	SA20160172_GPHLOGML_03920	35.714	28	16	1	248	273	124	151	4.4	18.1
SA20160172_GPHLOGML_03913	SA20160172_GPHLOGML_03927	31.818	22	15	0	66	87	125	146	7.6	17.7
SA20160172_GPHLOGML_03914	SA20160172_GPHLOGML_03914	100.000	206	0	0	1	206	1	206	4.03e-158	426
SA20160172_GPHLOGML_03914	SA20160172_GPHLOGML_03908	56.250	16	7	0	147	162	238	253	0.32	21.2
SA20160172_GPHLOGML_03914	SA20160172_GPHLOGML_03922	35.484	31	17	1	137	167	96	123	2.1	18.5
SA20160172_GPHLOGML_03914	SA20160172_GPHLOGML_03919	38.095	21	13	0	16	36	147	167	2.2	18.5
SA20160172_GPHLOGML_03914	SA20160172_GPHLOGML_03911	38.889	18	11	0	76	93	170	187	3.3	18.1
SA20160172_GPHLOGML_03914	SA20160172_GPHLOGML_03926	30.769	26	18	0	148	173	246	271	3.4	18.1
SA20160172_GPHLOGML_03914	SA20160172_GPHLOGML_03910	31.818	22	15	0	143	164	31	52	6.7	16.9
SA20160172_GPHLOGML_03915	SA20160172_GPHLOGML_03915	100.000	229	0	0	1	229	1	229	1.74e-178	479
SA20160172_GPHLOGML_03915	SA20160172_GPHLOGML_03918	38.095	21	13	0	198	218	301	321	9.4	16.9
SA20160172_GPHLOGML_03916	SA20160172_GPHLOGML_03916	100.000	131	0	0	1	131	1	131	8.85e-99	270
SA20160172_GPHLOGML_03916	SA20160172_GPHLOGML_03926	33.333	24	15	1	10	32	82	105	0.14	21.6
SA20160172_GPHLOGML_03916	SA20160172_GPHLOGML_03910	70.000	10	3	0	108	117	139	148	0.64	19.2
SA20160172_GPHLOGML_03916	SA20160172_GPHLOGML_03928	21.154	52	41	0	16	67	185	236	5.8	16.5
SA20160172_GPHLOGML_03916	SA20160172_GPHLOGML_03921	83.333	6	1	0	20	25	210	215	6.5	16.2
SA20160172_GPHLOGML_03916	SA20160172_GPHLOGML_03920	45.455	11	6	0	113	123	139	149	6.9	16.2
SA20160172_GPHLOGML_03917	SA20160172_GPHLOGML_03917	100.000	67	0	0	1	67	1	67	4.65e-47	134
SA20160172_GPHLOGML_03917	SA20160172_GPHLOGML_03928	33.333	24	16	0	34	57	3	26	2.4	16.2
SA20160172_GPHLOGML_03917	SA20160172_GPHLOGML_03925	36.842	19	12	0	31	49	203	221	6.8	15.0
SA20160172_GPHLOGML_03917	SA20160172_GPHLOGML_03909	22.222	27	21	0	4	30	12	38	7.1	15.0
SA20160172_GPHLOGML_03918	SA20160172_GPHLOGML_03918	100.000	457	0	0	1	457	1	457	0.0	928
SA20160172_GPHLOGML_03918	SA20160172_GPHLOGML_03924	34.043	47	24	2	339	378	21	67	0.075	24.3
SA20160172_GPHLOGML_03918	SA20160172_GPHLOGML_03923	30.612	49	28	2	392	437	267	312	1.3	20.4
SA20160172_GPHLOGML_03918	SA20160172_GPHLOGML_03920	32.727	55	32	3	279	330	52	104	3.9	18.9
SA20160172_GPHLOGML_03918	SA20160172_GPHLOGML_03928	21.429	28	22	0	312	339	53	80	4.4	18.9
SA20160172_GPHLOGML_03918	SA20160172_GPHLOGML_03919	36.364	22	14	0	312	333	170	191	9.7	17.7
SA20160172_GPHLOGML_03919	SA20160172_GPHLOGML_03919	100.000	232	0	0	1	232	1	232	3.59e-173	466
SA20160172_GPHLOGML_03919	SA20160172_GPHLOGML_03928	22.059	68	41	3	108	175	182	237	0.59	20.4
SA20160172_GPHLOGML_03919	SA20160172_GPHLOGML_03925	24.658	73	50	2	80	147	244	316	1.1	19.6
SA20160172_GPHLOGML_03919	SA20160172_GPHLOGML_03922	29.310	58	37	2	60	113	151	208	1.8	18.9
SA20160172_GPHLOGML_03919	SA20160172_GPHLOGML_03914	38.095	21	13	0	147	167	16	36	2.0	18.9
SA20160172_GPHLOGML_03919	SA20160172_GPHLOGML_03918	36.364	22	14	0	170	191	312	333	5.7	17.3
SA20160172_GPHLOGML_03919	SA20160172_GPHLOGML_03924	27.273	33	24	0	181	213	171	203	8.2	16.9
SA20160172_GPHLOGML_03920	SA20160172_GPHLOGML_03920	100.000	166	0	0	1	166	1	166	2.84e-124	337
SA20160172_GPHLOGML_03920	SA20160172_GPHLOGML_03918	32.727	55	32	3	52	104	279	330	2.1	18.5
SA20160172_GPHLOGML_03920	SA20160172_GPHLOGML_03913	35.714	28	16	1	124	151	248	273	2.2	18.1
SA20160172_GPHLOGML_03920	SA20160172_GPHLOGML_03927	46.154	13	7	0	102	114	230	242	6.0	16.9
SA20160172_GPHLOGML_03920	SA20160172_GPHLOGML_03916	45.455	11	6	0	139	149	113	123	8.9	16.2
SA20160172_GPHLOGML_03921	SA20160172_GPHLOGML_03921	100.000	300	0	0	1	300	1	300	0.0	610
SA20160172_GPHLOGML_03921	SA20160172_GPHLOGML_03925	22.449	98	58	3	47	131	151	243	1.3	20.0
SA20160172_GPHLOGML_03921	SA20160172_GPHLOGML_03928	30.000	50	33	1	191	240	170	217	2.0	19.2
SA20160172_GPHLOGML_03921	SA20160172_GPHLOGML_03913	35.484	31	14	2	252	276	34	64	2.0	19.2
SA20160172_GPHLOGML_03921	SA20160172_GPHLOGML_03908	32.432	37	24	1	217	253	37	72	2.8	18.9
SA20160172_GPHLOGML_03921	SA20160172_GPHLOGML_03909	32.353	34	21	2	141	173	238	270	6.6	17.7
SA20160172_GPHLOGML_03921	SA20160172_GPHLOGML_03911	53.846	13	6	0	194	206	217	229	7.5	17.7
SA20160172_GPHLOGML_03922	SA20160172_GPHLOGML_03922	100.000	320	0	0	1	320	1	320	0.0	650
SA20160172_GPHLOGML_03922	SA20160172_GPHLOGML_03919	29.310	58	37	2	151	208	60	113	2.1	19.2
SA20160172_GPHLOGML_03922	SA20160172_GPHLOGML_03914	35.484	31	17	1	96	123	137	167	3.3	18.5
SA20160172_GPHLOGML_03922	SA20160172_GPHLOGML_03924	22.034	59	42	2	55	112	179	234	6.7	17.7
SA20160172_GPHLOGML_03922	SA20160172_GPHLOGML_03925	36.364	22	14	0	162	183	1	22	8.0	17.7
SA20160172_GPHLOGML_03923	SA20160172_GPHLOGML_03923	100.000	329	0	0	1	329	1	329	0.0	673
SA20160172_GPHLOGML_03923	SA20160172_GPHLOGML_03918	30.612	49	28	2	267	312	392	437	0.85	20.8
SA20160172_GPHLOGML_03924	SA20160172_GPHLOGML_03924	100.000	251	0	0	1	251	1	251	0.0	523
SA20160172_GPHLOGML_03924	SA20160172_GPHLOGML_03918	34.043	47	24	2	21	67	339	378	0.045	24.3
SA20160172_GPHLOGML_03924	SA20160172_GPHLOGML_03923	23.577	123	84	5	46	163	37	154	2.1	18.9
SA20160172_GPHLOGML_03924	SA20160172_GPHLOGML_03922	22.034	59	42	2	179	234	55	112	5.3	17.7
SA20160172_GPHLOGML_03924	SA20160172_GPHLOGML_03919	27.273	33	24	0	171	203	181	213	9.2	16.9
SA20160172_GPHLOGML_03925	SA20160172_GPHLOGML_03925	100.000	444	0	0	1	444	1	444	0.0	892
SA20160172_GPHLOGML_03925	SA20160172_GPHLOGML_03919	24.658	73	50	2	244	316	80	147	2.1	19.6
SA20160172_GPHLOGML_03925	SA20160172_GPHLOGML_03921	22.449	98	58	3	151	243	47	131	2.2	19.6
SA20160172_GPHLOGML_03925	SA20160172_GPHLOGML_03911	39.130	23	11	1	118	140	345	364	2.5	19.6
SA20160172_GPHLOGML_03926	SA20160172_GPHLOGML_03926	100.000	319	0	0	1	319	1	319	0.0	656
SA20160172_GPHLOGML_03926	SA20160172_GPHLOGML_03916	33.333	24	15	1	82	105	10	32	0.33	21.6
SA20160172_GPHLOGML_03926	SA20160172_GPHLOGML_03909	57.143	14	6	0	30	43	223	236	0.83	20.8
SA20160172_GPHLOGML_03926	SA20160172_GPHLOGML_03913	47.059	17	9	0	196	212	214	230	1.5	19.6
SA20160172_GPHLOGML_03926	SA20160172_GPHLOGML_03914	30.769	26	18	0	246	271	148	173	5.2	18.1
SA20160172_GPHLOGML_03927	SA20160172_GPHLOGML_03927	100.000	346	0	0	1	346	1	346	0.0	714
SA20160172_GPHLOGML_03927	SA20160172_GPHLOGML_03911	24.779	113	64	4	182	273	280	392	1.8	19.6
SA20160172_GPHLOGML_03927	SA20160172_GPHLOGML_03926	28.125	64	41	2	172	235	184	242	3.8	18.5
SA20160172_GPHLOGML_03927	SA20160172_GPHLOGML_03928	58.333	12	5	0	207	218	58	69	4.0	18.5
SA20160172_GPHLOGML_03927	SA20160172_GPHLOGML_03913	31.818	22	15	0	125	146	66	87	8.0	17.7
SA20160172_GPHLOGML_03928	SA20160172_GPHLOGML_03928	100.000	240	0	0	1	240	1	240	0.0	496
SA20160172_GPHLOGML_03928	SA20160172_GPHLOGML_03919	22.059	68	41	3	182	237	108	175	0.58	20.4
SA20160172_GPHLOGML_03928	SA20160172_GPHLOGML_03921	30.000	50	33	1	170	217	191	240	1.2	19.6
SA20160172_GPHLOGML_03928	SA20160172_GPHLOGML_03918	18.750	32	26	0	49	80	308	339	2.6	18.5
SA20160172_GPHLOGML_03928	SA20160172_GPHLOGML_03927	58.333	12	5	0	58	69	207	218	2.9	18.5
SA20160172_GPHLOGML_03928	SA20160172_GPHLOGML_03910	25.000	44	31	1	44	87	182	223	3.4	18.1
SA20160172_GPHLOGML_03928	SA20160172_GPHLOGML_03917	33.333	24	16	0	3	26	34	57	8.5	16.2
SA20160210_EPKMIBEH_04052	SA20160210_EPKMIBEH_04052	100.000	240	0	0	1	240	1	240	0.0	496
SA20160210_EPKMIBEH_04052	SA20160210_EPKMIBEH_04061	22.059	68	41	3	182	237	108	175	0.58	20.4
SA20160210_EPKMIBEH_04052	SA20160210_EPKMIBEH_04059	30.000	50	33	1	170	217	191	240	1.2	19.6
SA20160210_EPKMIBEH_04052	SA20160210_EPKMIBEH_04062	18.750	32	26	0	49	80	308	339	2.6	18.5
SA20160210_EPKMIBEH_04052	SA20160210_EPKMIBEH_04053	58.333	12	5	0	58	69	207	218	2.9	18.5
SA20160210_EPKMIBEH_04052	SA20160210_EPKMIBEH_04070	25.000	44	31	1	44	87	182	223	3.4	18.1
SA20160210_EPKMIBEH_04052	SA20160210_EPKMIBEH_04063	33.333	24	16	0	3	26	34	57	8.5	16.2
SA20160210_EPKMIBEH_04053	SA20160210_EPKMIBEH_04053	100.000	346	0	0	1	346	1	346	0.0	714
SA20160210_EPKMIBEH_04053	SA20160210_EPKMIBEH_04069	24.779	113	64	4	182	273	280	392	1.8	19.6
SA20160210_EPKMIBEH_04053	SA20160210_EPKMIBEH_04054	28.125	64	41	2	172	235	184	242	3.8	18.5
SA20160210_EPKMIBEH_04053	SA20160210_EPKMIBEH_04052	58.333	12	5	0	207	218	58	69	4.0	18.5
SA20160210_EPKMIBEH_04053	SA20160210_EPKMIBEH_04067	31.818	22	15	0	125	146	66	87	8.0	17.7
SA20160210_EPKMIBEH_04054	SA20160210_EPKMIBEH_04054	100.000	319	0	0	1	319	1	319	0.0	656
SA20160210_EPKMIBEH_04054	SA20160210_EPKMIBEH_04064	33.333	24	15	1	82	105	10	32	0.33	21.6
SA20160210_EPKMIBEH_04054	SA20160210_EPKMIBEH_04071	57.143	14	6	0	30	43	223	236	0.83	20.8
SA20160210_EPKMIBEH_04054	SA20160210_EPKMIBEH_04067	47.059	17	9	0	196	212	214	230	1.5	19.6
SA20160210_EPKMIBEH_04054	SA20160210_EPKMIBEH_04066	30.769	26	18	0	246	271	148	173	5.2	18.1
SA20160210_EPKMIBEH_04055	SA20160210_EPKMIBEH_04055	100.000	444	0	0	1	444	1	444	0.0	892
SA20160210_EPKMIBEH_04055	SA20160210_EPKMIBEH_04061	24.658	73	50	2	244	316	80	147	2.1	19.6
SA20160210_EPKMIBEH_04055	SA20160210_EPKMIBEH_04059	22.449	98	58	3	151	243	47	131	2.2	19.6
SA20160210_EPKMIBEH_04055	SA20160210_EPKMIBEH_04069	39.130	23	11	1	118	140	345	364	2.5	19.6
SA20160210_EPKMIBEH_04056	SA20160210_EPKMIBEH_04056	100.000	251	0	0	1	251	1	251	0.0	523
SA20160210_EPKMIBEH_04056	SA20160210_EPKMIBEH_04062	34.043	47	24	2	21	67	339	378	0.045	24.3
SA20160210_EPKMIBEH_04056	SA20160210_EPKMIBEH_04057	23.577	123	84	5	46	163	37	154	2.1	18.9
SA20160210_EPKMIBEH_04056	SA20160210_EPKMIBEH_04058	22.034	59	42	2	179	234	55	112	5.3	17.7
SA20160210_EPKMIBEH_04056	SA20160210_EPKMIBEH_04061	27.273	33	24	0	171	203	181	213	9.2	16.9
SA20160210_EPKMIBEH_04057	SA20160210_EPKMIBEH_04057	100.000	329	0	0	1	329	1	329	0.0	673
SA20160210_EPKMIBEH_04057	SA20160210_EPKMIBEH_04062	30.612	49	28	2	267	312	392	437	0.85	20.8
SA20160210_EPKMIBEH_04058	SA20160210_EPKMIBEH_04058	100.000	320	0	0	1	320	1	320	0.0	650
SA20160210_EPKMIBEH_04058	SA20160210_EPKMIBEH_04061	29.310	58	37	2	151	208	60	113	2.1	19.2
SA20160210_EPKMIBEH_04058	SA20160210_EPKMIBEH_04066	35.484	31	17	1	96	123	137	167	3.3	18.5
SA20160210_EPKMIBEH_04058	SA20160210_EPKMIBEH_04056	22.034	59	42	2	55	112	179	234	6.7	17.7
SA20160210_EPKMIBEH_04058	SA20160210_EPKMIBEH_04055	36.364	22	14	0	162	183	1	22	8.0	17.7
SA20160210_EPKMIBEH_04059	SA20160210_EPKMIBEH_04059	100.000	300	0	0	1	300	1	300	0.0	610
SA20160210_EPKMIBEH_04059	SA20160210_EPKMIBEH_04055	22.449	98	58	3	47	131	151	243	1.3	20.0
SA20160210_EPKMIBEH_04059	SA20160210_EPKMIBEH_04052	30.000	50	33	1	191	240	170	217	2.0	19.2
SA20160210_EPKMIBEH_04059	SA20160210_EPKMIBEH_04067	35.484	31	14	2	252	276	34	64	2.0	19.2
SA20160210_EPKMIBEH_04059	SA20160210_EPKMIBEH_04072	32.432	37	24	1	217	253	37	72	2.8	18.9
SA20160210_EPKMIBEH_04059	SA20160210_EPKMIBEH_04071	32.353	34	21	2	141	173	238	270	6.6	17.7
SA20160210_EPKMIBEH_04059	SA20160210_EPKMIBEH_04069	53.846	13	6	0	194	206	217	229	7.5	17.7
SA20160210_EPKMIBEH_04060	SA20160210_EPKMIBEH_04060	100.000	166	0	0	1	166	1	166	2.84e-124	337
SA20160210_EPKMIBEH_04060	SA20160210_EPKMIBEH_04062	32.727	55	32	3	52	104	279	330	2.1	18.5
SA20160210_EPKMIBEH_04060	SA20160210_EPKMIBEH_04067	35.714	28	16	1	124	151	248	273	2.2	18.1
SA20160210_EPKMIBEH_04060	SA20160210_EPKMIBEH_04053	46.154	13	7	0	102	114	230	242	6.0	16.9
SA20160210_EPKMIBEH_04060	SA20160210_EPKMIBEH_04064	45.455	11	6	0	139	149	113	123	8.9	16.2
SA20160210_EPKMIBEH_04061	SA20160210_EPKMIBEH_04061	100.000	232	0	0	1	232	1	232	3.59e-173	466
SA20160210_EPKMIBEH_04061	SA20160210_EPKMIBEH_04052	22.059	68	41	3	108	175	182	237	0.59	20.4
SA20160210_EPKMIBEH_04061	SA20160210_EPKMIBEH_04055	24.658	73	50	2	80	147	244	316	1.1	19.6
SA20160210_EPKMIBEH_04061	SA20160210_EPKMIBEH_04058	29.310	58	37	2	60	113	151	208	1.8	18.9
SA20160210_EPKMIBEH_04061	SA20160210_EPKMIBEH_04066	38.095	21	13	0	147	167	16	36	2.0	18.9
SA20160210_EPKMIBEH_04061	SA20160210_EPKMIBEH_04062	36.364	22	14	0	170	191	312	333	5.7	17.3
SA20160210_EPKMIBEH_04061	SA20160210_EPKMIBEH_04056	27.273	33	24	0	181	213	171	203	8.2	16.9
SA20160210_EPKMIBEH_04062	SA20160210_EPKMIBEH_04062	100.000	457	0	0	1	457	1	457	0.0	928
SA20160210_EPKMIBEH_04062	SA20160210_EPKMIBEH_04056	34.043	47	24	2	339	378	21	67	0.075	24.3
SA20160210_EPKMIBEH_04062	SA20160210_EPKMIBEH_04057	30.612	49	28	2	392	437	267	312	1.3	20.4
SA20160210_EPKMIBEH_04062	SA20160210_EPKMIBEH_04060	32.727	55	32	3	279	330	52	104	3.9	18.9
SA20160210_EPKMIBEH_04062	SA20160210_EPKMIBEH_04052	21.429	28	22	0	312	339	53	80	4.4	18.9
SA20160210_EPKMIBEH_04062	SA20160210_EPKMIBEH_04061	36.364	22	14	0	312	333	170	191	9.7	17.7
SA20160210_EPKMIBEH_04063	SA20160210_EPKMIBEH_04063	100.000	67	0	0	1	67	1	67	4.65e-47	134
SA20160210_EPKMIBEH_04063	SA20160210_EPKMIBEH_04052	33.333	24	16	0	34	57	3	26	2.4	16.2
SA20160210_EPKMIBEH_04063	SA20160210_EPKMIBEH_04055	36.842	19	12	0	31	49	203	221	6.8	15.0
SA20160210_EPKMIBEH_04063	SA20160210_EPKMIBEH_04071	22.222	27	21	0	4	30	12	38	7.1	15.0
SA20160210_EPKMIBEH_04064	SA20160210_EPKMIBEH_04064	100.000	131	0	0	1	131	1	131	8.85e-99	270
SA20160210_EPKMIBEH_04064	SA20160210_EPKMIBEH_04054	33.333	24	15	1	10	32	82	105	0.14	21.6
SA20160210_EPKMIBEH_04064	SA20160210_EPKMIBEH_04070	70.000	10	3	0	108	117	139	148	0.64	19.2
SA20160210_EPKMIBEH_04064	SA20160210_EPKMIBEH_04052	21.154	52	41	0	16	67	185	236	5.8	16.5
SA20160210_EPKMIBEH_04064	SA20160210_EPKMIBEH_04059	83.333	6	1	0	20	25	210	215	6.5	16.2
SA20160210_EPKMIBEH_04064	SA20160210_EPKMIBEH_04060	45.455	11	6	0	113	123	139	149	6.9	16.2
SA20160210_EPKMIBEH_04065	SA20160210_EPKMIBEH_04065	100.000	229	0	0	1	229	1	229	1.74e-178	479
SA20160210_EPKMIBEH_04065	SA20160210_EPKMIBEH_04062	38.095	21	13	0	198	218	301	321	9.4	16.9
SA20160210_EPKMIBEH_04066	SA20160210_EPKMIBEH_04066	100.000	206	0	0	1	206	1	206	4.03e-158	426
SA20160210_EPKMIBEH_04066	SA20160210_EPKMIBEH_04072	56.250	16	7	0	147	162	238	253	0.32	21.2
SA20160210_EPKMIBEH_04066	SA20160210_EPKMIBEH_04058	35.484	31	17	1	137	167	96	123	2.1	18.5
SA20160210_EPKMIBEH_04066	SA20160210_EPKMIBEH_04061	38.095	21	13	0	16	36	147	167	2.2	18.5
SA20160210_EPKMIBEH_04066	SA20160210_EPKMIBEH_04069	38.889	18	11	0	76	93	170	187	3.3	18.1
SA20160210_EPKMIBEH_04066	SA20160210_EPKMIBEH_04054	30.769	26	18	0	148	173	246	271	3.4	18.1
SA20160210_EPKMIBEH_04066	SA20160210_EPKMIBEH_04070	31.818	22	15	0	143	164	31	52	6.7	16.9
SA20160210_EPKMIBEH_04067	SA20160210_EPKMIBEH_04067	100.000	327	0	0	1	327	1	327	0.0	672
SA20160210_EPKMIBEH_04067	SA20160210_EPKMIBEH_04054	47.059	17	9	0	214	230	196	212	1.6	19.6
SA20160210_EPKMIBEH_04067	SA20160210_EPKMIBEH_04055	50.000	20	10	0	14	33	303	322	1.6	19.6
SA20160210_EPKMIBEH_04067	SA20160210_EPKMIBEH_04059	35.484	31	14	2	34	64	252	276	2.3	19.2
SA20160210_EPKMIBEH_04067	SA20160210_EPKMIBEH_04060	35.714	28	16	1	248	273	124	151	4.4	18.1
SA20160210_EPKMIBEH_04067	SA20160210_EPKMIBEH_04053	31.818	22	15	0	66	87	125	146	7.6	17.7
SA20160210_EPKMIBEH_04068	SA20160210_EPKMIBEH_04068	100.000	171	0	0	1	171	1	171	1.86e-125	341
SA20160210_EPKMIBEH_04068	SA20160210_EPKMIBEH_04072	33.333	24	16	0	31	54	22	45	1.1	19.2
SA20160210_EPKMIBEH_04069	SA20160210_EPKMIBEH_04069	100.000	435	0	0	1	435	1	435	0.0	831
SA20160210_EPKMIBEH_04069	SA20160210_EPKMIBEH_04055	39.130	23	11	1	345	364	118	140	2.4	19.6
SA20160210_EPKMIBEH_04069	SA20160210_EPKMIBEH_04071	66.667	9	3	0	356	364	203	211	7.8	18.1
SA20160210_EPKMIBEH_04070	SA20160210_EPKMIBEH_04070	100.000	223	0	0	1	223	1	223	2.32e-169	456
SA20160210_EPKMIBEH_04070	SA20160210_EPKMIBEH_04064	70.000	10	3	0	139	148	108	117	1.1	19.2
SA20160210_EPKMIBEH_04070	SA20160210_EPKMIBEH_04052	25.000	44	31	1	182	223	44	87	3.1	18.1
SA20160210_EPKMIBEH_04070	SA20160210_EPKMIBEH_04066	31.818	22	15	0	31	52	143	164	7.3	16.9
SA20160210_EPKMIBEH_04070	SA20160210_EPKMIBEH_04058	40.000	20	12	0	69	88	128	147	7.4	16.9
SA20160210_EPKMIBEH_04071	SA20160210_EPKMIBEH_04071	100.000	344	0	0	1	344	1	344	0.0	686
SA20160210_EPKMIBEH_04071	SA20160210_EPKMIBEH_04054	57.143	14	6	0	223	236	30	43	0.90	20.8
SA20160210_EPKMIBEH_04071	SA20160210_EPKMIBEH_04069	66.667	9	3	0	203	211	356	364	6.2	18.1
SA20160210_EPKMIBEH_04071	SA20160210_EPKMIBEH_04059	32.353	34	21	2	238	270	141	173	8.0	17.7
SA20160210_EPKMIBEH_04072	SA20160210_EPKMIBEH_04072	100.000	282	0	0	1	282	1	282	0.0	594
SA20160210_EPKMIBEH_04072	SA20160210_EPKMIBEH_04066	56.250	16	7	0	238	253	147	162	0.43	21.2
SA20160210_EPKMIBEH_04072	SA20160210_EPKMIBEH_04068	33.333	24	16	0	22	45	31	54	1.8	19.2
SA20160210_EPKMIBEH_04072	SA20160210_EPKMIBEH_04059	32.432	37	24	1	37	72	217	253	2.8	18.9
